TIME,PULSES,CONTROLLERVOLTAGE,CONTROLLER,KP,TAUD,TAUI 
NEXT EXPERIMENT0,0.0,0.0,1.0,1.5,0.005,0.0
1,0.0,0.0,1.0,1.5,0.005,0.0
2,0.0,0.0,1.0,1.5,0.005,0.0
3,0.0,0.0,1.0,1.5,0.005,0.0
4,0.0,0.0,1.0,1.5,0.005,0.0
5,0.0,0.0,1.0,1.5,0.005,0.0
6,0.0,0.0,1.0,1.5,0.005,0.0
7,0.0,0.0,1.0,1.5,0.005,0.0
8,0.0,0.0,1.0,1.5,0.005,0.0
9,0.0,0.0,1.0,1.5,0.005,0.0
10,0.0,1060.3857,1.0,1.5,0.005,0.0
11,0.0,1060.3857,1.0,1.5,0.005,0.0
12,0.0,1060.3857,1.0,1.5,0.005,0.0
13,0.0,1060.3857,1.0,1.5,0.005,0.0
14,1.0,1060.3857,1.0,1.5,0.005,0.0
15,1.0,1060.3857,1.0,1.5,0.005,0.0
16,2.0,1060.3857,1.0,1.5,0.005,0.0
17,3.0,1060.3857,1.0,1.5,0.005,0.0
18,4.0,1060.3857,1.0,1.5,0.005,0.0
19,5.0,1060.3857,1.0,1.5,0.005,0.0
20,6.0,705.3857,1.0,1.5,0.005,0.0
21,8.0,705.3857,1.0,1.5,0.005,0.0
22,9.0,705.3857,1.0,1.5,0.005,0.0
23,11.0,705.3857,1.0,1.5,0.005,0.0
24,12.0,705.3857,1.0,1.5,0.005,0.0
25,14.0,705.3857,1.0,1.5,0.005,0.0
26,16.0,705.3857,1.0,1.5,0.005,0.0
27,18.0,705.3857,1.0,1.5,0.005,0.0
28,20.0,705.3857,1.0,1.5,0.005,0.0
29,22.0,705.3857,1.0,1.5,0.005,0.0
30,24.0,700.8698,1.0,1.5,0.005,0.0
31,26.0,700.8698,1.0,1.5,0.005,0.0
32,28.0,700.8698,1.0,1.5,0.005,0.0
33,31.0,700.8698,1.0,1.5,0.005,0.0
34,33.0,700.8698,1.0,1.5,0.005,0.0
35,36.0,700.8698,1.0,1.5,0.005,0.0
36,38.0,700.8698,1.0,1.5,0.005,0.0
37,41.0,700.8698,1.0,1.5,0.005,0.0
38,43.0,700.8698,1.0,1.5,0.005,0.0
39,46.0,700.8698,1.0,1.5,0.005,0.0
40,49.0,695.4701,1.0,1.5,0.005,0.0
41,52.0,695.4701,1.0,1.5,0.005,0.0
42,54.0,695.4701,1.0,1.5,0.005,0.0
43,57.0,695.4701,1.0,1.5,0.005,0.0
44,60.0,695.4701,1.0,1.5,0.005,0.0
45,63.0,695.4701,1.0,1.5,0.005,0.0
46,66.0,695.4701,1.0,1.5,0.005,0.0
47,69.0,695.4701,1.0,1.5,0.005,0.0
48,72.0,695.4701,1.0,1.5,0.005,0.0
49,75.0,695.4701,1.0,1.5,0.005,0.0
50,79.0,688.9906,1.0,1.5,0.005,0.0
51,82.0,688.9906,1.0,1.5,0.005,0.0
52,85.0,688.9906,1.0,1.5,0.005,0.0
53,88.0,688.9906,1.0,1.5,0.005,0.0
54,92.0,688.9906,1.0,1.5,0.005,0.0
55,95.0,688.9906,1.0,1.5,0.005,0.0
56,98.0,688.9906,1.0,1.5,0.005,0.0
57,102.0,688.9906,1.0,1.5,0.005,0.0
58,105.0,688.9906,1.0,1.5,0.005,0.0
59,108.0,688.9906,1.0,1.5,0.005,0.0
60,112.0,682.2166,1.0,1.5,0.005,0.0
61,115.0,682.2166,1.0,1.5,0.005,0.0
62,119.0,682.2166,1.0,1.5,0.005,0.0
63,122.0,682.2166,1.0,1.5,0.005,0.0
64,126.0,682.2166,1.0,1.5,0.005,0.0
65,130.0,682.2166,1.0,1.5,0.005,0.0
66,134.0,682.2166,1.0,1.5,0.005,0.0
67,138.0,682.2166,1.0,1.5,0.005,0.0
68,141.0,682.2166,1.0,1.5,0.005,0.0
69,145.0,682.2166,1.0,1.5,0.005,0.0
70,149.0,674.8534,1.0,1.5,0.005,0.0
71,153.0,674.8534,1.0,1.5,0.005,0.0
72,157.0,674.8534,1.0,1.5,0.005,0.0
73,160.0,674.8534,1.0,1.5,0.005,0.0
74,165.0,674.8534,1.0,1.5,0.005,0.0
75,169.0,674.8534,1.0,1.5,0.005,0.0
76,172.0,674.8534,1.0,1.5,0.005,0.0
77,176.0,674.8534,1.0,1.5,0.005,0.0
78,180.0,674.8534,1.0,1.5,0.005,0.0
79,184.0,674.8534,1.0,1.5,0.005,0.0
80,187.0,666.9013,1.0,1.5,0.005,0.0
81,191.0,666.9013,1.0,1.5,0.005,0.0
82,195.0,666.9013,1.0,1.5,0.005,0.0
83,199.0,666.9013,1.0,1.5,0.005,0.0
84,203.0,666.9013,1.0,1.5,0.005,0.0
85,207.0,666.9013,1.0,1.5,0.005,0.0
86,210.0,666.9013,1.0,1.5,0.005,0.0
87,215.0,666.9013,1.0,1.5,0.005,0.0
88,219.0,666.9013,1.0,1.5,0.005,0.0
89,223.0,666.9013,1.0,1.5,0.005,0.0
90,227.0,659.2436,1.0,1.5,0.005,0.0
91,231.0,659.2436,1.0,1.5,0.005,0.0
92,234.0,659.2436,1.0,1.5,0.005,0.0
93,238.0,659.2436,1.0,1.5,0.005,0.0
94,242.0,659.2436,1.0,1.5,0.005,0.0
95,246.0,659.2436,1.0,1.5,0.005,0.0
96,250.0,659.2436,1.0,1.5,0.005,0.0
97,254.0,659.2436,1.0,1.5,0.005,0.0
98,258.0,659.2436,1.0,1.5,0.005,0.0
99,263.0,659.2436,1.0,1.5,0.005,0.0
100,267.0,651.2915,1.0,1.5,0.005,0.0
101,272.0,651.2915,1.0,1.5,0.005,0.0
102,275.0,651.2915,1.0,1.5,0.005,0.0
103,280.0,651.2915,1.0,1.5,0.005,0.0
104,284.0,651.2915,1.0,1.5,0.005,0.0
105,288.0,651.2915,1.0,1.5,0.005,0.0
106,292.0,651.2915,1.0,1.5,0.005,0.0
107,296.0,651.2915,1.0,1.5,0.005,0.0
108,300.0,651.2915,1.0,1.5,0.005,0.0
109,304.0,651.2915,1.0,1.5,0.005,0.0
110,308.0,642.8484,1.0,1.5,0.005,0.0
111,313.0,642.8484,1.0,1.5,0.005,0.0
112,317.0,642.8484,1.0,1.5,0.005,0.0
113,321.0,642.8484,1.0,1.5,0.005,0.0
114,325.0,642.8484,1.0,1.5,0.005,0.0
115,330.0,642.8484,1.0,1.5,0.005,0.0
116,334.0,642.8484,1.0,1.5,0.005,0.0
117,338.0,642.8484,1.0,1.5,0.005,0.0
118,342.0,642.8484,1.0,1.5,0.005,0.0
119,346.0,642.8484,1.0,1.5,0.005,0.0
120,350.0,634.8963,1.0,1.5,0.005,0.0
121,354.0,634.8963,1.0,1.5,0.005,0.0
122,358.0,634.8963,1.0,1.5,0.005,0.0
123,362.0,634.8963,1.0,1.5,0.005,0.0
124,366.0,634.8963,1.0,1.5,0.005,0.0
125,371.0,634.8963,1.0,1.5,0.005,0.0
126,375.0,634.8963,1.0,1.5,0.005,0.0
127,379.0,634.8963,1.0,1.5,0.005,0.0
128,383.0,634.8963,1.0,1.5,0.005,0.0
129,387.0,634.8963,1.0,1.5,0.005,0.0
130,391.0,626.8459,1.0,1.5,0.005,0.0
131,395.0,626.8459,1.0,1.5,0.005,0.0
132,399.0,626.8459,1.0,1.5,0.005,0.0
133,403.0,626.8459,1.0,1.5,0.005,0.0
134,407.0,626.8459,1.0,1.5,0.005,0.0
135,411.0,626.8459,1.0,1.5,0.005,0.0
136,415.0,626.8459,1.0,1.5,0.005,0.0
137,420.0,626.8459,1.0,1.5,0.005,0.0
138,424.0,626.8459,1.0,1.5,0.005,0.0
139,428.0,626.8459,1.0,1.5,0.005,0.0
140,432.0,618.501,1.0,1.5,0.005,0.0
141,436.0,618.501,1.0,1.5,0.005,0.0
142,440.0,618.501,1.0,1.5,0.005,0.0
143,445.0,618.501,1.0,1.5,0.005,0.0
144,449.0,618.501,1.0,1.5,0.005,0.0
145,453.0,618.501,1.0,1.5,0.005,0.0
146,457.0,618.501,1.0,1.5,0.005,0.0
147,461.0,618.501,1.0,1.5,0.005,0.0
148,465.0,618.501,1.0,1.5,0.005,0.0
149,469.0,618.501,1.0,1.5,0.005,0.0
150,473.0,610.8434,1.0,1.5,0.005,0.0
151,478.0,610.8434,1.0,1.5,0.005,0.0
152,482.0,610.8434,1.0,1.5,0.005,0.0
153,486.0,610.8434,1.0,1.5,0.005,0.0
154,490.0,610.8434,1.0,1.5,0.005,0.0
155,494.0,610.8434,1.0,1.5,0.005,0.0
156,498.0,610.8434,1.0,1.5,0.005,0.0
157,502.0,610.8434,1.0,1.5,0.005,0.0
158,506.0,610.8434,1.0,1.5,0.005,0.0
159,511.0,610.8434,1.0,1.5,0.005,0.0
160,515.0,602.1059,1.0,1.5,0.005,0.0
161,518.0,602.1059,1.0,1.5,0.005,0.0
162,522.0,602.1059,1.0,1.5,0.005,0.0
163,527.0,602.1059,1.0,1.5,0.005,0.0
164,531.0,602.1059,1.0,1.5,0.005,0.0
165,535.0,602.1059,1.0,1.5,0.005,0.0
166,540.0,602.1059,1.0,1.5,0.005,0.0
167,544.0,602.1059,1.0,1.5,0.005,0.0
168,548.0,602.1059,1.0,1.5,0.005,0.0
169,552.0,602.1059,1.0,1.5,0.005,0.0
170,556.0,594.5464,1.0,1.5,0.005,0.0
171,561.0,594.5464,1.0,1.5,0.005,0.0
172,565.0,594.5464,1.0,1.5,0.005,0.0
173,569.0,594.5464,1.0,1.5,0.005,0.0
174,573.0,594.5464,1.0,1.5,0.005,0.0
175,577.0,594.5464,1.0,1.5,0.005,0.0
176,581.0,594.5464,1.0,1.5,0.005,0.0
177,585.0,594.5464,1.0,1.5,0.005,0.0
178,589.0,594.5464,1.0,1.5,0.005,0.0
179,594.0,594.5464,1.0,1.5,0.005,0.0
180,598.0,586.1034,1.0,1.5,0.005,0.0
181,602.0,586.1034,1.0,1.5,0.005,0.0
182,606.0,586.1034,1.0,1.5,0.005,0.0
183,610.0,586.1034,1.0,1.5,0.005,0.0
184,614.0,586.1034,1.0,1.5,0.005,0.0
185,618.0,586.1034,1.0,1.5,0.005,0.0
186,622.0,586.1034,1.0,1.5,0.005,0.0
187,626.0,586.1034,1.0,1.5,0.005,0.0
188,630.0,586.1034,1.0,1.5,0.005,0.0
189,634.0,586.1034,1.0,1.5,0.005,0.0
190,638.0,578.4458,1.0,1.5,0.005,0.0
191,642.0,578.4458,1.0,1.5,0.005,0.0
192,646.0,578.4458,1.0,1.5,0.005,0.0
193,650.0,578.4458,1.0,1.5,0.005,0.0
194,654.0,578.4458,1.0,1.5,0.005,0.0
195,658.0,578.4458,1.0,1.5,0.005,0.0
196,663.0,578.4458,1.0,1.5,0.005,0.0
197,667.0,578.4458,1.0,1.5,0.005,0.0
198,671.0,578.4458,1.0,1.5,0.005,0.0
199,675.0,578.4458,1.0,1.5,0.005,0.0
200,679.0,570.2973,1.0,1.5,0.005,0.0
201,683.0,570.2973,1.0,1.5,0.005,0.0
202,687.0,570.2973,1.0,1.5,0.005,0.0
203,691.0,570.2973,1.0,1.5,0.005,0.0
204,695.0,570.2973,1.0,1.5,0.005,0.0
205,699.0,570.2973,1.0,1.5,0.005,0.0
206,704.0,570.2973,1.0,1.5,0.005,0.0
207,708.0,570.2973,1.0,1.5,0.005,0.0
208,712.0,570.2973,1.0,1.5,0.005,0.0
209,716.0,570.2973,1.0,1.5,0.005,0.0
210,721.0,561.9525,1.0,1.5,0.005,0.0
211,725.0,561.9525,1.0,1.5,0.005,0.0
212,730.0,561.9525,1.0,1.5,0.005,0.0
213,734.0,561.9525,1.0,1.5,0.005,0.0
214,738.0,561.9525,1.0,1.5,0.005,0.0
215,742.0,561.9525,1.0,1.5,0.005,0.0
216,746.0,561.9525,1.0,1.5,0.005,0.0
217,750.0,561.9525,1.0,1.5,0.005,0.0
218,754.0,561.9525,1.0,1.5,0.005,0.0
219,758.0,561.9525,1.0,1.5,0.005,0.0
220,762.0,553.7057,1.0,1.5,0.005,0.0
221,766.0,553.7057,1.0,1.5,0.005,0.0
222,770.0,553.7057,1.0,1.5,0.005,0.0
223,774.0,553.7057,1.0,1.5,0.005,0.0
224,778.0,553.7057,1.0,1.5,0.005,0.0
225,783.0,553.7057,1.0,1.5,0.005,0.0
226,787.0,553.7057,1.0,1.5,0.005,0.0
227,791.0,553.7057,1.0,1.5,0.005,0.0
228,795.0,553.7057,1.0,1.5,0.005,0.0
229,799.0,553.7057,1.0,1.5,0.005,0.0
230,803.0,546.0481,1.0,1.5,0.005,0.0
231,807.0,546.0481,1.0,1.5,0.005,0.0
232,813.0,546.0481,1.0,1.5,0.005,0.0
233,817.0,546.0481,1.0,1.5,0.005,0.0
234,821.0,546.0481,1.0,1.5,0.005,0.0
235,825.0,546.0481,1.0,1.5,0.005,0.0
236,829.0,546.0481,1.0,1.5,0.005,0.0
237,834.0,546.0481,1.0,1.5,0.005,0.0
238,838.0,546.0481,1.0,1.5,0.005,0.0
239,842.0,546.0481,1.0,1.5,0.005,0.0
240,846.0,537.3105,1.0,1.5,0.005,0.0
241,850.0,537.3105,1.0,1.5,0.005,0.0
242,854.0,537.3105,1.0,1.5,0.005,0.0
243,858.0,537.3105,1.0,1.5,0.005,0.0
244,861.0,537.3105,1.0,1.5,0.005,0.0
245,865.0,537.3105,1.0,1.5,0.005,0.0
246,870.0,537.3105,1.0,1.5,0.005,0.0
247,874.0,537.3105,1.0,1.5,0.005,0.0
248,878.0,537.3105,1.0,1.5,0.005,0.0
249,883.0,537.3105,1.0,1.5,0.005,0.0
250,888.0,529.162,1.0,1.5,0.005,0.0
251,892.0,529.162,1.0,1.5,0.005,0.0
252,896.0,529.162,1.0,1.5,0.005,0.0
253,901.0,529.162,1.0,1.5,0.005,0.0
254,905.0,529.162,1.0,1.5,0.005,0.0
255,909.0,529.162,1.0,1.5,0.005,0.0
256,913.0,529.162,1.0,1.5,0.005,0.0
257,918.0,529.162,1.0,1.5,0.005,0.0
258,922.0,529.162,1.0,1.5,0.005,0.0
259,926.0,529.162,1.0,1.5,0.005,0.0
260,930.0,520.9153,1.0,1.5,0.005,0.0
261,934.0,520.9153,1.0,1.5,0.005,0.0
262,938.0,520.9153,1.0,1.5,0.005,0.0
263,943.0,520.9153,1.0,1.5,0.005,0.0
264,947.0,520.9153,1.0,1.5,0.005,0.0
265,952.0,520.9153,1.0,1.5,0.005,0.0
266,956.0,520.9153,1.0,1.5,0.005,0.0
267,959.0,520.9153,1.0,1.5,0.005,0.0
268,963.0,520.9153,1.0,1.5,0.005,0.0
269,968.0,520.9153,1.0,1.5,0.005,0.0
270,972.0,512.6686,1.0,1.5,0.005,0.0
271,976.0,512.6686,1.0,1.5,0.005,0.0
272,980.0,512.6686,1.0,1.5,0.005,0.0
273,985.0,512.6686,1.0,1.5,0.005,0.0
274,989.0,512.6686,1.0,1.5,0.005,0.0
275,994.0,512.6686,1.0,1.5,0.005,0.0
276,998.0,512.6686,1.0,1.5,0.005,0.0
277,1003.0,512.6686,1.0,1.5,0.005,0.0
278,1007.0,512.6686,1.0,1.5,0.005,0.0
279,1011.0,512.6686,1.0,1.5,0.005,0.0
280,1015.0,504.1275,1.0,1.5,0.005,0.0
281,1020.0,504.1275,1.0,1.5,0.005,0.0
282,1024.0,504.1275,1.0,1.5,0.005,0.0
283,1028.0,504.1275,1.0,1.5,0.005,0.0
284,1032.0,504.1275,1.0,1.5,0.005,0.0
285,1036.0,504.1275,1.0,1.5,0.005,0.0
286,1041.0,504.1275,1.0,1.5,0.005,0.0
287,1045.0,504.1275,1.0,1.5,0.005,0.0
288,1049.0,504.1275,1.0,1.5,0.005,0.0
289,1053.0,504.1275,1.0,1.5,0.005,0.0
290,1057.0,495.979,1.0,1.5,0.005,0.0
291,1061.0,495.979,1.0,1.5,0.005,0.0
292,1065.0,495.979,1.0,1.5,0.005,0.0
293,1070.0,495.979,1.0,1.5,0.005,0.0
294,1074.0,495.979,1.0,1.5,0.005,0.0
295,1078.0,495.979,1.0,1.5,0.005,0.0
296,1082.0,495.979,1.0,1.5,0.005,0.0
297,1086.0,495.979,1.0,1.5,0.005,0.0
298,1091.0,495.979,1.0,1.5,0.005,0.0
299,1095.0,495.979,1.0,1.5,0.005,0.0
300,1099.0,487.7323,1.0,1.5,0.005,0.0
301,1103.0,487.7323,1.0,1.5,0.005,0.0
302,1108.0,487.7323,1.0,1.5,0.005,0.0
303,1112.0,487.7323,1.0,1.5,0.005,0.0
304,1116.0,487.7323,1.0,1.5,0.005,0.0
305,1120.0,487.7323,1.0,1.5,0.005,0.0
306,1124.0,487.7323,1.0,1.5,0.005,0.0
307,1128.0,487.7323,1.0,1.5,0.005,0.0
308,1132.0,487.7323,1.0,1.5,0.005,0.0
309,1136.0,487.7323,1.0,1.5,0.005,0.0
310,1141.0,479.4856,1.0,1.5,0.005,0.0
311,1145.0,479.4856,1.0,1.5,0.005,0.0
312,1150.0,479.4856,1.0,1.5,0.005,0.0
313,1154.0,479.4856,1.0,1.5,0.005,0.0
314,1158.0,479.4856,1.0,1.5,0.005,0.0
315,1162.0,479.4856,1.0,1.5,0.005,0.0
316,1166.0,479.4856,1.0,1.5,0.005,0.0
317,1170.0,479.4856,1.0,1.5,0.005,0.0
318,1174.0,479.4856,1.0,1.5,0.005,0.0
319,1178.0,479.4856,1.0,1.5,0.005,0.0
320,1182.0,471.239,1.0,1.5,0.005,0.0
321,1187.0,471.239,1.0,1.5,0.005,0.0
322,1191.0,471.239,1.0,1.5,0.005,0.0
323,1195.0,471.239,1.0,1.5,0.005,0.0
324,1200.0,471.239,1.0,1.5,0.005,0.0
325,1204.0,471.239,1.0,1.5,0.005,0.0
326,1209.0,471.239,1.0,1.5,0.005,0.0
327,1213.0,471.239,1.0,1.5,0.005,0.0
328,1218.0,471.239,1.0,1.5,0.005,0.0
329,1222.0,471.239,1.0,1.5,0.005,0.0
330,1226.0,462.4032,1.0,1.5,0.005,0.0
331,1230.0,462.4032,1.0,1.5,0.005,0.0
332,1236.0,462.4032,1.0,1.5,0.005,0.0
333,1240.0,462.4032,1.0,1.5,0.005,0.0
334,1244.0,462.4032,1.0,1.5,0.005,0.0
335,1248.0,462.4032,1.0,1.5,0.005,0.0
336,1252.0,462.4032,1.0,1.5,0.005,0.0
337,1256.0,462.4032,1.0,1.5,0.005,0.0
338,1260.0,462.4032,1.0,1.5,0.005,0.0
339,1264.0,462.4032,1.0,1.5,0.005,0.0
340,1268.0,454.6474,1.0,1.5,0.005,0.0
341,1272.0,454.6474,1.0,1.5,0.005,0.0
342,1276.0,454.6474,1.0,1.5,0.005,0.0
343,1281.0,454.6474,1.0,1.5,0.005,0.0
344,1285.0,454.6474,1.0,1.5,0.005,0.0
345,1289.0,454.6474,1.0,1.5,0.005,0.0
346,1293.0,454.6474,1.0,1.5,0.005,0.0
347,1298.0,454.6474,1.0,1.5,0.005,0.0
348,1302.0,454.6474,1.0,1.5,0.005,0.0
349,1306.0,454.6474,1.0,1.5,0.005,0.0
350,1310.0,446.3026,1.0,1.5,0.005,0.0
351,1315.0,446.3026,1.0,1.5,0.005,0.0
352,1319.0,446.3026,1.0,1.5,0.005,0.0
353,1323.0,446.3026,1.0,1.5,0.005,0.0
354,1328.0,446.3026,1.0,1.5,0.005,0.0
355,1333.0,446.3026,1.0,1.5,0.005,0.0
356,1337.0,446.3026,1.0,1.5,0.005,0.0
357,1341.0,446.3026,1.0,1.5,0.005,0.0
358,1345.0,446.3026,1.0,1.5,0.005,0.0
359,1350.0,446.3026,1.0,1.5,0.005,0.0
360,1354.0,437.4669,1.0,1.5,0.005,0.0
361,1358.0,437.4669,1.0,1.5,0.005,0.0
362,1362.0,437.4669,1.0,1.5,0.005,0.0
363,1367.0,437.4669,1.0,1.5,0.005,0.0
364,1371.0,437.4669,1.0,1.5,0.005,0.0
365,1376.0,437.4669,1.0,1.5,0.005,0.0
366,1380.0,437.4669,1.0,1.5,0.005,0.0
367,1384.0,437.4669,1.0,1.5,0.005,0.0
368,1388.0,437.4669,1.0,1.5,0.005,0.0
369,1392.0,437.4669,1.0,1.5,0.005,0.0
370,1396.0,429.4165,1.0,1.5,0.005,0.0
371,1401.0,429.4165,1.0,1.5,0.005,0.0
372,1405.0,429.4165,1.0,1.5,0.005,0.0
373,1409.0,429.4165,1.0,1.5,0.005,0.0
374,1413.0,429.4165,1.0,1.5,0.005,0.0
375,1417.0,429.4165,1.0,1.5,0.005,0.0
376,1422.0,429.4165,1.0,1.5,0.005,0.0
377,1426.0,429.4165,1.0,1.5,0.005,0.0
378,1430.0,429.4165,1.0,1.5,0.005,0.0
379,1434.0,429.4165,1.0,1.5,0.005,0.0
380,1438.0,421.1698,1.0,1.5,0.005,0.0
381,1442.0,421.1698,1.0,1.5,0.005,0.0
382,1446.0,421.1698,1.0,1.5,0.005,0.0
383,1451.0,421.1698,1.0,1.5,0.005,0.0
384,1455.0,421.1698,1.0,1.5,0.005,0.0
385,1459.0,421.1698,1.0,1.5,0.005,0.0
386,1465.0,421.1698,1.0,1.5,0.005,0.0
387,1469.0,421.1698,1.0,1.5,0.005,0.0
388,1473.0,421.1698,1.0,1.5,0.005,0.0
389,1477.0,421.1698,1.0,1.5,0.005,0.0
390,1481.0,412.6286,1.0,1.5,0.005,0.0
391,1485.0,412.6286,1.0,1.5,0.005,0.0
392,1489.0,412.6286,1.0,1.5,0.005,0.0
393,1493.0,412.6286,1.0,1.5,0.005,0.0
394,1497.0,412.6286,1.0,1.5,0.005,0.0
395,1502.0,412.6286,1.0,1.5,0.005,0.0
396,1506.0,412.6286,1.0,1.5,0.005,0.0
397,1510.0,412.6286,1.0,1.5,0.005,0.0
398,1514.0,412.6286,1.0,1.5,0.005,0.0
399,1518.0,412.6286,1.0,1.5,0.005,0.0
400,1522.0,404.7747,1.0,1.5,0.005,0.0
401,1526.0,404.7747,1.0,1.5,0.005,0.0
402,1530.0,404.7747,1.0,1.5,0.005,0.0
403,1534.0,404.7747,1.0,1.5,0.005,0.0
404,1539.0,404.7747,1.0,1.5,0.005,0.0
405,1543.0,404.7747,1.0,1.5,0.005,0.0
406,1547.0,404.7747,1.0,1.5,0.005,0.0
407,1551.0,404.7747,1.0,1.5,0.005,0.0
408,1554.0,404.7747,1.0,1.5,0.005,0.0
409,1558.0,404.7747,1.0,1.5,0.005,0.0
410,1562.0,397.0188,1.0,1.5,0.005,0.0
411,1566.0,397.0188,1.0,1.5,0.005,0.0
412,1570.0,397.0188,1.0,1.5,0.005,0.0
413,1574.0,397.0188,1.0,1.5,0.005,0.0
414,1578.0,397.0188,1.0,1.5,0.005,0.0
415,1583.0,397.0188,1.0,1.5,0.005,0.0
416,1587.0,397.0188,1.0,1.5,0.005,0.0
417,1591.0,397.0188,1.0,1.5,0.005,0.0
418,1596.0,397.0188,1.0,1.5,0.005,0.0
419,1600.0,397.0188,1.0,1.5,0.005,0.0
420,1604.0,388.5757,1.0,1.5,0.005,0.0
421,1608.0,388.5757,1.0,1.5,0.005,0.0
422,1612.0,388.5757,1.0,1.5,0.005,0.0
423,1616.0,388.5757,1.0,1.5,0.005,0.0
424,1620.0,388.5757,1.0,1.5,0.005,0.0
425,1626.0,388.5757,1.0,1.5,0.005,0.0
426,1630.0,388.5757,1.0,1.5,0.005,0.0
427,1634.0,388.5757,1.0,1.5,0.005,0.0
428,1638.0,388.5757,1.0,1.5,0.005,0.0
429,1642.0,388.5757,1.0,1.5,0.005,0.0
430,1646.0,380.3291,1.0,1.5,0.005,0.0
431,1650.0,380.3291,1.0,1.5,0.005,0.0
432,1654.0,380.3291,1.0,1.5,0.005,0.0
433,1658.0,380.3291,1.0,1.5,0.005,0.0
434,1662.0,380.3291,1.0,1.5,0.005,0.0
435,1666.0,380.3291,1.0,1.5,0.005,0.0
436,1671.0,380.3291,1.0,1.5,0.005,0.0
437,1675.0,380.3291,1.0,1.5,0.005,0.0
438,1679.0,380.3291,1.0,1.5,0.005,0.0
439,1683.0,380.3291,1.0,1.5,0.005,0.0
440,1687.0,372.377,1.0,1.5,0.005,0.0
441,1692.0,372.377,1.0,1.5,0.005,0.0
442,1696.0,372.377,1.0,1.5,0.005,0.0
443,1701.0,372.377,1.0,1.5,0.005,0.0
444,1705.0,372.377,1.0,1.5,0.005,0.0
445,1709.0,372.377,1.0,1.5,0.005,0.0
446,1713.0,372.377,1.0,1.5,0.005,0.0
447,1718.0,372.377,1.0,1.5,0.005,0.0
448,1722.0,372.377,1.0,1.5,0.005,0.0
449,1726.0,372.377,1.0,1.5,0.005,0.0
450,1730.0,363.7375,1.0,1.5,0.005,0.0
451,1734.0,363.7375,1.0,1.5,0.005,0.0
452,1738.0,363.7375,1.0,1.5,0.005,0.0
453,1743.0,363.7375,1.0,1.5,0.005,0.0
454,1747.0,363.7375,1.0,1.5,0.005,0.0
455,1752.0,363.7375,1.0,1.5,0.005,0.0
456,1756.0,363.7375,1.0,1.5,0.005,0.0
457,1761.0,363.7375,1.0,1.5,0.005,0.0
458,1765.0,363.7375,1.0,1.5,0.005,0.0
459,1769.0,363.7375,1.0,1.5,0.005,0.0
460,1774.0,355.2946,1.0,1.5,0.005,0.0
461,1778.0,355.2946,1.0,1.5,0.005,0.0
462,1782.0,355.2946,1.0,1.5,0.005,0.0
463,1786.0,355.2946,1.0,1.5,0.005,0.0
464,1790.0,355.2946,1.0,1.5,0.005,0.0
465,1795.0,355.2946,1.0,1.5,0.005,0.0
466,1800.0,355.2946,1.0,1.5,0.005,0.0
467,1804.0,355.2946,1.0,1.5,0.005,0.0
468,1809.0,355.2946,1.0,1.5,0.005,0.0
469,1813.0,355.2946,1.0,1.5,0.005,0.0
470,1817.0,346.5569,1.0,1.5,0.005,0.0
471,1821.0,346.5569,1.0,1.5,0.005,0.0
472,1825.0,346.5569,1.0,1.5,0.005,0.0
473,1829.0,346.5569,1.0,1.5,0.005,0.0
474,1833.0,346.5569,1.0,1.5,0.005,0.0
475,1838.0,346.5569,1.0,1.5,0.005,0.0
476,1843.0,346.5569,1.0,1.5,0.005,0.0
477,1847.0,346.5569,1.0,1.5,0.005,0.0
478,1851.0,346.5569,1.0,1.5,0.005,0.0
479,1855.0,346.5569,1.0,1.5,0.005,0.0
480,1859.0,338.5066,1.0,1.5,0.005,0.0
481,1863.0,338.5066,1.0,1.5,0.005,0.0
482,1867.0,338.5066,1.0,1.5,0.005,0.0
483,1871.0,338.5066,1.0,1.5,0.005,0.0
484,1875.0,338.5066,1.0,1.5,0.005,0.0
485,1880.0,338.5066,1.0,1.5,0.005,0.0
486,1884.0,338.5066,1.0,1.5,0.005,0.0
487,1888.0,338.5066,1.0,1.5,0.005,0.0
488,1893.0,338.5066,1.0,1.5,0.005,0.0
489,1897.0,338.5066,1.0,1.5,0.005,0.0
490,1901.0,330.2599,1.0,1.5,0.005,0.0
491,1905.0,330.2599,1.0,1.5,0.005,0.0
492,1909.0,330.2599,1.0,1.5,0.005,0.0
493,1913.0,330.2599,1.0,1.5,0.005,0.0
494,1917.0,330.2599,1.0,1.5,0.005,0.0
495,1922.0,330.2599,1.0,1.5,0.005,0.0
496,1926.0,330.2599,1.0,1.5,0.005,0.0
497,1930.0,330.2599,1.0,1.5,0.005,0.0
498,1934.0,330.2599,1.0,1.5,0.005,0.0
499,1938.0,330.2599,1.0,1.5,0.005,0.0
500,1943.0,322.3078,1.0,1.5,0.005,0.0
501,1947.0,322.3078,1.0,1.5,0.005,0.0
502,1951.0,322.3078,1.0,1.5,0.005,0.0
503,1955.0,322.3078,1.0,1.5,0.005,0.0
504,1959.0,322.3078,1.0,1.5,0.005,0.0
505,1964.0,322.3078,1.0,1.5,0.005,0.0
506,1968.0,322.3078,1.0,1.5,0.005,0.0
507,1972.0,322.3078,1.0,1.5,0.005,0.0
508,1976.0,322.3078,1.0,1.5,0.005,0.0
509,1980.0,322.3078,1.0,1.5,0.005,0.0
510,1984.0,313.963,1.0,1.5,0.005,0.0
511,1989.0,313.963,1.0,1.5,0.005,0.0
512,1993.0,313.963,1.0,1.5,0.005,0.0
513,1997.0,313.963,1.0,1.5,0.005,0.0
514,2001.0,313.963,1.0,1.5,0.005,0.0
515,2007.0,313.963,1.0,1.5,0.005,0.0
516,2011.0,313.963,1.0,1.5,0.005,0.0
517,2015.0,313.963,1.0,1.5,0.005,0.0
518,2019.0,313.963,1.0,1.5,0.005,0.0
519,2023.0,313.963,1.0,1.5,0.005,0.0
520,2027.0,305.4217,1.0,1.5,0.005,0.0
521,2032.0,305.4217,1.0,1.5,0.005,0.0
522,2036.0,305.4217,1.0,1.5,0.005,0.0
523,2042.0,305.4217,1.0,1.5,0.005,0.0
524,2046.0,305.4217,1.0,1.5,0.005,0.0
525,2050.0,305.4217,1.0,1.5,0.005,0.0
526,2054.0,305.4217,1.0,1.5,0.005,0.0
527,2058.0,305.4217,1.0,1.5,0.005,0.0
528,2062.0,305.4217,1.0,1.5,0.005,0.0
529,2066.0,305.4217,1.0,1.5,0.005,0.0
530,2070.0,296.9787,1.0,1.5,0.005,0.0
531,2074.0,296.9787,1.0,1.5,0.005,0.0
532,2079.0,296.9787,1.0,1.5,0.005,0.0
533,2083.0,296.9787,1.0,1.5,0.005,0.0
534,2087.0,296.9787,1.0,1.5,0.005,0.0
535,2092.0,296.9787,1.0,1.5,0.005,0.0
536,2096.0,296.9787,1.0,1.5,0.005,0.0
537,2100.0,296.9787,1.0,1.5,0.005,0.0
538,2104.0,296.9787,1.0,1.5,0.005,0.0
539,2108.0,296.9787,1.0,1.5,0.005,0.0
540,2112.0,288.8302,1.0,1.5,0.005,0.0
541,2116.0,288.8302,1.0,1.5,0.005,0.0
542,2121.0,288.8302,1.0,1.5,0.005,0.0
543,2125.0,288.8302,1.0,1.5,0.005,0.0
544,2129.0,288.8302,1.0,1.5,0.005,0.0
545,2133.0,288.8302,1.0,1.5,0.005,0.0
546,2137.0,288.8302,1.0,1.5,0.005,0.0
547,2141.0,288.8302,1.0,1.5,0.005,0.0
548,2144.0,288.8302,1.0,1.5,0.005,0.0
549,2148.0,288.8302,1.0,1.5,0.005,0.0
550,2153.0,281.1725,1.0,1.5,0.005,0.0
551,2157.0,281.1725,1.0,1.5,0.005,0.0
552,2161.0,281.1725,1.0,1.5,0.005,0.0
553,2166.0,281.1725,1.0,1.5,0.005,0.0
554,2170.0,281.1725,1.0,1.5,0.005,0.0
555,2174.0,281.1725,1.0,1.5,0.005,0.0
556,2178.0,281.1725,1.0,1.5,0.005,0.0
557,2182.0,281.1725,1.0,1.5,0.005,0.0
558,2187.0,281.1725,1.0,1.5,0.005,0.0
559,2191.0,281.1725,1.0,1.5,0.005,0.0
560,2196.0,272.1405,1.0,1.5,0.005,0.0
561,2200.0,272.1405,1.0,1.5,0.005,0.0
562,2205.0,272.1405,1.0,1.5,0.005,0.0
563,2209.0,272.1405,1.0,1.5,0.005,0.0
564,2213.0,272.1405,1.0,1.5,0.005,0.0
565,2217.0,272.1405,1.0,1.5,0.005,0.0
566,2221.0,272.1405,1.0,1.5,0.005,0.0
567,2225.0,272.1405,1.0,1.5,0.005,0.0
568,2229.0,272.1405,1.0,1.5,0.005,0.0
569,2233.0,272.1405,1.0,1.5,0.005,0.0
570,2238.0,264.0902,1.0,1.5,0.005,0.0
571,2242.0,264.0902,1.0,1.5,0.005,0.0
572,2246.0,264.0902,1.0,1.5,0.005,0.0
573,2250.0,264.0902,1.0,1.5,0.005,0.0
574,2255.0,264.0902,1.0,1.5,0.005,0.0
575,2259.0,264.0902,1.0,1.5,0.005,0.0
576,2263.0,264.0902,1.0,1.5,0.005,0.0
577,2267.0,264.0902,1.0,1.5,0.005,0.0
578,2271.0,264.0902,1.0,1.5,0.005,0.0
579,2276.0,264.0902,1.0,1.5,0.005,0.0
580,2280.0,255.8435,1.0,1.5,0.005,0.0
581,2285.0,255.8435,1.0,1.5,0.005,0.0
582,2289.0,255.8435,1.0,1.5,0.005,0.0
583,2294.0,255.8435,1.0,1.5,0.005,0.0
584,2298.0,255.8435,1.0,1.5,0.005,0.0
585,2303.0,255.8435,1.0,1.5,0.005,0.0
586,2307.0,255.8435,1.0,1.5,0.005,0.0
587,2311.0,255.8435,1.0,1.5,0.005,0.0
588,2315.0,255.8435,1.0,1.5,0.005,0.0
589,2320.0,255.8435,1.0,1.5,0.005,0.0
590,2324.0,247.0078,1.0,1.5,0.005,0.0
591,2328.0,247.0078,1.0,1.5,0.005,0.0
592,2332.0,247.0078,1.0,1.5,0.005,0.0
593,2336.0,247.0078,1.0,1.5,0.005,0.0
594,2340.0,247.0078,1.0,1.5,0.005,0.0
595,2345.0,247.0078,1.0,1.5,0.005,0.0
596,2349.0,247.0078,1.0,1.5,0.005,0.0
597,2353.0,247.0078,1.0,1.5,0.005,0.0
598,2357.0,247.0078,1.0,1.5,0.005,0.0
599,2362.0,247.0078,1.0,1.5,0.005,0.0
600,2366.0,238.9574,1.0,1.5,0.005,0.0
601,2370.0,238.9574,1.0,1.5,0.005,0.0
602,2374.0,238.9574,1.0,1.5,0.005,0.0
603,2378.0,238.9574,1.0,1.5,0.005,0.0
604,2382.0,238.9574,1.0,1.5,0.005,0.0
605,2387.0,238.9574,1.0,1.5,0.005,0.0
606,2391.0,238.9574,1.0,1.5,0.005,0.0
607,2396.0,238.9574,1.0,1.5,0.005,0.0
608,2400.0,238.9574,1.0,1.5,0.005,0.0
609,2404.0,238.9574,1.0,1.5,0.005,0.0
610,2408.0,230.7108,1.0,1.5,0.005,0.0
611,2412.0,230.7108,1.0,1.5,0.005,0.0
612,2416.0,230.7108,1.0,1.5,0.005,0.0
613,2420.0,230.7108,1.0,1.5,0.005,0.0
614,2424.0,230.7108,1.0,1.5,0.005,0.0
615,2429.0,230.7108,1.0,1.5,0.005,0.0
616,2433.0,230.7108,1.0,1.5,0.005,0.0
617,2437.0,230.7108,1.0,1.5,0.005,0.0
618,2441.0,230.7108,1.0,1.5,0.005,0.0
619,2445.0,230.7108,1.0,1.5,0.005,0.0
620,2449.0,222.7586,1.0,1.5,0.005,0.0
621,2453.0,222.7586,1.0,1.5,0.005,0.0
622,2457.0,222.7586,1.0,1.5,0.005,0.0
623,2461.0,222.7586,1.0,1.5,0.005,0.0
624,2466.0,222.7586,1.0,1.5,0.005,0.0
625,2470.0,222.7586,1.0,1.5,0.005,0.0
626,2474.0,222.7586,1.0,1.5,0.005,0.0
627,2478.0,222.7586,1.0,1.5,0.005,0.0
628,2483.0,222.7586,1.0,1.5,0.005,0.0
629,2487.0,222.7586,1.0,1.5,0.005,0.0
630,2492.0,214.4137,1.0,1.5,0.005,0.0
631,2496.0,214.4137,1.0,1.5,0.005,0.0
632,2500.0,214.4137,1.0,1.5,0.005,0.0
633,2504.0,214.4137,1.0,1.5,0.005,0.0
634,2509.0,214.4137,1.0,1.5,0.005,0.0
635,2513.0,214.4137,1.0,1.5,0.005,0.0
636,2517.0,214.4137,1.0,1.5,0.005,0.0
637,2521.0,214.4137,1.0,1.5,0.005,0.0
638,2525.0,214.4137,1.0,1.5,0.005,0.0
639,2529.0,214.4137,1.0,1.5,0.005,0.0
640,2534.0,206.1671,1.0,1.5,0.005,0.0
641,2538.0,206.1671,1.0,1.5,0.005,0.0
642,2543.0,206.1671,1.0,1.5,0.005,0.0
643,2548.0,206.1671,1.0,1.5,0.005,0.0
644,2552.0,206.1671,1.0,1.5,0.005,0.0
645,2556.0,206.1671,1.0,1.5,0.005,0.0
646,2560.0,206.1671,1.0,1.5,0.005,0.0
647,2564.0,206.1671,1.0,1.5,0.005,0.0
648,2568.0,206.1671,1.0,1.5,0.005,0.0
649,2572.0,206.1671,1.0,1.5,0.005,0.0
650,2576.0,197.3313,1.0,1.5,0.005,0.0
651,2581.0,197.3313,1.0,1.5,0.005,0.0
652,2585.0,197.3313,1.0,1.5,0.005,0.0
653,2589.0,197.3313,1.0,1.5,0.005,0.0
654,2593.0,197.3313,1.0,1.5,0.005,0.0
655,2597.0,197.3313,1.0,1.5,0.005,0.0
656,2601.0,197.3313,1.0,1.5,0.005,0.0
657,2605.0,197.3313,1.0,1.5,0.005,0.0
658,2609.0,197.3313,1.0,1.5,0.005,0.0
659,2613.0,197.3313,1.0,1.5,0.005,0.0
660,2618.0,189.5755,1.0,1.5,0.005,0.0
661,2622.0,189.5755,1.0,1.5,0.005,0.0
662,2626.0,189.5755,1.0,1.5,0.005,0.0
663,2630.0,189.5755,1.0,1.5,0.005,0.0
664,2634.0,189.5755,1.0,1.5,0.005,0.0
665,2639.0,189.5755,1.0,1.5,0.005,0.0
666,2643.0,189.5755,1.0,1.5,0.005,0.0
667,2648.0,189.5755,1.0,1.5,0.005,0.0
668,2652.0,189.5755,1.0,1.5,0.005,0.0
669,2657.0,189.5755,1.0,1.5,0.005,0.0
670,2661.0,180.9362,1.0,1.5,0.005,0.0
671,2665.0,180.9362,1.0,1.5,0.005,0.0
672,2669.0,180.9362,1.0,1.5,0.005,0.0
673,2673.0,180.9362,1.0,1.5,0.005,0.0
674,2677.0,180.9362,1.0,1.5,0.005,0.0
675,2682.0,180.9362,1.0,1.5,0.005,0.0
676,2686.0,180.9362,1.0,1.5,0.005,0.0
677,2691.0,180.9362,1.0,1.5,0.005,0.0
678,2696.0,180.9362,1.0,1.5,0.005,0.0
679,2700.0,180.9362,1.0,1.5,0.005,0.0
680,2704.0,172.4931,1.0,1.5,0.005,0.0
681,2708.0,172.4931,1.0,1.5,0.005,0.0
682,2712.0,172.4931,1.0,1.5,0.005,0.0
683,2716.0,172.4931,1.0,1.5,0.005,0.0
684,2720.0,172.4931,1.0,1.5,0.005,0.0
685,2725.0,172.4931,1.0,1.5,0.005,0.0
686,2729.0,172.4931,1.0,1.5,0.005,0.0
687,2733.0,172.4931,1.0,1.5,0.005,0.0
688,2738.0,172.4931,1.0,1.5,0.005,0.0
689,2742.0,172.4931,1.0,1.5,0.005,0.0
690,2746.0,164.3446,1.0,1.5,0.005,0.0
691,2750.0,164.3446,1.0,1.5,0.005,0.0
692,2754.0,164.3446,1.0,1.5,0.005,0.0
693,2758.0,164.3446,1.0,1.5,0.005,0.0
694,2763.0,164.3446,1.0,1.5,0.005,0.0
695,2767.0,164.3446,1.0,1.5,0.005,0.0
696,2771.0,164.3446,1.0,1.5,0.005,0.0
697,2775.0,164.3446,1.0,1.5,0.005,0.0
698,2779.0,164.3446,1.0,1.5,0.005,0.0
699,2783.0,164.3446,1.0,1.5,0.005,0.0
700,2787.0,156.0979,1.0,1.5,0.005,0.0
701,2791.0,156.0979,1.0,1.5,0.005,0.0
702,2795.0,156.0979,1.0,1.5,0.005,0.0
703,2800.0,156.0979,1.0,1.5,0.005,0.0
704,2804.0,156.0979,1.0,1.5,0.005,0.0
705,2808.0,156.0979,1.0,1.5,0.005,0.0
706,2812.0,156.0979,1.0,1.5,0.005,0.0
707,2816.0,156.0979,1.0,1.5,0.005,0.0
708,2820.0,156.0979,1.0,1.5,0.005,0.0
709,2824.0,156.0979,1.0,1.5,0.005,0.0
710,2830.0,148.1458,1.0,1.5,0.005,0.0
711,2834.0,148.1458,1.0,1.5,0.005,0.0
712,2839.0,148.1458,1.0,1.5,0.005,0.0
713,2843.0,148.1458,1.0,1.5,0.005,0.0
714,2847.0,148.1458,1.0,1.5,0.005,0.0
715,2851.0,148.1458,1.0,1.5,0.005,0.0
716,2855.0,148.1458,1.0,1.5,0.005,0.0
717,2859.0,148.1458,1.0,1.5,0.005,0.0
718,2864.0,148.1458,1.0,1.5,0.005,0.0
719,2868.0,148.1458,1.0,1.5,0.005,0.0
720,2872.0,139.5064,1.0,1.5,0.005,0.0
721,2877.0,139.5064,1.0,1.5,0.005,0.0
722,2881.0,139.5064,1.0,1.5,0.005,0.0
723,2886.0,139.5064,1.0,1.5,0.005,0.0
724,2890.0,139.5064,1.0,1.5,0.005,0.0
725,2894.0,139.5064,1.0,1.5,0.005,0.0
726,2898.0,139.5064,1.0,1.5,0.005,0.0
727,2902.0,139.5064,1.0,1.5,0.005,0.0
728,2907.0,139.5064,1.0,1.5,0.005,0.0
729,2911.0,139.5064,1.0,1.5,0.005,0.0
730,2915.0,131.0634,1.0,1.5,0.005,0.0
731,2919.0,131.0634,1.0,1.5,0.005,0.0
732,2923.0,131.0634,1.0,1.5,0.005,0.0
733,2928.0,131.0634,1.0,1.5,0.005,0.0
734,2932.0,131.0634,1.0,1.5,0.005,0.0
735,2937.0,131.0634,1.0,1.5,0.005,0.0
736,2941.0,131.0634,1.0,1.5,0.005,0.0
737,2946.0,131.0634,1.0,1.5,0.005,0.0
738,2950.0,131.0634,1.0,1.5,0.005,0.0
739,2954.0,131.0634,1.0,1.5,0.005,0.0
740,2958.0,122.6203,1.0,1.5,0.005,0.0
741,2962.0,122.6203,1.0,1.5,0.005,0.0
742,2966.0,122.6203,1.0,1.5,0.005,0.0
743,2971.0,122.6203,1.0,1.5,0.005,0.0
744,2975.0,122.6203,1.0,1.5,0.005,0.0
745,2980.0,122.6203,1.0,1.5,0.005,0.0
746,2984.0,122.6203,1.0,1.5,0.005,0.0
747,2989.0,122.6203,1.0,1.5,0.005,0.0
748,2993.0,122.6203,1.0,1.5,0.005,0.0
749,2997.0,122.6203,1.0,1.5,0.005,0.0
750,3001.0,114.1773,1.0,1.5,0.005,0.0
751,3005.0,114.1773,1.0,1.5,0.005,0.0
752,3010.0,114.1773,1.0,1.5,0.005,0.0
753,3014.0,114.1773,1.0,1.5,0.005,0.0
754,3018.0,114.1773,1.0,1.5,0.005,0.0
755,3022.0,114.1773,1.0,1.5,0.005,0.0
756,3027.0,114.1773,1.0,1.5,0.005,0.0
757,3031.0,114.1773,1.0,1.5,0.005,0.0
758,3036.0,114.1773,1.0,1.5,0.005,0.0
759,3040.0,114.1773,1.0,1.5,0.005,0.0
760,3044.0,105.4397,1.0,1.5,0.005,0.0
761,3049.0,105.4397,1.0,1.5,0.005,0.0
762,3053.0,105.4397,1.0,1.5,0.005,0.0
763,3057.0,105.4397,1.0,1.5,0.005,0.0
764,3061.0,105.4397,1.0,1.5,0.005,0.0
765,3065.0,105.4397,1.0,1.5,0.005,0.0
766,3069.0,105.4397,1.0,1.5,0.005,0.0
767,3073.0,105.4397,1.0,1.5,0.005,0.0
768,3079.0,105.4397,1.0,1.5,0.005,0.0
769,3083.0,105.4397,1.0,1.5,0.005,0.0
770,3088.0,97.3894,1.0,1.5,0.005,0.0
771,3092.0,97.3894,1.0,1.5,0.005,0.0
772,3096.0,97.3894,1.0,1.5,0.005,0.0
773,3100.0,97.3894,1.0,1.5,0.005,0.0
774,3104.0,97.3894,1.0,1.5,0.005,0.0
775,3108.0,97.3894,1.0,1.5,0.005,0.0
776,3113.0,97.3894,1.0,1.5,0.005,0.0
777,3117.0,97.3894,1.0,1.5,0.005,0.0
778,3121.0,97.3894,1.0,1.5,0.005,0.0
779,3125.0,97.3894,1.0,1.5,0.005,0.0
780,3130.0,89.1427,1.0,1.5,0.005,0.0
781,3134.0,89.1427,1.0,1.5,0.005,0.0
782,3139.0,89.1427,1.0,1.5,0.005,0.0
783,3143.0,89.1427,1.0,1.5,0.005,0.0
784,3147.0,89.1427,1.0,1.5,0.005,0.0
785,3152.0,89.1427,1.0,1.5,0.005,0.0
786,3156.0,89.1427,1.0,1.5,0.005,0.0
787,3160.0,89.1427,1.0,1.5,0.005,0.0
788,3164.0,89.1427,1.0,1.5,0.005,0.0
789,3168.0,89.1427,1.0,1.5,0.005,0.0
790,3172.0,80.6016,1.0,1.5,0.005,0.0
791,3176.0,80.6016,1.0,1.5,0.005,0.0
792,3180.0,80.6016,1.0,1.5,0.005,0.0
793,3187.0,80.6016,1.0,1.5,0.005,0.0
794,3191.0,80.6016,1.0,1.5,0.005,0.0
795,3195.0,80.6016,1.0,1.5,0.005,0.0
796,3199.0,80.6016,1.0,1.5,0.005,0.0
797,3203.0,80.6016,1.0,1.5,0.005,0.0
798,3207.0,80.6016,1.0,1.5,0.005,0.0
799,3211.0,80.6016,1.0,1.5,0.005,0.0
800,3215.0,71.8639,1.0,1.5,0.005,0.0
801,3220.0,71.8639,1.0,1.5,0.005,0.0
802,3224.0,71.8639,1.0,1.5,0.005,0.0
803,3228.0,71.8639,1.0,1.5,0.005,0.0
804,3232.0,71.8639,1.0,1.5,0.005,0.0
805,3238.0,71.8639,1.0,1.5,0.005,0.0
806,3242.0,71.8639,1.0,1.5,0.005,0.0
807,3247.0,71.8639,1.0,1.5,0.005,0.0
808,3251.0,71.8639,1.0,1.5,0.005,0.0
809,3255.0,71.8639,1.0,1.5,0.005,0.0
810,3260.0,63.2246,1.0,1.5,0.005,0.0
811,3264.0,63.2246,1.0,1.5,0.005,0.0
812,3268.0,63.2246,1.0,1.5,0.005,0.0
813,3272.0,63.2246,1.0,1.5,0.005,0.0
814,3276.0,63.2246,1.0,1.5,0.005,0.0
815,3280.0,63.2246,1.0,1.5,0.005,0.0
816,3283.0,63.2246,1.0,1.5,0.005,0.0
817,3287.0,63.2246,1.0,1.5,0.005,0.0
818,3292.0,63.2246,1.0,1.5,0.005,0.0
819,3296.0,63.2246,1.0,1.5,0.005,0.0
820,3300.0,55.7633,1.0,1.5,0.005,0.0
821,3304.0,55.7633,1.0,1.5,0.005,0.0
822,3308.0,55.7633,1.0,1.5,0.005,0.0
823,3312.0,55.7633,1.0,1.5,0.005,0.0
824,3316.0,55.7633,1.0,1.5,0.005,0.0
825,3320.0,55.7633,1.0,1.5,0.005,0.0
826,3325.0,55.7633,1.0,1.5,0.005,0.0
827,3329.0,55.7633,1.0,1.5,0.005,0.0
828,3335.0,55.7633,1.0,1.5,0.005,0.0
829,3339.0,55.7633,1.0,1.5,0.005,0.0
830,3343.0,47.0258,1.0,1.5,0.005,0.0
831,3347.0,47.0258,1.0,1.5,0.005,0.0
832,3351.0,47.0258,1.0,1.5,0.005,0.0
833,3355.0,47.0258,1.0,1.5,0.005,0.0
834,3360.0,47.0258,1.0,1.5,0.005,0.0
835,3364.0,47.0258,1.0,1.5,0.005,0.0
836,3368.0,47.0258,1.0,1.5,0.005,0.0
837,3372.0,47.0258,1.0,1.5,0.005,0.0
838,3376.0,47.0258,1.0,1.5,0.005,0.0
839,3380.0,47.0258,1.0,1.5,0.005,0.0
840,3385.0,39.1717,1.0,1.5,0.005,0.0
841,3389.0,39.1717,1.0,1.5,0.005,0.0
842,3393.0,39.1717,1.0,1.5,0.005,0.0
843,3398.0,39.1717,1.0,1.5,0.005,0.0
844,3402.0,39.1717,1.0,1.5,0.005,0.0
845,3406.0,39.1717,1.0,1.5,0.005,0.0
846,3410.0,39.1717,1.0,1.5,0.005,0.0
847,3414.0,39.1717,1.0,1.5,0.005,0.0
848,3418.0,39.1717,1.0,1.5,0.005,0.0
849,3422.0,39.1717,1.0,1.5,0.005,0.0
850,3427.0,30.2379,1.0,1.5,0.005,0.0
851,3432.0,30.2379,1.0,1.5,0.005,0.0
852,3437.0,30.2379,1.0,1.5,0.005,0.0
853,3442.0,30.2379,1.0,1.5,0.005,0.0
854,3446.0,30.2379,1.0,1.5,0.005,0.0
855,3450.0,30.2379,1.0,1.5,0.005,0.0
856,3454.0,30.2379,1.0,1.5,0.005,0.0
857,3459.0,30.2379,1.0,1.5,0.005,0.0
858,3463.0,30.2379,1.0,1.5,0.005,0.0
859,3468.0,30.2379,1.0,1.5,0.005,0.0
860,3472.0,21.5985,1.0,1.5,0.005,0.0
861,3476.0,21.5985,1.0,1.5,0.005,0.0
862,3480.0,21.5985,1.0,1.5,0.005,0.0
863,3483.0,21.5985,1.0,1.5,0.005,0.0
864,3487.0,21.5985,1.0,1.5,0.005,0.0
865,3492.0,21.5985,1.0,1.5,0.005,0.0
866,3496.0,21.5985,1.0,1.5,0.005,0.0
867,3500.0,21.5985,1.0,1.5,0.005,0.0
868,3505.0,21.5985,1.0,1.5,0.005,0.0
869,3509.0,21.5985,1.0,1.5,0.005,0.0
870,3513.0,13.8427,1.0,1.5,0.005,0.0
871,3517.0,13.8427,1.0,1.5,0.005,0.0
872,3521.0,13.8427,1.0,1.5,0.005,0.0
873,3525.0,13.8427,1.0,1.5,0.005,0.0
874,3529.0,13.8427,1.0,1.5,0.005,0.0
875,3533.0,13.8427,1.0,1.5,0.005,0.0
876,3537.0,13.8427,1.0,1.5,0.005,0.0
877,3543.0,13.8427,1.0,1.5,0.005,0.0
878,3547.0,13.8427,1.0,1.5,0.005,0.0
879,3551.0,13.8427,1.0,1.5,0.005,0.0
880,3555.0,5.4979,1.0,1.5,0.005,0.0
881,3559.0,5.4979,1.0,1.5,0.005,0.0
882,3563.0,5.4979,1.0,1.5,0.005,0.0
883,3567.0,5.4979,1.0,1.5,0.005,0.0
884,3571.0,5.4979,1.0,1.5,0.005,0.0
885,3575.0,5.4979,1.0,1.5,0.005,0.0
886,3579.0,5.4979,1.0,1.5,0.005,0.0
887,3582.0,5.4979,1.0,1.5,0.005,0.0
888,3586.0,5.4979,1.0,1.5,0.005,0.0
889,3590.0,5.4979,1.0,1.5,0.005,0.0
890,3593.0,-1.8653,1.0,1.5,0.005,0.0
891,3597.0,-1.8653,1.0,1.5,0.005,0.0
892,3600.0,-1.8653,1.0,1.5,0.005,0.0
893,3604.0,-1.8653,1.0,1.5,0.005,0.0
894,3607.0,-1.8653,1.0,1.5,0.005,0.0
895,3610.0,-1.8653,1.0,1.5,0.005,0.0
896,3613.0,-1.8653,1.0,1.5,0.005,0.0
897,3616.0,-1.8653,1.0,1.5,0.005,0.0
898,3618.0,-1.8653,1.0,1.5,0.005,0.0
899,3621.0,-1.8653,1.0,1.5,0.005,0.0
900,3623.0,-7.1667,1.0,1.5,0.005,0.0
901,3626.0,-7.1667,1.0,1.5,0.005,0.0
902,3628.0,-7.1667,1.0,1.5,0.005,0.0
903,3630.0,-7.1667,1.0,1.5,0.005,0.0
904,3632.0,-7.1667,1.0,1.5,0.005,0.0
905,3633.0,-7.1667,1.0,1.5,0.005,0.0
906,3635.0,-7.1667,1.0,1.5,0.005,0.0
907,3636.0,-7.1667,1.0,1.5,0.005,0.0
908,3638.0,-7.1667,1.0,1.5,0.005,0.0
909,3639.0,-7.1667,1.0,1.5,0.005,0.0
910,3640.0,-9.4248,1.0,1.5,0.005,0.0
911,3641.0,-9.4248,1.0,1.5,0.005,0.0
912,3642.0,-9.4248,1.0,1.5,0.005,0.0
913,3642.0,-9.4248,1.0,1.5,0.005,0.0
914,3643.0,-9.4248,1.0,1.5,0.005,0.0
915,3643.0,-9.4248,1.0,1.5,0.005,0.0
916,3643.0,-9.4248,1.0,1.5,0.005,0.0
917,3643.0,-9.4248,1.0,1.5,0.005,0.0
918,3643.0,-9.4248,1.0,1.5,0.005,0.0
919,3643.0,-9.4248,1.0,1.5,0.005,0.0
920,3642.0,-8.8357,1.0,1.5,0.005,0.0
921,3642.0,-8.8357,1.0,1.5,0.005,0.0
922,3641.0,-8.8357,1.0,1.5,0.005,0.0
923,3641.0,-8.8357,1.0,1.5,0.005,0.0
924,3640.0,-8.8357,1.0,1.5,0.005,0.0
925,3639.0,-8.8357,1.0,1.5,0.005,0.0
926,3638.0,-8.8357,1.0,1.5,0.005,0.0
927,3637.0,-8.8357,1.0,1.5,0.005,0.0
928,3636.0,-8.8357,1.0,1.5,0.005,0.0
929,3635.0,-8.8357,1.0,1.5,0.005,0.0
930,3633.0,-6.0868,1.0,1.5,0.005,0.0
931,3632.0,-6.0868,1.0,1.5,0.005,0.0
932,3631.0,-6.0868,1.0,1.5,0.005,0.0
933,3629.0,-6.0868,1.0,1.5,0.005,0.0
934,3628.0,-6.0868,1.0,1.5,0.005,0.0
935,3626.0,-6.0868,1.0,1.5,0.005,0.0
936,3625.0,-6.0868,1.0,1.5,0.005,0.0
937,3624.0,-6.0868,1.0,1.5,0.005,0.0
938,3622.0,-6.0868,1.0,1.5,0.005,0.0
939,3621.0,-6.0868,1.0,1.5,0.005,0.0
940,3619.0,-2.4544,1.0,1.5,0.005,0.0
941,3617.0,-2.4544,1.0,1.5,0.005,0.0
942,3616.0,-2.4544,1.0,1.5,0.005,0.0
943,3614.0,-2.4544,1.0,1.5,0.005,0.0
944,3613.0,-2.4544,1.0,1.5,0.005,0.0
945,3611.0,-2.4544,1.0,1.5,0.005,0.0
946,3610.0,-2.4544,1.0,1.5,0.005,0.0
947,3609.0,-2.4544,1.0,1.5,0.005,0.0
948,3607.0,-2.4544,1.0,1.5,0.005,0.0
949,3606.0,-2.4544,1.0,1.5,0.005,0.0
950,3604.0,0.1964,1.0,1.5,0.005,0.0
951,3603.0,0.1964,1.0,1.5,0.005,0.0
952,3602.0,0.1964,1.0,1.5,0.005,0.0
953,3601.0,0.1964,1.0,1.5,0.005,0.0
954,3599.0,0.1964,1.0,1.5,0.005,0.0
955,3598.0,0.1964,1.0,1.5,0.005,0.0
956,3597.0,0.1964,1.0,1.5,0.005,0.0
957,3596.0,0.1964,1.0,1.5,0.005,0.0
958,3595.0,0.1964,1.0,1.5,0.005,0.0
959,3594.0,0.1964,1.0,1.5,0.005,0.0
960,3593.0,2.3562,1.0,1.5,0.005,0.0
961,3592.0,2.3562,1.0,1.5,0.005,0.0
962,3591.0,2.3562,1.0,1.5,0.005,0.0
963,3591.0,2.3562,1.0,1.5,0.005,0.0
964,3590.0,2.3562,1.0,1.5,0.005,0.0
965,3589.0,2.3562,1.0,1.5,0.005,0.0
966,3589.0,2.3562,1.0,1.5,0.005,0.0
967,3588.0,2.3562,1.0,1.5,0.005,0.0
968,3588.0,2.3562,1.0,1.5,0.005,0.0
969,3587.0,2.3562,1.0,1.5,0.005,0.0
970,3587.0,3.2398,1.0,1.5,0.005,0.0
971,3587.0,3.2398,1.0,1.5,0.005,0.0
972,3587.0,3.2398,1.0,1.5,0.005,0.0
973,3586.0,3.2398,1.0,1.5,0.005,0.0
974,3586.0,3.2398,1.0,1.5,0.005,0.0
975,3586.0,3.2398,1.0,1.5,0.005,0.0
976,3586.0,3.2398,1.0,1.5,0.005,0.0
977,3586.0,3.2398,1.0,1.5,0.005,0.0
978,3586.0,3.2398,1.0,1.5,0.005,0.0
979,3586.0,3.2398,1.0,1.5,0.005,0.0
980,3586.0,2.8471,1.0,1.5,0.005,0.0
981,3586.0,2.8471,1.0,1.5,0.005,0.0
982,3587.0,2.8471,1.0,1.5,0.005,0.0
983,3587.0,2.8471,1.0,1.5,0.005,0.0
984,3587.0,2.8471,1.0,1.5,0.005,0.0
985,3587.0,2.8471,1.0,1.5,0.005,0.0
986,3588.0,2.8471,1.0,1.5,0.005,0.0
987,3588.0,2.8471,1.0,1.5,0.005,0.0
988,3588.0,2.8471,1.0,1.5,0.005,0.0
989,3589.0,2.8471,1.0,1.5,0.005,0.0
990,3589.0,1.8653,1.0,1.5,0.005,0.0
991,3589.0,1.8653,1.0,1.5,0.005,0.0
992,3590.0,1.8653,1.0,1.5,0.005,0.0
993,3590.0,1.8653,1.0,1.5,0.005,0.0
994,3591.0,1.8653,1.0,1.5,0.005,0.0
995,3591.0,1.8653,1.0,1.5,0.005,0.0
996,3592.0,1.8653,1.0,1.5,0.005,0.0
997,3592.0,1.8653,1.0,1.5,0.005,0.0
998,3592.0,1.8653,1.0,1.5,0.005,0.0
999,3593.0,1.8653,1.0,1.5,0.005,0.0
1000,3593.0,0.9818,1.0,1.5,0.005,0.0
1001,3594.0,0.9818,1.0,1.5,0.005,0.0
1002,3594.0,0.9818,1.0,1.5,0.005,0.0
1003,3595.0,0.9818,1.0,1.5,0.005,0.0
1004,3595.0,0.9818,1.0,1.5,0.005,0.0
1005,3596.0,0.9818,1.0,1.5,0.005,0.0
1006,3596.0,0.9818,1.0,1.5,0.005,0.0
1007,3597.0,0.9818,1.0,1.5,0.005,0.0
1008,3597.0,0.9818,1.0,1.5,0.005,0.0
1009,3598.0,0.9818,1.0,1.5,0.005,0.0
1010,3598.0,-0.0982,1.0,1.5,0.005,0.0
1011,3598.0,-0.0982,1.0,1.5,0.005,0.0
1012,3599.0,-0.0982,1.0,1.5,0.005,0.0
1013,3599.0,-0.0982,1.0,1.5,0.005,0.0
1014,3599.0,-0.0982,1.0,1.5,0.005,0.0
1015,3600.0,-0.0982,1.0,1.5,0.005,0.0
1016,3600.0,-0.0982,1.0,1.5,0.005,0.0
1017,3600.0,-0.0982,1.0,1.5,0.005,0.0
1018,3601.0,-0.0982,1.0,1.5,0.005,0.0
1019,3601.0,-0.0982,1.0,1.5,0.005,0.0
