TIME,PULSES,CONTROLLERVOLTAGE,CONTROLLER,KP,TAUD,TAUI 
0,0,-0.39,0,0.5,0.0,0.0
1,0,-0.39,0,0.5,0.0,0.0
2,0,-0.39,0,0.5,0.0,0.0
3,0,-0.39,0,0.5,0.0,0.0
4,0,-0.39,0,0.5,0.0,0.0
5,0,-0.39,0,0.5,0.0,0.0
6,0,-0.39,0,0.5,0.0,0.0
7,0,-0.39,0,0.5,0.0,0.0
8,0,-0.39,0,0.5,0.0,0.0
9,0,-0.39,0,0.5,0.0,0.0
10,0,235.62,0,0.5,0.0,0.0
11,0,235.62,0,0.5,0.0,0.0
12,0,235.62,0,0.5,0.0,0.0
13,1,235.62,0,0.5,0.0,0.0
14,1,235.62,0,0.5,0.0,0.0
15,2,235.62,0,0.5,0.0,0.0
16,3,235.62,0,0.5,0.0,0.0
17,4,235.62,0,0.5,0.0,0.0
18,5,235.62,0,0.5,0.0,0.0
19,6,235.62,0,0.5,0.0,0.0
20,7,235.23,0,0.5,0.0,0.0
21,8,235.23,0,0.5,0.0,0.0
22,9,235.23,0,0.5,0.0,0.0
23,12,235.23,0,0.5,0.0,0.0
24,13,235.23,0,0.5,0.0,0.0
25,15,235.23,0,0.5,0.0,0.0
26,17,235.23,0,0.5,0.0,0.0
27,19,235.23,0,0.5,0.0,0.0
28,21,235.23,0,0.5,0.0,0.0
29,23,235.23,0,0.5,0.0,0.0
30,25,234.11,0,0.5,0.0,0.0
31,27,234.11,0,0.5,0.0,0.0
32,29,234.11,0,0.5,0.0,0.0
33,31,234.11,0,0.5,0.0,0.0
34,34,234.11,0,0.5,0.0,0.0
35,36,234.11,0,0.5,0.0,0.0
36,39,234.11,0,0.5,0.0,0.0
37,41,234.11,0,0.5,0.0,0.0
38,44,234.11,0,0.5,0.0,0.0
39,46,234.11,0,0.5,0.0,0.0
40,49,232.54,0,0.5,0.0,0.0
41,52,232.54,0,0.5,0.0,0.0
42,55,232.54,0,0.5,0.0,0.0
43,58,232.54,0,0.5,0.0,0.0
44,61,232.54,0,0.5,0.0,0.0
45,63,232.54,0,0.5,0.0,0.0
46,66,232.54,0,0.5,0.0,0.0
47,69,232.54,0,0.5,0.0,0.0
48,73,232.54,0,0.5,0.0,0.0
49,76,232.54,0,0.5,0.0,0.0
50,79,230.65,0,0.5,0.0,0.0
51,82,230.65,0,0.5,0.0,0.0
52,85,230.65,0,0.5,0.0,0.0
53,88,230.65,0,0.5,0.0,0.0
54,92,230.65,0,0.5,0.0,0.0
55,95,230.65,0,0.5,0.0,0.0
56,98,230.65,0,0.5,0.0,0.0
57,102,230.65,0,0.5,0.0,0.0
58,105,230.65,0,0.5,0.0,0.0
59,108,230.65,0,0.5,0.0,0.0
60,112,228.49,0,0.5,0.0,0.0
61,115,228.49,0,0.5,0.0,0.0
62,119,228.49,0,0.5,0.0,0.0
63,122,228.49,0,0.5,0.0,0.0
64,126,228.49,0,0.5,0.0,0.0
65,129,228.49,0,0.5,0.0,0.0
66,133,228.49,0,0.5,0.0,0.0
67,136,228.49,0,0.5,0.0,0.0
68,140,228.49,0,0.5,0.0,0.0
69,143,228.49,0,0.5,0.0,0.0
70,147,226.19,0,0.5,0.0,0.0
71,151,226.19,0,0.5,0.0,0.0
72,155,226.19,0,0.5,0.0,0.0
73,158,226.19,0,0.5,0.0,0.0
74,162,226.19,0,0.5,0.0,0.0
75,166,226.19,0,0.5,0.0,0.0
76,169,226.19,0,0.5,0.0,0.0
77,173,226.19,0,0.5,0.0,0.0
78,177,226.19,0,0.5,0.0,0.0
79,181,226.19,0,0.5,0.0,0.0
80,184,223.77,0,0.5,0.0,0.0
81,188,223.77,0,0.5,0.0,0.0
82,192,223.77,0,0.5,0.0,0.0
83,196,223.77,0,0.5,0.0,0.0
84,200,223.77,0,0.5,0.0,0.0
85,204,223.77,0,0.5,0.0,0.0
86,208,223.77,0,0.5,0.0,0.0
87,211,223.77,0,0.5,0.0,0.0
88,215,223.77,0,0.5,0.0,0.0
89,219,223.77,0,0.5,0.0,0.0
90,223,221.29,0,0.5,0.0,0.0
91,227,221.29,0,0.5,0.0,0.0
92,231,221.29,0,0.5,0.0,0.0
93,235,221.29,0,0.5,0.0,0.0
94,239,221.29,0,0.5,0.0,0.0
95,243,221.29,0,0.5,0.0,0.0
96,247,221.29,0,0.5,0.0,0.0
97,251,221.29,0,0.5,0.0,0.0
98,255,221.29,0,0.5,0.0,0.0
99,259,221.29,0,0.5,0.0,0.0
100,263,218.67,0,0.5,0.0,0.0
101,267,218.67,0,0.5,0.0,0.0
102,271,218.67,0,0.5,0.0,0.0
103,275,218.67,0,0.5,0.0,0.0
104,279,218.67,0,0.5,0.0,0.0
105,283,218.67,0,0.5,0.0,0.0
106,287,218.67,0,0.5,0.0,0.0
107,291,218.67,0,0.5,0.0,0.0
108,295,218.67,0,0.5,0.0,0.0
109,299,218.67,0,0.5,0.0,0.0
110,303,216.05,0,0.5,0.0,0.0
111,307,216.05,0,0.5,0.0,0.0
112,311,216.05,0,0.5,0.0,0.0
113,315,216.05,0,0.5,0.0,0.0
114,319,216.05,0,0.5,0.0,0.0
115,323,216.05,0,0.5,0.0,0.0
116,327,216.05,0,0.5,0.0,0.0
117,331,216.05,0,0.5,0.0,0.0
118,335,216.05,0,0.5,0.0,0.0
119,339,216.05,0,0.5,0.0,0.0
120,343,213.37,0,0.5,0.0,0.0
121,347,213.37,0,0.5,0.0,0.0
122,352,213.37,0,0.5,0.0,0.0
123,356,213.37,0,0.5,0.0,0.0
124,360,213.37,0,0.5,0.0,0.0
125,365,213.37,0,0.5,0.0,0.0
126,369,213.37,0,0.5,0.0,0.0
127,373,213.37,0,0.5,0.0,0.0
128,377,213.37,0,0.5,0.0,0.0
129,381,213.37,0,0.5,0.0,0.0
130,385,210.68,0,0.5,0.0,0.0
131,389,210.68,0,0.5,0.0,0.0
132,393,210.68,0,0.5,0.0,0.0
133,398,210.68,0,0.5,0.0,0.0
134,402,210.68,0,0.5,0.0,0.0
135,406,210.68,0,0.5,0.0,0.0
136,410,210.68,0,0.5,0.0,0.0
137,414,210.68,0,0.5,0.0,0.0
138,418,210.68,0,0.5,0.0,0.0
139,422,210.68,0,0.5,0.0,0.0
140,426,207.93,0,0.5,0.0,0.0
141,430,207.93,0,0.5,0.0,0.0
142,435,207.93,0,0.5,0.0,0.0
143,439,207.93,0,0.5,0.0,0.0
144,443,207.93,0,0.5,0.0,0.0
145,447,207.93,0,0.5,0.0,0.0
146,451,207.93,0,0.5,0.0,0.0
147,455,207.93,0,0.5,0.0,0.0
148,459,207.93,0,0.5,0.0,0.0
149,465,207.93,0,0.5,0.0,0.0
150,469,205.19,0,0.5,0.0,0.0
151,473,205.19,0,0.5,0.0,0.0
152,477,205.19,0,0.5,0.0,0.0
153,481,205.19,0,0.5,0.0,0.0
154,485,205.19,0,0.5,0.0,0.0
155,490,205.19,0,0.5,0.0,0.0
156,494,205.19,0,0.5,0.0,0.0
157,498,205.19,0,0.5,0.0,0.0
158,502,205.19,0,0.5,0.0,0.0
159,506,205.19,0,0.5,0.0,0.0
160,510,202.5,0,0.5,0.0,0.0
161,514,202.5,0,0.5,0.0,0.0
162,520,202.5,0,0.5,0.0,0.0
163,524,202.5,0,0.5,0.0,0.0
164,528,202.5,0,0.5,0.0,0.0
165,532,202.5,0,0.5,0.0,0.0
166,536,202.5,0,0.5,0.0,0.0
167,540,202.5,0,0.5,0.0,0.0
168,545,202.5,0,0.5,0.0,0.0
169,549,202.5,0,0.5,0.0,0.0
170,553,199.69,0,0.5,0.0,0.0
171,557,199.69,0,0.5,0.0,0.0
172,562,199.69,0,0.5,0.0,0.0
173,566,199.69,0,0.5,0.0,0.0
174,571,199.69,0,0.5,0.0,0.0
175,576,199.69,0,0.5,0.0,0.0
176,580,199.69,0,0.5,0.0,0.0
177,584,199.69,0,0.5,0.0,0.0
178,588,199.69,0,0.5,0.0,0.0
179,592,199.69,0,0.5,0.0,0.0
180,597,196.81,0,0.5,0.0,0.0
181,601,196.81,0,0.5,0.0,0.0
182,605,196.81,0,0.5,0.0,0.0
183,609,196.81,0,0.5,0.0,0.0
184,613,196.81,0,0.5,0.0,0.0
185,617,196.81,0,0.5,0.0,0.0
186,621,196.81,0,0.5,0.0,0.0
187,626,196.81,0,0.5,0.0,0.0
188,630,196.81,0,0.5,0.0,0.0
189,634,196.81,0,0.5,0.0,0.0
190,638,194.12,0,0.5,0.0,0.0
191,642,194.12,0,0.5,0.0,0.0
192,647,194.12,0,0.5,0.0,0.0
193,651,194.12,0,0.5,0.0,0.0
194,655,194.12,0,0.5,0.0,0.0
195,660,194.12,0,0.5,0.0,0.0
196,664,194.12,0,0.5,0.0,0.0
197,668,194.12,0,0.5,0.0,0.0
198,673,194.12,0,0.5,0.0,0.0
199,677,194.12,0,0.5,0.0,0.0
200,681,191.31,0,0.5,0.0,0.0
201,685,191.31,0,0.5,0.0,0.0
202,689,191.31,0,0.5,0.0,0.0
203,693,191.31,0,0.5,0.0,0.0
204,697,191.31,0,0.5,0.0,0.0
205,702,191.31,0,0.5,0.0,0.0
206,706,191.31,0,0.5,0.0,0.0
207,710,191.31,0,0.5,0.0,0.0
208,715,191.31,0,0.5,0.0,0.0
209,719,191.31,0,0.5,0.0,0.0
210,723,188.5,0,0.5,0.0,0.0
211,728,188.5,0,0.5,0.0,0.0
212,732,188.5,0,0.5,0.0,0.0
213,736,188.5,0,0.5,0.0,0.0
214,740,188.5,0,0.5,0.0,0.0
215,744,188.5,0,0.5,0.0,0.0
216,749,188.5,0,0.5,0.0,0.0
217,753,188.5,0,0.5,0.0,0.0
218,758,188.5,0,0.5,0.0,0.0
219,762,188.5,0,0.5,0.0,0.0
220,766,185.75,0,0.5,0.0,0.0
221,770,185.75,0,0.5,0.0,0.0
222,774,185.75,0,0.5,0.0,0.0
223,779,185.75,0,0.5,0.0,0.0
224,783,185.75,0,0.5,0.0,0.0
225,787,185.75,0,0.5,0.0,0.0
226,791,185.75,0,0.5,0.0,0.0
227,795,185.75,0,0.5,0.0,0.0
228,800,185.75,0,0.5,0.0,0.0
229,807,185.75,0,0.5,0.0,0.0
230,811,182.8,0,0.5,0.0,0.0
231,815,182.8,0,0.5,0.0,0.0
232,819,182.8,0,0.5,0.0,0.0
233,823,182.8,0,0.5,0.0,0.0
234,828,182.8,0,0.5,0.0,0.0
235,832,182.8,0,0.5,0.0,0.0
236,836,182.8,0,0.5,0.0,0.0
237,840,182.8,0,0.5,0.0,0.0
238,844,182.8,0,0.5,0.0,0.0
239,849,182.8,0,0.5,0.0,0.0
240,853,180.05,0,0.5,0.0,0.0
241,857,180.05,0,0.5,0.0,0.0
242,861,180.05,0,0.5,0.0,0.0
243,865,180.05,0,0.5,0.0,0.0
244,870,180.05,0,0.5,0.0,0.0
245,874,180.05,0,0.5,0.0,0.0
246,878,180.05,0,0.5,0.0,0.0
247,882,180.05,0,0.5,0.0,0.0
248,886,180.05,0,0.5,0.0,0.0
249,890,180.05,0,0.5,0.0,0.0
250,895,177.3,0,0.5,0.0,0.0
251,899,177.3,0,0.5,0.0,0.0
252,903,177.3,0,0.5,0.0,0.0
253,907,177.3,0,0.5,0.0,0.0
254,912,177.3,0,0.5,0.0,0.0
255,916,177.3,0,0.5,0.0,0.0
256,921,177.3,0,0.5,0.0,0.0
257,925,177.3,0,0.5,0.0,0.0
258,929,177.3,0,0.5,0.0,0.0
259,933,177.3,0,0.5,0.0,0.0
260,937,174.55,0,0.5,0.0,0.0
261,942,174.55,0,0.5,0.0,0.0
262,946,174.55,0,0.5,0.0,0.0
263,950,174.55,0,0.5,0.0,0.0
264,955,174.55,0,0.5,0.0,0.0
265,959,174.55,0,0.5,0.0,0.0
266,964,174.55,0,0.5,0.0,0.0
267,969,174.55,0,0.5,0.0,0.0
268,973,174.55,0,0.5,0.0,0.0
269,977,174.55,0,0.5,0.0,0.0
270,981,171.67,0,0.5,0.0,0.0
271,985,171.67,0,0.5,0.0,0.0
272,990,171.67,0,0.5,0.0,0.0
273,994,171.67,0,0.5,0.0,0.0
274,998,171.67,0,0.5,0.0,0.0
275,1002,171.67,0,0.5,0.0,0.0
276,1006,171.67,0,0.5,0.0,0.0
277,1011,171.67,0,0.5,0.0,0.0
278,1015,171.67,0,0.5,0.0,0.0
279,1020,171.67,0,0.5,0.0,0.0
280,1024,168.86,0,0.5,0.0,0.0
281,1029,168.86,0,0.5,0.0,0.0
282,1033,168.86,0,0.5,0.0,0.0
283,1037,168.86,0,0.5,0.0,0.0
284,1042,168.86,0,0.5,0.0,0.0
285,1046,168.86,0,0.5,0.0,0.0
286,1050,168.86,0,0.5,0.0,0.0
287,1054,168.86,0,0.5,0.0,0.0
288,1058,168.86,0,0.5,0.0,0.0
289,1063,168.86,0,0.5,0.0,0.0
290,1068,165.98,0,0.5,0.0,0.0
291,1072,165.98,0,0.5,0.0,0.0
292,1076,165.98,0,0.5,0.0,0.0
293,1080,165.98,0,0.5,0.0,0.0
294,1084,165.98,0,0.5,0.0,0.0
295,1089,165.98,0,0.5,0.0,0.0
296,1093,165.98,0,0.5,0.0,0.0
297,1097,165.98,0,0.5,0.0,0.0
298,1101,165.98,0,0.5,0.0,0.0
299,1105,165.98,0,0.5,0.0,0.0
300,1110,163.3,0,0.5,0.0,0.0
301,1114,163.3,0,0.5,0.0,0.0
302,1119,163.3,0,0.5,0.0,0.0
303,1123,163.3,0,0.5,0.0,0.0
304,1127,163.3,0,0.5,0.0,0.0
305,1131,163.3,0,0.5,0.0,0.0
306,1136,163.3,0,0.5,0.0,0.0
307,1140,163.3,0,0.5,0.0,0.0
308,1144,163.3,0,0.5,0.0,0.0
309,1148,163.3,0,0.5,0.0,0.0
310,1153,160.48,0,0.5,0.0,0.0
311,1157,160.48,0,0.5,0.0,0.0
312,1163,160.48,0,0.5,0.0,0.0
313,1167,160.48,0,0.5,0.0,0.0
314,1171,160.48,0,0.5,0.0,0.0
315,1175,160.48,0,0.5,0.0,0.0
316,1180,160.48,0,0.5,0.0,0.0
317,1185,160.48,0,0.5,0.0,0.0
318,1189,160.48,0,0.5,0.0,0.0
319,1193,160.48,0,0.5,0.0,0.0
320,1197,157.54,0,0.5,0.0,0.0
321,1201,157.54,0,0.5,0.0,0.0
322,1205,157.54,0,0.5,0.0,0.0
323,1209,157.54,0,0.5,0.0,0.0
324,1214,157.54,0,0.5,0.0,0.0
325,1218,157.54,0,0.5,0.0,0.0
326,1222,157.54,0,0.5,0.0,0.0
327,1226,157.54,0,0.5,0.0,0.0
328,1230,157.54,0,0.5,0.0,0.0
329,1235,157.54,0,0.5,0.0,0.0
330,1239,154.79,0,0.5,0.0,0.0
331,1243,154.79,0,0.5,0.0,0.0
332,1247,154.79,0,0.5,0.0,0.0
333,1251,154.79,0,0.5,0.0,0.0
334,1255,154.79,0,0.5,0.0,0.0
335,1261,154.79,0,0.5,0.0,0.0
336,1265,154.79,0,0.5,0.0,0.0
337,1269,154.79,0,0.5,0.0,0.0
338,1273,154.79,0,0.5,0.0,0.0
339,1277,154.79,0,0.5,0.0,0.0
340,1282,151.97,0,0.5,0.0,0.0
341,1286,151.97,0,0.5,0.0,0.0
342,1290,151.97,0,0.5,0.0,0.0
343,1294,151.97,0,0.5,0.0,0.0
344,1298,151.97,0,0.5,0.0,0.0
345,1302,151.97,0,0.5,0.0,0.0
346,1307,151.97,0,0.5,0.0,0.0
347,1311,151.97,0,0.5,0.0,0.0
348,1315,151.97,0,0.5,0.0,0.0
349,1319,151.97,0,0.5,0.0,0.0
350,1323,149.23,0,0.5,0.0,0.0
351,1328,149.23,0,0.5,0.0,0.0
352,1332,149.23,0,0.5,0.0,0.0
353,1336,149.23,0,0.5,0.0,0.0
354,1340,149.23,0,0.5,0.0,0.0
355,1344,149.23,0,0.5,0.0,0.0
356,1348,149.23,0,0.5,0.0,0.0
357,1353,149.23,0,0.5,0.0,0.0
358,1357,149.23,0,0.5,0.0,0.0
359,1361,149.23,0,0.5,0.0,0.0
360,1365,146.54,0,0.5,0.0,0.0
361,1369,146.54,0,0.5,0.0,0.0
362,1374,146.54,0,0.5,0.0,0.0
363,1378,146.54,0,0.5,0.0,0.0
364,1382,146.54,0,0.5,0.0,0.0
365,1386,146.54,0,0.5,0.0,0.0
366,1390,146.54,0,0.5,0.0,0.0
367,1394,146.54,0,0.5,0.0,0.0
368,1399,146.54,0,0.5,0.0,0.0
369,1403,146.54,0,0.5,0.0,0.0
370,1407,143.79,0,0.5,0.0,0.0
371,1411,143.79,0,0.5,0.0,0.0
372,1415,143.79,0,0.5,0.0,0.0
373,1420,143.79,0,0.5,0.0,0.0
374,1424,143.79,0,0.5,0.0,0.0
375,1428,143.79,0,0.5,0.0,0.0
376,1432,143.79,0,0.5,0.0,0.0
377,1436,143.79,0,0.5,0.0,0.0
378,1440,143.79,0,0.5,0.0,0.0
379,1445,143.79,0,0.5,0.0,0.0
380,1449,141.04,0,0.5,0.0,0.0
381,1453,141.04,0,0.5,0.0,0.0
382,1457,141.04,0,0.5,0.0,0.0
383,1461,141.04,0,0.5,0.0,0.0
384,1466,141.04,0,0.5,0.0,0.0
385,1470,141.04,0,0.5,0.0,0.0
386,1474,141.04,0,0.5,0.0,0.0
387,1478,141.04,0,0.5,0.0,0.0
388,1482,141.04,0,0.5,0.0,0.0
389,1487,141.04,0,0.5,0.0,0.0
390,1491,138.3,0,0.5,0.0,0.0
391,1495,138.3,0,0.5,0.0,0.0
392,1499,138.3,0,0.5,0.0,0.0
393,1503,138.3,0,0.5,0.0,0.0
394,1507,138.3,0,0.5,0.0,0.0
395,1512,138.3,0,0.5,0.0,0.0
396,1516,138.3,0,0.5,0.0,0.0
397,1520,138.3,0,0.5,0.0,0.0
398,1524,138.3,0,0.5,0.0,0.0
399,1528,138.3,0,0.5,0.0,0.0
400,1533,135.55,0,0.5,0.0,0.0
401,1537,135.55,0,0.5,0.0,0.0
402,1541,135.55,0,0.5,0.0,0.0
403,1545,135.55,0,0.5,0.0,0.0
404,1549,135.55,0,0.5,0.0,0.0
405,1554,135.55,0,0.5,0.0,0.0
406,1558,135.55,0,0.5,0.0,0.0
407,1563,135.55,0,0.5,0.0,0.0
408,1567,135.55,0,0.5,0.0,0.0
409,1571,135.55,0,0.5,0.0,0.0
410,1575,132.73,0,0.5,0.0,0.0
411,1580,132.73,0,0.5,0.0,0.0
412,1584,132.73,0,0.5,0.0,0.0
413,1588,132.73,0,0.5,0.0,0.0
414,1592,132.73,0,0.5,0.0,0.0
415,1597,132.73,0,0.5,0.0,0.0
416,1601,132.73,0,0.5,0.0,0.0
417,1606,132.73,0,0.5,0.0,0.0
418,1610,132.73,0,0.5,0.0,0.0
419,1614,132.73,0,0.5,0.0,0.0
420,1618,129.92,0,0.5,0.0,0.0
421,1623,129.92,0,0.5,0.0,0.0
422,1627,129.92,0,0.5,0.0,0.0
423,1631,129.92,0,0.5,0.0,0.0
424,1635,129.92,0,0.5,0.0,0.0
425,1639,129.92,0,0.5,0.0,0.0
426,1643,129.92,0,0.5,0.0,0.0
427,1648,129.92,0,0.5,0.0,0.0
428,1652,129.92,0,0.5,0.0,0.0
429,1656,129.92,0,0.5,0.0,0.0
430,1660,127.23,0,0.5,0.0,0.0
431,1664,127.23,0,0.5,0.0,0.0
432,1669,127.23,0,0.5,0.0,0.0
433,1673,127.23,0,0.5,0.0,0.0
434,1677,127.23,0,0.5,0.0,0.0
435,1681,127.23,0,0.5,0.0,0.0
436,1685,127.23,0,0.5,0.0,0.0
437,1689,127.23,0,0.5,0.0,0.0
438,1694,127.23,0,0.5,0.0,0.0
439,1699,127.23,0,0.5,0.0,0.0
440,1703,124.42,0,0.5,0.0,0.0
441,1707,124.42,0,0.5,0.0,0.0
442,1711,124.42,0,0.5,0.0,0.0
443,1716,124.42,0,0.5,0.0,0.0
444,1720,124.42,0,0.5,0.0,0.0
445,1724,124.42,0,0.5,0.0,0.0
446,1728,124.42,0,0.5,0.0,0.0
447,1732,124.42,0,0.5,0.0,0.0
448,1736,124.42,0,0.5,0.0,0.0
449,1741,124.42,0,0.5,0.0,0.0
450,1746,121.61,0,0.5,0.0,0.0
451,1750,121.61,0,0.5,0.0,0.0
452,1754,121.61,0,0.5,0.0,0.0
453,1758,121.61,0,0.5,0.0,0.0
454,1762,121.61,0,0.5,0.0,0.0
455,1767,121.61,0,0.5,0.0,0.0
456,1771,121.61,0,0.5,0.0,0.0
457,1775,121.61,0,0.5,0.0,0.0
458,1779,121.61,0,0.5,0.0,0.0
459,1783,121.61,0,0.5,0.0,0.0
460,1787,118.86,0,0.5,0.0,0.0
461,1793,118.86,0,0.5,0.0,0.0
462,1797,118.86,0,0.5,0.0,0.0
463,1801,118.86,0,0.5,0.0,0.0
464,1805,118.86,0,0.5,0.0,0.0
465,1809,118.86,0,0.5,0.0,0.0
466,1814,118.86,0,0.5,0.0,0.0
467,1818,118.86,0,0.5,0.0,0.0
468,1822,118.86,0,0.5,0.0,0.0
469,1826,118.86,0,0.5,0.0,0.0
470,1830,116.11,0,0.5,0.0,0.0
471,1834,116.11,0,0.5,0.0,0.0
472,1840,116.11,0,0.5,0.0,0.0
473,1844,116.11,0,0.5,0.0,0.0
474,1848,116.11,0,0.5,0.0,0.0
475,1852,116.11,0,0.5,0.0,0.0
476,1856,116.11,0,0.5,0.0,0.0
477,1861,116.11,0,0.5,0.0,0.0
478,1865,116.11,0,0.5,0.0,0.0
479,1869,116.11,0,0.5,0.0,0.0
480,1873,113.29,0,0.5,0.0,0.0
481,1877,113.29,0,0.5,0.0,0.0
482,1881,113.29,0,0.5,0.0,0.0
483,1886,113.29,0,0.5,0.0,0.0
484,1890,113.29,0,0.5,0.0,0.0
485,1894,113.29,0,0.5,0.0,0.0
486,1898,113.29,0,0.5,0.0,0.0
487,1902,113.29,0,0.5,0.0,0.0
488,1907,113.29,0,0.5,0.0,0.0
489,1911,113.29,0,0.5,0.0,0.0
490,1915,110.54,0,0.5,0.0,0.0
491,1919,110.54,0,0.5,0.0,0.0
492,1923,110.54,0,0.5,0.0,0.0
493,1927,110.54,0,0.5,0.0,0.0
494,1932,110.54,0,0.5,0.0,0.0
495,1937,110.54,0,0.5,0.0,0.0
496,1941,110.54,0,0.5,0.0,0.0
497,1945,110.54,0,0.5,0.0,0.0
498,1949,110.54,0,0.5,0.0,0.0
499,1954,110.54,0,0.5,0.0,0.0
500,1958,107.73,0,0.5,0.0,0.0
501,1962,107.73,0,0.5,0.0,0.0
502,1966,107.73,0,0.5,0.0,0.0
503,1970,107.73,0,0.5,0.0,0.0
504,1975,107.73,0,0.5,0.0,0.0
505,1979,107.73,0,0.5,0.0,0.0
506,1983,107.73,0,0.5,0.0,0.0
507,1988,107.73,0,0.5,0.0,0.0
508,1992,107.73,0,0.5,0.0,0.0
509,1996,107.73,0,0.5,0.0,0.0
510,2001,104.92,0,0.5,0.0,0.0
511,2005,104.92,0,0.5,0.0,0.0
512,2009,104.92,0,0.5,0.0,0.0
513,2013,104.92,0,0.5,0.0,0.0
514,2017,104.92,0,0.5,0.0,0.0
515,2022,104.92,0,0.5,0.0,0.0
516,2026,104.92,0,0.5,0.0,0.0
517,2030,104.92,0,0.5,0.0,0.0
518,2034,104.92,0,0.5,0.0,0.0
519,2038,104.92,0,0.5,0.0,0.0
520,2042,102.23,0,0.5,0.0,0.0
521,2047,102.23,0,0.5,0.0,0.0
522,2051,102.23,0,0.5,0.0,0.0
523,2055,102.23,0,0.5,0.0,0.0
524,2059,102.23,0,0.5,0.0,0.0
525,2063,102.23,0,0.5,0.0,0.0
526,2068,102.23,0,0.5,0.0,0.0
527,2072,102.23,0,0.5,0.0,0.0
528,2076,102.23,0,0.5,0.0,0.0
529,2080,102.23,0,0.5,0.0,0.0
530,2085,99.48,0,0.5,0.0,0.0
531,2090,99.48,0,0.5,0.0,0.0
532,2094,99.48,0,0.5,0.0,0.0
533,2098,99.48,0,0.5,0.0,0.0
534,2102,99.48,0,0.5,0.0,0.0
535,2106,99.48,0,0.5,0.0,0.0
536,2110,99.48,0,0.5,0.0,0.0
537,2115,99.48,0,0.5,0.0,0.0
538,2119,99.48,0,0.5,0.0,0.0
539,2123,99.48,0,0.5,0.0,0.0
540,2127,96.67,0,0.5,0.0,0.0
541,2132,96.67,0,0.5,0.0,0.0
542,2136,96.67,0,0.5,0.0,0.0
543,2141,96.67,0,0.5,0.0,0.0
544,2145,96.67,0,0.5,0.0,0.0
545,2149,96.67,0,0.5,0.0,0.0
546,2153,96.67,0,0.5,0.0,0.0
547,2158,96.67,0,0.5,0.0,0.0
548,2162,96.67,0,0.5,0.0,0.0
549,2166,96.67,0,0.5,0.0,0.0
550,2170,93.86,0,0.5,0.0,0.0
551,2174,93.86,0,0.5,0.0,0.0
552,2178,93.86,0,0.5,0.0,0.0
553,2183,93.86,0,0.5,0.0,0.0
554,2187,93.86,0,0.5,0.0,0.0
555,2191,93.86,0,0.5,0.0,0.0
556,2195,93.86,0,0.5,0.0,0.0
557,2199,93.86,0,0.5,0.0,0.0
558,2204,93.86,0,0.5,0.0,0.0
559,2208,93.86,0,0.5,0.0,0.0
560,2212,91.11,0,0.5,0.0,0.0
561,2216,91.11,0,0.5,0.0,0.0
562,2220,91.11,0,0.5,0.0,0.0
563,2224,91.11,0,0.5,0.0,0.0
564,2229,91.11,0,0.5,0.0,0.0
565,2233,91.11,0,0.5,0.0,0.0
566,2237,91.11,0,0.5,0.0,0.0
567,2241,91.11,0,0.5,0.0,0.0
568,2245,91.11,0,0.5,0.0,0.0
569,2250,91.11,0,0.5,0.0,0.0
570,2254,88.36,0,0.5,0.0,0.0
571,2258,88.36,0,0.5,0.0,0.0
572,2262,88.36,0,0.5,0.0,0.0
573,2266,88.36,0,0.5,0.0,0.0
574,2270,88.36,0,0.5,0.0,0.0
575,2275,88.36,0,0.5,0.0,0.0
576,2279,88.36,0,0.5,0.0,0.0
577,2283,88.36,0,0.5,0.0,0.0
578,2287,88.36,0,0.5,0.0,0.0
579,2291,88.36,0,0.5,0.0,0.0
580,2296,85.61,0,0.5,0.0,0.0
581,2300,85.61,0,0.5,0.0,0.0
582,2304,85.61,0,0.5,0.0,0.0
583,2308,85.61,0,0.5,0.0,0.0
584,2312,85.61,0,0.5,0.0,0.0
585,2317,85.61,0,0.5,0.0,0.0
586,2321,85.61,0,0.5,0.0,0.0
587,2325,85.61,0,0.5,0.0,0.0
588,2329,85.61,0,0.5,0.0,0.0
589,2333,85.61,0,0.5,0.0,0.0
590,2338,82.86,0,0.5,0.0,0.0
591,2343,82.86,0,0.5,0.0,0.0
592,2347,82.86,0,0.5,0.0,0.0
593,2351,82.86,0,0.5,0.0,0.0
594,2355,82.86,0,0.5,0.0,0.0
595,2359,82.86,0,0.5,0.0,0.0
596,2364,82.86,0,0.5,0.0,0.0
597,2368,82.86,0,0.5,0.0,0.0
598,2372,82.86,0,0.5,0.0,0.0
599,2376,82.86,0,0.5,0.0,0.0
600,2380,80.11,0,0.5,0.0,0.0
601,2384,80.11,0,0.5,0.0,0.0
602,2389,80.11,0,0.5,0.0,0.0
603,2393,80.11,0,0.5,0.0,0.0
604,2397,80.11,0,0.5,0.0,0.0
605,2401,80.11,0,0.5,0.0,0.0
606,2406,80.11,0,0.5,0.0,0.0
607,2410,80.11,0,0.5,0.0,0.0
608,2414,80.11,0,0.5,0.0,0.0
609,2418,80.11,0,0.5,0.0,0.0
610,2422,77.36,0,0.5,0.0,0.0
611,2426,77.36,0,0.5,0.0,0.0
612,2431,77.36,0,0.5,0.0,0.0
613,2435,77.36,0,0.5,0.0,0.0
614,2439,77.36,0,0.5,0.0,0.0
615,2443,77.36,0,0.5,0.0,0.0
616,2447,77.36,0,0.5,0.0,0.0
617,2452,77.36,0,0.5,0.0,0.0
618,2456,77.36,0,0.5,0.0,0.0
619,2460,77.36,0,0.5,0.0,0.0
620,2465,74.61,0,0.5,0.0,0.0
621,2469,74.61,0,0.5,0.0,0.0
622,2473,74.61,0,0.5,0.0,0.0
623,2478,74.61,0,0.5,0.0,0.0
624,2482,74.61,0,0.5,0.0,0.0
625,2486,74.61,0,0.5,0.0,0.0
626,2490,74.61,0,0.5,0.0,0.0
627,2495,74.61,0,0.5,0.0,0.0
628,2499,74.61,0,0.5,0.0,0.0
629,2503,74.61,0,0.5,0.0,0.0
630,2507,71.8,0,0.5,0.0,0.0
631,2511,71.8,0,0.5,0.0,0.0
632,2515,71.8,0,0.5,0.0,0.0
633,2521,71.8,0,0.5,0.0,0.0
634,2525,71.8,0,0.5,0.0,0.0
635,2529,71.8,0,0.5,0.0,0.0
636,2533,71.8,0,0.5,0.0,0.0
637,2539,71.8,0,0.5,0.0,0.0
638,2543,71.8,0,0.5,0.0,0.0
639,2547,71.8,0,0.5,0.0,0.0
640,2551,68.92,0,0.5,0.0,0.0
641,2555,68.92,0,0.5,0.0,0.0
642,2559,68.92,0,0.5,0.0,0.0
643,2564,68.92,0,0.5,0.0,0.0
644,2569,68.92,0,0.5,0.0,0.0
645,2573,68.92,0,0.5,0.0,0.0
646,2577,68.92,0,0.5,0.0,0.0
647,2581,68.92,0,0.5,0.0,0.0
648,2586,68.92,0,0.5,0.0,0.0
649,2590,68.92,0,0.5,0.0,0.0
650,2594,66.1,0,0.5,0.0,0.0
651,2598,66.1,0,0.5,0.0,0.0
652,2602,66.1,0,0.5,0.0,0.0
653,2607,66.1,0,0.5,0.0,0.0
654,2610,66.1,0,0.5,0.0,0.0
655,2614,66.1,0,0.5,0.0,0.0
656,2619,66.1,0,0.5,0.0,0.0
657,2623,66.1,0,0.5,0.0,0.0
658,2627,66.1,0,0.5,0.0,0.0
659,2632,66.1,0,0.5,0.0,0.0
660,2636,63.36,0,0.5,0.0,0.0
661,2640,63.36,0,0.5,0.0,0.0
662,2644,63.36,0,0.5,0.0,0.0
663,2648,63.36,0,0.5,0.0,0.0
664,2653,63.36,0,0.5,0.0,0.0
665,2657,63.36,0,0.5,0.0,0.0
666,2661,63.36,0,0.5,0.0,0.0
667,2666,63.36,0,0.5,0.0,0.0
668,2670,63.36,0,0.5,0.0,0.0
669,2675,63.36,0,0.5,0.0,0.0
670,2679,60.54,0,0.5,0.0,0.0
671,2684,60.54,0,0.5,0.0,0.0
672,2688,60.54,0,0.5,0.0,0.0
673,2693,60.54,0,0.5,0.0,0.0
674,2697,60.54,0,0.5,0.0,0.0
675,2701,60.54,0,0.5,0.0,0.0
676,2705,60.54,0,0.5,0.0,0.0
677,2710,60.54,0,0.5,0.0,0.0
678,2714,60.54,0,0.5,0.0,0.0
679,2720,60.54,0,0.5,0.0,0.0
680,2724,57.6,0,0.5,0.0,0.0
681,2728,57.6,0,0.5,0.0,0.0
682,2732,57.6,0,0.5,0.0,0.0
683,2737,57.6,0,0.5,0.0,0.0
684,2742,57.6,0,0.5,0.0,0.0
685,2746,57.6,0,0.5,0.0,0.0
686,2750,57.6,0,0.5,0.0,0.0
687,2754,57.6,0,0.5,0.0,0.0
688,2758,57.6,0,0.5,0.0,0.0
689,2762,57.6,0,0.5,0.0,0.0
690,2768,54.78,0,0.5,0.0,0.0
691,2772,54.78,0,0.5,0.0,0.0
692,2776,54.78,0,0.5,0.0,0.0
693,2780,54.78,0,0.5,0.0,0.0
694,2785,54.78,0,0.5,0.0,0.0
695,2789,54.78,0,0.5,0.0,0.0
696,2793,54.78,0,0.5,0.0,0.0
697,2797,54.78,0,0.5,0.0,0.0
698,2801,54.78,0,0.5,0.0,0.0
699,2805,54.78,0,0.5,0.0,0.0
700,2810,51.97,0,0.5,0.0,0.0
701,2814,51.97,0,0.5,0.0,0.0
702,2819,51.97,0,0.5,0.0,0.0
703,2823,51.97,0,0.5,0.0,0.0
704,2827,51.97,0,0.5,0.0,0.0
705,2833,51.97,0,0.5,0.0,0.0
706,2837,51.97,0,0.5,0.0,0.0
707,2841,51.97,0,0.5,0.0,0.0
708,2845,51.97,0,0.5,0.0,0.0
709,2850,51.97,0,0.5,0.0,0.0
710,2854,49.09,0,0.5,0.0,0.0
711,2858,49.09,0,0.5,0.0,0.0
712,2862,49.09,0,0.5,0.0,0.0
713,2866,49.09,0,0.5,0.0,0.0
714,2870,49.09,0,0.5,0.0,0.0
715,2875,49.09,0,0.5,0.0,0.0
716,2879,49.09,0,0.5,0.0,0.0
717,2883,49.09,0,0.5,0.0,0.0
718,2887,49.09,0,0.5,0.0,0.0
719,2892,49.09,0,0.5,0.0,0.0
720,2896,46.34,0,0.5,0.0,0.0
721,2900,46.34,0,0.5,0.0,0.0
722,2904,46.34,0,0.5,0.0,0.0
723,2908,46.34,0,0.5,0.0,0.0
724,2912,46.34,0,0.5,0.0,0.0
725,2917,46.34,0,0.5,0.0,0.0
726,2921,46.34,0,0.5,0.0,0.0
727,2925,46.34,0,0.5,0.0,0.0
728,2929,46.34,0,0.5,0.0,0.0
729,2933,46.34,0,0.5,0.0,0.0
730,2938,43.59,0,0.5,0.0,0.0
731,2942,43.59,0,0.5,0.0,0.0
732,2946,43.59,0,0.5,0.0,0.0
733,2950,43.59,0,0.5,0.0,0.0
734,2955,43.59,0,0.5,0.0,0.0
735,2959,43.59,0,0.5,0.0,0.0
736,2964,43.59,0,0.5,0.0,0.0
737,2968,43.59,0,0.5,0.0,0.0
738,2972,43.59,0,0.5,0.0,0.0
739,2976,43.59,0,0.5,0.0,0.0
740,2981,40.78,0,0.5,0.0,0.0
741,2985,40.78,0,0.5,0.0,0.0
742,2989,40.78,0,0.5,0.0,0.0
743,2993,40.78,0,0.5,0.0,0.0
744,2997,40.78,0,0.5,0.0,0.0
745,3001,40.78,0,0.5,0.0,0.0
746,3006,40.78,0,0.5,0.0,0.0
747,3010,40.78,0,0.5,0.0,0.0
748,3014,40.78,0,0.5,0.0,0.0
749,3018,40.78,0,0.5,0.0,0.0
750,3022,38.09,0,0.5,0.0,0.0
751,3027,38.09,0,0.5,0.0,0.0
752,3031,38.09,0,0.5,0.0,0.0
753,3035,38.09,0,0.5,0.0,0.0
754,3039,38.09,0,0.5,0.0,0.0
755,3043,38.09,0,0.5,0.0,0.0
756,3048,38.09,0,0.5,0.0,0.0
757,3052,38.09,0,0.5,0.0,0.0
758,3056,38.09,0,0.5,0.0,0.0
759,3061,38.09,0,0.5,0.0,0.0
760,3065,35.28,0,0.5,0.0,0.0
761,3070,35.28,0,0.5,0.0,0.0
762,3074,35.28,0,0.5,0.0,0.0
763,3078,35.28,0,0.5,0.0,0.0
764,3082,35.28,0,0.5,0.0,0.0
765,3086,35.28,0,0.5,0.0,0.0
766,3091,35.28,0,0.5,0.0,0.0
767,3095,35.28,0,0.5,0.0,0.0
768,3099,35.28,0,0.5,0.0,0.0
769,3103,35.28,0,0.5,0.0,0.0
770,3107,32.53,0,0.5,0.0,0.0
771,3111,32.53,0,0.5,0.0,0.0
772,3116,32.53,0,0.5,0.0,0.0
773,3120,32.53,0,0.5,0.0,0.0
774,3125,32.53,0,0.5,0.0,0.0
775,3129,32.53,0,0.5,0.0,0.0
776,3134,32.53,0,0.5,0.0,0.0
777,3138,32.53,0,0.5,0.0,0.0
778,3142,32.53,0,0.5,0.0,0.0
779,3146,32.53,0,0.5,0.0,0.0
780,3151,29.71,0,0.5,0.0,0.0
781,3155,29.71,0,0.5,0.0,0.0
782,3160,29.71,0,0.5,0.0,0.0
783,3164,29.71,0,0.5,0.0,0.0
784,3168,29.71,0,0.5,0.0,0.0
785,3172,29.71,0,0.5,0.0,0.0
786,3177,29.71,0,0.5,0.0,0.0
787,3181,29.71,0,0.5,0.0,0.0
788,3185,29.71,0,0.5,0.0,0.0
789,3189,29.71,0,0.5,0.0,0.0
790,3193,26.9,0,0.5,0.0,0.0
791,3197,26.9,0,0.5,0.0,0.0
792,3202,26.9,0,0.5,0.0,0.0
793,3206,26.9,0,0.5,0.0,0.0
794,3210,26.9,0,0.5,0.0,0.0
795,3214,26.9,0,0.5,0.0,0.0
796,3218,26.9,0,0.5,0.0,0.0
797,3223,26.9,0,0.5,0.0,0.0
798,3227,26.9,0,0.5,0.0,0.0
799,3231,26.9,0,0.5,0.0,0.0
800,3235,24.15,0,0.5,0.0,0.0
801,3239,24.15,0,0.5,0.0,0.0
802,3244,24.15,0,0.5,0.0,0.0
803,3248,24.15,0,0.5,0.0,0.0
804,3252,24.15,0,0.5,0.0,0.0
805,3257,24.15,0,0.5,0.0,0.0
806,3261,24.15,0,0.5,0.0,0.0
807,3265,24.15,0,0.5,0.0,0.0
808,3271,24.15,0,0.5,0.0,0.0
809,3275,24.15,0,0.5,0.0,0.0
810,3279,21.27,0,0.5,0.0,0.0
811,3283,21.27,0,0.5,0.0,0.0
812,3288,21.27,0,0.5,0.0,0.0
813,3292,21.27,0,0.5,0.0,0.0
814,3296,21.27,0,0.5,0.0,0.0
815,3300,21.27,0,0.5,0.0,0.0
816,3304,21.27,0,0.5,0.0,0.0
817,3308,21.27,0,0.5,0.0,0.0
818,3313,21.27,0,0.5,0.0,0.0
819,3317,21.27,0,0.5,0.0,0.0
820,3321,18.52,0,0.5,0.0,0.0
821,3325,18.52,0,0.5,0.0,0.0
822,3330,18.52,0,0.5,0.0,0.0
823,3334,18.52,0,0.5,0.0,0.0
824,3338,18.52,0,0.5,0.0,0.0
825,3342,18.52,0,0.5,0.0,0.0
826,3347,18.52,0,0.5,0.0,0.0
827,3352,18.52,0,0.5,0.0,0.0
828,3357,18.52,0,0.5,0.0,0.0
829,3361,18.52,0,0.5,0.0,0.0
830,3365,15.64,0,0.5,0.0,0.0
831,3369,15.64,0,0.5,0.0,0.0
832,3374,15.64,0,0.5,0.0,0.0
833,3378,15.64,0,0.5,0.0,0.0
834,3382,15.64,0,0.5,0.0,0.0
835,3386,15.64,0,0.5,0.0,0.0
836,3390,15.64,0,0.5,0.0,0.0
837,3394,15.64,0,0.5,0.0,0.0
838,3399,15.64,0,0.5,0.0,0.0
839,3403,15.64,0,0.5,0.0,0.0
840,3407,12.89,0,0.5,0.0,0.0
841,3411,12.89,0,0.5,0.0,0.0
842,3416,12.89,0,0.5,0.0,0.0
843,3421,12.89,0,0.5,0.0,0.0
844,3425,12.89,0,0.5,0.0,0.0
845,3429,12.89,0,0.5,0.0,0.0
846,3433,12.89,0,0.5,0.0,0.0
847,3437,12.89,0,0.5,0.0,0.0
848,3442,12.89,0,0.5,0.0,0.0
849,3446,12.89,0,0.5,0.0,0.0
850,3450,10.08,0,0.5,0.0,0.0
851,3454,10.08,0,0.5,0.0,0.0
852,3458,10.08,0,0.5,0.0,0.0
853,3463,10.08,0,0.5,0.0,0.0
854,3467,10.08,0,0.5,0.0,0.0
855,3471,10.08,0,0.5,0.0,0.0
856,3475,10.08,0,0.5,0.0,0.0
857,3479,10.08,0,0.5,0.0,0.0
858,3483,10.08,0,0.5,0.0,0.0
859,3487,10.08,0,0.5,0.0,0.0
860,3491,7.4,0,0.5,0.0,0.0
861,3495,7.4,0,0.5,0.0,0.0
862,3499,7.4,0,0.5,0.0,0.0
863,3503,7.4,0,0.5,0.0,0.0
864,3507,7.4,0,0.5,0.0,0.0
865,3511,7.4,0,0.5,0.0,0.0
866,3515,7.4,0,0.5,0.0,0.0
867,3518,7.4,0,0.5,0.0,0.0
868,3522,7.4,0,0.5,0.0,0.0
869,3526,7.4,0,0.5,0.0,0.0
870,3529,4.84,0,0.5,0.0,0.0
871,3533,4.84,0,0.5,0.0,0.0
872,3537,4.84,0,0.5,0.0,0.0
873,3540,4.84,0,0.5,0.0,0.0
874,3543,4.84,0,0.5,0.0,0.0
875,3547,4.84,0,0.5,0.0,0.0
876,3550,4.84,0,0.5,0.0,0.0
877,3554,4.84,0,0.5,0.0,0.0
878,3557,4.84,0,0.5,0.0,0.0
879,3560,4.84,0,0.5,0.0,0.0
880,3563,2.62,0,0.5,0.0,0.0
881,3566,2.62,0,0.5,0.0,0.0
882,3569,2.62,0,0.5,0.0,0.0
883,3572,2.62,0,0.5,0.0,0.0
884,3575,2.62,0,0.5,0.0,0.0
885,3578,2.62,0,0.5,0.0,0.0
886,3581,2.62,0,0.5,0.0,0.0
887,3583,2.62,0,0.5,0.0,0.0
888,3586,2.62,0,0.5,0.0,0.0
889,3589,2.62,0,0.5,0.0,0.0
890,3591,0.72,0,0.5,0.0,0.0
891,3594,0.72,0,0.5,0.0,0.0
892,3596,0.72,0,0.5,0.0,0.0
893,3598,0.72,0,0.5,0.0,0.0
894,3601,0.72,0,0.5,0.0,0.0
895,3603,0.72,0,0.5,0.0,0.0
896,3605,0.72,0,0.5,0.0,0.0
897,3607,0.72,0,0.5,0.0,0.0
898,3609,0.72,0,0.5,0.0,0.0
899,3611,0.72,0,0.5,0.0,0.0
900,3613,-0.72,0,0.5,0.0,0.0
901,3614,-0.72,0,0.5,0.0,0.0
902,3616,-0.72,0,0.5,0.0,0.0
903,3618,-0.72,0,0.5,0.0,0.0
904,3619,-0.72,0,0.5,0.0,0.0
905,3621,-0.72,0,0.5,0.0,0.0
906,3622,-0.72,0,0.5,0.0,0.0
907,3624,-0.72,0,0.5,0.0,0.0
908,3625,-0.72,0,0.5,0.0,0.0
909,3626,-0.72,0,0.5,0.0,0.0
910,3627,-1.7,0,0.5,0.0,0.0
911,3628,-1.7,0,0.5,0.0,0.0
912,3630,-1.7,0,0.5,0.0,0.0
913,3631,-1.7,0,0.5,0.0,0.0
914,3631,-1.7,0,0.5,0.0,0.0
915,3632,-1.7,0,0.5,0.0,0.0
916,3633,-1.7,0,0.5,0.0,0.0
917,3634,-1.7,0,0.5,0.0,0.0
918,3634,-1.7,0,0.5,0.0,0.0
919,3635,-1.7,0,0.5,0.0,0.0
920,3636,-2.29,0,0.5,0.0,0.0
921,3636,-2.29,0,0.5,0.0,0.0
922,3637,-2.29,0,0.5,0.0,0.0
923,3637,-2.29,0,0.5,0.0,0.0
924,3637,-2.29,0,0.5,0.0,0.0
925,3638,-2.29,0,0.5,0.0,0.0
926,3638,-2.29,0,0.5,0.0,0.0
927,3638,-2.29,0,0.5,0.0,0.0
928,3638,-2.29,0,0.5,0.0,0.0
929,3638,-2.29,0,0.5,0.0,0.0
930,3638,-2.49,0,0.5,0.0,0.0
931,3638,-2.49,0,0.5,0.0,0.0
932,3638,-2.49,0,0.5,0.0,0.0
933,3638,-2.49,0,0.5,0.0,0.0
934,3638,-2.49,0,0.5,0.0,0.0
935,3638,-2.49,0,0.5,0.0,0.0
936,3638,-2.49,0,0.5,0.0,0.0
937,3638,-2.49,0,0.5,0.0,0.0
938,3638,-2.49,0,0.5,0.0,0.0
939,3637,-2.49,0,0.5,0.0,0.0
940,3637,-2.42,0,0.5,0.0,0.0
941,3637,-2.42,0,0.5,0.0,0.0
942,3636,-2.42,0,0.5,0.0,0.0
943,3636,-2.42,0,0.5,0.0,0.0
944,3636,-2.42,0,0.5,0.0,0.0
945,3635,-2.42,0,0.5,0.0,0.0
946,3635,-2.42,0,0.5,0.0,0.0
947,3634,-2.42,0,0.5,0.0,0.0
948,3634,-2.42,0,0.5,0.0,0.0
949,3634,-2.42,0,0.5,0.0,0.0
950,3633,-2.16,0,0.5,0.0,0.0
951,3633,-2.16,0,0.5,0.0,0.0
952,3632,-2.16,0,0.5,0.0,0.0
953,3632,-2.16,0,0.5,0.0,0.0
954,3631,-2.16,0,0.5,0.0,0.0
955,3631,-2.16,0,0.5,0.0,0.0
956,3630,-2.16,0,0.5,0.0,0.0
957,3630,-2.16,0,0.5,0.0,0.0
958,3629,-2.16,0,0.5,0.0,0.0
959,3628,-2.16,0,0.5,0.0,0.0
960,3628,-1.83,0,0.5,0.0,0.0
961,3627,-1.83,0,0.5,0.0,0.0
962,3627,-1.83,0,0.5,0.0,0.0
963,3626,-1.83,0,0.5,0.0,0.0
964,3626,-1.83,0,0.5,0.0,0.0
965,3625,-1.83,0,0.5,0.0,0.0
966,3625,-1.83,0,0.5,0.0,0.0
967,3624,-1.83,0,0.5,0.0,0.0
968,3624,-1.83,0,0.5,0.0,0.0
969,3623,-1.83,0,0.5,0.0,0.0
970,3622,-1.51,0,0.5,0.0,0.0
971,3622,-1.51,0,0.5,0.0,0.0
972,3621,-1.51,0,0.5,0.0,0.0
973,3621,-1.51,0,0.5,0.0,0.0
974,3620,-1.51,0,0.5,0.0,0.0
975,3620,-1.51,0,0.5,0.0,0.0
976,3619,-1.51,0,0.5,0.0,0.0
977,3619,-1.51,0,0.5,0.0,0.0
978,3618,-1.51,0,0.5,0.0,0.0
979,3618,-1.51,0,0.5,0.0,0.0
980,3617,-1.18,0,0.5,0.0,0.0
981,3617,-1.18,0,0.5,0.0,0.0
982,3616,-1.18,0,0.5,0.0,0.0
983,3615,-1.18,0,0.5,0.0,0.0
984,3615,-1.18,0,0.5,0.0,0.0
985,3614,-1.18,0,0.5,0.0,0.0
986,3614,-1.18,0,0.5,0.0,0.0
987,3614,-1.18,0,0.5,0.0,0.0
988,3613,-1.18,0,0.5,0.0,0.0
989,3613,-1.18,0,0.5,0.0,0.0
990,3612,-0.85,0,0.5,0.0,0.0
991,3612,-0.85,0,0.5,0.0,0.0
992,3611,-0.85,0,0.5,0.0,0.0
993,3611,-0.85,0,0.5,0.0,0.0
994,3610,-0.85,0,0.5,0.0,0.0
995,3610,-0.85,0,0.5,0.0,0.0
996,3610,-0.85,0,0.5,0.0,0.0
997,3609,-0.85,0,0.5,0.0,0.0
998,3609,-0.85,0,0.5,0.0,0.0
999,3608,-0.85,0,0.5,0.0,0.0
1000,3608,-0.52,0,0.5,0.0,0.0
1001,3608,-0.52,0,0.5,0.0,0.0
1002,3607,-0.52,0,0.5,0.0,0.0
1003,3607,-0.52,0,0.5,0.0,0.0
1004,3606,-0.52,0,0.5,0.0,0.0
1005,3606,-0.52,0,0.5,0.0,0.0
1006,3606,-0.52,0,0.5,0.0,0.0
1007,3605,-0.52,0,0.5,0.0,0.0
1008,3605,-0.52,0,0.5,0.0,0.0
1009,3605,-0.52,0,0.5,0.0,0.0
1010,3605,-0.33,0,0.5,0.0,0.0
1011,3604,-0.33,0,0.5,0.0,0.0
1012,3604,-0.33,0,0.5,0.0,0.0
1013,3604,-0.33,0,0.5,0.0,0.0
1014,3604,-0.33,0,0.5,0.0,0.0
1015,3604,-0.33,0,0.5,0.0,0.0
1016,3603,-0.33,0,0.5,0.0,0.0
1017,3603,-0.33,0,0.5,0.0,0.0
1018,3603,-0.33,0,0.5,0.0,0.0
1019,3603,-0.33,0,0.5,0.0,0.0
1020,3603,-0.2,0,0.5,0.0,0.0
1021,3602,-0.2,0,0.5,0.0,0.0
1022,3602,-0.2,0,0.5,0.0,0.0
1023,3602,-0.2,0,0.5,0.0,0.0
1024,3602,-0.2,0,0.5,0.0,0.0
1025,3602,-0.2,0,0.5,0.0,0.0
1026,3602,-0.2,0,0.5,0.0,0.0
1027,3602,-0.2,0,0.5,0.0,0.0
1028,3601,-0.2,0,0.5,0.0,0.0
1029,3601,-0.2,0,0.5,0.0,0.0
1030,3601,-0.07,0,0.5,0.0,0.0
1031,3601,-0.07,0,0.5,0.0,0.0
1032,3601,-0.07,0,0.5,0.0,0.0
1033,3601,-0.07,0,0.5,0.0,0.0
1034,3601,-0.07,0,0.5,0.0,0.0
1035,3601,-0.07,0,0.5,0.0,0.0
1036,3601,-0.07,0,0.5,0.0,0.0
1037,3600,-0.07,0,0.5,0.0,0.0
1038,3600,-0.07,0,0.5,0.0,0.0
1039,3600,-0.07,0,0.5,0.0,0.0
1040,3600,0.0,0,0.5,0.0,0.0
1041,3600,0.0,0,0.5,0.0,0.0
1042,3600,0.0,0,0.5,0.0,0.0
1043,3600,0.0,0,0.5,0.0,0.0
1044,3600,0.0,0,0.5,0.0,0.0
1045,3600,0.0,0,0.5,0.0,0.0
1046,3600,0.0,0,0.5,0.0,0.0
1047,3600,0.0,0,0.5,0.0,0.0
1048,3600,0.0,0,0.5,0.0,0.0
1049,3600,0.0,0,0.5,0.0,0.0
1050,3600,0.0,0,0.5,0.0,0.0
1051,3600,0.0,0,0.5,0.0,0.0
1052,3600,0.0,0,0.5,0.0,0.0
1053,3600,0.0,0,0.5,0.0,0.0
1054,3600,0.0,0,0.5,0.0,0.0
1055,3600,0.0,0,0.5,0.0,0.0
1056,3600,0.0,0,0.5,0.0,0.0
1057,3600,0.0,0,0.5,0.0,0.0
1058,3601,0.0,0,0.5,0.0,0.0
1059,3601,0.0,0,0.5,0.0,0.0
1060,3601,-0.07,0,0.5,0.0,0.0
1061,3601,-0.07,0,0.5,0.0,0.0
1062,3601,-0.07,0,0.5,0.0,0.0
1063,3601,-0.07,0,0.5,0.0,0.0
1064,3601,-0.07,0,0.5,0.0,0.0
1065,3601,-0.07,0,0.5,0.0,0.0
1066,3601,-0.07,0,0.5,0.0,0.0
1067,3601,-0.07,0,0.5,0.0,0.0
1068,3601,-0.07,0,0.5,0.0,0.0
1069,3601,-0.07,0,0.5,0.0,0.0
1070,3601,-0.07,0,0.5,0.0,0.0
1071,3601,-0.07,0,0.5,0.0,0.0
1072,3601,-0.07,0,0.5,0.0,0.0
1073,3601,-0.07,0,0.5,0.0,0.0
1074,3601,-0.07,0,0.5,0.0,0.0
1075,3601,-0.07,0,0.5,0.0,0.0
1076,3601,-0.07,0,0.5,0.0,0.0
1077,3601,-0.07,0,0.5,0.0,0.0
1078,3601,-0.07,0,0.5,0.0,0.0
1079,3601,-0.07,0,0.5,0.0,0.0
1080,3601,-0.07,0,0.5,0.0,0.0
1081,3601,-0.07,0,0.5,0.0,0.0
1082,3601,-0.07,0,0.5,0.0,0.0
1083,3601,-0.07,0,0.5,0.0,0.0
1084,3601,-0.07,0,0.5,0.0,0.0
1085,3601,-0.07,0,0.5,0.0,0.0
1086,3601,-0.07,0,0.5,0.0,0.0
1087,3601,-0.07,0,0.5,0.0,0.0
1088,3601,-0.07,0,0.5,0.0,0.0
1089,3601,-0.07,0,0.5,0.0,0.0
1090,3601,-0.07,0,0.5,0.0,0.0
1091,3601,-0.07,0,0.5,0.0,0.0
1092,3601,-0.07,0,0.5,0.0,0.0
1093,3601,-0.07,0,0.5,0.0,0.0
1094,3601,-0.07,0,0.5,0.0,0.0
1095,3601,-0.07,0,0.5,0.0,0.0
1096,3601,-0.07,0,0.5,0.0,0.0
1097,3601,-0.07,0,0.5,0.0,0.0
1098,3601,-0.07,0,0.5,0.0,0.0
1099,3601,-0.07,0,0.5,0.0,0.0
1100,3601,-0.07,0,0.5,0.0,0.0
1101,3601,-0.07,0,0.5,0.0,0.0
1102,3601,-0.07,0,0.5,0.0,0.0
1103,3601,-0.07,0,0.5,0.0,0.0
1104,3601,-0.07,0,0.5,0.0,0.0
1105,3601,-0.07,0,0.5,0.0,0.0
1106,3601,-0.07,0,0.5,0.0,0.0
1107,3601,-0.07,0,0.5,0.0,0.0
1108,3601,-0.07,0,0.5,0.0,0.0
1109,3601,-0.07,0,0.5,0.0,0.0
1110,3601,-0.07,0,0.5,0.0,0.0
1111,3601,-0.07,0,0.5,0.0,0.0
1112,3601,-0.07,0,0.5,0.0,0.0
1113,3601,-0.07,0,0.5,0.0,0.0
1114,3601,-0.07,0,0.5,0.0,0.0
1115,3601,-0.07,0,0.5,0.0,0.0
1116,3601,-0.07,0,0.5,0.0,0.0
1117,3601,-0.07,0,0.5,0.0,0.0
1118,3601,-0.07,0,0.5,0.0,0.0
1119,3601,-0.07,0,0.5,0.0,0.0
1120,3601,-0.07,0,0.5,0.0,0.0
1121,3601,-0.07,0,0.5,0.0,0.0
1122,3601,-0.07,0,0.5,0.0,0.0
1123,3601,-0.07,0,0.5,0.0,0.0
1124,3601,-0.07,0,0.5,0.0,0.0
1125,3601,-0.07,0,0.5,0.0,0.0
1126,3601,-0.07,0,0.5,0.0,0.0
1127,3601,-0.07,0,0.5,0.0,0.0
1128,3601,-0.07,0,0.5,0.0,0.0
1129,3601,-0.07,0,0.5,0.0,0.0
1130,3601,-0.07,0,0.5,0.0,0.0
1131,3601,-0.07,0,0.5,0.0,0.0
1132,3601,-0.07,0,0.5,0.0,0.0
1133,3601,-0.07,0,0.5,0.0,0.0
1134,3601,-0.07,0,0.5,0.0,0.0
1135,3601,-0.07,0,0.5,0.0,0.0
1136,3601,-0.07,0,0.5,0.0,0.0
1137,3601,-0.07,0,0.5,0.0,0.0
1138,3601,-0.07,0,0.5,0.0,0.0
1139,3601,-0.07,0,0.5,0.0,0.0
1140,3601,-0.07,0,0.5,0.0,0.0
1141,3601,-0.07,0,0.5,0.0,0.0
1142,3601,-0.07,0,0.5,0.0,0.0
1143,3601,-0.07,0,0.5,0.0,0.0
1144,3601,-0.07,0,0.5,0.0,0.0
1145,3601,-0.07,0,0.5,0.0,0.0
1146,3601,-0.07,0,0.5,0.0,0.0
1147,3601,-0.07,0,0.5,0.0,0.0
1148,3601,-0.07,0,0.5,0.0,0.0
1149,3601,-0.07,0,0.5,0.0,0.0
1150,3601,-0.07,0,0.5,0.0,0.0
1151,3601,-0.07,0,0.5,0.0,0.0
1152,3601,-0.07,0,0.5,0.0,0.0
1153,3601,-0.07,0,0.5,0.0,0.0
1154,3601,-0.07,0,0.5,0.0,0.0
1155,3601,-0.07,0,0.5,0.0,0.0
1156,3601,-0.07,0,0.5,0.0,0.0
1157,3601,-0.07,0,0.5,0.0,0.0
1158,3601,-0.07,0,0.5,0.0,0.0
1159,3601,-0.07,0,0.5,0.0,0.0
1160,3601,-0.07,0,0.5,0.0,0.0
1161,3601,-0.07,0,0.5,0.0,0.0
1162,3601,-0.07,0,0.5,0.0,0.0
1163,3601,-0.07,0,0.5,0.0,0.0
1164,3601,-0.07,0,0.5,0.0,0.0
1165,3601,-0.07,0,0.5,0.0,0.0
1166,3601,-0.07,0,0.5,0.0,0.0
1167,3601,-0.07,0,0.5,0.0,0.0
1168,3601,-0.07,0,0.5,0.0,0.0
1169,3601,-0.07,0,0.5,0.0,0.0
1170,3601,-0.07,0,0.5,0.0,0.0
1171,3601,-0.07,0,0.5,0.0,0.0
1172,3601,-0.07,0,0.5,0.0,0.0
1173,3601,-0.07,0,0.5,0.0,0.0
1174,3601,-0.07,0,0.5,0.0,0.0
1175,3601,-0.07,0,0.5,0.0,0.0
1176,3601,-0.07,0,0.5,0.0,0.0
1177,3601,-0.07,0,0.5,0.0,0.0
1178,3601,-0.07,0,0.5,0.0,0.0
1179,3601,-0.07,0,0.5,0.0,0.0
1180,3601,-0.07,0,0.5,0.0,0.0
1181,3601,-0.07,0,0.5,0.0,0.0
1182,3601,-0.07,0,0.5,0.0,0.0
1183,3601,-0.07,0,0.5,0.0,0.0
1184,3601,-0.07,0,0.5,0.0,0.0
1185,3601,-0.07,0,0.5,0.0,0.0
1186,3601,-0.07,0,0.5,0.0,0.0
1187,3601,-0.07,0,0.5,0.0,0.0
1188,3601,-0.07,0,0.5,0.0,0.0
1189,3601,-0.07,0,0.5,0.0,0.0
1190,3601,-0.07,0,0.5,0.0,0.0
1191,3601,-0.07,0,0.5,0.0,0.0
1192,3601,-0.07,0,0.5,0.0,0.0
1193,3601,-0.07,0,0.5,0.0,0.0
1194,3601,-0.07,0,0.5,0.0,0.0
1195,3601,-0.07,0,0.5,0.0,0.0
1196,3601,-0.07,0,0.5,0.0,0.0
1197,3601,-0.07,0,0.5,0.0,0.0
1198,3601,-0.07,0,0.5,0.0,0.0
1199,3601,-0.07,0,0.5,0.0,0.0
1200,3601,-0.07,0,0.5,0.0,0.0
1201,3601,-0.07,0,0.5,0.0,0.0
1202,3601,-0.07,0,0.5,0.0,0.0
1203,3601,-0.07,0,0.5,0.0,0.0
1204,3601,-0.07,0,0.5,0.0,0.0
1205,3601,-0.07,0,0.5,0.0,0.0
1206,3601,-0.07,0,0.5,0.0,0.0
1207,3601,-0.07,0,0.5,0.0,0.0
1208,3601,-0.07,0,0.5,0.0,0.0
1209,3601,-0.07,0,0.5,0.0,0.0
1210,3601,-0.07,0,0.5,0.0,0.0
1211,3601,-0.07,0,0.5,0.0,0.0
1212,3601,-0.07,0,0.5,0.0,0.0
1213,3601,-0.07,0,0.5,0.0,0.0
1214,3601,-0.07,0,0.5,0.0,0.0
1215,3601,-0.07,0,0.5,0.0,0.0
1216,3601,-0.07,0,0.5,0.0,0.0
1217,3601,-0.07,0,0.5,0.0,0.0
1218,3601,-0.07,0,0.5,0.0,0.0
1219,3601,-0.07,0,0.5,0.0,0.0
1220,3601,-0.07,0,0.5,0.0,0.0
1221,3601,-0.07,0,0.5,0.0,0.0
1222,3601,-0.07,0,0.5,0.0,0.0
1223,3601,-0.07,0,0.5,0.0,0.0
1224,3601,-0.07,0,0.5,0.0,0.0
1225,3601,-0.07,0,0.5,0.0,0.0
1226,3601,-0.07,0,0.5,0.0,0.0
1227,3601,-0.07,0,0.5,0.0,0.0
1228,3601,-0.07,0,0.5,0.0,0.0
1229,3601,-0.07,0,0.5,0.0,0.0
1230,3601,-0.07,0,0.5,0.0,0.0
1231,3601,-0.07,0,0.5,0.0,0.0
1232,3601,-0.07,0,0.5,0.0,0.0
1233,3601,-0.07,0,0.5,0.0,0.0
1234,3601,-0.07,0,0.5,0.0,0.0
1235,3601,-0.07,0,0.5,0.0,0.0
1236,3601,-0.07,0,0.5,0.0,0.0
1237,3601,-0.07,0,0.5,0.0,0.0
1238,3601,-0.07,0,0.5,0.0,0.0
1239,3601,-0.07,0,0.5,0.0,0.0
1240,3601,-0.07,0,0.5,0.0,0.0
1241,3601,-0.07,0,0.5,0.0,0.0
1242,3601,-0.07,0,0.5,0.0,0.0
1243,3601,-0.07,0,0.5,0.0,0.0
1244,3601,-0.07,0,0.5,0.0,0.0
1245,3601,-0.07,0,0.5,0.0,0.0
1246,3601,-0.07,0,0.5,0.0,0.0
1247,3601,-0.07,0,0.5,0.0,0.0
1248,3601,-0.07,0,0.5,0.0,0.0
1249,3601,-0.07,0,0.5,0.0,0.0
1250,3601,-0.07,0,0.5,0.0,0.0
1251,3601,-0.07,0,0.5,0.0,0.0
1252,3601,-0.07,0,0.5,0.0,0.0
1253,3601,-0.07,0,0.5,0.0,0.0
1254,3601,-0.07,0,0.5,0.0,0.0
1255,3601,-0.07,0,0.5,0.0,0.0
1256,3601,-0.07,0,0.5,0.0,0.0
1257,3601,-0.07,0,0.5,0.0,0.0
1258,3601,-0.07,0,0.5,0.0,0.0
1259,3601,-0.07,0,0.5,0.0,0.0
1260,3601,-0.07,0,0.5,0.0,0.0
1261,3601,-0.07,0,0.5,0.0,0.0
1262,3601,-0.07,0,0.5,0.0,0.0
1263,3601,-0.07,0,0.5,0.0,0.0
1264,3601,-0.07,0,0.5,0.0,0.0
1265,3601,-0.07,0,0.5,0.0,0.0
1266,3601,-0.07,0,0.5,0.0,0.0
1267,3601,-0.07,0,0.5,0.0,0.0
1268,3601,-0.07,0,0.5,0.0,0.0
1269,3601,-0.07,0,0.5,0.0,0.0
1270,3601,-0.07,0,0.5,0.0,0.0
1271,3601,-0.07,0,0.5,0.0,0.0
1272,3601,-0.07,0,0.5,0.0,0.0
1273,3601,-0.07,0,0.5,0.0,0.0
1274,3601,-0.07,0,0.5,0.0,0.0
1275,3601,-0.07,0,0.5,0.0,0.0
1276,3601,-0.07,0,0.5,0.0,0.0
1277,3601,-0.07,0,0.5,0.0,0.0
1278,3601,-0.07,0,0.5,0.0,0.0
1279,3601,-0.07,0,0.5,0.0,0.0
1280,3601,-0.07,0,0.5,0.0,0.0
1281,3601,-0.07,0,0.5,0.0,0.0
1282,3601,-0.07,0,0.5,0.0,0.0
1283,3601,-0.07,0,0.5,0.0,0.0
1284,3601,-0.07,0,0.5,0.0,0.0
1285,3601,-0.07,0,0.5,0.0,0.0
1286,3601,-0.07,0,0.5,0.0,0.0
1287,3601,-0.07,0,0.5,0.0,0.0
1288,3601,-0.07,0,0.5,0.0,0.0
1289,3601,-0.07,0,0.5,0.0,0.0
1290,3601,-0.07,0,0.5,0.0,0.0
1291,3601,-0.07,0,0.5,0.0,0.0
1292,3601,-0.07,0,0.5,0.0,0.0
1293,3601,-0.07,0,0.5,0.0,0.0
1294,3601,-0.07,0,0.5,0.0,0.0
1295,3601,-0.07,0,0.5,0.0,0.0
1296,3601,-0.07,0,0.5,0.0,0.0
1297,3601,-0.07,0,0.5,0.0,0.0
1298,3601,-0.07,0,0.5,0.0,0.0
1299,3601,-0.07,0,0.5,0.0,0.0
1300,3601,-0.07,0,0.5,0.0,0.0
1301,3601,-0.07,0,0.5,0.0,0.0
1302,3601,-0.07,0,0.5,0.0,0.0
1303,3601,-0.07,0,0.5,0.0,0.0
1304,3601,-0.07,0,0.5,0.0,0.0
1305,3601,-0.07,0,0.5,0.0,0.0
1306,3601,-0.07,0,0.5,0.0,0.0
1307,3601,-0.07,0,0.5,0.0,0.0
1308,3601,-0.07,0,0.5,0.0,0.0
1309,3601,-0.07,0,0.5,0.0,0.0
1310,3601,-0.07,0,0.5,0.0,0.0
1311,3601,-0.07,0,0.5,0.0,0.0
1312,3601,-0.07,0,0.5,0.0,0.0
1313,3601,-0.07,0,0.5,0.0,0.0
1314,3601,-0.07,0,0.5,0.0,0.0
1315,3601,-0.07,0,0.5,0.0,0.0
1316,3601,-0.07,0,0.5,0.0,0.0
1317,3601,-0.07,0,0.5,0.0,0.0
1318,3601,-0.07,0,0.5,0.0,0.0
1319,3601,-0.07,0,0.5,0.0,0.0
1320,3601,-0.07,0,0.5,0.0,0.0
1321,3601,-0.07,0,0.5,0.0,0.0
1322,3601,-0.07,0,0.5,0.0,0.0
1323,3601,-0.07,0,0.5,0.0,0.0
1324,3601,-0.07,0,0.5,0.0,0.0
1325,3601,-0.07,0,0.5,0.0,0.0
1326,3601,-0.07,0,0.5,0.0,0.0
1327,3601,-0.07,0,0.5,0.0,0.0
1328,3601,-0.07,0,0.5,0.0,0.0
1329,3601,-0.07,0,0.5,0.0,0.0
1330,3601,-0.07,0,0.5,0.0,0.0
1331,3601,-0.07,0,0.5,0.0,0.0
1332,3601,-0.07,0,0.5,0.0,0.0
1333,3601,-0.07,0,0.5,0.0,0.0
1334,3601,-0.07,0,0.5,0.0,0.0
1335,3601,-0.07,0,0.5,0.0,0.0
1336,3601,-0.07,0,0.5,0.0,0.0
1337,3601,-0.07,0,0.5,0.0,0.0
1338,3601,-0.07,0,0.5,0.0,0.0
1339,3601,-0.07,0,0.5,0.0,0.0
1340,3601,-0.07,0,0.5,0.0,0.0
1341,3601,-0.07,0,0.5,0.0,0.0
1342,3601,-0.07,0,0.5,0.0,0.0
1343,3601,-0.07,0,0.5,0.0,0.0
1344,3601,-0.07,0,0.5,0.0,0.0
1345,3601,-0.07,0,0.5,0.0,0.0
1346,3601,-0.07,0,0.5,0.0,0.0
1347,3601,-0.07,0,0.5,0.0,0.0
1348,3601,-0.07,0,0.5,0.0,0.0
1349,3601,-0.07,0,0.5,0.0,0.0
1350,3601,-0.07,0,0.5,0.0,0.0
1351,3601,-0.07,0,0.5,0.0,0.0
1352,3601,-0.07,0,0.5,0.0,0.0
1353,3601,-0.07,0,0.5,0.0,0.0
1354,3601,-0.07,0,0.5,0.0,0.0
1355,3601,-0.07,0,0.5,0.0,0.0
1356,3601,-0.07,0,0.5,0.0,0.0
1357,3601,-0.07,0,0.5,0.0,0.0
1358,3601,-0.07,0,0.5,0.0,0.0
1359,3601,-0.07,0,0.5,0.0,0.0
1360,3601,-0.07,0,0.5,0.0,0.0
1361,3601,-0.07,0,0.5,0.0,0.0
1362,3601,-0.07,0,0.5,0.0,0.0
1363,3601,-0.07,0,0.5,0.0,0.0
1364,3601,-0.07,0,0.5,0.0,0.0
1365,3601,-0.07,0,0.5,0.0,0.0
1366,3601,-0.07,0,0.5,0.0,0.0
1367,3601,-0.07,0,0.5,0.0,0.0
1368,3601,-0.07,0,0.5,0.0,0.0
1369,3601,-0.07,0,0.5,0.0,0.0
1370,3601,-0.07,0,0.5,0.0,0.0
1371,3601,-0.07,0,0.5,0.0,0.0
1372,3601,-0.07,0,0.5,0.0,0.0
1373,3601,-0.07,0,0.5,0.0,0.0
1374,3601,-0.07,0,0.5,0.0,0.0
1375,3601,-0.07,0,0.5,0.0,0.0
1376,3601,-0.07,0,0.5,0.0,0.0
1377,3601,-0.07,0,0.5,0.0,0.0
1378,3601,-0.07,0,0.5,0.0,0.0
1379,3601,-0.07,0,0.5,0.0,0.0
1380,3601,-0.07,0,0.5,0.0,0.0
1381,3601,-0.07,0,0.5,0.0,0.0
1382,3601,-0.07,0,0.5,0.0,0.0
1383,3601,-0.07,0,0.5,0.0,0.0
1384,3601,-0.07,0,0.5,0.0,0.0
1385,3601,-0.07,0,0.5,0.0,0.0
1386,3601,-0.07,0,0.5,0.0,0.0
1387,3601,-0.07,0,0.5,0.0,0.0
1388,3601,-0.07,0,0.5,0.0,0.0
1389,3601,-0.07,0,0.5,0.0,0.0
1390,3601,-0.07,0,0.5,0.0,0.0
1391,3601,-0.07,0,0.5,0.0,0.0
1392,3601,-0.07,0,0.5,0.0,0.0
1393,3601,-0.07,0,0.5,0.0,0.0
1394,3601,-0.07,0,0.5,0.0,0.0
1395,3601,-0.07,0,0.5,0.0,0.0
1396,3601,-0.07,0,0.5,0.0,0.0
1397,3601,-0.07,0,0.5,0.0,0.0
1398,3601,-0.07,0,0.5,0.0,0.0
1399,3601,-0.07,0,0.5,0.0,0.0
1400,3601,-0.07,0,0.5,0.0,0.0
1401,3601,-0.07,0,0.5,0.0,0.0
1402,3601,-0.07,0,0.5,0.0,0.0
1403,3601,-0.07,0,0.5,0.0,0.0
1404,3601,-0.07,0,0.5,0.0,0.0
1405,3601,-0.07,0,0.5,0.0,0.0
1406,3601,-0.07,0,0.5,0.0,0.0
1407,3601,-0.07,0,0.5,0.0,0.0
1408,3601,-0.07,0,0.5,0.0,0.0
1409,3601,-0.07,0,0.5,0.0,0.0
1410,3601,-0.07,0,0.5,0.0,0.0
1411,3601,-0.07,0,0.5,0.0,0.0
1412,3601,-0.07,0,0.5,0.0,0.0
1413,3601,-0.07,0,0.5,0.0,0.0
1414,3601,-0.07,0,0.5,0.0,0.0
1415,3601,-0.07,0,0.5,0.0,0.0
1416,3601,-0.07,0,0.5,0.0,0.0
1417,3601,-0.07,0,0.5,0.0,0.0
1418,3601,-0.07,0,0.5,0.0,0.0
1419,3601,-0.07,0,0.5,0.0,0.0
1420,3601,-0.07,0,0.5,0.0,0.0
1421,3601,-0.07,0,0.5,0.0,0.0
1422,3601,-0.07,0,0.5,0.0,0.0
1423,3601,-0.07,0,0.5,0.0,0.0
1424,3601,-0.07,0,0.5,0.0,0.0
1425,3601,-0.07,0,0.5,0.0,0.0
1426,3601,-0.07,0,0.5,0.0,0.0
1427,3601,-0.07,0,0.5,0.0,0.0
1428,3601,-0.07,0,0.5,0.0,0.0
1429,3601,-0.07,0,0.5,0.0,0.0
1430,3601,-0.07,0,0.5,0.0,0.0
1431,3601,-0.07,0,0.5,0.0,0.0
1432,3601,-0.07,0,0.5,0.0,0.0
1433,3601,-0.07,0,0.5,0.0,0.0
1434,3601,-0.07,0,0.5,0.0,0.0
1435,3601,-0.07,0,0.5,0.0,0.0
1436,3601,-0.07,0,0.5,0.0,0.0
1437,3601,-0.07,0,0.5,0.0,0.0
1438,3601,-0.07,0,0.5,0.0,0.0
1439,3601,-0.07,0,0.5,0.0,0.0
1440,3601,-0.07,0,0.5,0.0,0.0
1441,3601,-0.07,0,0.5,0.0,0.0
1442,3601,-0.07,0,0.5,0.0,0.0
1443,3601,-0.07,0,0.5,0.0,0.0
1444,3601,-0.07,0,0.5,0.0,0.0
1445,3601,-0.07,0,0.5,0.0,0.0
1446,3601,-0.07,0,0.5,0.0,0.0
1447,3601,-0.07,0,0.5,0.0,0.0
1448,3601,-0.07,0,0.5,0.0,0.0
1449,3601,-0.07,0,0.5,0.0,0.0
1450,3601,-0.07,0,0.5,0.0,0.0
1451,3601,-0.07,0,0.5,0.0,0.0
1452,3601,-0.07,0,0.5,0.0,0.0
1453,3601,-0.07,0,0.5,0.0,0.0
1454,3601,-0.07,0,0.5,0.0,0.0
1455,3601,-0.07,0,0.5,0.0,0.0
1456,3601,-0.07,0,0.5,0.0,0.0
1457,3601,-0.07,0,0.5,0.0,0.0
1458,3601,-0.07,0,0.5,0.0,0.0
1459,3601,-0.07,0,0.5,0.0,0.0
1460,3601,-0.07,0,0.5,0.0,0.0
1461,3601,-0.07,0,0.5,0.0,0.0
1462,3601,-0.07,0,0.5,0.0,0.0
1463,3601,-0.07,0,0.5,0.0,0.0
1464,3601,-0.07,0,0.5,0.0,0.0
1465,3601,-0.07,0,0.5,0.0,0.0
1466,3601,-0.07,0,0.5,0.0,0.0
1467,3601,-0.07,0,0.5,0.0,0.0
1468,3601,-0.07,0,0.5,0.0,0.0
1469,3601,-0.07,0,0.5,0.0,0.0
1470,3601,-0.07,0,0.5,0.0,0.0
1471,3601,-0.07,0,0.5,0.0,0.0
1472,3601,-0.07,0,0.5,0.0,0.0
1473,3601,-0.07,0,0.5,0.0,0.0
1474,3601,-0.07,0,0.5,0.0,0.0
1475,3601,-0.07,0,0.5,0.0,0.0
1476,3601,-0.07,0,0.5,0.0,0.0
1477,3601,-0.07,0,0.5,0.0,0.0
1478,3601,-0.07,0,0.5,0.0,0.0
1479,3601,-0.07,0,0.5,0.0,0.0
1480,3601,-0.07,0,0.5,0.0,0.0
1481,3601,-0.07,0,0.5,0.0,0.0
1482,3601,-0.07,0,0.5,0.0,0.0
1483,3601,-0.07,0,0.5,0.0,0.0
1484,3601,-0.07,0,0.5,0.0,0.0
1485,3601,-0.07,0,0.5,0.0,0.0
1486,3601,-0.07,0,0.5,0.0,0.0
1487,3601,-0.07,0,0.5,0.0,0.0
1488,3601,-0.07,0,0.5,0.0,0.0
1489,3601,-0.07,0,0.5,0.0,0.0
1490,3601,-0.07,0,0.5,0.0,0.0
1491,3601,-0.07,0,0.5,0.0,0.0
1492,3601,-0.07,0,0.5,0.0,0.0
1493,3601,-0.07,0,0.5,0.0,0.0
1494,3601,-0.07,0,0.5,0.0,0.0
1495,3601,-0.07,0,0.5,0.0,0.0
1496,3601,-0.07,0,0.5,0.0,0.0
1497,3601,-0.07,0,0.5,0.0,0.0
1498,3601,-0.07,0,0.5,0.0,0.0
1499,3601,-0.07,0,0.5,0.0,0.0
1500,3601,-0.07,0,0.5,0.0,0.0
1501,3601,-0.07,0,0.5,0.0,0.0
1502,3601,-0.07,0,0.5,0.0,0.0
1503,3601,-0.07,0,0.5,0.0,0.0
1504,3601,-0.07,0,0.5,0.0,0.0
1505,3601,-0.07,0,0.5,0.0,0.0
1506,3601,-0.07,0,0.5,0.0,0.0
1507,3601,-0.07,0,0.5,0.0,0.0
1508,3601,-0.07,0,0.5,0.0,0.0
1509,3601,-0.07,0,0.5,0.0,0.0
1510,3601,-0.07,0,0.5,0.0,0.0
1511,3601,-0.07,0,0.5,0.0,0.0
1512,3601,-0.07,0,0.5,0.0,0.0
1513,3601,-0.07,0,0.5,0.0,0.0
1514,3601,-0.07,0,0.5,0.0,0.0
1515,3601,-0.07,0,0.5,0.0,0.0
1516,3601,-0.07,0,0.5,0.0,0.0
1517,3601,-0.07,0,0.5,0.0,0.0
1518,3601,-0.07,0,0.5,0.0,0.0
1519,3601,-0.07,0,0.5,0.0,0.0
1520,3601,-0.07,0,0.5,0.0,0.0
1521,3601,-0.07,0,0.5,0.0,0.0
1522,3601,-0.07,0,0.5,0.0,0.0
1523,3601,-0.07,0,0.5,0.0,0.0
1524,3601,-0.07,0,0.5,0.0,0.0
1525,3601,-0.07,0,0.5,0.0,0.0
1526,3601,-0.07,0,0.5,0.0,0.0
1527,3601,-0.07,0,0.5,0.0,0.0
1528,3601,-0.07,0,0.5,0.0,0.0
1529,3601,-0.07,0,0.5,0.0,0.0
1530,3601,-0.07,0,0.5,0.0,0.0
1531,3601,-0.07,0,0.5,0.0,0.0
1532,3601,-0.07,0,0.5,0.0,0.0
1533,3601,-0.07,0,0.5,0.0,0.0
1534,3601,-0.07,0,0.5,0.0,0.0
1535,3601,-0.07,0,0.5,0.0,0.0
1536,3601,-0.07,0,0.5,0.0,0.0
1537,3601,-0.07,0,0.5,0.0,0.0
1538,3601,-0.07,0,0.5,0.0,0.0
1539,3601,-0.07,0,0.5,0.0,0.0
1540,3601,-0.07,0,0.5,0.0,0.0
1541,3601,-0.07,0,0.5,0.0,0.0
1542,3601,-0.07,0,0.5,0.0,0.0
1543,3601,-0.07,0,0.5,0.0,0.0
1544,3601,-0.07,0,0.5,0.0,0.0
1545,3601,-0.07,0,0.5,0.0,0.0
1546,3601,-0.07,0,0.5,0.0,0.0
1547,3601,-0.07,0,0.5,0.0,0.0
1548,3601,-0.07,0,0.5,0.0,0.0
1549,3601,-0.07,0,0.5,0.0,0.0
1550,3601,-0.07,0,0.5,0.0,0.0
1551,3601,-0.07,0,0.5,0.0,0.0
1552,3601,-0.07,0,0.5,0.0,0.0
1553,3601,-0.07,0,0.5,0.0,0.0
1554,3601,-0.07,0,0.5,0.0,0.0
1555,3601,-0.07,0,0.5,0.0,0.0
1556,3601,-0.07,0,0.5,0.0,0.0
1557,3601,-0.07,0,0.5,0.0,0.0
1558,3601,-0.07,0,0.5,0.0,0.0
1559,3601,-0.07,0,0.5,0.0,0.0
1560,3601,-0.07,0,0.5,0.0,0.0
1561,3601,-0.07,0,0.5,0.0,0.0
1562,3601,-0.07,0,0.5,0.0,0.0
1563,3601,-0.07,0,0.5,0.0,0.0
1564,3601,-0.07,0,0.5,0.0,0.0
1565,3601,-0.07,0,0.5,0.0,0.0
1566,3601,-0.07,0,0.5,0.0,0.0
1567,3601,-0.07,0,0.5,0.0,0.0
1568,3601,-0.07,0,0.5,0.0,0.0
1569,3601,-0.07,0,0.5,0.0,0.0
1570,3601,-0.07,0,0.5,0.0,0.0
1571,3601,-0.07,0,0.5,0.0,0.0
1572,3601,-0.07,0,0.5,0.0,0.0
1573,3601,-0.07,0,0.5,0.0,0.0
1574,3601,-0.07,0,0.5,0.0,0.0
1575,3601,-0.07,0,0.5,0.0,0.0
1576,3601,-0.07,0,0.5,0.0,0.0
1577,3601,-0.07,0,0.5,0.0,0.0
1578,3601,-0.07,0,0.5,0.0,0.0
1579,3601,-0.07,0,0.5,0.0,0.0
1580,3601,-0.07,0,0.5,0.0,0.0
1581,3601,-0.07,0,0.5,0.0,0.0
1582,3601,-0.07,0,0.5,0.0,0.0
1583,3601,-0.07,0,0.5,0.0,0.0
1584,3601,-0.07,0,0.5,0.0,0.0
1585,3601,-0.07,0,0.5,0.0,0.0
1586,3601,-0.07,0,0.5,0.0,0.0
1587,3601,-0.07,0,0.5,0.0,0.0
1588,3601,-0.07,0,0.5,0.0,0.0
1589,3601,-0.07,0,0.5,0.0,0.0
1590,3601,-0.07,0,0.5,0.0,0.0
1591,3601,-0.07,0,0.5,0.0,0.0
1592,3601,-0.07,0,0.5,0.0,0.0
1593,3601,-0.07,0,0.5,0.0,0.0
1594,3601,-0.07,0,0.5,0.0,0.0
1595,3601,-0.07,0,0.5,0.0,0.0
1596,3601,-0.07,0,0.5,0.0,0.0
1597,3601,-0.07,0,0.5,0.0,0.0
1598,3601,-0.07,0,0.5,0.0,0.0
1599,3601,-0.07,0,0.5,0.0,0.0
1600,3601,-0.07,0,0.5,0.0,0.0
1601,3601,-0.07,0,0.5,0.0,0.0
1602,3601,-0.07,0,0.5,0.0,0.0
1603,3601,-0.07,0,0.5,0.0,0.0
1604,3601,-0.07,0,0.5,0.0,0.0
1605,3601,-0.07,0,0.5,0.0,0.0
1606,3601,-0.07,0,0.5,0.0,0.0
1607,3601,-0.07,0,0.5,0.0,0.0
1608,3601,-0.07,0,0.5,0.0,0.0
1609,3601,-0.07,0,0.5,0.0,0.0
1610,3601,-0.07,0,0.5,0.0,0.0
1611,3601,-0.07,0,0.5,0.0,0.0
1612,3601,-0.07,0,0.5,0.0,0.0
1613,3601,-0.07,0,0.5,0.0,0.0
1614,3601,-0.07,0,0.5,0.0,0.0
1615,3601,-0.07,0,0.5,0.0,0.0
1616,3601,-0.07,0,0.5,0.0,0.0
1617,3601,-0.07,0,0.5,0.0,0.0
1618,3601,-0.07,0,0.5,0.0,0.0
1619,3601,-0.07,0,0.5,0.0,0.0
1620,3601,-0.07,0,0.5,0.0,0.0
1621,3601,-0.07,0,0.5,0.0,0.0
1622,3601,-0.07,0,0.5,0.0,0.0
1623,3601,-0.07,0,0.5,0.0,0.0
1624,3601,-0.07,0,0.5,0.0,0.0
1625,3601,-0.07,0,0.5,0.0,0.0
1626,3601,-0.07,0,0.5,0.0,0.0
1627,3601,-0.07,0,0.5,0.0,0.0
1628,3601,-0.07,0,0.5,0.0,0.0
1629,3601,-0.07,0,0.5,0.0,0.0
1630,3601,-0.07,0,0.5,0.0,0.0
1631,3601,-0.07,0,0.5,0.0,0.0
1632,3601,-0.07,0,0.5,0.0,0.0
1633,3601,-0.07,0,0.5,0.0,0.0
1634,3601,-0.07,0,0.5,0.0,0.0
1635,3601,-0.07,0,0.5,0.0,0.0
1636,3601,-0.07,0,0.5,0.0,0.0
1637,3601,-0.07,0,0.5,0.0,0.0
1638,3601,-0.07,0,0.5,0.0,0.0
1639,3601,-0.07,0,0.5,0.0,0.0
1640,3601,-0.07,0,0.5,0.0,0.0
1641,3601,-0.07,0,0.5,0.0,0.0
1642,3601,-0.07,0,0.5,0.0,0.0
1643,3601,-0.07,0,0.5,0.0,0.0
1644,3601,-0.07,0,0.5,0.0,0.0
1645,3601,-0.07,0,0.5,0.0,0.0
1646,3601,-0.07,0,0.5,0.0,0.0
1647,3601,-0.07,0,0.5,0.0,0.0
1648,3601,-0.07,0,0.5,0.0,0.0
1649,3601,-0.07,0,0.5,0.0,0.0
1650,3601,-0.07,0,0.5,0.0,0.0
1651,3601,-0.07,0,0.5,0.0,0.0
1652,3601,-0.07,0,0.5,0.0,0.0
1653,3601,-0.07,0,0.5,0.0,0.0
1654,3601,-0.07,0,0.5,0.0,0.0
1655,3601,-0.07,0,0.5,0.0,0.0
1656,3601,-0.07,0,0.5,0.0,0.0
1657,3601,-0.07,0,0.5,0.0,0.0
1658,3601,-0.07,0,0.5,0.0,0.0
1659,3601,-0.07,0,0.5,0.0,0.0
1660,3601,-0.07,0,0.5,0.0,0.0
1661,3601,-0.07,0,0.5,0.0,0.0
1662,3601,-0.07,0,0.5,0.0,0.0
1663,3601,-0.07,0,0.5,0.0,0.0
1664,3601,-0.07,0,0.5,0.0,0.0
1665,3601,-0.07,0,0.5,0.0,0.0
1666,3601,-0.07,0,0.5,0.0,0.0
1667,3601,-0.07,0,0.5,0.0,0.0
1668,3601,-0.07,0,0.5,0.0,0.0
1669,3601,-0.07,0,0.5,0.0,0.0
1670,3601,-0.07,0,0.5,0.0,0.0
1671,3601,-0.07,0,0.5,0.0,0.0
1672,3601,-0.07,0,0.5,0.0,0.0
1673,3601,-0.07,0,0.5,0.0,0.0
1674,3601,-0.07,0,0.5,0.0,0.0
1675,3601,-0.07,0,0.5,0.0,0.0
1676,3601,-0.07,0,0.5,0.0,0.0
1677,3601,-0.07,0,0.5,0.0,0.0
1678,3601,-0.07,0,0.5,0.0,0.0
1679,3601,-0.07,0,0.5,0.0,0.0
1680,3601,-0.07,0,0.5,0.0,0.0
1681,3601,-0.07,0,0.5,0.0,0.0
1682,3601,-0.07,0,0.5,0.0,0.0
1683,3601,-0.07,0,0.5,0.0,0.0
1684,3601,-0.07,0,0.5,0.0,0.0
1685,3601,-0.07,0,0.5,0.0,0.0
1686,3601,-0.07,0,0.5,0.0,0.0
1687,3601,-0.07,0,0.5,0.0,0.0
1688,3601,-0.07,0,0.5,0.0,0.0
1689,3601,-0.07,0,0.5,0.0,0.0
1690,3601,-0.07,0,0.5,0.0,0.0
1691,3601,-0.07,0,0.5,0.0,0.0
1692,3601,-0.07,0,0.5,0.0,0.0
1693,3601,-0.07,0,0.5,0.0,0.0
1694,3601,-0.07,0,0.5,0.0,0.0
1695,3601,-0.07,0,0.5,0.0,0.0
1696,3601,-0.07,0,0.5,0.0,0.0
1697,3601,-0.07,0,0.5,0.0,0.0
1698,3601,-0.07,0,0.5,0.0,0.0
1699,3601,-0.07,0,0.5,0.0,0.0
1700,3601,-0.07,0,0.5,0.0,0.0
1701,3601,-0.07,0,0.5,0.0,0.0
1702,3601,-0.07,0,0.5,0.0,0.0
1703,3601,-0.07,0,0.5,0.0,0.0
1704,3601,-0.07,0,0.5,0.0,0.0
1705,3601,-0.07,0,0.5,0.0,0.0
1706,3601,-0.07,0,0.5,0.0,0.0
1707,3601,-0.07,0,0.5,0.0,0.0
1708,3601,-0.07,0,0.5,0.0,0.0
1709,3601,-0.07,0,0.5,0.0,0.0
1710,3601,-0.07,0,0.5,0.0,0.0
1711,3601,-0.07,0,0.5,0.0,0.0
1712,3601,-0.07,0,0.5,0.0,0.0
1713,3601,-0.07,0,0.5,0.0,0.0
1714,3601,-0.07,0,0.5,0.0,0.0
1715,3601,-0.07,0,0.5,0.0,0.0
1716,3601,-0.07,0,0.5,0.0,0.0
1717,3601,-0.07,0,0.5,0.0,0.0
1718,3601,-0.07,0,0.5,0.0,0.0
1719,3601,-0.07,0,0.5,0.0,0.0
1720,3601,-0.07,0,0.5,0.0,0.0
1721,3601,-0.07,0,0.5,0.0,0.0
1722,3601,-0.07,0,0.5,0.0,0.0
1723,3601,-0.07,0,0.5,0.0,0.0
1724,3601,-0.07,0,0.5,0.0,0.0
1725,3601,-0.07,0,0.5,0.0,0.0
1726,3601,-0.07,0,0.5,0.0,0.0
1727,3601,-0.07,0,0.5,0.0,0.0
1728,3601,-0.07,0,0.5,0.0,0.0
1729,3601,-0.07,0,0.5,0.0,0.0
1730,3601,-0.07,0,0.5,0.0,0.0
1731,3601,-0.07,0,0.5,0.0,0.0
1732,3601,-0.07,0,0.5,0.0,0.0
1733,3601,-0.07,0,0.5,0.0,0.0
1734,3601,-0.07,0,0.5,0.0,0.0
1735,3601,-0.07,0,0.5,0.0,0.0
1736,3601,-0.07,0,0.5,0.0,0.0
1737,3601,-0.07,0,0.5,0.0,0.0
1738,3601,-0.07,0,0.5,0.0,0.0
1739,3601,-0.07,0,0.5,0.0,0.0
1740,3601,-0.07,0,0.5,0.0,0.0
1741,3601,-0.07,0,0.5,0.0,0.0
1742,3601,-0.07,0,0.5,0.0,0.0
1743,3601,-0.07,0,0.5,0.0,0.0
1744,3601,-0.07,0,0.5,0.0,0.0
1745,3601,-0.07,0,0.5,0.0,0.0
1746,3601,-0.07,0,0.5,0.0,0.0
1747,3601,-0.07,0,0.5,0.0,0.0
1748,3601,-0.07,0,0.5,0.0,0.0
1749,3601,-0.07,0,0.5,0.0,0.0
1750,3601,-0.07,0,0.5,0.0,0.0
1751,3601,-0.07,0,0.5,0.0,0.0
1752,3601,-0.07,0,0.5,0.0,0.0
1753,3601,-0.07,0,0.5,0.0,0.0
1754,3601,-0.07,0,0.5,0.0,0.0
1755,3601,-0.07,0,0.5,0.0,0.0
1756,3601,-0.07,0,0.5,0.0,0.0
1757,3601,-0.07,0,0.5,0.0,0.0
1758,3601,-0.07,0,0.5,0.0,0.0
1759,3601,-0.07,0,0.5,0.0,0.0
1760,3601,-0.07,0,0.5,0.0,0.0
1761,3601,-0.07,0,0.5,0.0,0.0
1762,3601,-0.07,0,0.5,0.0,0.0
1763,3601,-0.07,0,0.5,0.0,0.0
1764,3601,-0.07,0,0.5,0.0,0.0
1765,3601,-0.07,0,0.5,0.0,0.0
1766,3601,-0.07,0,0.5,0.0,0.0
1767,3601,-0.07,0,0.5,0.0,0.0
1768,3601,-0.07,0,0.5,0.0,0.0
1769,3601,-0.07,0,0.5,0.0,0.0
1770,3601,-0.07,0,0.5,0.0,0.0
1771,3601,-0.07,0,0.5,0.0,0.0
1772,3601,-0.07,0,0.5,0.0,0.0
1773,3601,-0.07,0,0.5,0.0,0.0
1774,3601,-0.07,0,0.5,0.0,0.0
1775,3601,-0.07,0,0.5,0.0,0.0
1776,3601,-0.07,0,0.5,0.0,0.0
1777,3601,-0.07,0,0.5,0.0,0.0
1778,3601,-0.07,0,0.5,0.0,0.0
1779,3601,-0.07,0,0.5,0.0,0.0
1780,3601,-0.07,0,0.5,0.0,0.0
1781,3601,-0.07,0,0.5,0.0,0.0
1782,3601,-0.07,0,0.5,0.0,0.0
1783,3601,-0.07,0,0.5,0.0,0.0
1784,3601,-0.07,0,0.5,0.0,0.0
1785,3601,-0.07,0,0.5,0.0,0.0
1786,3601,-0.07,0,0.5,0.0,0.0
1787,3601,-0.07,0,0.5,0.0,0.0
1788,3601,-0.07,0,0.5,0.0,0.0
1789,3601,-0.07,0,0.5,0.0,0.0
1790,3601,-0.07,0,0.5,0.0,0.0
1791,3601,-0.07,0,0.5,0.0,0.0
1792,3601,-0.07,0,0.5,0.0,0.0
1793,3601,-0.07,0,0.5,0.0,0.0
1794,3601,-0.07,0,0.5,0.0,0.0
1795,3601,-0.07,0,0.5,0.0,0.0
1796,3601,-0.07,0,0.5,0.0,0.0
1797,3601,-0.07,0,0.5,0.0,0.0
1798,3601,-0.07,0,0.5,0.0,0.0
1799,3601,-0.07,0,0.5,0.0,0.0
1800,3601,-0.07,0,0.5,0.0,0.0
1801,3601,-0.07,0,0.5,0.0,0.0
1802,3601,-0.07,0,0.5,0.0,0.0
1803,3601,-0.07,0,0.5,0.0,0.0
1804,3601,-0.07,0,0.5,0.0,0.0
1805,3601,-0.07,0,0.5,0.0,0.0
1806,3601,-0.07,0,0.5,0.0,0.0
1807,3601,-0.07,0,0.5,0.0,0.0
1808,3601,-0.07,0,0.5,0.0,0.0
1809,3601,-0.07,0,0.5,0.0,0.0
1810,3601,-0.07,0,0.5,0.0,0.0
1811,3601,-0.07,0,0.5,0.0,0.0
1812,3601,-0.07,0,0.5,0.0,0.0
1813,3601,-0.07,0,0.5,0.0,0.0
1814,3601,-0.07,0,0.5,0.0,0.0
1815,3601,-0.07,0,0.5,0.0,0.0
1816,3601,-0.07,0,0.5,0.0,0.0
1817,3601,-0.07,0,0.5,0.0,0.0
1818,3601,-0.07,0,0.5,0.0,0.0
1819,3601,-0.07,0,0.5,0.0,0.0
1820,3601,-0.07,0,0.5,0.0,0.0
1821,3601,-0.07,0,0.5,0.0,0.0
1822,3601,-0.07,0,0.5,0.0,0.0
1823,3601,-0.07,0,0.5,0.0,0.0
1824,3601,-0.07,0,0.5,0.0,0.0
1825,3601,-0.07,0,0.5,0.0,0.0
1826,3601,-0.07,0,0.5,0.0,0.0
1827,3601,-0.07,0,0.5,0.0,0.0
1828,3601,-0.07,0,0.5,0.0,0.0
1829,3601,-0.07,0,0.5,0.0,0.0
1830,3601,-0.07,0,0.5,0.0,0.0
1831,3601,-0.07,0,0.5,0.0,0.0
1832,3601,-0.07,0,0.5,0.0,0.0
1833,3601,-0.07,0,0.5,0.0,0.0
1834,3601,-0.07,0,0.5,0.0,0.0
1835,3601,-0.07,0,0.5,0.0,0.0
1836,3601,-0.07,0,0.5,0.0,0.0
1837,3601,-0.07,0,0.5,0.0,0.0
1838,3601,-0.07,0,0.5,0.0,0.0
1839,3601,-0.07,0,0.5,0.0,0.0
1840,3601,-0.07,0,0.5,0.0,0.0
1841,3601,-0.07,0,0.5,0.0,0.0
1842,3601,-0.07,0,0.5,0.0,0.0
1843,3601,-0.07,0,0.5,0.0,0.0
1844,3601,-0.07,0,0.5,0.0,0.0
1845,3601,-0.07,0,0.5,0.0,0.0
1846,3601,-0.07,0,0.5,0.0,0.0
1847,3601,-0.07,0,0.5,0.0,0.0
1848,3601,-0.07,0,0.5,0.0,0.0
1849,3601,-0.07,0,0.5,0.0,0.0
1850,3601,-0.07,0,0.5,0.0,0.0
1851,3601,-0.07,0,0.5,0.0,0.0
1852,3601,-0.07,0,0.5,0.0,0.0
1853,3601,-0.07,0,0.5,0.0,0.0
1854,3601,-0.07,0,0.5,0.0,0.0
1855,3601,-0.07,0,0.5,0.0,0.0
1856,3601,-0.07,0,0.5,0.0,0.0
1857,3601,-0.07,0,0.5,0.0,0.0
1858,3601,-0.07,0,0.5,0.0,0.0
1859,3601,-0.07,0,0.5,0.0,0.0
1860,3601,-0.07,0,0.5,0.0,0.0
1861,3601,-0.07,0,0.5,0.0,0.0
1862,3601,-0.07,0,0.5,0.0,0.0
1863,3601,-0.07,0,0.5,0.0,0.0
1864,3601,-0.07,0,0.5,0.0,0.0
1865,3601,-0.07,0,0.5,0.0,0.0
1866,3601,-0.07,0,0.5,0.0,0.0
1867,3601,-0.07,0,0.5,0.0,0.0
1868,3601,-0.07,0,0.5,0.0,0.0
1869,3601,-0.07,0,0.5,0.0,0.0
1870,3601,-0.07,0,0.5,0.0,0.0
1871,3601,-0.07,0,0.5,0.0,0.0
1872,3601,-0.07,0,0.5,0.0,0.0
1873,3601,-0.07,0,0.5,0.0,0.0
1874,3601,-0.07,0,0.5,0.0,0.0
1875,3601,-0.07,0,0.5,0.0,0.0
1876,3601,-0.07,0,0.5,0.0,0.0
1877,3601,-0.07,0,0.5,0.0,0.0
1878,3601,-0.07,0,0.5,0.0,0.0
1879,3601,-0.07,0,0.5,0.0,0.0
1880,3601,-0.07,0,0.5,0.0,0.0
1881,3601,-0.07,0,0.5,0.0,0.0
1882,3601,-0.07,0,0.5,0.0,0.0
1883,3601,-0.07,0,0.5,0.0,0.0
1884,3601,-0.07,0,0.5,0.0,0.0
1885,3601,-0.07,0,0.5,0.0,0.0
1886,3601,-0.07,0,0.5,0.0,0.0
1887,3601,-0.07,0,0.5,0.0,0.0
1888,3601,-0.07,0,0.5,0.0,0.0
1889,3601,-0.07,0,0.5,0.0,0.0
1890,3601,-0.07,0,0.5,0.0,0.0
1891,3601,-0.07,0,0.5,0.0,0.0
1892,3601,-0.07,0,0.5,0.0,0.0
1893,3601,-0.07,0,0.5,0.0,0.0
1894,3601,-0.07,0,0.5,0.0,0.0
1895,3601,-0.07,0,0.5,0.0,0.0
1896,3601,-0.07,0,0.5,0.0,0.0
1897,3601,-0.07,0,0.5,0.0,0.0
1898,3601,-0.07,0,0.5,0.0,0.0
1899,3601,-0.07,0,0.5,0.0,0.0
1900,3601,-0.07,0,0.5,0.0,0.0
1901,3601,-0.07,0,0.5,0.0,0.0
1902,3601,-0.07,0,0.5,0.0,0.0
1903,3601,-0.07,0,0.5,0.0,0.0
1904,3601,-0.07,0,0.5,0.0,0.0
1905,3601,-0.07,0,0.5,0.0,0.0
1906,3601,-0.07,0,0.5,0.0,0.0
1907,3601,-0.07,0,0.5,0.0,0.0
1908,3601,-0.07,0,0.5,0.0,0.0
1909,3601,-0.07,0,0.5,0.0,0.0
1910,3601,-0.07,0,0.5,0.0,0.0
1911,3601,-0.07,0,0.5,0.0,0.0
1912,3601,-0.07,0,0.5,0.0,0.0
1913,3601,-0.07,0,0.5,0.0,0.0
1914,3601,-0.07,0,0.5,0.0,0.0
1915,3601,-0.07,0,0.5,0.0,0.0
1916,3601,-0.07,0,0.5,0.0,0.0
1917,3601,-0.07,0,0.5,0.0,0.0
1918,3601,-0.07,0,0.5,0.0,0.0
1919,3601,-0.07,0,0.5,0.0,0.0
1920,3601,-0.07,0,0.5,0.0,0.0
1921,3601,-0.07,0,0.5,0.0,0.0
1922,3601,-0.07,0,0.5,0.0,0.0
1923,3601,-0.07,0,0.5,0.0,0.0
1924,3601,-0.07,0,0.5,0.0,0.0
1925,3601,-0.07,0,0.5,0.0,0.0
1926,3601,-0.07,0,0.5,0.0,0.0
1927,3601,-0.07,0,0.5,0.0,0.0
1928,3601,-0.07,0,0.5,0.0,0.0
1929,3601,-0.07,0,0.5,0.0,0.0
1930,3601,-0.07,0,0.5,0.0,0.0
1931,3601,-0.07,0,0.5,0.0,0.0
1932,3601,-0.07,0,0.5,0.0,0.0
1933,3601,-0.07,0,0.5,0.0,0.0
1934,3601,-0.07,0,0.5,0.0,0.0
1935,3601,-0.07,0,0.5,0.0,0.0
1936,3601,-0.07,0,0.5,0.0,0.0
1937,3601,-0.07,0,0.5,0.0,0.0
1938,3601,-0.07,0,0.5,0.0,0.0
1939,3601,-0.07,0,0.5,0.0,0.0
1940,3601,-0.07,0,0.5,0.0,0.0
1941,3601,-0.07,0,0.5,0.0,0.0
1942,3601,-0.07,0,0.5,0.0,0.0
1943,3601,-0.07,0,0.5,0.0,0.0
1944,3601,-0.07,0,0.5,0.0,0.0
1945,3601,-0.07,0,0.5,0.0,0.0
1946,3601,-0.07,0,0.5,0.0,0.0
1947,3601,-0.07,0,0.5,0.0,0.0
1948,3601,-0.07,0,0.5,0.0,0.0
1949,3601,-0.07,0,0.5,0.0,0.0
1950,3601,-0.07,0,0.5,0.0,0.0
1951,3601,-0.07,0,0.5,0.0,0.0
1952,3601,-0.07,0,0.5,0.0,0.0
1953,3601,-0.07,0,0.5,0.0,0.0
1954,3601,-0.07,0,0.5,0.0,0.0
1955,3601,-0.07,0,0.5,0.0,0.0
1956,3601,-0.07,0,0.5,0.0,0.0
1957,3601,-0.07,0,0.5,0.0,0.0
1958,3601,-0.07,0,0.5,0.0,0.0
1959,3601,-0.07,0,0.5,0.0,0.0
1960,3601,-0.07,0,0.5,0.0,0.0
1961,3601,-0.07,0,0.5,0.0,0.0
1962,3601,-0.07,0,0.5,0.0,0.0
1963,3601,-0.07,0,0.5,0.0,0.0
1964,3601,-0.07,0,0.5,0.0,0.0
1965,3601,-0.07,0,0.5,0.0,0.0
1966,3601,-0.07,0,0.5,0.0,0.0
1967,3601,-0.07,0,0.5,0.0,0.0
1968,3601,-0.07,0,0.5,0.0,0.0
1969,3601,-0.07,0,0.5,0.0,0.0
1970,3601,-0.07,0,0.5,0.0,0.0
1971,3601,-0.07,0,0.5,0.0,0.0
1972,3601,-0.07,0,0.5,0.0,0.0
1973,3601,-0.07,0,0.5,0.0,0.0
1974,3601,-0.07,0,0.5,0.0,0.0
1975,3601,-0.07,0,0.5,0.0,0.0
1976,3601,-0.07,0,0.5,0.0,0.0
1977,3601,-0.07,0,0.5,0.0,0.0
1978,3601,-0.07,0,0.5,0.0,0.0
1979,3601,-0.07,0,0.5,0.0,0.0
1980,3601,-0.07,0,0.5,0.0,0.0
1981,3601,-0.07,0,0.5,0.0,0.0
1982,3601,-0.07,0,0.5,0.0,0.0
1983,3601,-0.07,0,0.5,0.0,0.0
1984,3601,-0.07,0,0.5,0.0,0.0
1985,3601,-0.07,0,0.5,0.0,0.0
1986,3601,-0.07,0,0.5,0.0,0.0
1987,3601,-0.07,0,0.5,0.0,0.0
1988,3601,-0.07,0,0.5,0.0,0.0
1989,3601,-0.07,0,0.5,0.0,0.0
1990,3601,-0.07,0,0.5,0.0,0.0
1991,3601,-0.07,0,0.5,0.0,0.0
1992,3601,-0.07,0,0.5,0.0,0.0
1993,3601,-0.07,0,0.5,0.0,0.0
1994,3601,-0.07,0,0.5,0.0,0.0
1995,3601,-0.07,0,0.5,0.0,0.0
1996,3601,-0.07,0,0.5,0.0,0.0
1997,3601,-0.07,0,0.5,0.0,0.0
1998,3601,-0.07,0,0.5,0.0,0.0
1999,3601,-0.07,0,0.5,0.0,0.0
2000,3601,-0.07,0,0.5,0.0,0.0
2001,3601,-0.07,0,0.5,0.0,0.0
2002,3601,-0.07,0,0.5,0.0,0.0
2003,3601,-0.07,0,0.5,0.0,0.0
2004,3601,-0.07,0,0.5,0.0,0.0
2005,3601,-0.07,0,0.5,0.0,0.0
2006,3601,-0.07,0,0.5,0.0,0.0
2007,3601,-0.07,0,0.5,0.0,0.0
2008,3601,-0.07,0,0.5,0.0,0.0
2009,3601,-0.07,0,0.5,0.0,0.0
2010,3601,-0.07,0,0.5,0.0,0.0
2011,3601,-0.07,0,0.5,0.0,0.0
2012,3601,-0.07,0,0.5,0.0,0.0
2013,3601,-0.07,0,0.5,0.0,0.0
2014,3601,-0.07,0,0.5,0.0,0.0
2015,3601,-0.07,0,0.5,0.0,0.0
2016,3601,-0.07,0,0.5,0.0,0.0
2017,3601,-0.07,0,0.5,0.0,0.0
2018,3601,-0.07,0,0.5,0.0,0.0
2019,3601,-0.07,0,0.5,0.0,0.0
2020,3601,-0.07,0,0.5,0.0,0.0
2021,3601,-0.07,0,0.5,0.0,0.0
2022,3601,-0.07,0,0.5,0.0,0.0
2023,3601,-0.07,0,0.5,0.0,0.0
2024,3601,-0.07,0,0.5,0.0,0.0
2025,3601,-0.07,0,0.5,0.0,0.0
2026,3601,-0.07,0,0.5,0.0,0.0
2027,3601,-0.07,0,0.5,0.0,0.0
2028,3601,-0.07,0,0.5,0.0,0.0
2029,3601,-0.07,0,0.5,0.0,0.0
2030,3601,-0.07,0,0.5,0.0,0.0
2031,3601,-0.07,0,0.5,0.0,0.0
2032,3601,-0.07,0,0.5,0.0,0.0
2033,3601,-0.07,0,0.5,0.0,0.0
2034,3601,-0.07,0,0.5,0.0,0.0
2035,3601,-0.07,0,0.5,0.0,0.0
2036,3601,-0.07,0,0.5,0.0,0.0
2037,3601,-0.07,0,0.5,0.0,0.0
2038,3601,-0.07,0,0.5,0.0,0.0
2039,3601,-0.07,0,0.5,0.0,0.0
2040,3601,-0.07,0,0.5,0.0,0.0
2041,3601,-0.07,0,0.5,0.0,0.0
2042,3601,-0.07,0,0.5,0.0,0.0
2043,3601,-0.07,0,0.5,0.0,0.0
2044,3601,-0.07,0,0.5,0.0,0.0
2045,3601,-0.07,0,0.5,0.0,0.0
2046,3601,-0.07,0,0.5,0.0,0.0
2047,3601,-0.07,0,0.5,0.0,0.0
2048,3601,-0.07,0,0.5,0.0,0.0
2049,3601,-0.07,0,0.5,0.0,0.0
2050,3601,-0.07,0,0.5,0.0,0.0
2051,3601,-0.07,0,0.5,0.0,0.0
2052,3601,-0.07,0,0.5,0.0,0.0
2053,3601,-0.07,0,0.5,0.0,0.0
2054,3601,-0.07,0,0.5,0.0,0.0
2055,3601,-0.07,0,0.5,0.0,0.0
2056,3601,-0.07,0,0.5,0.0,0.0
2057,3601,-0.07,0,0.5,0.0,0.0
2058,3601,-0.07,0,0.5,0.0,0.0
2059,3601,-0.07,0,0.5,0.0,0.0
2060,3601,-0.07,0,0.5,0.0,0.0
2061,3601,-0.07,0,0.5,0.0,0.0
2062,3601,-0.07,0,0.5,0.0,0.0
2063,3601,-0.07,0,0.5,0.0,0.0
2064,3601,-0.07,0,0.5,0.0,0.0
2065,3601,-0.07,0,0.5,0.0,0.0
2066,3601,-0.07,0,0.5,0.0,0.0
2067,3601,-0.07,0,0.5,0.0,0.0
2068,3601,-0.07,0,0.5,0.0,0.0
2069,3601,-0.07,0,0.5,0.0,0.0
2070,3601,-0.07,0,0.5,0.0,0.0
2071,3601,-0.07,0,0.5,0.0,0.0
2072,3601,-0.07,0,0.5,0.0,0.0
2073,3601,-0.07,0,0.5,0.0,0.0
2074,3601,-0.07,0,0.5,0.0,0.0
2075,3601,-0.07,0,0.5,0.0,0.0
2076,3601,-0.07,0,0.5,0.0,0.0
2077,3601,-0.07,0,0.5,0.0,0.0
2078,3601,-0.07,0,0.5,0.0,0.0
2079,3601,-0.07,0,0.5,0.0,0.0
2080,3601,-0.07,0,0.5,0.0,0.0
2081,3601,-0.07,0,0.5,0.0,0.0
2082,3601,-0.07,0,0.5,0.0,0.0
2083,3601,-0.07,0,0.5,0.0,0.0
2084,3601,-0.07,0,0.5,0.0,0.0
2085,3601,-0.07,0,0.5,0.0,0.0
2086,3601,-0.07,0,0.5,0.0,0.0
2087,3601,-0.07,0,0.5,0.0,0.0
2088,3601,-0.07,0,0.5,0.0,0.0
2089,3601,-0.07,0,0.5,0.0,0.0
2090,3601,-0.07,0,0.5,0.0,0.0
2091,3601,-0.07,0,0.5,0.0,0.0
2092,3601,-0.07,0,0.5,0.0,0.0
2093,3601,-0.07,0,0.5,0.0,0.0
2094,3601,-0.07,0,0.5,0.0,0.0
2095,3601,-0.07,0,0.5,0.0,0.0
2096,3601,-0.07,0,0.5,0.0,0.0
2097,3601,-0.07,0,0.5,0.0,0.0
2098,3601,-0.07,0,0.5,0.0,0.0
2099,3601,-0.07,0,0.5,0.0,0.0
2100,3601,-0.07,0,0.5,0.0,0.0
2101,3601,-0.07,0,0.5,0.0,0.0
2102,3601,-0.07,0,0.5,0.0,0.0
2103,3601,-0.07,0,0.5,0.0,0.0
2104,3601,-0.07,0,0.5,0.0,0.0
2105,3601,-0.07,0,0.5,0.0,0.0
2106,3601,-0.07,0,0.5,0.0,0.0
2107,3601,-0.07,0,0.5,0.0,0.0
2108,3601,-0.07,0,0.5,0.0,0.0
2109,3601,-0.07,0,0.5,0.0,0.0
2110,3601,-0.07,0,0.5,0.0,0.0
2111,3601,-0.07,0,0.5,0.0,0.0
2112,3601,-0.07,0,0.5,0.0,0.0
2113,3601,-0.07,0,0.5,0.0,0.0
2114,3601,-0.07,0,0.5,0.0,0.0
2115,3601,-0.07,0,0.5,0.0,0.0
2116,3601,-0.07,0,0.5,0.0,0.0
2117,3601,-0.07,0,0.5,0.0,0.0
2118,3601,-0.07,0,0.5,0.0,0.0
2119,3601,-0.07,0,0.5,0.0,0.0
2120,3601,-0.07,0,0.5,0.0,0.0
2121,3601,-0.07,0,0.5,0.0,0.0
2122,3601,-0.07,0,0.5,0.0,0.0
2123,3601,-0.07,0,0.5,0.0,0.0
2124,3601,-0.07,0,0.5,0.0,0.0
2125,3601,-0.07,0,0.5,0.0,0.0
2126,3601,-0.07,0,0.5,0.0,0.0
2127,3601,-0.07,0,0.5,0.0,0.0
2128,3601,-0.07,0,0.5,0.0,0.0
2129,3601,-0.07,0,0.5,0.0,0.0
2130,3601,-0.07,0,0.5,0.0,0.0
2131,3601,-0.07,0,0.5,0.0,0.0
2132,3601,-0.07,0,0.5,0.0,0.0
2133,3601,-0.07,0,0.5,0.0,0.0
2134,3601,-0.07,0,0.5,0.0,0.0
2135,3601,-0.07,0,0.5,0.0,0.0
2136,3601,-0.07,0,0.5,0.0,0.0
2137,3601,-0.07,0,0.5,0.0,0.0
2138,3601,-0.07,0,0.5,0.0,0.0
2139,3601,-0.07,0,0.5,0.0,0.0
2140,3601,-0.07,0,0.5,0.0,0.0
2141,3601,-0.07,0,0.5,0.0,0.0
2142,3601,-0.07,0,0.5,0.0,0.0
2143,3601,-0.07,0,0.5,0.0,0.0
2144,3601,-0.07,0,0.5,0.0,0.0
2145,3601,-0.07,0,0.5,0.0,0.0
2146,3601,-0.07,0,0.5,0.0,0.0
2147,3601,-0.07,0,0.5,0.0,0.0
2148,3601,-0.07,0,0.5,0.0,0.0
2149,3601,-0.07,0,0.5,0.0,0.0
2150,3601,-0.07,0,0.5,0.0,0.0
2151,3601,-0.07,0,0.5,0.0,0.0
2152,3601,-0.07,0,0.5,0.0,0.0
2153,3601,-0.07,0,0.5,0.0,0.0
2154,3601,-0.07,0,0.5,0.0,0.0
2155,3601,-0.07,0,0.5,0.0,0.0
2156,3601,-0.07,0,0.5,0.0,0.0
2157,3601,-0.07,0,0.5,0.0,0.0
2158,3601,-0.07,0,0.5,0.0,0.0
2159,3601,-0.07,0,0.5,0.0,0.0
2160,3601,-0.07,0,0.5,0.0,0.0
2161,3601,-0.07,0,0.5,0.0,0.0
2162,3601,-0.07,0,0.5,0.0,0.0
2163,3601,-0.07,0,0.5,0.0,0.0
2164,3601,-0.07,0,0.5,0.0,0.0
2165,3601,-0.07,0,0.5,0.0,0.0
2166,3601,-0.07,0,0.5,0.0,0.0
2167,3601,-0.07,0,0.5,0.0,0.0
2168,3601,-0.07,0,0.5,0.0,0.0
2169,3601,-0.07,0,0.5,0.0,0.0
2170,3601,-0.07,0,0.5,0.0,0.0
2171,3601,-0.07,0,0.5,0.0,0.0
2172,3601,-0.07,0,0.5,0.0,0.0
2173,3601,-0.07,0,0.5,0.0,0.0
2174,3601,-0.07,0,0.5,0.0,0.0
2175,3601,-0.07,0,0.5,0.0,0.0
2176,3601,-0.07,0,0.5,0.0,0.0
2177,3601,-0.07,0,0.5,0.0,0.0
2178,3601,-0.07,0,0.5,0.0,0.0
2179,3601,-0.07,0,0.5,0.0,0.0
2180,3601,-0.07,0,0.5,0.0,0.0
2181,3601,-0.07,0,0.5,0.0,0.0
2182,3601,-0.07,0,0.5,0.0,0.0
2183,3601,-0.07,0,0.5,0.0,0.0
2184,3601,-0.07,0,0.5,0.0,0.0
2185,3601,-0.07,0,0.5,0.0,0.0
2186,3601,-0.07,0,0.5,0.0,0.0
2187,3601,-0.07,0,0.5,0.0,0.0
2188,3601,-0.07,0,0.5,0.0,0.0
2189,3601,-0.07,0,0.5,0.0,0.0
2190,3601,-0.07,0,0.5,0.0,0.0
2191,3601,-0.07,0,0.5,0.0,0.0
2192,3601,-0.07,0,0.5,0.0,0.0
2193,3601,-0.07,0,0.5,0.0,0.0
2194,3601,-0.07,0,0.5,0.0,0.0
2195,3601,-0.07,0,0.5,0.0,0.0
2196,3601,-0.07,0,0.5,0.0,0.0
2197,3601,-0.07,0,0.5,0.0,0.0
2198,3601,-0.07,0,0.5,0.0,0.0
2199,3601,-0.07,0,0.5,0.0,0.0
2200,3601,-0.07,0,0.5,0.0,0.0
2201,3601,-0.07,0,0.5,0.0,0.0
2202,3601,-0.07,0,0.5,0.0,0.0
2203,3601,-0.07,0,0.5,0.0,0.0
2204,3601,-0.07,0,0.5,0.0,0.0
2205,3601,-0.07,0,0.5,0.0,0.0
2206,3601,-0.07,0,0.5,0.0,0.0
2207,3601,-0.07,0,0.5,0.0,0.0
2208,3601,-0.07,0,0.5,0.0,0.0
2209,3601,-0.07,0,0.5,0.0,0.0
2210,3601,-0.07,0,0.5,0.0,0.0
2211,3601,-0.07,0,0.5,0.0,0.0
2212,3601,-0.07,0,0.5,0.0,0.0
2213,3601,-0.07,0,0.5,0.0,0.0
2214,3601,-0.07,0,0.5,0.0,0.0
2215,3601,-0.07,0,0.5,0.0,0.0
2216,3601,-0.07,0,0.5,0.0,0.0
2217,3601,-0.07,0,0.5,0.0,0.0
2218,3601,-0.07,0,0.5,0.0,0.0
2219,3601,-0.07,0,0.5,0.0,0.0
2220,3601,-0.07,0,0.5,0.0,0.0
2221,3601,-0.07,0,0.5,0.0,0.0
2222,3601,-0.07,0,0.5,0.0,0.0
2223,3601,-0.07,0,0.5,0.0,0.0
2224,3601,-0.07,0,0.5,0.0,0.0
2225,3601,-0.07,0,0.5,0.0,0.0
2226,3601,-0.07,0,0.5,0.0,0.0
2227,3601,-0.07,0,0.5,0.0,0.0
2228,3601,-0.07,0,0.5,0.0,0.0
2229,3601,-0.07,0,0.5,0.0,0.0
2230,3601,-0.07,0,0.5,0.0,0.0
2231,3601,-0.07,0,0.5,0.0,0.0
2232,3601,-0.07,0,0.5,0.0,0.0
2233,3601,-0.07,0,0.5,0.0,0.0
2234,3601,-0.07,0,0.5,0.0,0.0
2235,3601,-0.07,0,0.5,0.0,0.0
2236,3601,-0.07,0,0.5,0.0,0.0
2237,3601,-0.07,0,0.5,0.0,0.0
2238,3601,-0.07,0,0.5,0.0,0.0
2239,3601,-0.07,0,0.5,0.0,0.0
2240,3601,-0.07,0,0.5,0.0,0.0
2241,3601,-0.07,0,0.5,0.0,0.0
2242,3601,-0.07,0,0.5,0.0,0.0
2243,3601,-0.07,0,0.5,0.0,0.0
2244,3601,-0.07,0,0.5,0.0,0.0
2245,3601,-0.07,0,0.5,0.0,0.0
2246,3601,-0.07,0,0.5,0.0,0.0
2247,3601,-0.07,0,0.5,0.0,0.0
2248,3601,-0.07,0,0.5,0.0,0.0
2249,3601,-0.07,0,0.5,0.0,0.0
2250,3601,-0.07,0,0.5,0.0,0.0
2251,3601,-0.07,0,0.5,0.0,0.0
2252,3601,-0.07,0,0.5,0.0,0.0
2253,3601,-0.07,0,0.5,0.0,0.0
2254,3601,-0.07,0,0.5,0.0,0.0
2255,3601,-0.07,0,0.5,0.0,0.0
2256,3601,-0.07,0,0.5,0.0,0.0
2257,3601,-0.07,0,0.5,0.0,0.0
2258,3601,-0.07,0,0.5,0.0,0.0
2259,3601,-0.07,0,0.5,0.0,0.0
2260,3601,-0.07,0,0.5,0.0,0.0
2261,3601,-0.07,0,0.5,0.0,0.0
2262,3601,-0.07,0,0.5,0.0,0.0
2263,3601,-0.07,0,0.5,0.0,0.0
2264,3601,-0.07,0,0.5,0.0,0.0
2265,3601,-0.07,0,0.5,0.0,0.0
2266,3601,-0.07,0,0.5,0.0,0.0
2267,3601,-0.07,0,0.5,0.0,0.0
2268,3601,-0.07,0,0.5,0.0,0.0
2269,3601,-0.07,0,0.5,0.0,0.0
2270,3601,-0.07,0,0.5,0.0,0.0
2271,3601,-0.07,0,0.5,0.0,0.0
2272,3601,-0.07,0,0.5,0.0,0.0
2273,3601,-0.07,0,0.5,0.0,0.0
2274,3601,-0.07,0,0.5,0.0,0.0
2275,3601,-0.07,0,0.5,0.0,0.0
2276,3601,-0.07,0,0.5,0.0,0.0
2277,3601,-0.07,0,0.5,0.0,0.0
2278,3601,-0.07,0,0.5,0.0,0.0
2279,3601,-0.07,0,0.5,0.0,0.0
2280,3601,-0.07,0,0.5,0.0,0.0
2281,3601,-0.07,0,0.5,0.0,0.0
2282,3601,-0.07,0,0.5,0.0,0.0
2283,3601,-0.07,0,0.5,0.0,0.0
2284,3601,-0.07,0,0.5,0.0,0.0
2285,3601,-0.07,0,0.5,0.0,0.0
2286,3601,-0.07,0,0.5,0.0,0.0
2287,3601,-0.07,0,0.5,0.0,0.0
2288,3601,-0.07,0,0.5,0.0,0.0
2289,3601,-0.07,0,0.5,0.0,0.0
2290,3601,-0.07,0,0.5,0.0,0.0
2291,3601,-0.07,0,0.5,0.0,0.0
2292,3601,-0.07,0,0.5,0.0,0.0
2293,3601,-0.07,0,0.5,0.0,0.0
2294,3601,-0.07,0,0.5,0.0,0.0
2295,3601,-0.07,0,0.5,0.0,0.0
2296,3601,-0.07,0,0.5,0.0,0.0
2297,3601,-0.07,0,0.5,0.0,0.0
2298,3601,-0.07,0,0.5,0.0,0.0
2299,3601,-0.07,0,0.5,0.0,0.0
2300,3601,-0.07,0,0.5,0.0,0.0
2301,3601,-0.07,0,0.5,0.0,0.0
2302,3601,-0.07,0,0.5,0.0,0.0
2303,3601,-0.07,0,0.5,0.0,0.0
2304,3601,-0.07,0,0.5,0.0,0.0
2305,3601,-0.07,0,0.5,0.0,0.0
2306,3601,-0.07,0,0.5,0.0,0.0
2307,3601,-0.07,0,0.5,0.0,0.0
2308,3601,-0.07,0,0.5,0.0,0.0
2309,3601,-0.07,0,0.5,0.0,0.0
2310,3601,-0.07,0,0.5,0.0,0.0
2311,3601,-0.07,0,0.5,0.0,0.0
2312,3601,-0.07,0,0.5,0.0,0.0
2313,3601,-0.07,0,0.5,0.0,0.0
2314,3601,-0.07,0,0.5,0.0,0.0
2315,3601,-0.07,0,0.5,0.0,0.0
2316,3601,-0.07,0,0.5,0.0,0.0
2317,3601,-0.07,0,0.5,0.0,0.0
2318,3601,-0.07,0,0.5,0.0,0.0
2319,3601,-0.07,0,0.5,0.0,0.0
2320,3601,-0.07,0,0.5,0.0,0.0
2321,3601,-0.07,0,0.5,0.0,0.0
2322,3601,-0.07,0,0.5,0.0,0.0
2323,3601,-0.07,0,0.5,0.0,0.0
2324,3601,-0.07,0,0.5,0.0,0.0
2325,3601,-0.07,0,0.5,0.0,0.0
2326,3601,-0.07,0,0.5,0.0,0.0
2327,3601,-0.07,0,0.5,0.0,0.0
2328,3601,-0.07,0,0.5,0.0,0.0
2329,3601,-0.07,0,0.5,0.0,0.0
2330,3601,-0.07,0,0.5,0.0,0.0
2331,3601,-0.07,0,0.5,0.0,0.0
2332,3601,-0.07,0,0.5,0.0,0.0
2333,3601,-0.07,0,0.5,0.0,0.0
2334,3601,-0.07,0,0.5,0.0,0.0
2335,3601,-0.07,0,0.5,0.0,0.0
2336,3601,-0.07,0,0.5,0.0,0.0
2337,3601,-0.07,0,0.5,0.0,0.0
2338,3601,-0.07,0,0.5,0.0,0.0
2339,3601,-0.07,0,0.5,0.0,0.0
2340,3601,-0.07,0,0.5,0.0,0.0
2341,3601,-0.07,0,0.5,0.0,0.0
2342,3601,-0.07,0,0.5,0.0,0.0
2343,3601,-0.07,0,0.5,0.0,0.0
2344,3601,-0.07,0,0.5,0.0,0.0
2345,3601,-0.07,0,0.5,0.0,0.0
2346,3601,-0.07,0,0.5,0.0,0.0
2347,3601,-0.07,0,0.5,0.0,0.0
2348,3601,-0.07,0,0.5,0.0,0.0
2349,3601,-0.07,0,0.5,0.0,0.0
2350,3601,-0.07,0,0.5,0.0,0.0
2351,3601,-0.07,0,0.5,0.0,0.0
2352,3601,-0.07,0,0.5,0.0,0.0
2353,3601,-0.07,0,0.5,0.0,0.0
2354,3601,-0.07,0,0.5,0.0,0.0
2355,3601,-0.07,0,0.5,0.0,0.0
2356,3601,-0.07,0,0.5,0.0,0.0
2357,3601,-0.07,0,0.5,0.0,0.0
2358,3601,-0.07,0,0.5,0.0,0.0
2359,3601,-0.07,0,0.5,0.0,0.0
2360,3601,-0.07,0,0.5,0.0,0.0
2361,3601,-0.07,0,0.5,0.0,0.0
2362,3601,-0.07,0,0.5,0.0,0.0
2363,3601,-0.07,0,0.5,0.0,0.0
2364,3601,-0.07,0,0.5,0.0,0.0
2365,3601,-0.07,0,0.5,0.0,0.0
2366,3601,-0.07,0,0.5,0.0,0.0
2367,3601,-0.07,0,0.5,0.0,0.0
2368,3601,-0.07,0,0.5,0.0,0.0
2369,3601,-0.07,0,0.5,0.0,0.0
2370,3601,-0.07,0,0.5,0.0,0.0
2371,3601,-0.07,0,0.5,0.0,0.0
2372,3601,-0.07,0,0.5,0.0,0.0
2373,3601,-0.07,0,0.5,0.0,0.0
2374,3601,-0.07,0,0.5,0.0,0.0
2375,3601,-0.07,0,0.5,0.0,0.0
2376,3601,-0.07,0,0.5,0.0,0.0
2377,3601,-0.07,0,0.5,0.0,0.0
2378,3601,-0.07,0,0.5,0.0,0.0
2379,3601,-0.07,0,0.5,0.0,0.0
2380,3601,-0.07,0,0.5,0.0,0.0
2381,3601,-0.07,0,0.5,0.0,0.0
2382,3601,-0.07,0,0.5,0.0,0.0
2383,3601,-0.07,0,0.5,0.0,0.0
2384,3601,-0.07,0,0.5,0.0,0.0
2385,3601,-0.07,0,0.5,0.0,0.0
2386,3601,-0.07,0,0.5,0.0,0.0
2387,3601,-0.07,0,0.5,0.0,0.0
2388,3601,-0.07,0,0.5,0.0,0.0
2389,3601,-0.07,0,0.5,0.0,0.0
2390,3601,-0.07,0,0.5,0.0,0.0
2391,3601,-0.07,0,0.5,0.0,0.0
2392,3601,-0.07,0,0.5,0.0,0.0
2393,3601,-0.07,0,0.5,0.0,0.0
2394,3601,-0.07,0,0.5,0.0,0.0
2395,3601,-0.07,0,0.5,0.0,0.0
2396,3601,-0.07,0,0.5,0.0,0.0
2397,3601,-0.07,0,0.5,0.0,0.0
2398,3601,-0.07,0,0.5,0.0,0.0
2399,3601,-0.07,0,0.5,0.0,0.0
2400,3601,-0.07,0,0.5,0.0,0.0
2401,3601,-0.07,0,0.5,0.0,0.0
2402,3601,-0.07,0,0.5,0.0,0.0
2403,3601,-0.07,0,0.5,0.0,0.0
2404,3601,-0.07,0,0.5,0.0,0.0
2405,3601,-0.07,0,0.5,0.0,0.0
2406,3601,-0.07,0,0.5,0.0,0.0
2407,3601,-0.07,0,0.5,0.0,0.0
2408,3601,-0.07,0,0.5,0.0,0.0
2409,3601,-0.07,0,0.5,0.0,0.0
2410,3601,-0.07,0,0.5,0.0,0.0
2411,3601,-0.07,0,0.5,0.0,0.0
2412,3601,-0.07,0,0.5,0.0,0.0
2413,3601,-0.07,0,0.5,0.0,0.0
2414,3601,-0.07,0,0.5,0.0,0.0
2415,3601,-0.07,0,0.5,0.0,0.0
2416,3601,-0.07,0,0.5,0.0,0.0
2417,3601,-0.07,0,0.5,0.0,0.0
2418,3601,-0.07,0,0.5,0.0,0.0
2419,3601,-0.07,0,0.5,0.0,0.0
2420,3601,-0.07,0,0.5,0.0,0.0
2421,3601,-0.07,0,0.5,0.0,0.0
2422,3601,-0.07,0,0.5,0.0,0.0
2423,3601,-0.07,0,0.5,0.0,0.0
2424,3601,-0.07,0,0.5,0.0,0.0
2425,3601,-0.07,0,0.5,0.0,0.0
2426,3601,-0.07,0,0.5,0.0,0.0
2427,3601,-0.07,0,0.5,0.0,0.0
2428,3601,-0.07,0,0.5,0.0,0.0
2429,3601,-0.07,0,0.5,0.0,0.0
2430,3601,-0.07,0,0.5,0.0,0.0
2431,3601,-0.07,0,0.5,0.0,0.0
2432,3601,-0.07,0,0.5,0.0,0.0
2433,3601,-0.07,0,0.5,0.0,0.0
2434,3601,-0.07,0,0.5,0.0,0.0
2435,3601,-0.07,0,0.5,0.0,0.0
2436,3601,-0.07,0,0.5,0.0,0.0
2437,3601,-0.07,0,0.5,0.0,0.0
2438,3601,-0.07,0,0.5,0.0,0.0
2439,3601,-0.07,0,0.5,0.0,0.0
2440,3601,-0.07,0,0.5,0.0,0.0
2441,3601,-0.07,0,0.5,0.0,0.0
2442,3601,-0.07,0,0.5,0.0,0.0
2443,3601,-0.07,0,0.5,0.0,0.0
2444,3601,-0.07,0,0.5,0.0,0.0
2445,3601,-0.07,0,0.5,0.0,0.0
2446,3601,-0.07,0,0.5,0.0,0.0
2447,3601,-0.07,0,0.5,0.0,0.0
2448,3601,-0.07,0,0.5,0.0,0.0
2449,3601,-0.07,0,0.5,0.0,0.0
2450,3601,-0.07,0,0.5,0.0,0.0
2451,3601,-0.07,0,0.5,0.0,0.0
2452,3601,-0.07,0,0.5,0.0,0.0
2453,3601,-0.07,0,0.5,0.0,0.0
2454,3601,-0.07,0,0.5,0.0,0.0
2455,3601,-0.07,0,0.5,0.0,0.0
2456,3601,-0.07,0,0.5,0.0,0.0
2457,3601,-0.07,0,0.5,0.0,0.0
2458,3601,-0.07,0,0.5,0.0,0.0
2459,3601,-0.07,0,0.5,0.0,0.0
2460,3601,-0.07,0,0.5,0.0,0.0
2461,3601,-0.07,0,0.5,0.0,0.0
2462,3601,-0.07,0,0.5,0.0,0.0
2463,3601,-0.07,0,0.5,0.0,0.0
2464,3601,-0.07,0,0.5,0.0,0.0
2465,3601,-0.07,0,0.5,0.0,0.0
2466,3601,-0.07,0,0.5,0.0,0.0
2467,3601,-0.07,0,0.5,0.0,0.0
2468,3601,-0.07,0,0.5,0.0,0.0
2469,3601,-0.07,0,0.5,0.0,0.0
2470,3601,-0.07,0,0.5,0.0,0.0
2471,3601,-0.07,0,0.5,0.0,0.0
2472,3601,-0.07,0,0.5,0.0,0.0
2473,3601,-0.07,0,0.5,0.0,0.0
2474,3601,-0.07,0,0.5,0.0,0.0
2475,3601,-0.07,0,0.5,0.0,0.0
2476,3601,-0.07,0,0.5,0.0,0.0
2477,3601,-0.07,0,0.5,0.0,0.0
2478,3601,-0.07,0,0.5,0.0,0.0
2479,3601,-0.07,0,0.5,0.0,0.0
2480,3601,-0.07,0,0.5,0.0,0.0
2481,3601,-0.07,0,0.5,0.0,0.0
2482,3601,-0.07,0,0.5,0.0,0.0
2483,3601,-0.07,0,0.5,0.0,0.0
2484,3601,-0.07,0,0.5,0.0,0.0
2485,3601,-0.07,0,0.5,0.0,0.0
2486,3601,-0.07,0,0.5,0.0,0.0
2487,3601,-0.07,0,0.5,0.0,0.0
2488,3601,-0.07,0,0.5,0.0,0.0
2489,3601,-0.07,0,0.5,0.0,0.0
2490,3601,-0.07,0,0.5,0.0,0.0
2491,3601,-0.07,0,0.5,0.0,0.0
2492,3601,-0.07,0,0.5,0.0,0.0
2493,3601,-0.07,0,0.5,0.0,0.0
2494,3601,-0.07,0,0.5,0.0,0.0
2495,3601,-0.07,0,0.5,0.0,0.0
2496,3601,-0.07,0,0.5,0.0,0.0
2497,3601,-0.07,0,0.5,0.0,0.0
2498,3601,-0.07,0,0.5,0.0,0.0
2499,3601,-0.07,0,0.5,0.0,0.0
2500,3601,-0.07,0,0.5,0.0,0.0
2501,3601,-0.07,0,0.5,0.0,0.0
2502,3601,-0.07,0,0.5,0.0,0.0
2503,3601,-0.07,0,0.5,0.0,0.0
2504,3601,-0.07,0,0.5,0.0,0.0
2505,3601,-0.07,0,0.5,0.0,0.0
2506,3601,-0.07,0,0.5,0.0,0.0
2507,3601,-0.07,0,0.5,0.0,0.0
2508,3601,-0.07,0,0.5,0.0,0.0
2509,3601,-0.07,0,0.5,0.0,0.0
2510,3601,-0.07,0,0.5,0.0,0.0
2511,3601,-0.07,0,0.5,0.0,0.0
2512,3601,-0.07,0,0.5,0.0,0.0
2513,3601,-0.07,0,0.5,0.0,0.0
2514,3601,-0.07,0,0.5,0.0,0.0
2515,3601,-0.07,0,0.5,0.0,0.0
2516,3601,-0.07,0,0.5,0.0,0.0
2517,3601,-0.07,0,0.5,0.0,0.0
2518,3601,-0.07,0,0.5,0.0,0.0
2519,3601,-0.07,0,0.5,0.0,0.0
2520,3601,-0.07,0,0.5,0.0,0.0
2521,3601,-0.07,0,0.5,0.0,0.0
2522,3601,-0.07,0,0.5,0.0,0.0
2523,3601,-0.07,0,0.5,0.0,0.0
2524,3601,-0.07,0,0.5,0.0,0.0
2525,3601,-0.07,0,0.5,0.0,0.0
2526,3601,-0.07,0,0.5,0.0,0.0
2527,3601,-0.07,0,0.5,0.0,0.0
2528,3601,-0.07,0,0.5,0.0,0.0
2529,3601,-0.07,0,0.5,0.0,0.0
2530,3601,-0.07,0,0.5,0.0,0.0
2531,3601,-0.07,0,0.5,0.0,0.0
2532,3601,-0.07,0,0.5,0.0,0.0
2533,3601,-0.07,0,0.5,0.0,0.0
2534,3601,-0.07,0,0.5,0.0,0.0
2535,3601,-0.07,0,0.5,0.0,0.0
2536,3601,-0.07,0,0.5,0.0,0.0
2537,3601,-0.07,0,0.5,0.0,0.0
2538,3601,-0.07,0,0.5,0.0,0.0
2539,3601,-0.07,0,0.5,0.0,0.0
2540,3601,-0.07,0,0.5,0.0,0.0
2541,3601,-0.07,0,0.5,0.0,0.0
2542,3601,-0.07,0,0.5,0.0,0.0
2543,3601,-0.07,0,0.5,0.0,0.0
2544,3601,-0.07,0,0.5,0.0,0.0
2545,3601,-0.07,0,0.5,0.0,0.0
2546,3601,-0.07,0,0.5,0.0,0.0
2547,3601,-0.07,0,0.5,0.0,0.0
2548,3601,-0.07,0,0.5,0.0,0.0
2549,3601,-0.07,0,0.5,0.0,0.0
2550,3601,-0.07,0,0.5,0.0,0.0
2551,3601,-0.07,0,0.5,0.0,0.0
2552,3601,-0.07,0,0.5,0.0,0.0
2553,3601,-0.07,0,0.5,0.0,0.0
2554,3601,-0.07,0,0.5,0.0,0.0
2555,3601,-0.07,0,0.5,0.0,0.0
2556,3601,-0.07,0,0.5,0.0,0.0
2557,3601,-0.07,0,0.5,0.0,0.0
2558,3601,-0.07,0,0.5,0.0,0.0
2559,3601,-0.07,0,0.5,0.0,0.0
2560,3601,-0.07,0,0.5,0.0,0.0
2561,3601,-0.07,0,0.5,0.0,0.0
2562,3601,-0.07,0,0.5,0.0,0.0
2563,3601,-0.07,0,0.5,0.0,0.0
2564,3601,-0.07,0,0.5,0.0,0.0
2565,3601,-0.07,0,0.5,0.0,0.0
2566,3601,-0.07,0,0.5,0.0,0.0
2567,3601,-0.07,0,0.5,0.0,0.0
2568,3601,-0.07,0,0.5,0.0,0.0
2569,3601,-0.07,0,0.5,0.0,0.0
2570,3601,-0.07,0,0.5,0.0,0.0
2571,3601,-0.07,0,0.5,0.0,0.0
2572,3601,-0.07,0,0.5,0.0,0.0
2573,3601,-0.07,0,0.5,0.0,0.0
2574,3601,-0.07,0,0.5,0.0,0.0
2575,3601,-0.07,0,0.5,0.0,0.0
2576,3601,-0.07,0,0.5,0.0,0.0
2577,3601,-0.07,0,0.5,0.0,0.0
2578,3601,-0.07,0,0.5,0.0,0.0
2579,3601,-0.07,0,0.5,0.0,0.0
2580,3601,-0.07,0,0.5,0.0,0.0
2581,3601,-0.07,0,0.5,0.0,0.0
2582,3601,-0.07,0,0.5,0.0,0.0
2583,3601,-0.07,0,0.5,0.0,0.0
2584,3601,-0.07,0,0.5,0.0,0.0
2585,3601,-0.07,0,0.5,0.0,0.0
2586,3601,-0.07,0,0.5,0.0,0.0
2587,3601,-0.07,0,0.5,0.0,0.0
2588,3601,-0.07,0,0.5,0.0,0.0
2589,3601,-0.07,0,0.5,0.0,0.0
2590,3601,-0.07,0,0.5,0.0,0.0
2591,3601,-0.07,0,0.5,0.0,0.0
2592,3601,-0.07,0,0.5,0.0,0.0
2593,3601,-0.07,0,0.5,0.0,0.0
2594,3601,-0.07,0,0.5,0.0,0.0
2595,3601,-0.07,0,0.5,0.0,0.0
2596,3601,-0.07,0,0.5,0.0,0.0
2597,3601,-0.07,0,0.5,0.0,0.0
2598,3601,-0.07,0,0.5,0.0,0.0
2599,3601,-0.07,0,0.5,0.0,0.0
2600,3601,-0.07,0,0.5,0.0,0.0
2601,3601,-0.07,0,0.5,0.0,0.0
2602,3601,-0.07,0,0.5,0.0,0.0
2603,3601,-0.07,0,0.5,0.0,0.0
2604,3601,-0.07,0,0.5,0.0,0.0
2605,3601,-0.07,0,0.5,0.0,0.0
2606,3601,-0.07,0,0.5,0.0,0.0
2607,3601,-0.07,0,0.5,0.0,0.0
2608,3601,-0.07,0,0.5,0.0,0.0
2609,3601,-0.07,0,0.5,0.0,0.0
2610,3601,-0.07,0,0.5,0.0,0.0
2611,3601,-0.07,0,0.5,0.0,0.0
2612,3601,-0.07,0,0.5,0.0,0.0
2613,3601,-0.07,0,0.5,0.0,0.0
2614,3601,-0.07,0,0.5,0.0,0.0
2615,3601,-0.07,0,0.5,0.0,0.0
2616,3601,-0.07,0,0.5,0.0,0.0
2617,3601,-0.07,0,0.5,0.0,0.0
2618,3601,-0.07,0,0.5,0.0,0.0
2619,3601,-0.07,0,0.5,0.0,0.0
2620,3601,-0.07,0,0.5,0.0,0.0
2621,3601,-0.07,0,0.5,0.0,0.0
2622,3601,-0.07,0,0.5,0.0,0.0
2623,3601,-0.07,0,0.5,0.0,0.0
2624,3601,-0.07,0,0.5,0.0,0.0
2625,3601,-0.07,0,0.5,0.0,0.0
2626,3601,-0.07,0,0.5,0.0,0.0
2627,3601,-0.07,0,0.5,0.0,0.0
2628,3601,-0.07,0,0.5,0.0,0.0
2629,3601,-0.07,0,0.5,0.0,0.0
2630,3601,-0.07,0,0.5,0.0,0.0
2631,3601,-0.07,0,0.5,0.0,0.0
2632,3601,-0.07,0,0.5,0.0,0.0
2633,3601,-0.07,0,0.5,0.0,0.0
2634,3601,-0.07,0,0.5,0.0,0.0
2635,3601,-0.07,0,0.5,0.0,0.0
2636,3601,-0.07,0,0.5,0.0,0.0
2637,3601,-0.07,0,0.5,0.0,0.0
2638,3601,-0.07,0,0.5,0.0,0.0
2639,3601,-0.07,0,0.5,0.0,0.0
2640,3601,-0.07,0,0.5,0.0,0.0
2641,3601,-0.07,0,0.5,0.0,0.0
2642,3601,-0.07,0,0.5,0.0,0.0
2643,3601,-0.07,0,0.5,0.0,0.0
2644,3601,-0.07,0,0.5,0.0,0.0
2645,3601,-0.07,0,0.5,0.0,0.0
2646,3601,-0.07,0,0.5,0.0,0.0
2647,3601,-0.07,0,0.5,0.0,0.0
2648,3601,-0.07,0,0.5,0.0,0.0
2649,3601,-0.07,0,0.5,0.0,0.0
2650,3601,-0.07,0,0.5,0.0,0.0
2651,3601,-0.07,0,0.5,0.0,0.0
2652,3601,-0.07,0,0.5,0.0,0.0
2653,3601,-0.07,0,0.5,0.0,0.0
2654,3601,-0.07,0,0.5,0.0,0.0
2655,3601,-0.07,0,0.5,0.0,0.0
2656,3601,-0.07,0,0.5,0.0,0.0
2657,3601,-0.07,0,0.5,0.0,0.0
2658,3601,-0.07,0,0.5,0.0,0.0
2659,3601,-0.07,0,0.5,0.0,0.0
2660,3601,-0.07,0,0.5,0.0,0.0
2661,3601,-0.07,0,0.5,0.0,0.0
2662,3601,-0.07,0,0.5,0.0,0.0
2663,3601,-0.07,0,0.5,0.0,0.0
2664,3601,-0.07,0,0.5,0.0,0.0
2665,3601,-0.07,0,0.5,0.0,0.0
2666,3601,-0.07,0,0.5,0.0,0.0
2667,3601,-0.07,0,0.5,0.0,0.0
2668,3601,-0.07,0,0.5,0.0,0.0
2669,3601,-0.07,0,0.5,0.0,0.0
2670,3601,-0.07,0,0.5,0.0,0.0
2671,3601,-0.07,0,0.5,0.0,0.0
2672,3601,-0.07,0,0.5,0.0,0.0
2673,3601,-0.07,0,0.5,0.0,0.0
2674,3601,-0.07,0,0.5,0.0,0.0
2675,3601,-0.07,0,0.5,0.0,0.0
2676,3601,-0.07,0,0.5,0.0,0.0
2677,3601,-0.07,0,0.5,0.0,0.0
2678,3601,-0.07,0,0.5,0.0,0.0
2679,3601,-0.07,0,0.5,0.0,0.0
2680,3601,-0.07,0,0.5,0.0,0.0
2681,3601,-0.07,0,0.5,0.0,0.0
2682,3601,-0.07,0,0.5,0.0,0.0
2683,3601,-0.07,0,0.5,0.0,0.0
2684,3601,-0.07,0,0.5,0.0,0.0
2685,3601,-0.07,0,0.5,0.0,0.0
2686,3601,-0.07,0,0.5,0.0,0.0
2687,3601,-0.07,0,0.5,0.0,0.0
2688,3601,-0.07,0,0.5,0.0,0.0
2689,3601,-0.07,0,0.5,0.0,0.0
2690,3601,-0.07,0,0.5,0.0,0.0
2691,3601,-0.07,0,0.5,0.0,0.0
2692,3601,-0.07,0,0.5,0.0,0.0
2693,3601,-0.07,0,0.5,0.0,0.0
2694,3601,-0.07,0,0.5,0.0,0.0
2695,3601,-0.07,0,0.5,0.0,0.0
2696,3601,-0.07,0,0.5,0.0,0.0
2697,3601,-0.07,0,0.5,0.0,0.0
2698,3601,-0.07,0,0.5,0.0,0.0
2699,3601,-0.07,0,0.5,0.0,0.0
2700,3601,-0.07,0,0.5,0.0,0.0
2701,3601,-0.07,0,0.5,0.0,0.0
2702,3601,-0.07,0,0.5,0.0,0.0
2703,3601,-0.07,0,0.5,0.0,0.0
2704,3601,-0.07,0,0.5,0.0,0.0
2705,3601,-0.07,0,0.5,0.0,0.0
2706,3601,-0.07,0,0.5,0.0,0.0
2707,3601,-0.07,0,0.5,0.0,0.0
2708,3601,-0.07,0,0.5,0.0,0.0
2709,3601,-0.07,0,0.5,0.0,0.0
2710,3601,-0.07,0,0.5,0.0,0.0
2711,3601,-0.07,0,0.5,0.0,0.0
2712,3601,-0.07,0,0.5,0.0,0.0
2713,3601,-0.07,0,0.5,0.0,0.0
2714,3601,-0.07,0,0.5,0.0,0.0
2715,3601,-0.07,0,0.5,0.0,0.0
2716,3601,-0.07,0,0.5,0.0,0.0
2717,3601,-0.07,0,0.5,0.0,0.0
2718,3601,-0.07,0,0.5,0.0,0.0
2719,3601,-0.07,0,0.5,0.0,0.0
2720,3601,-0.07,0,0.5,0.0,0.0
2721,3601,-0.07,0,0.5,0.0,0.0
2722,3601,-0.07,0,0.5,0.0,0.0
2723,3601,-0.07,0,0.5,0.0,0.0
2724,3601,-0.07,0,0.5,0.0,0.0
2725,3601,-0.07,0,0.5,0.0,0.0
2726,3601,-0.07,0,0.5,0.0,0.0
2727,3601,-0.07,0,0.5,0.0,0.0
2728,3601,-0.07,0,0.5,0.0,0.0
2729,3601,-0.07,0,0.5,0.0,0.0
2730,3601,-0.07,0,0.5,0.0,0.0
2731,3601,-0.07,0,0.5,0.0,0.0
2732,3601,-0.07,0,0.5,0.0,0.0
2733,3601,-0.07,0,0.5,0.0,0.0
2734,3601,-0.07,0,0.5,0.0,0.0
2735,3601,-0.07,0,0.5,0.0,0.0
2736,3601,-0.07,0,0.5,0.0,0.0
2737,3601,-0.07,0,0.5,0.0,0.0
2738,3601,-0.07,0,0.5,0.0,0.0
2739,3601,-0.07,0,0.5,0.0,0.0
2740,3601,-0.07,0,0.5,0.0,0.0
2741,3601,-0.07,0,0.5,0.0,0.0
2742,3601,-0.07,0,0.5,0.0,0.0
2743,3601,-0.07,0,0.5,0.0,0.0
2744,3601,-0.07,0,0.5,0.0,0.0
2745,3601,-0.07,0,0.5,0.0,0.0
2746,3601,-0.07,0,0.5,0.0,0.0
2747,3601,-0.07,0,0.5,0.0,0.0
2748,3601,-0.07,0,0.5,0.0,0.0
2749,3601,-0.07,0,0.5,0.0,0.0
2750,3601,-0.07,0,0.5,0.0,0.0
2751,3601,-0.07,0,0.5,0.0,0.0
2752,3601,-0.07,0,0.5,0.0,0.0
2753,3601,-0.07,0,0.5,0.0,0.0
2754,3601,-0.07,0,0.5,0.0,0.0
2755,3601,-0.07,0,0.5,0.0,0.0
2756,3601,-0.07,0,0.5,0.0,0.0
2757,3601,-0.07,0,0.5,0.0,0.0
2758,3601,-0.07,0,0.5,0.0,0.0
2759,3601,-0.07,0,0.5,0.0,0.0
2760,3601,-0.07,0,0.5,0.0,0.0
2761,3601,-0.07,0,0.5,0.0,0.0
2762,3601,-0.07,0,0.5,0.0,0.0
2763,3601,-0.07,0,0.5,0.0,0.0
2764,3601,-0.07,0,0.5,0.0,0.0
2765,3601,-0.07,0,0.5,0.0,0.0
2766,3601,-0.07,0,0.5,0.0,0.0
2767,3601,-0.07,0,0.5,0.0,0.0
2768,3601,-0.07,0,0.5,0.0,0.0
2769,3601,-0.07,0,0.5,0.0,0.0
2770,3601,-0.07,0,0.5,0.0,0.0
2771,3601,-0.07,0,0.5,0.0,0.0
2772,3601,-0.07,0,0.5,0.0,0.0
2773,3601,-0.07,0,0.5,0.0,0.0
2774,3601,-0.07,0,0.5,0.0,0.0
2775,3601,-0.07,0,0.5,0.0,0.0
2776,3601,-0.07,0,0.5,0.0,0.0
2777,3601,-0.07,0,0.5,0.0,0.0
2778,3601,-0.07,0,0.5,0.0,0.0
2779,3601,-0.07,0,0.5,0.0,0.0
2780,3601,-0.07,0,0.5,0.0,0.0
2781,3601,-0.07,0,0.5,0.0,0.0
2782,3601,-0.07,0,0.5,0.0,0.0
2783,3601,-0.07,0,0.5,0.0,0.0
2784,3601,-0.07,0,0.5,0.0,0.0
2785,3601,-0.07,0,0.5,0.0,0.0
2786,3601,-0.07,0,0.5,0.0,0.0
2787,3601,-0.07,0,0.5,0.0,0.0
2788,3601,-0.07,0,0.5,0.0,0.0
2789,3601,-0.07,0,0.5,0.0,0.0
2790,3601,-0.07,0,0.5,0.0,0.0
2791,3601,-0.07,0,0.5,0.0,0.0
2792,3601,-0.07,0,0.5,0.0,0.0
2793,3601,-0.07,0,0.5,0.0,0.0
2794,3601,-0.07,0,0.5,0.0,0.0
2795,3601,-0.07,0,0.5,0.0,0.0
2796,3601,-0.07,0,0.5,0.0,0.0
2797,3601,-0.07,0,0.5,0.0,0.0
2798,3601,-0.07,0,0.5,0.0,0.0
2799,3601,-0.07,0,0.5,0.0,0.0
2800,3601,-0.07,0,0.5,0.0,0.0
2801,3601,-0.07,0,0.5,0.0,0.0
2802,3601,-0.07,0,0.5,0.0,0.0
2803,3601,-0.07,0,0.5,0.0,0.0
2804,3601,-0.07,0,0.5,0.0,0.0
2805,3601,-0.07,0,0.5,0.0,0.0
2806,3601,-0.07,0,0.5,0.0,0.0
2807,3601,-0.07,0,0.5,0.0,0.0
2808,3601,-0.07,0,0.5,0.0,0.0
2809,3601,-0.07,0,0.5,0.0,0.0
2810,3601,-0.07,0,0.5,0.0,0.0
2811,3601,-0.07,0,0.5,0.0,0.0
2812,3601,-0.07,0,0.5,0.0,0.0
2813,3601,-0.07,0,0.5,0.0,0.0
2814,3601,-0.07,0,0.5,0.0,0.0
2815,3601,-0.07,0,0.5,0.0,0.0
2816,3601,-0.07,0,0.5,0.0,0.0
2817,3601,-0.07,0,0.5,0.0,0.0
2818,3601,-0.07,0,0.5,0.0,0.0
2819,3601,-0.07,0,0.5,0.0,0.0
2820,3601,-0.07,0,0.5,0.0,0.0
2821,3601,-0.07,0,0.5,0.0,0.0
2822,3601,-0.07,0,0.5,0.0,0.0
2823,3601,-0.07,0,0.5,0.0,0.0
2824,3601,-0.07,0,0.5,0.0,0.0
2825,3601,-0.07,0,0.5,0.0,0.0
2826,3601,-0.07,0,0.5,0.0,0.0
2827,3601,-0.07,0,0.5,0.0,0.0
2828,3601,-0.07,0,0.5,0.0,0.0
2829,3601,-0.07,0,0.5,0.0,0.0
2830,3601,-0.07,0,0.5,0.0,0.0
2831,3601,-0.07,0,0.5,0.0,0.0
2832,3601,-0.07,0,0.5,0.0,0.0
2833,3601,-0.07,0,0.5,0.0,0.0
2834,3601,-0.07,0,0.5,0.0,0.0
2835,3601,-0.07,0,0.5,0.0,0.0
2836,3601,-0.07,0,0.5,0.0,0.0
2837,3601,-0.07,0,0.5,0.0,0.0
2838,3601,-0.07,0,0.5,0.0,0.0
2839,3601,-0.07,0,0.5,0.0,0.0
2840,3601,-0.07,0,0.5,0.0,0.0
2841,3601,-0.07,0,0.5,0.0,0.0
2842,3601,-0.07,0,0.5,0.0,0.0
2843,3601,-0.07,0,0.5,0.0,0.0
2844,3601,-0.07,0,0.5,0.0,0.0
2845,3601,-0.07,0,0.5,0.0,0.0
2846,3601,-0.07,0,0.5,0.0,0.0
2847,3601,-0.07,0,0.5,0.0,0.0
2848,3601,-0.07,0,0.5,0.0,0.0
2849,3601,-0.07,0,0.5,0.0,0.0
2850,3601,-0.07,0,0.5,0.0,0.0
2851,3601,-0.07,0,0.5,0.0,0.0
2852,3601,-0.07,0,0.5,0.0,0.0
2853,3601,-0.07,0,0.5,0.0,0.0
2854,3601,-0.07,0,0.5,0.0,0.0
2855,3601,-0.07,0,0.5,0.0,0.0
2856,3601,-0.07,0,0.5,0.0,0.0
2857,3601,-0.07,0,0.5,0.0,0.0
2858,3601,-0.07,0,0.5,0.0,0.0
2859,3601,-0.07,0,0.5,0.0,0.0
2860,3601,-0.07,0,0.5,0.0,0.0
2861,3601,-0.07,0,0.5,0.0,0.0
2862,3601,-0.07,0,0.5,0.0,0.0
2863,3601,-0.07,0,0.5,0.0,0.0
2864,3601,-0.07,0,0.5,0.0,0.0
2865,3601,-0.07,0,0.5,0.0,0.0
2866,3601,-0.07,0,0.5,0.0,0.0
2867,3601,-0.07,0,0.5,0.0,0.0
2868,3601,-0.07,0,0.5,0.0,0.0
2869,3601,-0.07,0,0.5,0.0,0.0
2870,3601,-0.07,0,0.5,0.0,0.0
2871,3601,-0.07,0,0.5,0.0,0.0
2872,3601,-0.07,0,0.5,0.0,0.0
2873,3601,-0.07,0,0.5,0.0,0.0
2874,3601,-0.07,0,0.5,0.0,0.0
2875,3601,-0.07,0,0.5,0.0,0.0
2876,3601,-0.07,0,0.5,0.0,0.0
2877,3601,-0.07,0,0.5,0.0,0.0
2878,3601,-0.07,0,0.5,0.0,0.0
2879,3601,-0.07,0,0.5,0.0,0.0
2880,3601,-0.07,0,0.5,0.0,0.0
2881,3601,-0.07,0,0.5,0.0,0.0
2882,3601,-0.07,0,0.5,0.0,0.0
2883,3601,-0.07,0,0.5,0.0,0.0
2884,3601,-0.07,0,0.5,0.0,0.0
2885,3601,-0.07,0,0.5,0.0,0.0
2886,3601,-0.07,0,0.5,0.0,0.0
2887,3601,-0.07,0,0.5,0.0,0.0
2888,3601,-0.07,0,0.5,0.0,0.0
2889,3601,-0.07,0,0.5,0.0,0.0
2890,3601,-0.07,0,0.5,0.0,0.0
2891,3601,-0.07,0,0.5,0.0,0.0
2892,3601,-0.07,0,0.5,0.0,0.0
2893,3601,-0.07,0,0.5,0.0,0.0
2894,3601,-0.07,0,0.5,0.0,0.0
2895,3601,-0.07,0,0.5,0.0,0.0
2896,3601,-0.07,0,0.5,0.0,0.0
2897,3601,-0.07,0,0.5,0.0,0.0
2898,3601,-0.07,0,0.5,0.0,0.0
2899,3601,-0.07,0,0.5,0.0,0.0
2900,3601,-0.07,0,0.5,0.0,0.0
2901,3601,-0.07,0,0.5,0.0,0.0
2902,3601,-0.07,0,0.5,0.0,0.0
2903,3601,-0.07,0,0.5,0.0,0.0
2904,3601,-0.07,0,0.5,0.0,0.0
2905,3601,-0.07,0,0.5,0.0,0.0
2906,3601,-0.07,0,0.5,0.0,0.0
2907,3601,-0.07,0,0.5,0.0,0.0
2908,3601,-0.07,0,0.5,0.0,0.0
2909,3601,-0.07,0,0.5,0.0,0.0
2910,3601,-0.07,0,0.5,0.0,0.0
2911,3601,-0.07,0,0.5,0.0,0.0
2912,3601,-0.07,0,0.5,0.0,0.0
2913,3601,-0.07,0,0.5,0.0,0.0
2914,3601,-0.07,0,0.5,0.0,0.0
2915,3601,-0.07,0,0.5,0.0,0.0
2916,3601,-0.07,0,0.5,0.0,0.0
2917,3601,-0.07,0,0.5,0.0,0.0
2918,3601,-0.07,0,0.5,0.0,0.0
2919,3601,-0.07,0,0.5,0.0,0.0
2920,3601,-0.07,0,0.5,0.0,0.0
2921,3601,-0.07,0,0.5,0.0,0.0
2922,3601,-0.07,0,0.5,0.0,0.0
2923,3601,-0.07,0,0.5,0.0,0.0
2924,3601,-0.07,0,0.5,0.0,0.0
2925,3601,-0.07,0,0.5,0.0,0.0
2926,3601,-0.07,0,0.5,0.0,0.0
2927,3601,-0.07,0,0.5,0.0,0.0
2928,3601,-0.07,0,0.5,0.0,0.0
2929,3601,-0.07,0,0.5,0.0,0.0
2930,3601,-0.07,0,0.5,0.0,0.0
2931,3601,-0.07,0,0.5,0.0,0.0
2932,3601,-0.07,0,0.5,0.0,0.0
2933,3601,-0.07,0,0.5,0.0,0.0
2934,3601,-0.07,0,0.5,0.0,0.0
2935,3601,-0.07,0,0.5,0.0,0.0
2936,3601,-0.07,0,0.5,0.0,0.0
2937,3601,-0.07,0,0.5,0.0,0.0
2938,3601,-0.07,0,0.5,0.0,0.0
2939,3601,-0.07,0,0.5,0.0,0.0
2940,3601,-0.07,0,0.5,0.0,0.0
2941,3601,-0.07,0,0.5,0.0,0.0
2942,3601,-0.07,0,0.5,0.0,0.0
2943,3601,-0.07,0,0.5,0.0,0.0
2944,3601,-0.07,0,0.5,0.0,0.0
2945,3601,-0.07,0,0.5,0.0,0.0
2946,3601,-0.07,0,0.5,0.0,0.0
2947,3601,-0.07,0,0.5,0.0,0.0
2948,3601,-0.07,0,0.5,0.0,0.0
2949,3601,-0.07,0,0.5,0.0,0.0
2950,3601,-0.07,0,0.5,0.0,0.0
2951,3601,-0.07,0,0.5,0.0,0.0
2952,3601,-0.07,0,0.5,0.0,0.0
2953,3601,-0.07,0,0.5,0.0,0.0
2954,3601,-0.07,0,0.5,0.0,0.0
2955,3601,-0.07,0,0.5,0.0,0.0
2956,3601,-0.07,0,0.5,0.0,0.0
2957,3601,-0.07,0,0.5,0.0,0.0
2958,3601,-0.07,0,0.5,0.0,0.0
2959,3601,-0.07,0,0.5,0.0,0.0
2960,3601,-0.07,0,0.5,0.0,0.0
2961,3601,-0.07,0,0.5,0.0,0.0
2962,3601,-0.07,0,0.5,0.0,0.0
2963,3601,-0.07,0,0.5,0.0,0.0
2964,3601,-0.07,0,0.5,0.0,0.0
2965,3601,-0.07,0,0.5,0.0,0.0
2966,3601,-0.07,0,0.5,0.0,0.0
2967,3601,-0.07,0,0.5,0.0,0.0
2968,3601,-0.07,0,0.5,0.0,0.0
2969,3601,-0.07,0,0.5,0.0,0.0
2970,3601,-0.07,0,0.5,0.0,0.0
2971,3601,-0.07,0,0.5,0.0,0.0
2972,3601,-0.07,0,0.5,0.0,0.0
2973,3601,-0.07,0,0.5,0.0,0.0
2974,3601,-0.07,0,0.5,0.0,0.0
2975,3601,-0.07,0,0.5,0.0,0.0
2976,3601,-0.07,0,0.5,0.0,0.0
2977,3601,-0.07,0,0.5,0.0,0.0
2978,3601,-0.07,0,0.5,0.0,0.0
2979,3601,-0.07,0,0.5,0.0,0.0
2980,3601,-0.07,0,0.5,0.0,0.0
2981,3601,-0.07,0,0.5,0.0,0.0
2982,3601,-0.07,0,0.5,0.0,0.0
2983,3601,-0.07,0,0.5,0.0,0.0
2984,3601,-0.07,0,0.5,0.0,0.0
2985,3601,-0.07,0,0.5,0.0,0.0
2986,3601,-0.07,0,0.5,0.0,0.0
2987,3601,-0.07,0,0.5,0.0,0.0
2988,3601,-0.07,0,0.5,0.0,0.0
2989,3601,-0.07,0,0.5,0.0,0.0
2990,3601,-0.07,0,0.5,0.0,0.0
2991,3601,-0.07,0,0.5,0.0,0.0
2992,3601,-0.07,0,0.5,0.0,0.0
2993,3601,-0.07,0,0.5,0.0,0.0
2994,3601,-0.07,0,0.5,0.0,0.0
2995,3601,-0.07,0,0.5,0.0,0.0
2996,3601,-0.07,0,0.5,0.0,0.0
2997,3601,-0.07,0,0.5,0.0,0.0
2998,3601,-0.07,0,0.5,0.0,0.0
2999,3601,-0.07,0,0.5,0.0,0.0
3000,3601,-0.07,0,0.5,0.0,0.0
3001,3601,-0.07,0,0.5,0.0,0.0
3002,3601,-0.07,0,0.5,0.0,0.0
3003,3601,-0.07,0,0.5,0.0,0.0
3004,3601,-0.07,0,0.5,0.0,0.0
3005,3601,-0.07,0,0.5,0.0,0.0
3006,3601,-0.07,0,0.5,0.0,0.0
3007,3601,-0.07,0,0.5,0.0,0.0
3008,3601,-0.07,0,0.5,0.0,0.0
3009,3601,-0.07,0,0.5,0.0,0.0
