TIME,PULSES,CONTROLLERVOLTAGE,CONTROLLER,KP,TAUD,TAUI 
NEXT EXPERIMENT0,0.0,-0.3927,1.0,1.5,0.01,0.0
1,0.0,-0.3927,1.0,1.5,0.01,0.0
2,0.0,-0.3927,1.0,1.5,0.01,0.0
3,0.0,-0.3927,1.0,1.5,0.01,0.0
4,0.0,-0.3927,1.0,1.5,0.01,0.0
5,0.0,-0.3927,1.0,1.5,0.01,0.0
6,0.0,-0.3927,1.0,1.5,0.01,0.0
7,0.0,-0.3927,1.0,1.5,0.01,0.0
8,0.0,-0.3927,1.0,1.5,0.01,0.0
9,0.0,-0.3927,1.0,1.5,0.01,0.0
10,0.0,706.8584,1.0,1.5,0.01,0.0
11,0.0,706.8584,1.0,1.5,0.01,0.0
12,0.0,706.8584,1.0,1.5,0.01,0.0
13,0.0,706.8584,1.0,1.5,0.01,0.0
14,0.0,706.8584,1.0,1.5,0.01,0.0
15,1.0,706.8584,1.0,1.5,0.01,0.0
16,2.0,706.8584,1.0,1.5,0.01,0.0
17,2.0,706.8584,1.0,1.5,0.01,0.0
18,3.0,706.8584,1.0,1.5,0.01,0.0
19,4.0,706.8584,1.0,1.5,0.01,0.0
20,5.0,705.2876,1.0,1.5,0.01,0.0
21,7.0,705.2876,1.0,1.5,0.01,0.0
22,8.0,705.2876,1.0,1.5,0.01,0.0
23,9.0,705.2876,1.0,1.5,0.01,0.0
24,11.0,705.2876,1.0,1.5,0.01,0.0
25,13.0,705.2876,1.0,1.5,0.01,0.0
26,14.0,705.2876,1.0,1.5,0.01,0.0
27,16.0,705.2876,1.0,1.5,0.01,0.0
28,18.0,705.2876,1.0,1.5,0.01,0.0
29,20.0,705.2876,1.0,1.5,0.01,0.0
30,22.0,699.7898,1.0,1.5,0.01,0.0
31,24.0,699.7898,1.0,1.5,0.01,0.0
32,27.0,699.7898,1.0,1.5,0.01,0.0
33,29.0,699.7898,1.0,1.5,0.01,0.0
34,31.0,699.7898,1.0,1.5,0.01,0.0
35,34.0,699.7898,1.0,1.5,0.01,0.0
36,36.0,699.7898,1.0,1.5,0.01,0.0
37,39.0,699.7898,1.0,1.5,0.01,0.0
38,41.0,699.7898,1.0,1.5,0.01,0.0
39,44.0,699.7898,1.0,1.5,0.01,0.0
40,47.0,693.5066,1.0,1.5,0.01,0.0
41,49.0,693.5066,1.0,1.5,0.01,0.0
42,52.0,693.5066,1.0,1.5,0.01,0.0
43,55.0,693.5066,1.0,1.5,0.01,0.0
44,58.0,693.5066,1.0,1.5,0.01,0.0
45,61.0,693.5066,1.0,1.5,0.01,0.0
46,64.0,693.5066,1.0,1.5,0.01,0.0
47,67.0,693.5066,1.0,1.5,0.01,0.0
48,70.0,693.5066,1.0,1.5,0.01,0.0
49,73.0,693.5066,1.0,1.5,0.01,0.0
50,76.0,686.8307,1.0,1.5,0.01,0.0
51,79.0,686.8307,1.0,1.5,0.01,0.0
52,82.0,686.8307,1.0,1.5,0.01,0.0
53,86.0,686.8307,1.0,1.5,0.01,0.0
54,89.0,686.8307,1.0,1.5,0.01,0.0
55,92.0,686.8307,1.0,1.5,0.01,0.0
56,96.0,686.8307,1.0,1.5,0.01,0.0
57,99.0,686.8307,1.0,1.5,0.01,0.0
58,102.0,686.8307,1.0,1.5,0.01,0.0
59,106.0,686.8307,1.0,1.5,0.01,0.0
60,109.0,679.5658,1.0,1.5,0.01,0.0
61,112.0,679.5658,1.0,1.5,0.01,0.0
62,116.0,679.5658,1.0,1.5,0.01,0.0
63,119.0,679.5658,1.0,1.5,0.01,0.0
64,123.0,679.5658,1.0,1.5,0.01,0.0
65,126.0,679.5658,1.0,1.5,0.01,0.0
66,130.0,679.5658,1.0,1.5,0.01,0.0
67,133.0,679.5658,1.0,1.5,0.01,0.0
68,137.0,679.5658,1.0,1.5,0.01,0.0
69,141.0,679.5658,1.0,1.5,0.01,0.0
70,145.0,672.3008,1.0,1.5,0.01,0.0
71,149.0,672.3008,1.0,1.5,0.01,0.0
72,153.0,672.3008,1.0,1.5,0.01,0.0
73,156.0,672.3008,1.0,1.5,0.01,0.0
74,160.0,672.3008,1.0,1.5,0.01,0.0
75,165.0,672.3008,1.0,1.5,0.01,0.0
76,168.0,672.3008,1.0,1.5,0.01,0.0
77,172.0,672.3008,1.0,1.5,0.01,0.0
78,176.0,672.3008,1.0,1.5,0.01,0.0
79,179.0,672.3008,1.0,1.5,0.01,0.0
80,183.0,663.8578,1.0,1.5,0.01,0.0
81,187.0,663.8578,1.0,1.5,0.01,0.0
82,191.0,663.8578,1.0,1.5,0.01,0.0
83,195.0,663.8578,1.0,1.5,0.01,0.0
84,199.0,663.8578,1.0,1.5,0.01,0.0
85,202.0,663.8578,1.0,1.5,0.01,0.0
86,206.0,663.8578,1.0,1.5,0.01,0.0
87,210.0,663.8578,1.0,1.5,0.01,0.0
88,215.0,663.8578,1.0,1.5,0.01,0.0
89,219.0,663.8578,1.0,1.5,0.01,0.0
90,223.0,656.2002,1.0,1.5,0.01,0.0
91,227.0,656.2002,1.0,1.5,0.01,0.0
92,231.0,656.2002,1.0,1.5,0.01,0.0
93,235.0,656.2002,1.0,1.5,0.01,0.0
94,239.0,656.2002,1.0,1.5,0.01,0.0
95,243.0,656.2002,1.0,1.5,0.01,0.0
96,248.0,656.2002,1.0,1.5,0.01,0.0
97,252.0,656.2002,1.0,1.5,0.01,0.0
98,256.0,656.2002,1.0,1.5,0.01,0.0
99,259.0,656.2002,1.0,1.5,0.01,0.0
100,264.0,647.7571,1.0,1.5,0.01,0.0
101,268.0,647.7571,1.0,1.5,0.01,0.0
102,272.0,647.7571,1.0,1.5,0.01,0.0
103,276.0,647.7571,1.0,1.5,0.01,0.0
104,280.0,647.7571,1.0,1.5,0.01,0.0
105,284.0,647.7571,1.0,1.5,0.01,0.0
106,288.0,647.7571,1.0,1.5,0.01,0.0
107,292.0,647.7571,1.0,1.5,0.01,0.0
108,297.0,647.7571,1.0,1.5,0.01,0.0
109,301.0,647.7571,1.0,1.5,0.01,0.0
110,305.0,639.7068,1.0,1.5,0.01,0.0
111,309.0,639.7068,1.0,1.5,0.01,0.0
112,314.0,639.7068,1.0,1.5,0.01,0.0
113,318.0,639.7068,1.0,1.5,0.01,0.0
114,321.0,639.7068,1.0,1.5,0.01,0.0
115,325.0,639.7068,1.0,1.5,0.01,0.0
116,329.0,639.7068,1.0,1.5,0.01,0.0
117,333.0,639.7068,1.0,1.5,0.01,0.0
118,337.0,639.7068,1.0,1.5,0.01,0.0
119,341.0,639.7068,1.0,1.5,0.01,0.0
120,345.0,631.6565,1.0,1.5,0.01,0.0
121,349.0,631.6565,1.0,1.5,0.01,0.0
122,353.0,631.6565,1.0,1.5,0.01,0.0
123,357.0,631.6565,1.0,1.5,0.01,0.0
124,362.0,631.6565,1.0,1.5,0.01,0.0
125,366.0,631.6565,1.0,1.5,0.01,0.0
126,370.0,631.6565,1.0,1.5,0.01,0.0
127,374.0,631.6565,1.0,1.5,0.01,0.0
128,379.0,631.6565,1.0,1.5,0.01,0.0
129,383.0,631.6565,1.0,1.5,0.01,0.0
130,387.0,623.6061,1.0,1.5,0.01,0.0
131,391.0,623.6061,1.0,1.5,0.01,0.0
132,396.0,623.6061,1.0,1.5,0.01,0.0
133,400.0,623.6061,1.0,1.5,0.01,0.0
134,404.0,623.6061,1.0,1.5,0.01,0.0
135,408.0,623.6061,1.0,1.5,0.01,0.0
136,412.0,623.6061,1.0,1.5,0.01,0.0
137,417.0,623.6061,1.0,1.5,0.01,0.0
138,421.0,623.6061,1.0,1.5,0.01,0.0
139,425.0,623.6061,1.0,1.5,0.01,0.0
140,430.0,614.7704,1.0,1.5,0.01,0.0
141,434.0,614.7704,1.0,1.5,0.01,0.0
142,439.0,614.7704,1.0,1.5,0.01,0.0
143,443.0,614.7704,1.0,1.5,0.01,0.0
144,447.0,614.7704,1.0,1.5,0.01,0.0
145,451.0,614.7704,1.0,1.5,0.01,0.0
146,455.0,614.7704,1.0,1.5,0.01,0.0
147,459.0,614.7704,1.0,1.5,0.01,0.0
148,463.0,614.7704,1.0,1.5,0.01,0.0
149,467.0,614.7704,1.0,1.5,0.01,0.0
150,471.0,607.1128,1.0,1.5,0.01,0.0
151,475.0,607.1128,1.0,1.5,0.01,0.0
152,480.0,607.1128,1.0,1.5,0.01,0.0
153,484.0,607.1128,1.0,1.5,0.01,0.0
154,488.0,607.1128,1.0,1.5,0.01,0.0
155,492.0,607.1128,1.0,1.5,0.01,0.0
156,496.0,607.1128,1.0,1.5,0.01,0.0
157,500.0,607.1128,1.0,1.5,0.01,0.0
158,504.0,607.1128,1.0,1.5,0.01,0.0
159,508.0,607.1128,1.0,1.5,0.01,0.0
160,512.0,598.6697,1.0,1.5,0.01,0.0
161,516.0,598.6697,1.0,1.5,0.01,0.0
162,521.0,598.6697,1.0,1.5,0.01,0.0
163,525.0,598.6697,1.0,1.5,0.01,0.0
164,529.0,598.6697,1.0,1.5,0.01,0.0
165,533.0,598.6697,1.0,1.5,0.01,0.0
166,538.0,598.6697,1.0,1.5,0.01,0.0
167,542.0,598.6697,1.0,1.5,0.01,0.0
168,546.0,598.6697,1.0,1.5,0.01,0.0
169,550.0,598.6697,1.0,1.5,0.01,0.0
170,554.0,590.8157,1.0,1.5,0.01,0.0
171,558.0,590.8157,1.0,1.5,0.01,0.0
172,562.0,590.8157,1.0,1.5,0.01,0.0
173,566.0,590.8157,1.0,1.5,0.01,0.0
174,570.0,590.8157,1.0,1.5,0.01,0.0
175,574.0,590.8157,1.0,1.5,0.01,0.0
176,579.0,590.8157,1.0,1.5,0.01,0.0
177,583.0,590.8157,1.0,1.5,0.01,0.0
178,587.0,590.8157,1.0,1.5,0.01,0.0
179,591.0,590.8157,1.0,1.5,0.01,0.0
180,597.0,582.3727,1.0,1.5,0.01,0.0
181,601.0,582.3727,1.0,1.5,0.01,0.0
182,605.0,582.3727,1.0,1.5,0.01,0.0
183,609.0,582.3727,1.0,1.5,0.01,0.0
184,614.0,582.3727,1.0,1.5,0.01,0.0
185,618.0,582.3727,1.0,1.5,0.01,0.0
186,623.0,582.3727,1.0,1.5,0.01,0.0
187,627.0,582.3727,1.0,1.5,0.01,0.0
188,632.0,582.3727,1.0,1.5,0.01,0.0
189,636.0,582.3727,1.0,1.5,0.01,0.0
190,640.0,573.3407,1.0,1.5,0.01,0.0
191,644.0,573.3407,1.0,1.5,0.01,0.0
192,648.0,573.3407,1.0,1.5,0.01,0.0
193,652.0,573.3407,1.0,1.5,0.01,0.0
194,656.0,573.3407,1.0,1.5,0.01,0.0
195,660.0,573.3407,1.0,1.5,0.01,0.0
196,665.0,573.3407,1.0,1.5,0.01,0.0
197,669.0,573.3407,1.0,1.5,0.01,0.0
198,673.0,573.3407,1.0,1.5,0.01,0.0
199,678.0,573.3407,1.0,1.5,0.01,0.0
200,682.0,565.094,1.0,1.5,0.01,0.0
201,686.0,565.094,1.0,1.5,0.01,0.0
202,690.0,565.094,1.0,1.5,0.01,0.0
203,695.0,565.094,1.0,1.5,0.01,0.0
204,699.0,565.094,1.0,1.5,0.01,0.0
205,703.0,565.094,1.0,1.5,0.01,0.0
206,707.0,565.094,1.0,1.5,0.01,0.0
207,711.0,565.094,1.0,1.5,0.01,0.0
208,715.0,565.094,1.0,1.5,0.01,0.0
209,719.0,565.094,1.0,1.5,0.01,0.0
210,723.0,557.829,1.0,1.5,0.01,0.0
211,727.0,557.829,1.0,1.5,0.01,0.0
212,731.0,557.829,1.0,1.5,0.01,0.0
213,735.0,557.829,1.0,1.5,0.01,0.0
214,739.0,557.829,1.0,1.5,0.01,0.0
215,743.0,557.829,1.0,1.5,0.01,0.0
216,747.0,557.829,1.0,1.5,0.01,0.0
217,752.0,557.829,1.0,1.5,0.01,0.0
218,756.0,557.829,1.0,1.5,0.01,0.0
219,760.0,557.829,1.0,1.5,0.01,0.0
220,764.0,549.5824,1.0,1.5,0.01,0.0
221,767.0,549.5824,1.0,1.5,0.01,0.0
222,771.0,549.5824,1.0,1.5,0.01,0.0
223,775.0,549.5824,1.0,1.5,0.01,0.0
224,779.0,549.5824,1.0,1.5,0.01,0.0
225,783.0,549.5824,1.0,1.5,0.01,0.0
226,787.0,549.5824,1.0,1.5,0.01,0.0
227,791.0,549.5824,1.0,1.5,0.01,0.0
228,795.0,549.5824,1.0,1.5,0.01,0.0
229,799.0,549.5824,1.0,1.5,0.01,0.0
230,803.0,541.9247,1.0,1.5,0.01,0.0
231,808.0,541.9247,1.0,1.5,0.01,0.0
232,812.0,541.9247,1.0,1.5,0.01,0.0
233,815.0,541.9247,1.0,1.5,0.01,0.0
234,819.0,541.9247,1.0,1.5,0.01,0.0
235,824.0,541.9247,1.0,1.5,0.01,0.0
236,828.0,541.9247,1.0,1.5,0.01,0.0
237,832.0,541.9247,1.0,1.5,0.01,0.0
238,836.0,541.9247,1.0,1.5,0.01,0.0
239,840.0,541.9247,1.0,1.5,0.01,0.0
240,844.0,534.0707,1.0,1.5,0.01,0.0
241,848.0,534.0707,1.0,1.5,0.01,0.0
242,852.0,534.0707,1.0,1.5,0.01,0.0
243,857.0,534.0707,1.0,1.5,0.01,0.0
244,861.0,534.0707,1.0,1.5,0.01,0.0
245,865.0,534.0707,1.0,1.5,0.01,0.0
246,869.0,534.0707,1.0,1.5,0.01,0.0
247,873.0,534.0707,1.0,1.5,0.01,0.0
248,877.0,534.0707,1.0,1.5,0.01,0.0
249,881.0,534.0707,1.0,1.5,0.01,0.0
250,886.0,525.4314,1.0,1.5,0.01,0.0
251,890.0,525.4314,1.0,1.5,0.01,0.0
252,894.0,525.4314,1.0,1.5,0.01,0.0
253,898.0,525.4314,1.0,1.5,0.01,0.0
254,902.0,525.4314,1.0,1.5,0.01,0.0
255,907.0,525.4314,1.0,1.5,0.01,0.0
256,911.0,525.4314,1.0,1.5,0.01,0.0
257,916.0,525.4314,1.0,1.5,0.01,0.0
258,920.0,525.4314,1.0,1.5,0.01,0.0
259,924.0,525.4314,1.0,1.5,0.01,0.0
260,928.0,516.792,1.0,1.5,0.01,0.0
261,932.0,516.792,1.0,1.5,0.01,0.0
262,937.0,516.792,1.0,1.5,0.01,0.0
263,941.0,516.792,1.0,1.5,0.01,0.0
264,945.0,516.792,1.0,1.5,0.01,0.0
265,949.0,516.792,1.0,1.5,0.01,0.0
266,953.0,516.792,1.0,1.5,0.01,0.0
267,957.0,516.792,1.0,1.5,0.01,0.0
268,960.0,516.792,1.0,1.5,0.01,0.0
269,964.0,516.792,1.0,1.5,0.01,0.0
270,968.0,509.9198,1.0,1.5,0.01,0.0
271,972.0,509.9198,1.0,1.5,0.01,0.0
272,976.0,509.9198,1.0,1.5,0.01,0.0
273,980.0,509.9198,1.0,1.5,0.01,0.0
274,984.0,509.9198,1.0,1.5,0.01,0.0
275,989.0,509.9198,1.0,1.5,0.01,0.0
276,993.0,509.9198,1.0,1.5,0.01,0.0
277,997.0,509.9198,1.0,1.5,0.01,0.0
278,1002.0,509.9198,1.0,1.5,0.01,0.0
279,1006.0,509.9198,1.0,1.5,0.01,0.0
280,1010.0,501.0841,1.0,1.5,0.01,0.0
281,1014.0,501.0841,1.0,1.5,0.01,0.0
282,1018.0,501.0841,1.0,1.5,0.01,0.0
283,1022.0,501.0841,1.0,1.5,0.01,0.0
284,1026.0,501.0841,1.0,1.5,0.01,0.0
285,1030.0,501.0841,1.0,1.5,0.01,0.0
286,1034.0,501.0841,1.0,1.5,0.01,0.0
287,1038.0,501.0841,1.0,1.5,0.01,0.0
288,1043.0,501.0841,1.0,1.5,0.01,0.0
289,1047.0,501.0841,1.0,1.5,0.01,0.0
290,1051.0,493.2301,1.0,1.5,0.01,0.0
291,1055.0,493.2301,1.0,1.5,0.01,0.0
292,1060.0,493.2301,1.0,1.5,0.01,0.0
293,1064.0,493.2301,1.0,1.5,0.01,0.0
294,1068.0,493.2301,1.0,1.5,0.01,0.0
295,1072.0,493.2301,1.0,1.5,0.01,0.0
296,1076.0,493.2301,1.0,1.5,0.01,0.0
297,1080.0,493.2301,1.0,1.5,0.01,0.0
298,1084.0,493.2301,1.0,1.5,0.01,0.0
299,1089.0,493.2301,1.0,1.5,0.01,0.0
300,1093.0,484.787,1.0,1.5,0.01,0.0
301,1097.0,484.787,1.0,1.5,0.01,0.0
302,1101.0,484.787,1.0,1.5,0.01,0.0
303,1105.0,484.787,1.0,1.5,0.01,0.0
304,1110.0,484.787,1.0,1.5,0.01,0.0
305,1114.0,484.787,1.0,1.5,0.01,0.0
306,1118.0,484.787,1.0,1.5,0.01,0.0
307,1122.0,484.787,1.0,1.5,0.01,0.0
308,1126.0,484.787,1.0,1.5,0.01,0.0
309,1131.0,484.787,1.0,1.5,0.01,0.0
310,1135.0,476.1477,1.0,1.5,0.01,0.0
311,1139.0,476.1477,1.0,1.5,0.01,0.0
312,1143.0,476.1477,1.0,1.5,0.01,0.0
313,1147.0,476.1477,1.0,1.5,0.01,0.0
314,1152.0,476.1477,1.0,1.5,0.01,0.0
315,1157.0,476.1477,1.0,1.5,0.01,0.0
316,1161.0,476.1477,1.0,1.5,0.01,0.0
317,1165.0,476.1477,1.0,1.5,0.01,0.0
318,1169.0,476.1477,1.0,1.5,0.01,0.0
319,1173.0,476.1477,1.0,1.5,0.01,0.0
320,1177.0,468.4901,1.0,1.5,0.01,0.0
321,1181.0,468.4901,1.0,1.5,0.01,0.0
322,1185.0,468.4901,1.0,1.5,0.01,0.0
323,1189.0,468.4901,1.0,1.5,0.01,0.0
324,1193.0,468.4901,1.0,1.5,0.01,0.0
325,1199.0,468.4901,1.0,1.5,0.01,0.0
326,1203.0,468.4901,1.0,1.5,0.01,0.0
327,1207.0,468.4901,1.0,1.5,0.01,0.0
328,1211.0,468.4901,1.0,1.5,0.01,0.0
329,1215.0,468.4901,1.0,1.5,0.01,0.0
330,1219.0,460.047,1.0,1.5,0.01,0.0
331,1223.0,460.047,1.0,1.5,0.01,0.0
332,1227.0,460.047,1.0,1.5,0.01,0.0
333,1232.0,460.047,1.0,1.5,0.01,0.0
334,1236.0,460.047,1.0,1.5,0.01,0.0
335,1240.0,460.047,1.0,1.5,0.01,0.0
336,1244.0,460.047,1.0,1.5,0.01,0.0
337,1249.0,460.047,1.0,1.5,0.01,0.0
338,1253.0,460.047,1.0,1.5,0.01,0.0
339,1257.0,460.047,1.0,1.5,0.01,0.0
340,1261.0,451.8003,1.0,1.5,0.01,0.0
341,1265.0,451.8003,1.0,1.5,0.01,0.0
342,1269.0,451.8003,1.0,1.5,0.01,0.0
343,1273.0,451.8003,1.0,1.5,0.01,0.0
344,1277.0,451.8003,1.0,1.5,0.01,0.0
345,1281.0,451.8003,1.0,1.5,0.01,0.0
346,1285.0,451.8003,1.0,1.5,0.01,0.0
347,1289.0,451.8003,1.0,1.5,0.01,0.0
348,1293.0,451.8003,1.0,1.5,0.01,0.0
349,1298.0,451.8003,1.0,1.5,0.01,0.0
350,1302.0,443.5537,1.0,1.5,0.01,0.0
351,1307.0,443.5537,1.0,1.5,0.01,0.0
352,1311.0,443.5537,1.0,1.5,0.01,0.0
353,1315.0,443.5537,1.0,1.5,0.01,0.0
354,1319.0,443.5537,1.0,1.5,0.01,0.0
355,1323.0,443.5537,1.0,1.5,0.01,0.0
356,1327.0,443.5537,1.0,1.5,0.01,0.0
357,1331.0,443.5537,1.0,1.5,0.01,0.0
358,1336.0,443.5537,1.0,1.5,0.01,0.0
359,1340.0,443.5537,1.0,1.5,0.01,0.0
360,1344.0,435.307,1.0,1.5,0.01,0.0
361,1349.0,435.307,1.0,1.5,0.01,0.0
362,1353.0,435.307,1.0,1.5,0.01,0.0
363,1357.0,435.307,1.0,1.5,0.01,0.0
364,1362.0,435.307,1.0,1.5,0.01,0.0
365,1366.0,435.307,1.0,1.5,0.01,0.0
366,1370.0,435.307,1.0,1.5,0.01,0.0
367,1374.0,435.307,1.0,1.5,0.01,0.0
368,1378.0,435.307,1.0,1.5,0.01,0.0
369,1382.0,435.307,1.0,1.5,0.01,0.0
370,1387.0,427.4529,1.0,1.5,0.01,0.0
371,1391.0,427.4529,1.0,1.5,0.01,0.0
372,1396.0,427.4529,1.0,1.5,0.01,0.0
373,1400.0,427.4529,1.0,1.5,0.01,0.0
374,1404.0,427.4529,1.0,1.5,0.01,0.0
375,1408.0,427.4529,1.0,1.5,0.01,0.0
376,1413.0,427.4529,1.0,1.5,0.01,0.0
377,1417.0,427.4529,1.0,1.5,0.01,0.0
378,1421.0,427.4529,1.0,1.5,0.01,0.0
379,1425.0,427.4529,1.0,1.5,0.01,0.0
380,1429.0,418.6172,1.0,1.5,0.01,0.0
381,1433.0,418.6172,1.0,1.5,0.01,0.0
382,1437.0,418.6172,1.0,1.5,0.01,0.0
383,1441.0,418.6172,1.0,1.5,0.01,0.0
384,1445.0,418.6172,1.0,1.5,0.01,0.0
385,1449.0,418.6172,1.0,1.5,0.01,0.0
386,1454.0,418.6172,1.0,1.5,0.01,0.0
387,1458.0,418.6172,1.0,1.5,0.01,0.0
388,1463.0,418.6172,1.0,1.5,0.01,0.0
389,1467.0,418.6172,1.0,1.5,0.01,0.0
390,1471.0,410.5669,1.0,1.5,0.01,0.0
391,1475.0,410.5669,1.0,1.5,0.01,0.0
392,1479.0,410.5669,1.0,1.5,0.01,0.0
393,1483.0,410.5669,1.0,1.5,0.01,0.0
394,1487.0,410.5669,1.0,1.5,0.01,0.0
395,1491.0,410.5669,1.0,1.5,0.01,0.0
396,1496.0,410.5669,1.0,1.5,0.01,0.0
397,1500.0,410.5669,1.0,1.5,0.01,0.0
398,1505.0,410.5669,1.0,1.5,0.01,0.0
399,1510.0,410.5669,1.0,1.5,0.01,0.0
400,1514.0,401.9276,1.0,1.5,0.01,0.0
401,1518.0,401.9276,1.0,1.5,0.01,0.0
402,1522.0,401.9276,1.0,1.5,0.01,0.0
403,1526.0,401.9276,1.0,1.5,0.01,0.0
404,1530.0,401.9276,1.0,1.5,0.01,0.0
405,1534.0,401.9276,1.0,1.5,0.01,0.0
406,1538.0,401.9276,1.0,1.5,0.01,0.0
407,1542.0,401.9276,1.0,1.5,0.01,0.0
408,1546.0,401.9276,1.0,1.5,0.01,0.0
409,1550.0,401.9276,1.0,1.5,0.01,0.0
410,1554.0,394.2699,1.0,1.5,0.01,0.0
411,1559.0,394.2699,1.0,1.5,0.01,0.0
412,1563.0,394.2699,1.0,1.5,0.01,0.0
413,1567.0,394.2699,1.0,1.5,0.01,0.0
414,1571.0,394.2699,1.0,1.5,0.01,0.0
415,1575.0,394.2699,1.0,1.5,0.01,0.0
416,1579.0,394.2699,1.0,1.5,0.01,0.0
417,1583.0,394.2699,1.0,1.5,0.01,0.0
418,1587.0,394.2699,1.0,1.5,0.01,0.0
419,1591.0,394.2699,1.0,1.5,0.01,0.0
420,1595.0,386.2196,1.0,1.5,0.01,0.0
421,1599.0,386.2196,1.0,1.5,0.01,0.0
422,1604.0,386.2196,1.0,1.5,0.01,0.0
423,1608.0,386.2196,1.0,1.5,0.01,0.0
424,1612.0,386.2196,1.0,1.5,0.01,0.0
425,1616.0,386.2196,1.0,1.5,0.01,0.0
426,1620.0,386.2196,1.0,1.5,0.01,0.0
427,1624.0,386.2196,1.0,1.5,0.01,0.0
428,1628.0,386.2196,1.0,1.5,0.01,0.0
429,1632.0,386.2196,1.0,1.5,0.01,0.0
430,1636.0,378.1693,1.0,1.5,0.01,0.0
431,1640.0,378.1693,1.0,1.5,0.01,0.0
432,1645.0,378.1693,1.0,1.5,0.01,0.0
433,1650.0,378.1693,1.0,1.5,0.01,0.0
434,1654.0,378.1693,1.0,1.5,0.01,0.0
435,1658.0,378.1693,1.0,1.5,0.01,0.0
436,1662.0,378.1693,1.0,1.5,0.01,0.0
437,1666.0,378.1693,1.0,1.5,0.01,0.0
438,1670.0,378.1693,1.0,1.5,0.01,0.0
439,1675.0,378.1693,1.0,1.5,0.01,0.0
440,1679.0,369.7262,1.0,1.5,0.01,0.0
441,1683.0,369.7262,1.0,1.5,0.01,0.0
442,1687.0,369.7262,1.0,1.5,0.01,0.0
443,1691.0,369.7262,1.0,1.5,0.01,0.0
444,1696.0,369.7262,1.0,1.5,0.01,0.0
445,1699.0,369.7262,1.0,1.5,0.01,0.0
446,1703.0,369.7262,1.0,1.5,0.01,0.0
447,1707.0,369.7262,1.0,1.5,0.01,0.0
448,1711.0,369.7262,1.0,1.5,0.01,0.0
449,1715.0,369.7262,1.0,1.5,0.01,0.0
450,1719.0,362.2649,1.0,1.5,0.01,0.0
451,1723.0,362.2649,1.0,1.5,0.01,0.0
452,1727.0,362.2649,1.0,1.5,0.01,0.0
453,1731.0,362.2649,1.0,1.5,0.01,0.0
454,1736.0,362.2649,1.0,1.5,0.01,0.0
455,1741.0,362.2649,1.0,1.5,0.01,0.0
456,1744.0,362.2649,1.0,1.5,0.01,0.0
457,1748.0,362.2649,1.0,1.5,0.01,0.0
458,1753.0,362.2649,1.0,1.5,0.01,0.0
459,1757.0,362.2649,1.0,1.5,0.01,0.0
460,1761.0,353.6255,1.0,1.5,0.01,0.0
461,1765.0,353.6255,1.0,1.5,0.01,0.0
462,1770.0,353.6255,1.0,1.5,0.01,0.0
463,1774.0,353.6255,1.0,1.5,0.01,0.0
464,1778.0,353.6255,1.0,1.5,0.01,0.0
465,1782.0,353.6255,1.0,1.5,0.01,0.0
466,1787.0,353.6255,1.0,1.5,0.01,0.0
467,1791.0,353.6255,1.0,1.5,0.01,0.0
468,1796.0,353.6255,1.0,1.5,0.01,0.0
469,1800.0,353.6255,1.0,1.5,0.01,0.0
470,1804.0,344.9862,1.0,1.5,0.01,0.0
471,1808.0,344.9862,1.0,1.5,0.01,0.0
472,1812.0,344.9862,1.0,1.5,0.01,0.0
473,1816.0,344.9862,1.0,1.5,0.01,0.0
474,1821.0,344.9862,1.0,1.5,0.01,0.0
475,1825.0,344.9862,1.0,1.5,0.01,0.0
476,1830.0,344.9862,1.0,1.5,0.01,0.0
477,1834.0,344.9862,1.0,1.5,0.01,0.0
478,1838.0,344.9862,1.0,1.5,0.01,0.0
479,1842.0,344.9862,1.0,1.5,0.01,0.0
480,1845.0,336.9359,1.0,1.5,0.01,0.0
481,1849.0,336.9359,1.0,1.5,0.01,0.0
482,1853.0,336.9359,1.0,1.5,0.01,0.0
483,1857.0,336.9359,1.0,1.5,0.01,0.0
484,1861.0,336.9359,1.0,1.5,0.01,0.0
485,1865.0,336.9359,1.0,1.5,0.01,0.0
486,1869.0,336.9359,1.0,1.5,0.01,0.0
487,1874.0,336.9359,1.0,1.5,0.01,0.0
488,1878.0,336.9359,1.0,1.5,0.01,0.0
489,1882.0,336.9359,1.0,1.5,0.01,0.0
490,1886.0,329.4745,1.0,1.5,0.01,0.0
491,1890.0,329.4745,1.0,1.5,0.01,0.0
492,1894.0,329.4745,1.0,1.5,0.01,0.0
493,1898.0,329.4745,1.0,1.5,0.01,0.0
494,1902.0,329.4745,1.0,1.5,0.01,0.0
495,1906.0,329.4745,1.0,1.5,0.01,0.0
496,1910.0,329.4745,1.0,1.5,0.01,0.0
497,1914.0,329.4745,1.0,1.5,0.01,0.0
498,1918.0,329.4745,1.0,1.5,0.01,0.0
499,1923.0,329.4745,1.0,1.5,0.01,0.0
500,1927.0,321.2279,1.0,1.5,0.01,0.0
501,1932.0,321.2279,1.0,1.5,0.01,0.0
502,1936.0,321.2279,1.0,1.5,0.01,0.0
503,1941.0,321.2279,1.0,1.5,0.01,0.0
504,1945.0,321.2279,1.0,1.5,0.01,0.0
505,1949.0,321.2279,1.0,1.5,0.01,0.0
506,1953.0,321.2279,1.0,1.5,0.01,0.0
507,1957.0,321.2279,1.0,1.5,0.01,0.0
508,1961.0,321.2279,1.0,1.5,0.01,0.0
509,1966.0,321.2279,1.0,1.5,0.01,0.0
510,1971.0,311.9994,1.0,1.5,0.01,0.0
511,1975.0,311.9994,1.0,1.5,0.01,0.0
512,1979.0,311.9994,1.0,1.5,0.01,0.0
513,1984.0,311.9994,1.0,1.5,0.01,0.0
514,1988.0,311.9994,1.0,1.5,0.01,0.0
515,1993.0,311.9994,1.0,1.5,0.01,0.0
516,1997.0,311.9994,1.0,1.5,0.01,0.0
517,2001.0,311.9994,1.0,1.5,0.01,0.0
518,2005.0,311.9994,1.0,1.5,0.01,0.0
519,2009.0,311.9994,1.0,1.5,0.01,0.0
520,2013.0,303.7527,1.0,1.5,0.01,0.0
521,2018.0,303.7527,1.0,1.5,0.01,0.0
522,2022.0,303.7527,1.0,1.5,0.01,0.0
523,2026.0,303.7527,1.0,1.5,0.01,0.0
524,2030.0,303.7527,1.0,1.5,0.01,0.0
525,2035.0,303.7527,1.0,1.5,0.01,0.0
526,2039.0,303.7527,1.0,1.5,0.01,0.0
527,2043.0,303.7527,1.0,1.5,0.01,0.0
528,2047.0,303.7527,1.0,1.5,0.01,0.0
529,2051.0,303.7527,1.0,1.5,0.01,0.0
530,2055.0,296.0951,1.0,1.5,0.01,0.0
531,2059.0,296.0951,1.0,1.5,0.01,0.0
532,2064.0,296.0951,1.0,1.5,0.01,0.0
533,2068.0,296.0951,1.0,1.5,0.01,0.0
534,2072.0,296.0951,1.0,1.5,0.01,0.0
535,2076.0,296.0951,1.0,1.5,0.01,0.0
536,2080.0,296.0951,1.0,1.5,0.01,0.0
537,2084.0,296.0951,1.0,1.5,0.01,0.0
538,2088.0,296.0951,1.0,1.5,0.01,0.0
539,2092.0,296.0951,1.0,1.5,0.01,0.0
540,2096.0,288.0448,1.0,1.5,0.01,0.0
541,2100.0,288.0448,1.0,1.5,0.01,0.0
542,2104.0,288.0448,1.0,1.5,0.01,0.0
543,2108.0,288.0448,1.0,1.5,0.01,0.0
544,2113.0,288.0448,1.0,1.5,0.01,0.0
545,2117.0,288.0448,1.0,1.5,0.01,0.0
546,2121.0,288.0448,1.0,1.5,0.01,0.0
547,2125.0,288.0448,1.0,1.5,0.01,0.0
548,2129.0,288.0448,1.0,1.5,0.01,0.0
549,2133.0,288.0448,1.0,1.5,0.01,0.0
550,2137.0,279.9945,1.0,1.5,0.01,0.0
551,2141.0,279.9945,1.0,1.5,0.01,0.0
552,2145.0,279.9945,1.0,1.5,0.01,0.0
553,2149.0,279.9945,1.0,1.5,0.01,0.0
554,2153.0,279.9945,1.0,1.5,0.01,0.0
555,2158.0,279.9945,1.0,1.5,0.01,0.0
556,2163.0,279.9945,1.0,1.5,0.01,0.0
557,2167.0,279.9945,1.0,1.5,0.01,0.0
558,2171.0,279.9945,1.0,1.5,0.01,0.0
559,2175.0,279.9945,1.0,1.5,0.01,0.0
560,2179.0,271.5514,1.0,1.5,0.01,0.0
561,2183.0,271.5514,1.0,1.5,0.01,0.0
562,2187.0,271.5514,1.0,1.5,0.01,0.0
563,2191.0,271.5514,1.0,1.5,0.01,0.0
564,2195.0,271.5514,1.0,1.5,0.01,0.0
565,2199.0,271.5514,1.0,1.5,0.01,0.0
566,2203.0,271.5514,1.0,1.5,0.01,0.0
567,2208.0,271.5514,1.0,1.5,0.01,0.0
568,2212.0,271.5514,1.0,1.5,0.01,0.0
569,2216.0,271.5514,1.0,1.5,0.01,0.0
570,2221.0,263.6975,1.0,1.5,0.01,0.0
571,2225.0,263.6975,1.0,1.5,0.01,0.0
572,2230.0,263.6975,1.0,1.5,0.01,0.0
573,2234.0,263.6975,1.0,1.5,0.01,0.0
574,2239.0,263.6975,1.0,1.5,0.01,0.0
575,2243.0,263.6975,1.0,1.5,0.01,0.0
576,2247.0,263.6975,1.0,1.5,0.01,0.0
577,2252.0,263.6975,1.0,1.5,0.01,0.0
578,2256.0,263.6975,1.0,1.5,0.01,0.0
579,2260.0,263.6975,1.0,1.5,0.01,0.0
580,2264.0,254.469,1.0,1.5,0.01,0.0
581,2268.0,254.469,1.0,1.5,0.01,0.0
582,2272.0,254.469,1.0,1.5,0.01,0.0
583,2276.0,254.469,1.0,1.5,0.01,0.0
584,2281.0,254.469,1.0,1.5,0.01,0.0
585,2284.0,254.469,1.0,1.5,0.01,0.0
586,2288.0,254.469,1.0,1.5,0.01,0.0
587,2292.0,254.469,1.0,1.5,0.01,0.0
588,2297.0,254.469,1.0,1.5,0.01,0.0
589,2301.0,254.469,1.0,1.5,0.01,0.0
590,2305.0,247.0078,1.0,1.5,0.01,0.0
591,2309.0,247.0078,1.0,1.5,0.01,0.0
592,2313.0,247.0078,1.0,1.5,0.01,0.0
593,2317.0,247.0078,1.0,1.5,0.01,0.0
594,2321.0,247.0078,1.0,1.5,0.01,0.0
595,2326.0,247.0078,1.0,1.5,0.01,0.0
596,2330.0,247.0078,1.0,1.5,0.01,0.0
597,2335.0,247.0078,1.0,1.5,0.01,0.0
598,2339.0,247.0078,1.0,1.5,0.01,0.0
599,2344.0,247.0078,1.0,1.5,0.01,0.0
600,2348.0,238.172,1.0,1.5,0.01,0.0
601,2352.0,238.172,1.0,1.5,0.01,0.0
602,2356.0,238.172,1.0,1.5,0.01,0.0
603,2361.0,238.172,1.0,1.5,0.01,0.0
604,2365.0,238.172,1.0,1.5,0.01,0.0
605,2369.0,238.172,1.0,1.5,0.01,0.0
606,2373.0,238.172,1.0,1.5,0.01,0.0
607,2377.0,238.172,1.0,1.5,0.01,0.0
608,2382.0,238.172,1.0,1.5,0.01,0.0
609,2386.0,238.172,1.0,1.5,0.01,0.0
610,2390.0,230.1217,1.0,1.5,0.01,0.0
611,2394.0,230.1217,1.0,1.5,0.01,0.0
612,2398.0,230.1217,1.0,1.5,0.01,0.0
613,2402.0,230.1217,1.0,1.5,0.01,0.0
614,2406.0,230.1217,1.0,1.5,0.01,0.0
615,2410.0,230.1217,1.0,1.5,0.01,0.0
616,2414.0,230.1217,1.0,1.5,0.01,0.0
617,2418.0,230.1217,1.0,1.5,0.01,0.0
618,2422.0,230.1217,1.0,1.5,0.01,0.0
619,2428.0,230.1217,1.0,1.5,0.01,0.0
620,2432.0,221.875,1.0,1.5,0.01,0.0
621,2435.0,221.875,1.0,1.5,0.01,0.0
622,2439.0,221.875,1.0,1.5,0.01,0.0
623,2443.0,221.875,1.0,1.5,0.01,0.0
624,2447.0,221.875,1.0,1.5,0.01,0.0
625,2451.0,221.875,1.0,1.5,0.01,0.0
626,2455.0,221.875,1.0,1.5,0.01,0.0
627,2459.0,221.875,1.0,1.5,0.01,0.0
628,2464.0,221.875,1.0,1.5,0.01,0.0
629,2468.0,221.875,1.0,1.5,0.01,0.0
630,2473.0,214.4137,1.0,1.5,0.01,0.0
631,2477.0,214.4137,1.0,1.5,0.01,0.0
632,2483.0,214.4137,1.0,1.5,0.01,0.0
633,2487.0,214.4137,1.0,1.5,0.01,0.0
634,2491.0,214.4137,1.0,1.5,0.01,0.0
635,2495.0,214.4137,1.0,1.5,0.01,0.0
636,2499.0,214.4137,1.0,1.5,0.01,0.0
637,2503.0,214.4137,1.0,1.5,0.01,0.0
638,2507.0,214.4137,1.0,1.5,0.01,0.0
639,2512.0,214.4137,1.0,1.5,0.01,0.0
640,2516.0,204.989,1.0,1.5,0.01,0.0
641,2520.0,204.989,1.0,1.5,0.01,0.0
642,2524.0,204.989,1.0,1.5,0.01,0.0
643,2528.0,204.989,1.0,1.5,0.01,0.0
644,2531.0,204.989,1.0,1.5,0.01,0.0
645,2535.0,204.989,1.0,1.5,0.01,0.0
646,2539.0,204.989,1.0,1.5,0.01,0.0
647,2543.0,204.989,1.0,1.5,0.01,0.0
648,2547.0,204.989,1.0,1.5,0.01,0.0
649,2552.0,204.989,1.0,1.5,0.01,0.0
650,2556.0,197.9203,1.0,1.5,0.01,0.0
651,2560.0,197.9203,1.0,1.5,0.01,0.0
652,2564.0,197.9203,1.0,1.5,0.01,0.0
653,2568.0,197.9203,1.0,1.5,0.01,0.0
654,2572.0,197.9203,1.0,1.5,0.01,0.0
655,2576.0,197.9203,1.0,1.5,0.01,0.0
656,2581.0,197.9203,1.0,1.5,0.01,0.0
657,2585.0,197.9203,1.0,1.5,0.01,0.0
658,2589.0,197.9203,1.0,1.5,0.01,0.0
659,2593.0,197.9203,1.0,1.5,0.01,0.0
660,2597.0,189.281,1.0,1.5,0.01,0.0
661,2602.0,189.281,1.0,1.5,0.01,0.0
662,2607.0,189.281,1.0,1.5,0.01,0.0
663,2611.0,189.281,1.0,1.5,0.01,0.0
664,2615.0,189.281,1.0,1.5,0.01,0.0
665,2619.0,189.281,1.0,1.5,0.01,0.0
666,2623.0,189.281,1.0,1.5,0.01,0.0
667,2627.0,189.281,1.0,1.5,0.01,0.0
668,2631.0,189.281,1.0,1.5,0.01,0.0
669,2635.0,189.281,1.0,1.5,0.01,0.0
670,2639.0,181.0343,1.0,1.5,0.01,0.0
671,2644.0,181.0343,1.0,1.5,0.01,0.0
672,2648.0,181.0343,1.0,1.5,0.01,0.0
673,2652.0,181.0343,1.0,1.5,0.01,0.0
674,2656.0,181.0343,1.0,1.5,0.01,0.0
675,2660.0,181.0343,1.0,1.5,0.01,0.0
676,2664.0,181.0343,1.0,1.5,0.01,0.0
677,2669.0,181.0343,1.0,1.5,0.01,0.0
678,2673.0,181.0343,1.0,1.5,0.01,0.0
679,2677.0,181.0343,1.0,1.5,0.01,0.0
680,2681.0,172.7877,1.0,1.5,0.01,0.0
681,2686.0,172.7877,1.0,1.5,0.01,0.0
682,2690.0,172.7877,1.0,1.5,0.01,0.0
683,2694.0,172.7877,1.0,1.5,0.01,0.0
684,2698.0,172.7877,1.0,1.5,0.01,0.0
685,2702.0,172.7877,1.0,1.5,0.01,0.0
686,2706.0,172.7877,1.0,1.5,0.01,0.0
687,2710.0,172.7877,1.0,1.5,0.01,0.0
688,2714.0,172.7877,1.0,1.5,0.01,0.0
689,2718.0,172.7877,1.0,1.5,0.01,0.0
690,2723.0,164.9337,1.0,1.5,0.01,0.0
691,2728.0,164.9337,1.0,1.5,0.01,0.0
692,2732.0,164.9337,1.0,1.5,0.01,0.0
693,2736.0,164.9337,1.0,1.5,0.01,0.0
694,2740.0,164.9337,1.0,1.5,0.01,0.0
695,2744.0,164.9337,1.0,1.5,0.01,0.0
696,2748.0,164.9337,1.0,1.5,0.01,0.0
697,2752.0,164.9337,1.0,1.5,0.01,0.0
698,2756.0,164.9337,1.0,1.5,0.01,0.0
699,2760.0,164.9337,1.0,1.5,0.01,0.0
700,2764.0,156.4906,1.0,1.5,0.01,0.0
701,2769.0,156.4906,1.0,1.5,0.01,0.0
702,2773.0,156.4906,1.0,1.5,0.01,0.0
703,2776.0,156.4906,1.0,1.5,0.01,0.0
704,2780.0,156.4906,1.0,1.5,0.01,0.0
705,2784.0,156.4906,1.0,1.5,0.01,0.0
706,2788.0,156.4906,1.0,1.5,0.01,0.0
707,2792.0,156.4906,1.0,1.5,0.01,0.0
708,2796.0,156.4906,1.0,1.5,0.01,0.0
709,2800.0,156.4906,1.0,1.5,0.01,0.0
710,2804.0,149.0293,1.0,1.5,0.01,0.0
711,2809.0,149.0293,1.0,1.5,0.01,0.0
712,2814.0,149.0293,1.0,1.5,0.01,0.0
713,2818.0,149.0293,1.0,1.5,0.01,0.0
714,2823.0,149.0293,1.0,1.5,0.01,0.0
715,2827.0,149.0293,1.0,1.5,0.01,0.0
716,2831.0,149.0293,1.0,1.5,0.01,0.0
717,2835.0,149.0293,1.0,1.5,0.01,0.0
718,2839.0,149.0293,1.0,1.5,0.01,0.0
719,2843.0,149.0293,1.0,1.5,0.01,0.0
720,2847.0,139.9973,1.0,1.5,0.01,0.0
721,2851.0,139.9973,1.0,1.5,0.01,0.0
722,2856.0,139.9973,1.0,1.5,0.01,0.0
723,2860.0,139.9973,1.0,1.5,0.01,0.0
724,2864.0,139.9973,1.0,1.5,0.01,0.0
725,2868.0,139.9973,1.0,1.5,0.01,0.0
726,2872.0,139.9973,1.0,1.5,0.01,0.0
727,2876.0,139.9973,1.0,1.5,0.01,0.0
728,2880.0,139.9973,1.0,1.5,0.01,0.0
729,2884.0,139.9973,1.0,1.5,0.01,0.0
730,2888.0,132.7323,1.0,1.5,0.01,0.0
731,2892.0,132.7323,1.0,1.5,0.01,0.0
732,2898.0,132.7323,1.0,1.5,0.01,0.0
733,2902.0,132.7323,1.0,1.5,0.01,0.0
734,2906.0,132.7323,1.0,1.5,0.01,0.0
735,2910.0,132.7323,1.0,1.5,0.01,0.0
736,2915.0,132.7323,1.0,1.5,0.01,0.0
737,2919.0,132.7323,1.0,1.5,0.01,0.0
738,2922.0,132.7323,1.0,1.5,0.01,0.0
739,2926.0,132.7323,1.0,1.5,0.01,0.0
740,2930.0,124.0929,1.0,1.5,0.01,0.0
741,2934.0,124.0929,1.0,1.5,0.01,0.0
742,2938.0,124.0929,1.0,1.5,0.01,0.0
743,2942.0,124.0929,1.0,1.5,0.01,0.0
744,2947.0,124.0929,1.0,1.5,0.01,0.0
745,2951.0,124.0929,1.0,1.5,0.01,0.0
746,2955.0,124.0929,1.0,1.5,0.01,0.0
747,2959.0,124.0929,1.0,1.5,0.01,0.0
748,2964.0,124.0929,1.0,1.5,0.01,0.0
749,2968.0,124.0929,1.0,1.5,0.01,0.0
750,2973.0,115.4535,1.0,1.5,0.01,0.0
751,2977.0,115.4535,1.0,1.5,0.01,0.0
752,2981.0,115.4535,1.0,1.5,0.01,0.0
753,2985.0,115.4535,1.0,1.5,0.01,0.0
754,2989.0,115.4535,1.0,1.5,0.01,0.0
755,2994.0,115.4535,1.0,1.5,0.01,0.0
756,2998.0,115.4535,1.0,1.5,0.01,0.0
757,3002.0,115.4535,1.0,1.5,0.01,0.0
758,3006.0,115.4535,1.0,1.5,0.01,0.0
759,3010.0,115.4535,1.0,1.5,0.01,0.0
760,3014.0,107.7959,1.0,1.5,0.01,0.0
761,3018.0,107.7959,1.0,1.5,0.01,0.0
762,3022.0,107.7959,1.0,1.5,0.01,0.0
763,3027.0,107.7959,1.0,1.5,0.01,0.0
764,3031.0,107.7959,1.0,1.5,0.01,0.0
765,3035.0,107.7959,1.0,1.5,0.01,0.0
766,3040.0,107.7959,1.0,1.5,0.01,0.0
767,3044.0,107.7959,1.0,1.5,0.01,0.0
768,3048.0,107.7959,1.0,1.5,0.01,0.0
769,3052.0,107.7959,1.0,1.5,0.01,0.0
770,3056.0,99.3529,1.0,1.5,0.01,0.0
771,3060.0,99.3529,1.0,1.5,0.01,0.0
772,3064.0,99.3529,1.0,1.5,0.01,0.0
773,3068.0,99.3529,1.0,1.5,0.01,0.0
774,3072.0,99.3529,1.0,1.5,0.01,0.0
775,3076.0,99.3529,1.0,1.5,0.01,0.0
776,3081.0,99.3529,1.0,1.5,0.01,0.0
777,3085.0,99.3529,1.0,1.5,0.01,0.0
778,3089.0,99.3529,1.0,1.5,0.01,0.0
779,3094.0,99.3529,1.0,1.5,0.01,0.0
780,3098.0,91.1062,1.0,1.5,0.01,0.0
781,3102.0,91.1062,1.0,1.5,0.01,0.0
782,3106.0,91.1062,1.0,1.5,0.01,0.0
783,3110.0,91.1062,1.0,1.5,0.01,0.0
784,3114.0,91.1062,1.0,1.5,0.01,0.0
785,3119.0,91.1062,1.0,1.5,0.01,0.0
786,3124.0,91.1062,1.0,1.5,0.01,0.0
787,3128.0,91.1062,1.0,1.5,0.01,0.0
788,3132.0,91.1062,1.0,1.5,0.01,0.0
789,3136.0,91.1062,1.0,1.5,0.01,0.0
790,3141.0,82.8596,1.0,1.5,0.01,0.0
791,3145.0,82.8596,1.0,1.5,0.01,0.0
792,3149.0,82.8596,1.0,1.5,0.01,0.0
793,3153.0,82.8596,1.0,1.5,0.01,0.0
794,3157.0,82.8596,1.0,1.5,0.01,0.0
795,3162.0,82.8596,1.0,1.5,0.01,0.0
796,3167.0,82.8596,1.0,1.5,0.01,0.0
797,3171.0,82.8596,1.0,1.5,0.01,0.0
798,3175.0,82.8596,1.0,1.5,0.01,0.0
799,3179.0,82.8596,1.0,1.5,0.01,0.0
800,3183.0,74.2202,1.0,1.5,0.01,0.0
801,3187.0,74.2202,1.0,1.5,0.01,0.0
802,3191.0,74.2202,1.0,1.5,0.01,0.0
803,3195.0,74.2202,1.0,1.5,0.01,0.0
804,3200.0,74.2202,1.0,1.5,0.01,0.0
805,3204.0,74.2202,1.0,1.5,0.01,0.0
806,3208.0,74.2202,1.0,1.5,0.01,0.0
807,3212.0,74.2202,1.0,1.5,0.01,0.0
808,3215.0,74.2202,1.0,1.5,0.01,0.0
809,3219.0,74.2202,1.0,1.5,0.01,0.0
810,3223.0,66.9552,1.0,1.5,0.01,0.0
811,3227.0,66.9552,1.0,1.5,0.01,0.0
812,3231.0,66.9552,1.0,1.5,0.01,0.0
813,3235.0,66.9552,1.0,1.5,0.01,0.0
814,3240.0,66.9552,1.0,1.5,0.01,0.0
815,3244.0,66.9552,1.0,1.5,0.01,0.0
816,3248.0,66.9552,1.0,1.5,0.01,0.0
817,3252.0,66.9552,1.0,1.5,0.01,0.0
818,3256.0,66.9552,1.0,1.5,0.01,0.0
819,3260.0,66.9552,1.0,1.5,0.01,0.0
820,3265.0,58.7086,1.0,1.5,0.01,0.0
821,3269.0,58.7086,1.0,1.5,0.01,0.0
822,3273.0,58.7086,1.0,1.5,0.01,0.0
823,3277.0,58.7086,1.0,1.5,0.01,0.0
824,3281.0,58.7086,1.0,1.5,0.01,0.0
825,3286.0,58.7086,1.0,1.5,0.01,0.0
826,3291.0,58.7086,1.0,1.5,0.01,0.0
827,3295.0,58.7086,1.0,1.5,0.01,0.0
828,3299.0,58.7086,1.0,1.5,0.01,0.0
829,3303.0,58.7086,1.0,1.5,0.01,0.0
830,3308.0,49.8728,1.0,1.5,0.01,0.0
831,3312.0,49.8728,1.0,1.5,0.01,0.0
832,3316.0,49.8728,1.0,1.5,0.01,0.0
833,3320.0,49.8728,1.0,1.5,0.01,0.0
834,3324.0,49.8728,1.0,1.5,0.01,0.0
835,3329.0,49.8728,1.0,1.5,0.01,0.0
836,3333.0,49.8728,1.0,1.5,0.01,0.0
837,3337.0,49.8728,1.0,1.5,0.01,0.0
838,3341.0,49.8728,1.0,1.5,0.01,0.0
839,3345.0,49.8728,1.0,1.5,0.01,0.0
840,3349.0,41.8225,1.0,1.5,0.01,0.0
841,3354.0,41.8225,1.0,1.5,0.01,0.0
842,3358.0,41.8225,1.0,1.5,0.01,0.0
843,3361.0,41.8225,1.0,1.5,0.01,0.0
844,3365.0,41.8225,1.0,1.5,0.01,0.0
845,3370.0,41.8225,1.0,1.5,0.01,0.0
846,3374.0,41.8225,1.0,1.5,0.01,0.0
847,3378.0,41.8225,1.0,1.5,0.01,0.0
848,3382.0,41.8225,1.0,1.5,0.01,0.0
849,3386.0,41.8225,1.0,1.5,0.01,0.0
850,3390.0,33.9685,1.0,1.5,0.01,0.0
851,3394.0,33.9685,1.0,1.5,0.01,0.0
852,3398.0,33.9685,1.0,1.5,0.01,0.0
853,3402.0,33.9685,1.0,1.5,0.01,0.0
854,3407.0,33.9685,1.0,1.5,0.01,0.0
855,3412.0,33.9685,1.0,1.5,0.01,0.0
856,3416.0,33.9685,1.0,1.5,0.01,0.0
857,3420.0,33.9685,1.0,1.5,0.01,0.0
858,3424.0,33.9685,1.0,1.5,0.01,0.0
859,3428.0,33.9685,1.0,1.5,0.01,0.0
860,3432.0,25.5255,1.0,1.5,0.01,0.0
861,3436.0,25.5255,1.0,1.5,0.01,0.0
862,3440.0,25.5255,1.0,1.5,0.01,0.0
863,3445.0,25.5255,1.0,1.5,0.01,0.0
864,3449.0,25.5255,1.0,1.5,0.01,0.0
865,3453.0,25.5255,1.0,1.5,0.01,0.0
866,3457.0,25.5255,1.0,1.5,0.01,0.0
867,3461.0,25.5255,1.0,1.5,0.01,0.0
868,3465.0,25.5255,1.0,1.5,0.01,0.0
869,3469.0,25.5255,1.0,1.5,0.01,0.0
870,3473.0,17.6715,1.0,1.5,0.01,0.0
871,3477.0,17.6715,1.0,1.5,0.01,0.0
872,3481.0,17.6715,1.0,1.5,0.01,0.0
873,3486.0,17.6715,1.0,1.5,0.01,0.0
874,3490.0,17.6715,1.0,1.5,0.01,0.0
875,3494.0,17.6715,1.0,1.5,0.01,0.0
876,3498.0,17.6715,1.0,1.5,0.01,0.0
877,3502.0,17.6715,1.0,1.5,0.01,0.0
878,3506.0,17.6715,1.0,1.5,0.01,0.0
879,3510.0,17.6715,1.0,1.5,0.01,0.0
880,3514.0,9.6212,1.0,1.5,0.01,0.0
881,3518.0,9.6212,1.0,1.5,0.01,0.0
882,3522.0,9.6212,1.0,1.5,0.01,0.0
883,3526.0,9.6212,1.0,1.5,0.01,0.0
884,3530.0,9.6212,1.0,1.5,0.01,0.0
885,3534.0,9.6212,1.0,1.5,0.01,0.0
886,3538.0,9.6212,1.0,1.5,0.01,0.0
887,3542.0,9.6212,1.0,1.5,0.01,0.0
888,3546.0,9.6212,1.0,1.5,0.01,0.0
889,3550.0,9.6212,1.0,1.5,0.01,0.0
890,3555.0,1.5709,1.0,1.5,0.01,0.0
891,3559.0,1.5709,1.0,1.5,0.01,0.0
892,3563.0,1.5709,1.0,1.5,0.01,0.0
893,3566.0,1.5709,1.0,1.5,0.01,0.0
894,3570.0,1.5709,1.0,1.5,0.01,0.0
895,3573.0,1.5709,1.0,1.5,0.01,0.0
896,3577.0,1.5709,1.0,1.5,0.01,0.0
897,3580.0,1.5709,1.0,1.5,0.01,0.0
898,3584.0,1.5709,1.0,1.5,0.01,0.0
899,3587.0,1.5709,1.0,1.5,0.01,0.0
900,3590.0,-4.516,1.0,1.5,0.01,0.0
901,3593.0,-4.516,1.0,1.5,0.01,0.0
902,3595.0,-4.516,1.0,1.5,0.01,0.0
903,3598.0,-4.516,1.0,1.5,0.01,0.0
904,3601.0,-4.516,1.0,1.5,0.01,0.0
905,3603.0,-4.516,1.0,1.5,0.01,0.0
906,3605.0,-4.516,1.0,1.5,0.01,0.0
907,3607.0,-4.516,1.0,1.5,0.01,0.0
908,3609.0,-4.516,1.0,1.5,0.01,0.0
909,3611.0,-4.516,1.0,1.5,0.01,0.0
910,3613.0,-6.8722,1.0,1.5,0.01,0.0
911,3615.0,-6.8722,1.0,1.5,0.01,0.0
912,3616.0,-6.8722,1.0,1.5,0.01,0.0
913,3618.0,-6.8722,1.0,1.5,0.01,0.0
914,3619.0,-6.8722,1.0,1.5,0.01,0.0
915,3620.0,-6.8722,1.0,1.5,0.01,0.0
916,3621.0,-6.8722,1.0,1.5,0.01,0.0
917,3622.0,-6.8722,1.0,1.5,0.01,0.0
918,3622.0,-6.8722,1.0,1.5,0.01,0.0
919,3623.0,-6.8722,1.0,1.5,0.01,0.0
920,3623.0,-6.8722,1.0,1.5,0.01,0.0
921,3624.0,-6.8722,1.0,1.5,0.01,0.0
922,3624.0,-6.8722,1.0,1.5,0.01,0.0
923,3624.0,-6.8722,1.0,1.5,0.01,0.0
924,3624.0,-6.8722,1.0,1.5,0.01,0.0
925,3624.0,-6.8722,1.0,1.5,0.01,0.0
926,3624.0,-6.8722,1.0,1.5,0.01,0.0
927,3623.0,-6.8722,1.0,1.5,0.01,0.0
928,3623.0,-6.8722,1.0,1.5,0.01,0.0
929,3622.0,-6.8722,1.0,1.5,0.01,0.0
930,3622.0,-4.1233,1.0,1.5,0.01,0.0
931,3621.0,-4.1233,1.0,1.5,0.01,0.0
932,3620.0,-4.1233,1.0,1.5,0.01,0.0
933,3620.0,-4.1233,1.0,1.5,0.01,0.0
934,3619.0,-4.1233,1.0,1.5,0.01,0.0
935,3618.0,-4.1233,1.0,1.5,0.01,0.0
936,3617.0,-4.1233,1.0,1.5,0.01,0.0
937,3616.0,-4.1233,1.0,1.5,0.01,0.0
938,3615.0,-4.1233,1.0,1.5,0.01,0.0
939,3615.0,-4.1233,1.0,1.5,0.01,0.0
940,3614.0,-1.1781,1.0,1.5,0.01,0.0
941,3613.0,-1.1781,1.0,1.5,0.01,0.0
942,3612.0,-1.1781,1.0,1.5,0.01,0.0
943,3611.0,-1.1781,1.0,1.5,0.01,0.0
944,3610.0,-1.1781,1.0,1.5,0.01,0.0
945,3609.0,-1.1781,1.0,1.5,0.01,0.0
946,3608.0,-1.1781,1.0,1.5,0.01,0.0
947,3607.0,-1.1781,1.0,1.5,0.01,0.0
948,3607.0,-1.1781,1.0,1.5,0.01,0.0
949,3606.0,-1.1781,1.0,1.5,0.01,0.0
950,3605.0,0.3928,1.0,1.5,0.01,0.0
951,3604.0,0.3928,1.0,1.5,0.01,0.0
952,3604.0,0.3928,1.0,1.5,0.01,0.0
953,3603.0,0.3928,1.0,1.5,0.01,0.0
954,3602.0,0.3928,1.0,1.5,0.01,0.0
955,3602.0,0.3928,1.0,1.5,0.01,0.0
956,3601.0,0.3928,1.0,1.5,0.01,0.0
957,3601.0,0.3928,1.0,1.5,0.01,0.0
958,3600.0,0.3928,1.0,1.5,0.01,0.0
959,3600.0,0.3928,1.0,1.5,0.01,0.0
960,3599.0,1.1781,1.0,1.5,0.01,0.0
961,3599.0,1.1781,1.0,1.5,0.01,0.0
962,3598.0,1.1781,1.0,1.5,0.01,0.0
963,3598.0,1.1781,1.0,1.5,0.01,0.0
964,3598.0,1.1781,1.0,1.5,0.01,0.0
965,3597.0,1.1781,1.0,1.5,0.01,0.0
966,3597.0,1.1781,1.0,1.5,0.01,0.0
967,3597.0,1.1781,1.0,1.5,0.01,0.0
968,3597.0,1.1781,1.0,1.5,0.01,0.0
969,3597.0,1.1781,1.0,1.5,0.01,0.0
970,3596.0,1.1781,1.0,1.5,0.01,0.0
971,3596.0,1.1781,1.0,1.5,0.01,0.0
972,3596.0,1.1781,1.0,1.5,0.01,0.0
973,3596.0,1.1781,1.0,1.5,0.01,0.0
974,3596.0,1.1781,1.0,1.5,0.01,0.0
975,3596.0,1.1781,1.0,1.5,0.01,0.0
976,3596.0,1.1781,1.0,1.5,0.01,0.0
977,3596.0,1.1781,1.0,1.5,0.01,0.0
978,3596.0,1.1781,1.0,1.5,0.01,0.0
979,3596.0,1.1781,1.0,1.5,0.01,0.0
980,3596.0,0.9818,1.0,1.5,0.01,0.0
981,3596.0,0.9818,1.0,1.5,0.01,0.0
982,3596.0,0.9818,1.0,1.5,0.01,0.0
983,3596.0,0.9818,1.0,1.5,0.01,0.0
984,3597.0,0.9818,1.0,1.5,0.01,0.0
985,3597.0,0.9818,1.0,1.5,0.01,0.0
986,3597.0,0.9818,1.0,1.5,0.01,0.0
987,3597.0,0.9818,1.0,1.5,0.01,0.0
988,3597.0,0.9818,1.0,1.5,0.01,0.0
989,3597.0,0.9818,1.0,1.5,0.01,0.0
990,3597.0,0.3928,1.0,1.5,0.01,0.0
991,3597.0,0.3928,1.0,1.5,0.01,0.0
992,3597.0,0.3928,1.0,1.5,0.01,0.0
993,3598.0,0.3928,1.0,1.5,0.01,0.0
994,3598.0,0.3928,1.0,1.5,0.01,0.0
995,3598.0,0.3928,1.0,1.5,0.01,0.0
996,3598.0,0.3928,1.0,1.5,0.01,0.0
997,3598.0,0.3928,1.0,1.5,0.01,0.0
998,3598.0,0.3928,1.0,1.5,0.01,0.0
999,3598.0,0.3928,1.0,1.5,0.01,0.0
1000,3598.0,0.1963,1.0,1.5,0.01,0.0
1001,3599.0,0.1963,1.0,1.5,0.01,0.0
1002,3599.0,0.1963,1.0,1.5,0.01,0.0
1003,3599.0,0.1963,1.0,1.5,0.01,0.0
1004,3599.0,0.1963,1.0,1.5,0.01,0.0
1005,3599.0,0.1963,1.0,1.5,0.01,0.0
1006,3599.0,0.1963,1.0,1.5,0.01,0.0
1007,3599.0,0.1963,1.0,1.5,0.01,0.0
1008,3599.0,0.1963,1.0,1.5,0.01,0.0
1009,3599.0,0.1963,1.0,1.5,0.01,0.0
1010,3599.0,0.0,1.0,1.5,0.01,0.0
1011,3599.0,0.0,1.0,1.5,0.01,0.0
1012,3599.0,0.0,1.0,1.5,0.01,0.0
1013,3600.0,0.0,1.0,1.5,0.01,0.0
1014,3600.0,0.0,1.0,1.5,0.01,0.0
1015,3600.0,0.0,1.0,1.5,0.01,0.0
1016,3600.0,0.0,1.0,1.5,0.01,0.0
1017,3600.0,0.0,1.0,1.5,0.01,0.0
1018,3600.0,0.0,1.0,1.5,0.01,0.0
1019,3600.0,0.0,1.0,1.5,0.01,0.0
