TIME,PULSES,CONTROLLERVOLTAGE,CONTROLLER,KP,TAUD,TAUI 
NEXT EXPERIMENT0,0.0,-0.2454,1.0,1.5,0.0025,0.0
1,0.0,-0.2454,1.0,1.5,0.0025,0.0
2,0.0,-0.2454,1.0,1.5,0.0025,0.0
3,0.0,-0.2454,1.0,1.5,0.0025,0.0
4,0.0,-0.2454,1.0,1.5,0.0025,0.0
5,0.0,-0.2454,1.0,1.5,0.0025,0.0
6,0.0,-0.2454,1.0,1.5,0.0025,0.0
7,0.0,-0.2454,1.0,1.5,0.0025,0.0
8,0.0,-0.2454,1.0,1.5,0.0025,0.0
9,0.0,-0.2454,1.0,1.5,0.0025,0.0
10,0.0,883.8184,1.0,1.5,0.0025,0.0
11,0.0,883.8184,1.0,1.5,0.0025,0.0
12,0.0,883.8184,1.0,1.5,0.0025,0.0
13,0.0,883.8184,1.0,1.5,0.0025,0.0
14,1.0,883.8184,1.0,1.5,0.0025,0.0
15,1.0,883.8184,1.0,1.5,0.0025,0.0
16,2.0,883.8184,1.0,1.5,0.0025,0.0
17,3.0,883.8184,1.0,1.5,0.0025,0.0
18,3.0,883.8184,1.0,1.5,0.0025,0.0
19,4.0,883.8184,1.0,1.5,0.0025,0.0
20,6.0,705.6312,1.0,1.5,0.0025,0.0
21,7.0,705.6312,1.0,1.5,0.0025,0.0
22,8.0,705.6312,1.0,1.5,0.0025,0.0
23,10.0,705.6312,1.0,1.5,0.0025,0.0
24,11.0,705.6312,1.0,1.5,0.0025,0.0
25,13.0,705.6312,1.0,1.5,0.0025,0.0
26,15.0,705.6312,1.0,1.5,0.0025,0.0
27,17.0,705.6312,1.0,1.5,0.0025,0.0
28,19.0,705.6312,1.0,1.5,0.0025,0.0
29,21.0,705.6312,1.0,1.5,0.0025,0.0
30,23.0,701.9496,1.0,1.5,0.0025,0.0
31,25.0,701.9496,1.0,1.5,0.0025,0.0
32,27.0,701.9496,1.0,1.5,0.0025,0.0
33,30.0,701.9496,1.0,1.5,0.0025,0.0
34,32.0,701.9496,1.0,1.5,0.0025,0.0
35,35.0,701.9496,1.0,1.5,0.0025,0.0
36,37.0,701.9496,1.0,1.5,0.0025,0.0
37,40.0,701.9496,1.0,1.5,0.0025,0.0
38,42.0,701.9496,1.0,1.5,0.0025,0.0
39,45.0,701.9496,1.0,1.5,0.0025,0.0
40,48.0,696.8446,1.0,1.5,0.0025,0.0
41,50.0,696.8446,1.0,1.5,0.0025,0.0
42,53.0,696.8446,1.0,1.5,0.0025,0.0
43,56.0,696.8446,1.0,1.5,0.0025,0.0
44,59.0,696.8446,1.0,1.5,0.0025,0.0
45,62.0,696.8446,1.0,1.5,0.0025,0.0
46,65.0,696.8446,1.0,1.5,0.0025,0.0
47,68.0,696.8446,1.0,1.5,0.0025,0.0
48,71.0,696.8446,1.0,1.5,0.0025,0.0
49,74.0,696.8446,1.0,1.5,0.0025,0.0
50,77.0,690.905,1.0,1.5,0.0025,0.0
51,80.0,690.905,1.0,1.5,0.0025,0.0
52,84.0,690.905,1.0,1.5,0.0025,0.0
53,87.0,690.905,1.0,1.5,0.0025,0.0
54,90.0,690.905,1.0,1.5,0.0025,0.0
55,93.0,690.905,1.0,1.5,0.0025,0.0
56,97.0,690.905,1.0,1.5,0.0025,0.0
57,100.0,690.905,1.0,1.5,0.0025,0.0
58,103.0,690.905,1.0,1.5,0.0025,0.0
59,107.0,690.905,1.0,1.5,0.0025,0.0
60,110.0,684.2291,1.0,1.5,0.0025,0.0
61,114.0,684.2291,1.0,1.5,0.0025,0.0
62,117.0,684.2291,1.0,1.5,0.0025,0.0
63,121.0,684.2291,1.0,1.5,0.0025,0.0
64,124.0,684.2291,1.0,1.5,0.0025,0.0
65,128.0,684.2291,1.0,1.5,0.0025,0.0
66,132.0,684.2291,1.0,1.5,0.0025,0.0
67,136.0,684.2291,1.0,1.5,0.0025,0.0
68,139.0,684.2291,1.0,1.5,0.0025,0.0
69,143.0,684.2291,1.0,1.5,0.0025,0.0
70,147.0,677.0132,1.0,1.5,0.0025,0.0
71,150.0,677.0132,1.0,1.5,0.0025,0.0
72,154.0,677.0132,1.0,1.5,0.0025,0.0
73,157.0,677.0132,1.0,1.5,0.0025,0.0
74,162.0,677.0132,1.0,1.5,0.0025,0.0
75,166.0,677.0132,1.0,1.5,0.0025,0.0
76,170.0,677.0132,1.0,1.5,0.0025,0.0
77,173.0,677.0132,1.0,1.5,0.0025,0.0
78,177.0,677.0132,1.0,1.5,0.0025,0.0
79,181.0,677.0132,1.0,1.5,0.0025,0.0
80,185.0,669.4538,1.0,1.5,0.0025,0.0
81,188.0,669.4538,1.0,1.5,0.0025,0.0
82,192.0,669.4538,1.0,1.5,0.0025,0.0
83,197.0,669.4538,1.0,1.5,0.0025,0.0
84,201.0,669.4538,1.0,1.5,0.0025,0.0
85,205.0,669.4538,1.0,1.5,0.0025,0.0
86,208.0,669.4538,1.0,1.5,0.0025,0.0
87,213.0,669.4538,1.0,1.5,0.0025,0.0
88,217.0,669.4538,1.0,1.5,0.0025,0.0
89,221.0,669.4538,1.0,1.5,0.0025,0.0
90,225.0,661.5016,1.0,1.5,0.0025,0.0
91,230.0,661.5016,1.0,1.5,0.0025,0.0
92,234.0,661.5016,1.0,1.5,0.0025,0.0
93,237.0,661.5016,1.0,1.5,0.0025,0.0
94,241.0,661.5016,1.0,1.5,0.0025,0.0
95,245.0,661.5016,1.0,1.5,0.0025,0.0
96,250.0,661.5016,1.0,1.5,0.0025,0.0
97,254.0,661.5016,1.0,1.5,0.0025,0.0
98,258.0,661.5016,1.0,1.5,0.0025,0.0
99,262.0,661.5016,1.0,1.5,0.0025,0.0
100,266.0,653.4022,1.0,1.5,0.0025,0.0
101,270.0,653.4022,1.0,1.5,0.0025,0.0
102,274.0,653.4022,1.0,1.5,0.0025,0.0
103,278.0,653.4022,1.0,1.5,0.0025,0.0
104,283.0,653.4022,1.0,1.5,0.0025,0.0
105,287.0,653.4022,1.0,1.5,0.0025,0.0
106,290.0,653.4022,1.0,1.5,0.0025,0.0
107,294.0,653.4022,1.0,1.5,0.0025,0.0
108,299.0,653.4022,1.0,1.5,0.0025,0.0
109,303.0,653.4022,1.0,1.5,0.0025,0.0
110,307.0,645.1064,1.0,1.5,0.0025,0.0
111,311.0,645.1064,1.0,1.5,0.0025,0.0
112,315.0,645.1064,1.0,1.5,0.0025,0.0
113,319.0,645.1064,1.0,1.5,0.0025,0.0
114,323.0,645.1064,1.0,1.5,0.0025,0.0
115,327.0,645.1064,1.0,1.5,0.0025,0.0
116,332.0,645.1064,1.0,1.5,0.0025,0.0
117,336.0,645.1064,1.0,1.5,0.0025,0.0
118,341.0,645.1064,1.0,1.5,0.0025,0.0
119,345.0,645.1064,1.0,1.5,0.0025,0.0
120,350.0,637.1052,1.0,1.5,0.0025,0.0
121,354.0,637.1052,1.0,1.5,0.0025,0.0
122,359.0,637.1052,1.0,1.5,0.0025,0.0
123,363.0,637.1052,1.0,1.5,0.0025,0.0
124,367.0,637.1052,1.0,1.5,0.0025,0.0
125,371.0,637.1052,1.0,1.5,0.0025,0.0
126,375.0,637.1052,1.0,1.5,0.0025,0.0
127,379.0,637.1052,1.0,1.5,0.0025,0.0
128,384.0,637.1052,1.0,1.5,0.0025,0.0
129,388.0,637.1052,1.0,1.5,0.0025,0.0
130,392.0,628.3185,1.0,1.5,0.0025,0.0
131,396.0,628.3185,1.0,1.5,0.0025,0.0
132,400.0,628.3185,1.0,1.5,0.0025,0.0
133,404.0,628.3185,1.0,1.5,0.0025,0.0
134,408.0,628.3185,1.0,1.5,0.0025,0.0
135,413.0,628.3185,1.0,1.5,0.0025,0.0
136,417.0,628.3185,1.0,1.5,0.0025,0.0
137,421.0,628.3185,1.0,1.5,0.0025,0.0
138,425.0,628.3185,1.0,1.5,0.0025,0.0
139,429.0,628.3185,1.0,1.5,0.0025,0.0
140,434.0,620.6609,1.0,1.5,0.0025,0.0
141,438.0,620.6609,1.0,1.5,0.0025,0.0
142,442.0,620.6609,1.0,1.5,0.0025,0.0
143,446.0,620.6609,1.0,1.5,0.0025,0.0
144,451.0,620.6609,1.0,1.5,0.0025,0.0
145,455.0,620.6609,1.0,1.5,0.0025,0.0
146,460.0,620.6609,1.0,1.5,0.0025,0.0
147,464.0,620.6609,1.0,1.5,0.0025,0.0
148,468.0,620.6609,1.0,1.5,0.0025,0.0
149,472.0,620.6609,1.0,1.5,0.0025,0.0
150,476.0,611.8252,1.0,1.5,0.0025,0.0
151,480.0,611.8252,1.0,1.5,0.0025,0.0
152,485.0,611.8252,1.0,1.5,0.0025,0.0
153,489.0,611.8252,1.0,1.5,0.0025,0.0
154,493.0,611.8252,1.0,1.5,0.0025,0.0
155,498.0,611.8252,1.0,1.5,0.0025,0.0
156,502.0,611.8252,1.0,1.5,0.0025,0.0
157,506.0,611.8252,1.0,1.5,0.0025,0.0
158,510.0,611.8252,1.0,1.5,0.0025,0.0
159,514.0,611.8252,1.0,1.5,0.0025,0.0
160,518.0,603.9221,1.0,1.5,0.0025,0.0
161,522.0,603.9221,1.0,1.5,0.0025,0.0
162,526.0,603.9221,1.0,1.5,0.0025,0.0
163,531.0,603.9221,1.0,1.5,0.0025,0.0
164,535.0,603.9221,1.0,1.5,0.0025,0.0
165,539.0,603.9221,1.0,1.5,0.0025,0.0
166,543.0,603.9221,1.0,1.5,0.0025,0.0
167,549.0,603.9221,1.0,1.5,0.0025,0.0
168,553.0,603.9221,1.0,1.5,0.0025,0.0
169,557.0,603.9221,1.0,1.5,0.0025,0.0
170,561.0,595.3809,1.0,1.5,0.0025,0.0
171,566.0,595.3809,1.0,1.5,0.0025,0.0
172,570.0,595.3809,1.0,1.5,0.0025,0.0
173,574.0,595.3809,1.0,1.5,0.0025,0.0
174,578.0,595.3809,1.0,1.5,0.0025,0.0
175,582.0,595.3809,1.0,1.5,0.0025,0.0
176,586.0,595.3809,1.0,1.5,0.0025,0.0
177,590.0,595.3809,1.0,1.5,0.0025,0.0
178,594.0,595.3809,1.0,1.5,0.0025,0.0
179,598.0,595.3809,1.0,1.5,0.0025,0.0
180,602.0,587.1833,1.0,1.5,0.0025,0.0
181,606.0,587.1833,1.0,1.5,0.0025,0.0
182,610.0,587.1833,1.0,1.5,0.0025,0.0
183,616.0,587.1833,1.0,1.5,0.0025,0.0
184,620.0,587.1833,1.0,1.5,0.0025,0.0
185,624.0,587.1833,1.0,1.5,0.0025,0.0
186,628.0,587.1833,1.0,1.5,0.0025,0.0
187,633.0,587.1833,1.0,1.5,0.0025,0.0
188,637.0,587.1833,1.0,1.5,0.0025,0.0
189,641.0,587.1833,1.0,1.5,0.0025,0.0
190,645.0,578.9366,1.0,1.5,0.0025,0.0
191,649.0,578.9366,1.0,1.5,0.0025,0.0
192,653.0,578.9366,1.0,1.5,0.0025,0.0
193,657.0,578.9366,1.0,1.5,0.0025,0.0
194,661.0,578.9366,1.0,1.5,0.0025,0.0
195,665.0,578.9366,1.0,1.5,0.0025,0.0
196,670.0,578.9366,1.0,1.5,0.0025,0.0
197,674.0,578.9366,1.0,1.5,0.0025,0.0
198,678.0,578.9366,1.0,1.5,0.0025,0.0
199,682.0,578.9366,1.0,1.5,0.0025,0.0
200,686.0,570.9354,1.0,1.5,0.0025,0.0
201,690.0,570.9354,1.0,1.5,0.0025,0.0
202,694.0,570.9354,1.0,1.5,0.0025,0.0
203,698.0,570.9354,1.0,1.5,0.0025,0.0
204,702.0,570.9354,1.0,1.5,0.0025,0.0
205,707.0,570.9354,1.0,1.5,0.0025,0.0
206,712.0,570.9354,1.0,1.5,0.0025,0.0
207,716.0,570.9354,1.0,1.5,0.0025,0.0
208,720.0,570.9354,1.0,1.5,0.0025,0.0
209,724.0,570.9354,1.0,1.5,0.0025,0.0
210,729.0,562.3942,1.0,1.5,0.0025,0.0
211,733.0,562.3942,1.0,1.5,0.0025,0.0
212,737.0,562.3942,1.0,1.5,0.0025,0.0
213,741.0,562.3942,1.0,1.5,0.0025,0.0
214,745.0,562.3942,1.0,1.5,0.0025,0.0
215,749.0,562.3942,1.0,1.5,0.0025,0.0
216,754.0,562.3942,1.0,1.5,0.0025,0.0
217,758.0,562.3942,1.0,1.5,0.0025,0.0
218,762.0,562.3942,1.0,1.5,0.0025,0.0
219,766.0,562.3942,1.0,1.5,0.0025,0.0
220,770.0,554.4421,1.0,1.5,0.0025,0.0
221,774.0,554.4421,1.0,1.5,0.0025,0.0
222,778.0,554.4421,1.0,1.5,0.0025,0.0
223,783.0,554.4421,1.0,1.5,0.0025,0.0
224,787.0,554.4421,1.0,1.5,0.0025,0.0
225,791.0,554.4421,1.0,1.5,0.0025,0.0
226,795.0,554.4421,1.0,1.5,0.0025,0.0
227,799.0,554.4421,1.0,1.5,0.0025,0.0
228,804.0,554.4421,1.0,1.5,0.0025,0.0
229,808.0,554.4421,1.0,1.5,0.0025,0.0
230,812.0,546.1464,1.0,1.5,0.0025,0.0
231,816.0,546.1464,1.0,1.5,0.0025,0.0
232,820.0,546.1464,1.0,1.5,0.0025,0.0
233,824.0,546.1464,1.0,1.5,0.0025,0.0
234,828.0,546.1464,1.0,1.5,0.0025,0.0
235,832.0,546.1464,1.0,1.5,0.0025,0.0
236,836.0,546.1464,1.0,1.5,0.0025,0.0
237,840.0,546.1464,1.0,1.5,0.0025,0.0
238,844.0,546.1464,1.0,1.5,0.0025,0.0
239,848.0,546.1464,1.0,1.5,0.0025,0.0
240,853.0,538.3905,1.0,1.5,0.0025,0.0
241,857.0,538.3905,1.0,1.5,0.0025,0.0
242,862.0,538.3905,1.0,1.5,0.0025,0.0
243,866.0,538.3905,1.0,1.5,0.0025,0.0
244,870.0,538.3905,1.0,1.5,0.0025,0.0
245,874.0,538.3905,1.0,1.5,0.0025,0.0
246,879.0,538.3905,1.0,1.5,0.0025,0.0
247,883.0,538.3905,1.0,1.5,0.0025,0.0
248,886.0,538.3905,1.0,1.5,0.0025,0.0
249,890.0,538.3905,1.0,1.5,0.0025,0.0
250,896.0,529.8002,1.0,1.5,0.0025,0.0
251,900.0,529.8002,1.0,1.5,0.0025,0.0
252,905.0,529.8002,1.0,1.5,0.0025,0.0
253,909.0,529.8002,1.0,1.5,0.0025,0.0
254,913.0,529.8002,1.0,1.5,0.0025,0.0
255,917.0,529.8002,1.0,1.5,0.0025,0.0
256,921.0,529.8002,1.0,1.5,0.0025,0.0
257,925.0,529.8002,1.0,1.5,0.0025,0.0
258,930.0,529.8002,1.0,1.5,0.0025,0.0
259,934.0,529.8002,1.0,1.5,0.0025,0.0
260,938.0,521.1118,1.0,1.5,0.0025,0.0
261,942.0,521.1118,1.0,1.5,0.0025,0.0
262,946.0,521.1118,1.0,1.5,0.0025,0.0
263,950.0,521.1118,1.0,1.5,0.0025,0.0
264,954.0,521.1118,1.0,1.5,0.0025,0.0
265,959.0,521.1118,1.0,1.5,0.0025,0.0
266,963.0,521.1118,1.0,1.5,0.0025,0.0
267,967.0,521.1118,1.0,1.5,0.0025,0.0
268,971.0,521.1118,1.0,1.5,0.0025,0.0
269,975.0,521.1118,1.0,1.5,0.0025,0.0
270,979.0,513.4541,1.0,1.5,0.0025,0.0
271,983.0,513.4541,1.0,1.5,0.0025,0.0
272,987.0,513.4541,1.0,1.5,0.0025,0.0
273,992.0,513.4541,1.0,1.5,0.0025,0.0
274,996.0,513.4541,1.0,1.5,0.0025,0.0
275,1001.0,513.4541,1.0,1.5,0.0025,0.0
276,1005.0,513.4541,1.0,1.5,0.0025,0.0
277,1009.0,513.4541,1.0,1.5,0.0025,0.0
278,1013.0,513.4541,1.0,1.5,0.0025,0.0
279,1018.0,513.4541,1.0,1.5,0.0025,0.0
280,1022.0,504.8638,1.0,1.5,0.0025,0.0
281,1027.0,504.8638,1.0,1.5,0.0025,0.0
282,1031.0,504.8638,1.0,1.5,0.0025,0.0
283,1035.0,504.8638,1.0,1.5,0.0025,0.0
284,1039.0,504.8638,1.0,1.5,0.0025,0.0
285,1043.0,504.8638,1.0,1.5,0.0025,0.0
286,1047.0,504.8638,1.0,1.5,0.0025,0.0
287,1052.0,504.8638,1.0,1.5,0.0025,0.0
288,1056.0,504.8638,1.0,1.5,0.0025,0.0
289,1060.0,504.8638,1.0,1.5,0.0025,0.0
290,1064.0,496.4207,1.0,1.5,0.0025,0.0
291,1069.0,496.4207,1.0,1.5,0.0025,0.0
292,1073.0,496.4207,1.0,1.5,0.0025,0.0
293,1079.0,496.4207,1.0,1.5,0.0025,0.0
294,1083.0,496.4207,1.0,1.5,0.0025,0.0
295,1087.0,496.4207,1.0,1.5,0.0025,0.0
296,1091.0,496.4207,1.0,1.5,0.0025,0.0
297,1095.0,496.4207,1.0,1.5,0.0025,0.0
298,1099.0,496.4207,1.0,1.5,0.0025,0.0
299,1103.0,496.4207,1.0,1.5,0.0025,0.0
300,1107.0,488.2232,1.0,1.5,0.0025,0.0
301,1112.0,488.2232,1.0,1.5,0.0025,0.0
302,1116.0,488.2232,1.0,1.5,0.0025,0.0
303,1120.0,488.2232,1.0,1.5,0.0025,0.0
304,1125.0,488.2232,1.0,1.5,0.0025,0.0
305,1129.0,488.2232,1.0,1.5,0.0025,0.0
306,1133.0,488.2232,1.0,1.5,0.0025,0.0
307,1136.0,488.2232,1.0,1.5,0.0025,0.0
308,1140.0,488.2232,1.0,1.5,0.0025,0.0
309,1145.0,488.2232,1.0,1.5,0.0025,0.0
310,1149.0,479.9765,1.0,1.5,0.0025,0.0
311,1153.0,479.9765,1.0,1.5,0.0025,0.0
312,1157.0,479.9765,1.0,1.5,0.0025,0.0
313,1161.0,479.9765,1.0,1.5,0.0025,0.0
314,1165.0,479.9765,1.0,1.5,0.0025,0.0
315,1169.0,479.9765,1.0,1.5,0.0025,0.0
316,1175.0,479.9765,1.0,1.5,0.0025,0.0
317,1179.0,479.9765,1.0,1.5,0.0025,0.0
318,1183.0,479.9765,1.0,1.5,0.0025,0.0
319,1187.0,479.9765,1.0,1.5,0.0025,0.0
320,1191.0,471.7298,1.0,1.5,0.0025,0.0
321,1195.0,471.7298,1.0,1.5,0.0025,0.0
322,1200.0,471.7298,1.0,1.5,0.0025,0.0
323,1204.0,471.7298,1.0,1.5,0.0025,0.0
324,1209.0,471.7298,1.0,1.5,0.0025,0.0
325,1213.0,471.7298,1.0,1.5,0.0025,0.0
326,1217.0,471.7298,1.0,1.5,0.0025,0.0
327,1221.0,471.7298,1.0,1.5,0.0025,0.0
328,1226.0,471.7298,1.0,1.5,0.0025,0.0
329,1230.0,471.7298,1.0,1.5,0.0025,0.0
330,1234.0,463.2377,1.0,1.5,0.0025,0.0
331,1238.0,463.2377,1.0,1.5,0.0025,0.0
332,1243.0,463.2377,1.0,1.5,0.0025,0.0
333,1247.0,463.2377,1.0,1.5,0.0025,0.0
334,1250.0,463.2377,1.0,1.5,0.0025,0.0
335,1254.0,463.2377,1.0,1.5,0.0025,0.0
336,1258.0,463.2377,1.0,1.5,0.0025,0.0
337,1262.0,463.2377,1.0,1.5,0.0025,0.0
338,1266.0,463.2377,1.0,1.5,0.0025,0.0
339,1270.0,463.2377,1.0,1.5,0.0025,0.0
340,1275.0,455.2856,1.0,1.5,0.0025,0.0
341,1280.0,455.2856,1.0,1.5,0.0025,0.0
342,1285.0,455.2856,1.0,1.5,0.0025,0.0
343,1289.0,455.2856,1.0,1.5,0.0025,0.0
344,1294.0,455.2856,1.0,1.5,0.0025,0.0
345,1298.0,455.2856,1.0,1.5,0.0025,0.0
346,1303.0,455.2856,1.0,1.5,0.0025,0.0
347,1307.0,455.2856,1.0,1.5,0.0025,0.0
348,1311.0,455.2856,1.0,1.5,0.0025,0.0
349,1315.0,455.2856,1.0,1.5,0.0025,0.0
350,1319.0,446.4989,1.0,1.5,0.0025,0.0
351,1323.0,446.4989,1.0,1.5,0.0025,0.0
352,1327.0,446.4989,1.0,1.5,0.0025,0.0
353,1331.0,446.4989,1.0,1.5,0.0025,0.0
354,1337.0,446.4989,1.0,1.5,0.0025,0.0
355,1341.0,446.4989,1.0,1.5,0.0025,0.0
356,1346.0,446.4989,1.0,1.5,0.0025,0.0
357,1350.0,446.4989,1.0,1.5,0.0025,0.0
358,1354.0,446.4989,1.0,1.5,0.0025,0.0
359,1358.0,446.4989,1.0,1.5,0.0025,0.0
360,1363.0,437.8595,1.0,1.5,0.0025,0.0
361,1367.0,437.8595,1.0,1.5,0.0025,0.0
362,1371.0,437.8595,1.0,1.5,0.0025,0.0
363,1375.0,437.8595,1.0,1.5,0.0025,0.0
364,1380.0,437.8595,1.0,1.5,0.0025,0.0
365,1384.0,437.8595,1.0,1.5,0.0025,0.0
366,1388.0,437.8595,1.0,1.5,0.0025,0.0
367,1393.0,437.8595,1.0,1.5,0.0025,0.0
368,1398.0,437.8595,1.0,1.5,0.0025,0.0
369,1403.0,437.8595,1.0,1.5,0.0025,0.0
370,1407.0,429.2202,1.0,1.5,0.0025,0.0
371,1412.0,429.2202,1.0,1.5,0.0025,0.0
372,1416.0,429.2202,1.0,1.5,0.0025,0.0
373,1420.0,429.2202,1.0,1.5,0.0025,0.0
374,1424.0,429.2202,1.0,1.5,0.0025,0.0
375,1428.0,429.2202,1.0,1.5,0.0025,0.0
376,1432.0,429.2202,1.0,1.5,0.0025,0.0
377,1435.0,429.2202,1.0,1.5,0.0025,0.0
378,1439.0,429.2202,1.0,1.5,0.0025,0.0
379,1444.0,429.2202,1.0,1.5,0.0025,0.0
380,1448.0,421.3171,1.0,1.5,0.0025,0.0
381,1453.0,421.3171,1.0,1.5,0.0025,0.0
382,1457.0,421.3171,1.0,1.5,0.0025,0.0
383,1461.0,421.3171,1.0,1.5,0.0025,0.0
384,1465.0,421.3171,1.0,1.5,0.0025,0.0
385,1469.0,421.3171,1.0,1.5,0.0025,0.0
386,1473.0,421.3171,1.0,1.5,0.0025,0.0
387,1477.0,421.3171,1.0,1.5,0.0025,0.0
388,1481.0,421.3171,1.0,1.5,0.0025,0.0
389,1485.0,421.3171,1.0,1.5,0.0025,0.0
390,1489.0,413.0213,1.0,1.5,0.0025,0.0
391,1494.0,413.0213,1.0,1.5,0.0025,0.0
392,1498.0,413.0213,1.0,1.5,0.0025,0.0
393,1503.0,413.0213,1.0,1.5,0.0025,0.0
394,1507.0,413.0213,1.0,1.5,0.0025,0.0
395,1511.0,413.0213,1.0,1.5,0.0025,0.0
396,1515.0,413.0213,1.0,1.5,0.0025,0.0
397,1519.0,413.0213,1.0,1.5,0.0025,0.0
398,1523.0,413.0213,1.0,1.5,0.0025,0.0
399,1529.0,413.0213,1.0,1.5,0.0025,0.0
400,1533.0,404.2838,1.0,1.5,0.0025,0.0
401,1537.0,404.2838,1.0,1.5,0.0025,0.0
402,1541.0,404.2838,1.0,1.5,0.0025,0.0
403,1546.0,404.2838,1.0,1.5,0.0025,0.0
404,1551.0,404.2838,1.0,1.5,0.0025,0.0
405,1555.0,404.2838,1.0,1.5,0.0025,0.0
406,1559.0,404.2838,1.0,1.5,0.0025,0.0
407,1563.0,404.2838,1.0,1.5,0.0025,0.0
408,1567.0,404.2838,1.0,1.5,0.0025,0.0
409,1571.0,404.2838,1.0,1.5,0.0025,0.0
410,1575.0,396.3807,1.0,1.5,0.0025,0.0
411,1579.0,396.3807,1.0,1.5,0.0025,0.0
412,1584.0,396.3807,1.0,1.5,0.0025,0.0
413,1588.0,396.3807,1.0,1.5,0.0025,0.0
414,1593.0,396.3807,1.0,1.5,0.0025,0.0
415,1597.0,396.3807,1.0,1.5,0.0025,0.0
416,1603.0,396.3807,1.0,1.5,0.0025,0.0
417,1607.0,396.3807,1.0,1.5,0.0025,0.0
418,1612.0,396.3807,1.0,1.5,0.0025,0.0
419,1616.0,396.3807,1.0,1.5,0.0025,0.0
420,1620.0,387.3486,1.0,1.5,0.0025,0.0
421,1624.0,387.3486,1.0,1.5,0.0025,0.0
422,1629.0,387.3486,1.0,1.5,0.0025,0.0
423,1633.0,387.3486,1.0,1.5,0.0025,0.0
424,1637.0,387.3486,1.0,1.5,0.0025,0.0
425,1641.0,387.3486,1.0,1.5,0.0025,0.0
426,1646.0,387.3486,1.0,1.5,0.0025,0.0
427,1650.0,387.3486,1.0,1.5,0.0025,0.0
428,1654.0,387.3486,1.0,1.5,0.0025,0.0
429,1658.0,387.3486,1.0,1.5,0.0025,0.0
430,1663.0,379.2492,1.0,1.5,0.0025,0.0
431,1667.0,379.2492,1.0,1.5,0.0025,0.0
432,1671.0,379.2492,1.0,1.5,0.0025,0.0
433,1675.0,379.2492,1.0,1.5,0.0025,0.0
434,1679.0,379.2492,1.0,1.5,0.0025,0.0
435,1683.0,379.2492,1.0,1.5,0.0025,0.0
436,1687.0,379.2492,1.0,1.5,0.0025,0.0
437,1691.0,379.2492,1.0,1.5,0.0025,0.0
438,1696.0,379.2492,1.0,1.5,0.0025,0.0
439,1700.0,379.2492,1.0,1.5,0.0025,0.0
440,1704.0,371.0025,1.0,1.5,0.0025,0.0
441,1708.0,371.0025,1.0,1.5,0.0025,0.0
442,1712.0,371.0025,1.0,1.5,0.0025,0.0
443,1716.0,371.0025,1.0,1.5,0.0025,0.0
444,1720.0,371.0025,1.0,1.5,0.0025,0.0
445,1724.0,371.0025,1.0,1.5,0.0025,0.0
446,1728.0,371.0025,1.0,1.5,0.0025,0.0
447,1732.0,371.0025,1.0,1.5,0.0025,0.0
448,1737.0,371.0025,1.0,1.5,0.0025,0.0
449,1741.0,371.0025,1.0,1.5,0.0025,0.0
450,1745.0,363.0013,1.0,1.5,0.0025,0.0
451,1749.0,363.0013,1.0,1.5,0.0025,0.0
452,1754.0,363.0013,1.0,1.5,0.0025,0.0
453,1758.0,363.0013,1.0,1.5,0.0025,0.0
454,1763.0,363.0013,1.0,1.5,0.0025,0.0
455,1767.0,363.0013,1.0,1.5,0.0025,0.0
456,1771.0,363.0013,1.0,1.5,0.0025,0.0
457,1775.0,363.0013,1.0,1.5,0.0025,0.0
458,1779.0,363.0013,1.0,1.5,0.0025,0.0
459,1783.0,363.0013,1.0,1.5,0.0025,0.0
460,1787.0,354.7055,1.0,1.5,0.0025,0.0
461,1791.0,354.7055,1.0,1.5,0.0025,0.0
462,1795.0,354.7055,1.0,1.5,0.0025,0.0
463,1799.0,354.7055,1.0,1.5,0.0025,0.0
464,1803.0,354.7055,1.0,1.5,0.0025,0.0
465,1807.0,354.7055,1.0,1.5,0.0025,0.0
466,1811.0,354.7055,1.0,1.5,0.0025,0.0
467,1815.0,354.7055,1.0,1.5,0.0025,0.0
468,1819.0,354.7055,1.0,1.5,0.0025,0.0
469,1823.0,354.7055,1.0,1.5,0.0025,0.0
470,1827.0,346.7042,1.0,1.5,0.0025,0.0
471,1832.0,346.7042,1.0,1.5,0.0025,0.0
472,1836.0,346.7042,1.0,1.5,0.0025,0.0
473,1840.0,346.7042,1.0,1.5,0.0025,0.0
474,1844.0,346.7042,1.0,1.5,0.0025,0.0
475,1849.0,346.7042,1.0,1.5,0.0025,0.0
476,1853.0,346.7042,1.0,1.5,0.0025,0.0
477,1857.0,346.7042,1.0,1.5,0.0025,0.0
478,1861.0,346.7042,1.0,1.5,0.0025,0.0
479,1865.0,346.7042,1.0,1.5,0.0025,0.0
480,1869.0,338.4084,1.0,1.5,0.0025,0.0
481,1874.0,338.4084,1.0,1.5,0.0025,0.0
482,1878.0,338.4084,1.0,1.5,0.0025,0.0
483,1882.0,338.4084,1.0,1.5,0.0025,0.0
484,1886.0,338.4084,1.0,1.5,0.0025,0.0
485,1891.0,338.4084,1.0,1.5,0.0025,0.0
486,1895.0,338.4084,1.0,1.5,0.0025,0.0
487,1900.0,338.4084,1.0,1.5,0.0025,0.0
488,1904.0,338.4084,1.0,1.5,0.0025,0.0
489,1908.0,338.4084,1.0,1.5,0.0025,0.0
490,1912.0,329.9164,1.0,1.5,0.0025,0.0
491,1916.0,329.9164,1.0,1.5,0.0025,0.0
492,1921.0,329.9164,1.0,1.5,0.0025,0.0
493,1925.0,329.9164,1.0,1.5,0.0025,0.0
494,1929.0,329.9164,1.0,1.5,0.0025,0.0
495,1934.0,329.9164,1.0,1.5,0.0025,0.0
496,1938.0,329.9164,1.0,1.5,0.0025,0.0
497,1943.0,329.9164,1.0,1.5,0.0025,0.0
498,1947.0,329.9164,1.0,1.5,0.0025,0.0
499,1951.0,329.9164,1.0,1.5,0.0025,0.0
500,1955.0,321.4733,1.0,1.5,0.0025,0.0
501,1959.0,321.4733,1.0,1.5,0.0025,0.0
502,1964.0,321.4733,1.0,1.5,0.0025,0.0
503,1968.0,321.4733,1.0,1.5,0.0025,0.0
504,1972.0,321.4733,1.0,1.5,0.0025,0.0
505,1976.0,321.4733,1.0,1.5,0.0025,0.0
506,1980.0,321.4733,1.0,1.5,0.0025,0.0
507,1984.0,321.4733,1.0,1.5,0.0025,0.0
508,1988.0,321.4733,1.0,1.5,0.0025,0.0
509,1992.0,321.4733,1.0,1.5,0.0025,0.0
510,1997.0,313.5212,1.0,1.5,0.0025,0.0
511,2001.0,313.5212,1.0,1.5,0.0025,0.0
512,2006.0,313.5212,1.0,1.5,0.0025,0.0
513,2011.0,313.5212,1.0,1.5,0.0025,0.0
514,2015.0,313.5212,1.0,1.5,0.0025,0.0
515,2019.0,313.5212,1.0,1.5,0.0025,0.0
516,2024.0,313.5212,1.0,1.5,0.0025,0.0
517,2028.0,313.5212,1.0,1.5,0.0025,0.0
518,2032.0,313.5212,1.0,1.5,0.0025,0.0
519,2036.0,313.5212,1.0,1.5,0.0025,0.0
520,2040.0,304.7345,1.0,1.5,0.0025,0.0
521,2044.0,304.7345,1.0,1.5,0.0025,0.0
522,2049.0,304.7345,1.0,1.5,0.0025,0.0
523,2053.0,304.7345,1.0,1.5,0.0025,0.0
524,2057.0,304.7345,1.0,1.5,0.0025,0.0
525,2061.0,304.7345,1.0,1.5,0.0025,0.0
526,2065.0,304.7345,1.0,1.5,0.0025,0.0
527,2069.0,304.7345,1.0,1.5,0.0025,0.0
528,2073.0,304.7345,1.0,1.5,0.0025,0.0
529,2077.0,304.7345,1.0,1.5,0.0025,0.0
530,2081.0,296.8315,1.0,1.5,0.0025,0.0
531,2085.0,296.8315,1.0,1.5,0.0025,0.0
532,2090.0,296.8315,1.0,1.5,0.0025,0.0
533,2094.0,296.8315,1.0,1.5,0.0025,0.0
534,2099.0,296.8315,1.0,1.5,0.0025,0.0
535,2103.0,296.8315,1.0,1.5,0.0025,0.0
536,2108.0,296.8315,1.0,1.5,0.0025,0.0
537,2112.0,296.8315,1.0,1.5,0.0025,0.0
538,2116.0,296.8315,1.0,1.5,0.0025,0.0
539,2120.0,296.8315,1.0,1.5,0.0025,0.0
540,2124.0,288.5357,1.0,1.5,0.0025,0.0
541,2127.0,288.5357,1.0,1.5,0.0025,0.0
542,2131.0,288.5357,1.0,1.5,0.0025,0.0
543,2136.0,288.5357,1.0,1.5,0.0025,0.0
544,2140.0,288.5357,1.0,1.5,0.0025,0.0
545,2144.0,288.5357,1.0,1.5,0.0025,0.0
546,2148.0,288.5357,1.0,1.5,0.0025,0.0
547,2152.0,288.5357,1.0,1.5,0.0025,0.0
548,2156.0,288.5357,1.0,1.5,0.0025,0.0
549,2160.0,288.5357,1.0,1.5,0.0025,0.0
550,2164.0,280.7798,1.0,1.5,0.0025,0.0
551,2168.0,280.7798,1.0,1.5,0.0025,0.0
552,2172.0,280.7798,1.0,1.5,0.0025,0.0
553,2177.0,280.7798,1.0,1.5,0.0025,0.0
554,2181.0,280.7798,1.0,1.5,0.0025,0.0
555,2186.0,280.7798,1.0,1.5,0.0025,0.0
556,2190.0,280.7798,1.0,1.5,0.0025,0.0
557,2194.0,280.7798,1.0,1.5,0.0025,0.0
558,2198.0,280.7798,1.0,1.5,0.0025,0.0
559,2203.0,280.7798,1.0,1.5,0.0025,0.0
560,2207.0,272.1896,1.0,1.5,0.0025,0.0
561,2211.0,272.1896,1.0,1.5,0.0025,0.0
562,2215.0,272.1896,1.0,1.5,0.0025,0.0
563,2219.0,272.1896,1.0,1.5,0.0025,0.0
564,2224.0,272.1896,1.0,1.5,0.0025,0.0
565,2228.0,272.1896,1.0,1.5,0.0025,0.0
566,2232.0,272.1896,1.0,1.5,0.0025,0.0
567,2237.0,272.1896,1.0,1.5,0.0025,0.0
568,2241.0,272.1896,1.0,1.5,0.0025,0.0
569,2246.0,272.1896,1.0,1.5,0.0025,0.0
570,2250.0,263.7466,1.0,1.5,0.0025,0.0
571,2255.0,263.7466,1.0,1.5,0.0025,0.0
572,2259.0,263.7466,1.0,1.5,0.0025,0.0
573,2263.0,263.7466,1.0,1.5,0.0025,0.0
574,2267.0,263.7466,1.0,1.5,0.0025,0.0
575,2272.0,263.7466,1.0,1.5,0.0025,0.0
576,2276.0,263.7466,1.0,1.5,0.0025,0.0
577,2279.0,263.7466,1.0,1.5,0.0025,0.0
578,2283.0,263.7466,1.0,1.5,0.0025,0.0
579,2287.0,263.7466,1.0,1.5,0.0025,0.0
580,2291.0,255.7944,1.0,1.5,0.0025,0.0
581,2295.0,255.7944,1.0,1.5,0.0025,0.0
582,2300.0,255.7944,1.0,1.5,0.0025,0.0
583,2304.0,255.7944,1.0,1.5,0.0025,0.0
584,2308.0,255.7944,1.0,1.5,0.0025,0.0
585,2312.0,255.7944,1.0,1.5,0.0025,0.0
586,2317.0,255.7944,1.0,1.5,0.0025,0.0
587,2321.0,255.7944,1.0,1.5,0.0025,0.0
588,2326.0,255.7944,1.0,1.5,0.0025,0.0
589,2330.0,255.7944,1.0,1.5,0.0025,0.0
590,2334.0,247.2532,1.0,1.5,0.0025,0.0
591,2338.0,247.2532,1.0,1.5,0.0025,0.0
592,2343.0,247.2532,1.0,1.5,0.0025,0.0
593,2347.0,247.2532,1.0,1.5,0.0025,0.0
594,2352.0,247.2532,1.0,1.5,0.0025,0.0
595,2356.0,247.2532,1.0,1.5,0.0025,0.0
596,2361.0,247.2532,1.0,1.5,0.0025,0.0
597,2365.0,247.2532,1.0,1.5,0.0025,0.0
598,2370.0,247.2532,1.0,1.5,0.0025,0.0
599,2374.0,247.2532,1.0,1.5,0.0025,0.0
600,2379.0,238.5648,1.0,1.5,0.0025,0.0
601,2383.0,238.5648,1.0,1.5,0.0025,0.0
602,2388.0,238.5648,1.0,1.5,0.0025,0.0
603,2392.0,238.5648,1.0,1.5,0.0025,0.0
604,2397.0,238.5648,1.0,1.5,0.0025,0.0
605,2401.0,238.5648,1.0,1.5,0.0025,0.0
606,2407.0,238.5648,1.0,1.5,0.0025,0.0
607,2411.0,238.5648,1.0,1.5,0.0025,0.0
608,2415.0,238.5648,1.0,1.5,0.0025,0.0
609,2419.0,238.5648,1.0,1.5,0.0025,0.0
610,2423.0,229.6799,1.0,1.5,0.0025,0.0
611,2427.0,229.6799,1.0,1.5,0.0025,0.0
612,2430.0,229.6799,1.0,1.5,0.0025,0.0
613,2434.0,229.6799,1.0,1.5,0.0025,0.0
614,2439.0,229.6799,1.0,1.5,0.0025,0.0
615,2444.0,229.6799,1.0,1.5,0.0025,0.0
616,2450.0,229.6799,1.0,1.5,0.0025,0.0
617,2454.0,229.6799,1.0,1.5,0.0025,0.0
618,2458.0,229.6799,1.0,1.5,0.0025,0.0
619,2462.0,229.6799,1.0,1.5,0.0025,0.0
620,2466.0,221.335,1.0,1.5,0.0025,0.0
621,2471.0,221.335,1.0,1.5,0.0025,0.0
622,2476.0,221.335,1.0,1.5,0.0025,0.0
623,2480.0,221.335,1.0,1.5,0.0025,0.0
624,2485.0,221.335,1.0,1.5,0.0025,0.0
625,2490.0,221.335,1.0,1.5,0.0025,0.0
626,2494.0,221.335,1.0,1.5,0.0025,0.0
627,2498.0,221.335,1.0,1.5,0.0025,0.0
628,2502.0,221.335,1.0,1.5,0.0025,0.0
629,2506.0,221.335,1.0,1.5,0.0025,0.0
630,2510.0,212.6466,1.0,1.5,0.0025,0.0
631,2514.0,212.6466,1.0,1.5,0.0025,0.0
632,2518.0,212.6466,1.0,1.5,0.0025,0.0
633,2522.0,212.6466,1.0,1.5,0.0025,0.0
634,2527.0,212.6466,1.0,1.5,0.0025,0.0
635,2532.0,212.6466,1.0,1.5,0.0025,0.0
636,2536.0,212.6466,1.0,1.5,0.0025,0.0
637,2540.0,212.6466,1.0,1.5,0.0025,0.0
638,2544.0,212.6466,1.0,1.5,0.0025,0.0
639,2549.0,212.6466,1.0,1.5,0.0025,0.0
640,2553.0,204.2526,1.0,1.5,0.0025,0.0
641,2558.0,204.2526,1.0,1.5,0.0025,0.0
642,2562.0,204.2526,1.0,1.5,0.0025,0.0
643,2566.0,204.2526,1.0,1.5,0.0025,0.0
644,2571.0,204.2526,1.0,1.5,0.0025,0.0
645,2575.0,204.2526,1.0,1.5,0.0025,0.0
646,2579.0,204.2526,1.0,1.5,0.0025,0.0
647,2583.0,204.2526,1.0,1.5,0.0025,0.0
648,2587.0,204.2526,1.0,1.5,0.0025,0.0
649,2591.0,204.2526,1.0,1.5,0.0025,0.0
650,2595.0,196.0551,1.0,1.5,0.0025,0.0
651,2599.0,196.0551,1.0,1.5,0.0025,0.0
652,2603.0,196.0551,1.0,1.5,0.0025,0.0
653,2607.0,196.0551,1.0,1.5,0.0025,0.0
654,2612.0,196.0551,1.0,1.5,0.0025,0.0
655,2616.0,196.0551,1.0,1.5,0.0025,0.0
656,2620.0,196.0551,1.0,1.5,0.0025,0.0
657,2623.0,196.0551,1.0,1.5,0.0025,0.0
658,2627.0,196.0551,1.0,1.5,0.0025,0.0
659,2630.0,196.0551,1.0,1.5,0.0025,0.0
660,2634.0,188.5447,1.0,1.5,0.0025,0.0
661,2639.0,188.5447,1.0,1.5,0.0025,0.0
662,2643.0,188.5447,1.0,1.5,0.0025,0.0
663,2647.0,188.5447,1.0,1.5,0.0025,0.0
664,2651.0,188.5447,1.0,1.5,0.0025,0.0
665,2656.0,188.5447,1.0,1.5,0.0025,0.0
666,2660.0,188.5447,1.0,1.5,0.0025,0.0
667,2664.0,188.5447,1.0,1.5,0.0025,0.0
668,2669.0,188.5447,1.0,1.5,0.0025,0.0
669,2673.0,188.5447,1.0,1.5,0.0025,0.0
670,2677.0,179.9053,1.0,1.5,0.0025,0.0
671,2681.0,179.9053,1.0,1.5,0.0025,0.0
672,2685.0,179.9053,1.0,1.5,0.0025,0.0
673,2689.0,179.9053,1.0,1.5,0.0025,0.0
674,2694.0,179.9053,1.0,1.5,0.0025,0.0
675,2699.0,179.9053,1.0,1.5,0.0025,0.0
676,2703.0,179.9053,1.0,1.5,0.0025,0.0
677,2707.0,179.9053,1.0,1.5,0.0025,0.0
678,2711.0,179.9053,1.0,1.5,0.0025,0.0
679,2715.0,179.9053,1.0,1.5,0.0025,0.0
680,2719.0,171.7077,1.0,1.5,0.0025,0.0
681,2723.0,171.7077,1.0,1.5,0.0025,0.0
682,2726.0,171.7077,1.0,1.5,0.0025,0.0
683,2730.0,171.7077,1.0,1.5,0.0025,0.0
684,2735.0,171.7077,1.0,1.5,0.0025,0.0
685,2739.0,171.7077,1.0,1.5,0.0025,0.0
686,2743.0,171.7077,1.0,1.5,0.0025,0.0
687,2747.0,171.7077,1.0,1.5,0.0025,0.0
688,2752.0,171.7077,1.0,1.5,0.0025,0.0
689,2756.0,171.7077,1.0,1.5,0.0025,0.0
690,2760.0,163.7065,1.0,1.5,0.0025,0.0
691,2764.0,163.7065,1.0,1.5,0.0025,0.0
692,2768.0,163.7065,1.0,1.5,0.0025,0.0
693,2773.0,163.7065,1.0,1.5,0.0025,0.0
694,2777.0,163.7065,1.0,1.5,0.0025,0.0
695,2781.0,163.7065,1.0,1.5,0.0025,0.0
696,2785.0,163.7065,1.0,1.5,0.0025,0.0
697,2789.0,163.7065,1.0,1.5,0.0025,0.0
698,2793.0,163.7065,1.0,1.5,0.0025,0.0
699,2797.0,163.7065,1.0,1.5,0.0025,0.0
700,2802.0,155.4107,1.0,1.5,0.0025,0.0
701,2806.0,155.4107,1.0,1.5,0.0025,0.0
702,2810.0,155.4107,1.0,1.5,0.0025,0.0
703,2815.0,155.4107,1.0,1.5,0.0025,0.0
704,2820.0,155.4107,1.0,1.5,0.0025,0.0
705,2823.0,155.4107,1.0,1.5,0.0025,0.0
706,2827.0,155.4107,1.0,1.5,0.0025,0.0
707,2832.0,155.4107,1.0,1.5,0.0025,0.0
708,2836.0,155.4107,1.0,1.5,0.0025,0.0
709,2840.0,155.4107,1.0,1.5,0.0025,0.0
710,2844.0,147.164,1.0,1.5,0.0025,0.0
711,2849.0,147.164,1.0,1.5,0.0025,0.0
712,2853.0,147.164,1.0,1.5,0.0025,0.0
713,2857.0,147.164,1.0,1.5,0.0025,0.0
714,2862.0,147.164,1.0,1.5,0.0025,0.0
715,2867.0,147.164,1.0,1.5,0.0025,0.0
716,2871.0,147.164,1.0,1.5,0.0025,0.0
717,2874.0,147.164,1.0,1.5,0.0025,0.0
718,2878.0,147.164,1.0,1.5,0.0025,0.0
719,2883.0,147.164,1.0,1.5,0.0025,0.0
720,2887.0,138.4265,1.0,1.5,0.0025,0.0
721,2891.0,138.4265,1.0,1.5,0.0025,0.0
722,2895.0,138.4265,1.0,1.5,0.0025,0.0
723,2901.0,138.4265,1.0,1.5,0.0025,0.0
724,2905.0,138.4265,1.0,1.5,0.0025,0.0
725,2909.0,138.4265,1.0,1.5,0.0025,0.0
726,2913.0,138.4265,1.0,1.5,0.0025,0.0
727,2918.0,138.4265,1.0,1.5,0.0025,0.0
728,2922.0,138.4265,1.0,1.5,0.0025,0.0
729,2926.0,138.4265,1.0,1.5,0.0025,0.0
730,2930.0,130.0325,1.0,1.5,0.0025,0.0
731,2935.0,130.0325,1.0,1.5,0.0025,0.0
732,2940.0,130.0325,1.0,1.5,0.0025,0.0
733,2945.0,130.0325,1.0,1.5,0.0025,0.0
734,2949.0,130.0325,1.0,1.5,0.0025,0.0
735,2953.0,130.0325,1.0,1.5,0.0025,0.0
736,2957.0,130.0325,1.0,1.5,0.0025,0.0
737,2961.0,130.0325,1.0,1.5,0.0025,0.0
738,2965.0,130.0325,1.0,1.5,0.0025,0.0
739,2969.0,130.0325,1.0,1.5,0.0025,0.0
740,2974.0,121.5895,1.0,1.5,0.0025,0.0
741,2979.0,121.5895,1.0,1.5,0.0025,0.0
742,2983.0,121.5895,1.0,1.5,0.0025,0.0
743,2987.0,121.5895,1.0,1.5,0.0025,0.0
744,2990.0,121.5895,1.0,1.5,0.0025,0.0
745,2994.0,121.5895,1.0,1.5,0.0025,0.0
746,2998.0,121.5895,1.0,1.5,0.0025,0.0
747,3002.0,121.5895,1.0,1.5,0.0025,0.0
748,3006.0,121.5895,1.0,1.5,0.0025,0.0
749,3010.0,121.5895,1.0,1.5,0.0025,0.0
750,3014.0,113.6373,1.0,1.5,0.0025,0.0
751,3019.0,113.6373,1.0,1.5,0.0025,0.0
752,3022.0,113.6373,1.0,1.5,0.0025,0.0
753,3026.0,113.6373,1.0,1.5,0.0025,0.0
754,3031.0,113.6373,1.0,1.5,0.0025,0.0
755,3035.0,113.6373,1.0,1.5,0.0025,0.0
756,3039.0,113.6373,1.0,1.5,0.0025,0.0
757,3043.0,113.6373,1.0,1.5,0.0025,0.0
758,3047.0,113.6373,1.0,1.5,0.0025,0.0
759,3051.0,113.6373,1.0,1.5,0.0025,0.0
760,3055.0,105.587,1.0,1.5,0.0025,0.0
761,3060.0,105.587,1.0,1.5,0.0025,0.0
762,3065.0,105.587,1.0,1.5,0.0025,0.0
763,3069.0,105.587,1.0,1.5,0.0025,0.0
764,3072.0,105.587,1.0,1.5,0.0025,0.0
765,3076.0,105.587,1.0,1.5,0.0025,0.0
766,3081.0,105.587,1.0,1.5,0.0025,0.0
767,3085.0,105.587,1.0,1.5,0.0025,0.0
768,3090.0,105.587,1.0,1.5,0.0025,0.0
769,3094.0,105.587,1.0,1.5,0.0025,0.0
770,3098.0,97.0458,1.0,1.5,0.0025,0.0
771,3103.0,97.0458,1.0,1.5,0.0025,0.0
772,3107.0,97.0458,1.0,1.5,0.0025,0.0
773,3111.0,97.0458,1.0,1.5,0.0025,0.0
774,3115.0,97.0458,1.0,1.5,0.0025,0.0
775,3119.0,97.0458,1.0,1.5,0.0025,0.0
776,3123.0,97.0458,1.0,1.5,0.0025,0.0
777,3127.0,97.0458,1.0,1.5,0.0025,0.0
778,3131.0,97.0458,1.0,1.5,0.0025,0.0
779,3136.0,97.0458,1.0,1.5,0.0025,0.0
780,3140.0,88.8482,1.0,1.5,0.0025,0.0
781,3146.0,88.8482,1.0,1.5,0.0025,0.0
782,3150.0,88.8482,1.0,1.5,0.0025,0.0
783,3154.0,88.8482,1.0,1.5,0.0025,0.0
784,3158.0,88.8482,1.0,1.5,0.0025,0.0
785,3162.0,88.8482,1.0,1.5,0.0025,0.0
786,3166.0,88.8482,1.0,1.5,0.0025,0.0
787,3170.0,88.8482,1.0,1.5,0.0025,0.0
788,3174.0,88.8482,1.0,1.5,0.0025,0.0
789,3179.0,88.8482,1.0,1.5,0.0025,0.0
790,3183.0,80.6015,1.0,1.5,0.0025,0.0
791,3187.0,80.6015,1.0,1.5,0.0025,0.0
792,3191.0,80.6015,1.0,1.5,0.0025,0.0
793,3195.0,80.6015,1.0,1.5,0.0025,0.0
794,3199.0,80.6015,1.0,1.5,0.0025,0.0
795,3203.0,80.6015,1.0,1.5,0.0025,0.0
796,3207.0,80.6015,1.0,1.5,0.0025,0.0
797,3211.0,80.6015,1.0,1.5,0.0025,0.0
798,3215.0,80.6015,1.0,1.5,0.0025,0.0
799,3220.0,80.6015,1.0,1.5,0.0025,0.0
800,3224.0,72.6003,1.0,1.5,0.0025,0.0
801,3228.0,72.6003,1.0,1.5,0.0025,0.0
802,3232.0,72.6003,1.0,1.5,0.0025,0.0
803,3237.0,72.6003,1.0,1.5,0.0025,0.0
804,3241.0,72.6003,1.0,1.5,0.0025,0.0
805,3246.0,72.6003,1.0,1.5,0.0025,0.0
806,3250.0,72.6003,1.0,1.5,0.0025,0.0
807,3254.0,72.6003,1.0,1.5,0.0025,0.0
808,3259.0,72.6003,1.0,1.5,0.0025,0.0
809,3264.0,72.6003,1.0,1.5,0.0025,0.0
810,3268.0,63.8137,1.0,1.5,0.0025,0.0
811,3272.0,63.8137,1.0,1.5,0.0025,0.0
812,3276.0,63.8137,1.0,1.5,0.0025,0.0
813,3280.0,63.8137,1.0,1.5,0.0025,0.0
814,3285.0,63.8137,1.0,1.5,0.0025,0.0
815,3289.0,63.8137,1.0,1.5,0.0025,0.0
816,3293.0,63.8137,1.0,1.5,0.0025,0.0
817,3297.0,63.8137,1.0,1.5,0.0025,0.0
818,3302.0,63.8137,1.0,1.5,0.0025,0.0
819,3306.0,63.8137,1.0,1.5,0.0025,0.0
820,3311.0,55.6651,1.0,1.5,0.0025,0.0
821,3315.0,55.6651,1.0,1.5,0.0025,0.0
822,3319.0,55.6651,1.0,1.5,0.0025,0.0
823,3323.0,55.6651,1.0,1.5,0.0025,0.0
824,3328.0,55.6651,1.0,1.5,0.0025,0.0
825,3332.0,55.6651,1.0,1.5,0.0025,0.0
826,3337.0,55.6651,1.0,1.5,0.0025,0.0
827,3342.0,55.6651,1.0,1.5,0.0025,0.0
828,3346.0,55.6651,1.0,1.5,0.0025,0.0
829,3350.0,55.6651,1.0,1.5,0.0025,0.0
830,3354.0,46.9276,1.0,1.5,0.0025,0.0
831,3358.0,46.9276,1.0,1.5,0.0025,0.0
832,3362.0,46.9276,1.0,1.5,0.0025,0.0
833,3366.0,46.9276,1.0,1.5,0.0025,0.0
834,3370.0,46.9276,1.0,1.5,0.0025,0.0
835,3375.0,46.9276,1.0,1.5,0.0025,0.0
836,3379.0,46.9276,1.0,1.5,0.0025,0.0
837,3383.0,46.9276,1.0,1.5,0.0025,0.0
838,3387.0,46.9276,1.0,1.5,0.0025,0.0
839,3391.0,46.9276,1.0,1.5,0.0025,0.0
840,3396.0,39.0245,1.0,1.5,0.0025,0.0
841,3400.0,39.0245,1.0,1.5,0.0025,0.0
842,3404.0,39.0245,1.0,1.5,0.0025,0.0
843,3408.0,39.0245,1.0,1.5,0.0025,0.0
844,3413.0,39.0245,1.0,1.5,0.0025,0.0
845,3417.0,39.0245,1.0,1.5,0.0025,0.0
846,3422.0,39.0245,1.0,1.5,0.0025,0.0
847,3426.0,39.0245,1.0,1.5,0.0025,0.0
848,3431.0,39.0245,1.0,1.5,0.0025,0.0
849,3435.0,39.0245,1.0,1.5,0.0025,0.0
850,3440.0,29.9924,1.0,1.5,0.0025,0.0
851,3444.0,29.9924,1.0,1.5,0.0025,0.0
852,3448.0,29.9924,1.0,1.5,0.0025,0.0
853,3453.0,29.9924,1.0,1.5,0.0025,0.0
854,3457.0,29.9924,1.0,1.5,0.0025,0.0
855,3461.0,29.9924,1.0,1.5,0.0025,0.0
856,3465.0,29.9924,1.0,1.5,0.0025,0.0
857,3469.0,29.9924,1.0,1.5,0.0025,0.0
858,3473.0,29.9924,1.0,1.5,0.0025,0.0
859,3477.0,29.9924,1.0,1.5,0.0025,0.0
860,3481.0,21.893,1.0,1.5,0.0025,0.0
861,3485.0,21.893,1.0,1.5,0.0025,0.0
862,3490.0,21.893,1.0,1.5,0.0025,0.0
863,3494.0,21.893,1.0,1.5,0.0025,0.0
864,3498.0,21.893,1.0,1.5,0.0025,0.0
865,3502.0,21.893,1.0,1.5,0.0025,0.0
866,3506.0,21.893,1.0,1.5,0.0025,0.0
867,3511.0,21.893,1.0,1.5,0.0025,0.0
868,3515.0,21.893,1.0,1.5,0.0025,0.0
869,3519.0,21.893,1.0,1.5,0.0025,0.0
870,3523.0,13.8918,1.0,1.5,0.0025,0.0
871,3527.0,13.8918,1.0,1.5,0.0025,0.0
872,3531.0,13.8918,1.0,1.5,0.0025,0.0
873,3536.0,13.8918,1.0,1.5,0.0025,0.0
874,3540.0,13.8918,1.0,1.5,0.0025,0.0
875,3545.0,13.8918,1.0,1.5,0.0025,0.0
876,3549.0,13.8918,1.0,1.5,0.0025,0.0
877,3553.0,13.8918,1.0,1.5,0.0025,0.0
878,3558.0,13.8918,1.0,1.5,0.0025,0.0
879,3563.0,13.8918,1.0,1.5,0.0025,0.0
880,3567.0,5.1051,1.0,1.5,0.0025,0.0
881,3571.0,5.1051,1.0,1.5,0.0025,0.0
882,3575.0,5.1051,1.0,1.5,0.0025,0.0
883,3579.0,5.1051,1.0,1.5,0.0025,0.0
884,3583.0,5.1051,1.0,1.5,0.0025,0.0
885,3586.0,5.1051,1.0,1.5,0.0025,0.0
886,3590.0,5.1051,1.0,1.5,0.0025,0.0
887,3594.0,5.1051,1.0,1.5,0.0025,0.0
888,3598.0,5.1051,1.0,1.5,0.0025,0.0
889,3601.0,5.1051,1.0,1.5,0.0025,0.0
890,3605.0,-2.0617,1.0,1.5,0.0025,0.0
891,3608.0,-2.0617,1.0,1.5,0.0025,0.0
892,3612.0,-2.0617,1.0,1.5,0.0025,0.0
893,3615.0,-2.0617,1.0,1.5,0.0025,0.0
894,3618.0,-2.0617,1.0,1.5,0.0025,0.0
895,3621.0,-2.0617,1.0,1.5,0.0025,0.0
896,3624.0,-2.0617,1.0,1.5,0.0025,0.0
897,3627.0,-2.0617,1.0,1.5,0.0025,0.0
898,3629.0,-2.0617,1.0,1.5,0.0025,0.0
899,3632.0,-2.0617,1.0,1.5,0.0025,0.0
900,3634.0,-7.8048,1.0,1.5,0.0025,0.0
901,3636.0,-7.8048,1.0,1.5,0.0025,0.0
902,3638.0,-7.8048,1.0,1.5,0.0025,0.0
903,3640.0,-7.8048,1.0,1.5,0.0025,0.0
904,3642.0,-7.8048,1.0,1.5,0.0025,0.0
905,3644.0,-7.8048,1.0,1.5,0.0025,0.0
906,3645.0,-7.8048,1.0,1.5,0.0025,0.0
907,3647.0,-7.8048,1.0,1.5,0.0025,0.0
908,3648.0,-7.8048,1.0,1.5,0.0025,0.0
909,3649.0,-7.8048,1.0,1.5,0.0025,0.0
910,3650.0,-10.4556,1.0,1.5,0.0025,0.0
911,3651.0,-10.4556,1.0,1.5,0.0025,0.0
912,3651.0,-10.4556,1.0,1.5,0.0025,0.0
913,3652.0,-10.4556,1.0,1.5,0.0025,0.0
914,3652.0,-10.4556,1.0,1.5,0.0025,0.0
915,3652.0,-10.4556,1.0,1.5,0.0025,0.0
916,3652.0,-10.4556,1.0,1.5,0.0025,0.0
917,3652.0,-10.4556,1.0,1.5,0.0025,0.0
918,3651.0,-10.4556,1.0,1.5,0.0025,0.0
919,3651.0,-10.4556,1.0,1.5,0.0025,0.0
920,3650.0,-10.112,1.0,1.5,0.0025,0.0
921,3650.0,-10.112,1.0,1.5,0.0025,0.0
922,3649.0,-10.112,1.0,1.5,0.0025,0.0
923,3648.0,-10.112,1.0,1.5,0.0025,0.0
924,3647.0,-10.112,1.0,1.5,0.0025,0.0
925,3645.0,-10.112,1.0,1.5,0.0025,0.0
926,3644.0,-10.112,1.0,1.5,0.0025,0.0
927,3643.0,-10.112,1.0,1.5,0.0025,0.0
928,3641.0,-10.112,1.0,1.5,0.0025,0.0
929,3640.0,-10.112,1.0,1.5,0.0025,0.0
930,3638.0,-7.314,1.0,1.5,0.0025,0.0
931,3637.0,-7.314,1.0,1.5,0.0025,0.0
932,3635.0,-7.314,1.0,1.5,0.0025,0.0
933,3633.0,-7.314,1.0,1.5,0.0025,0.0
934,3632.0,-7.314,1.0,1.5,0.0025,0.0
935,3630.0,-7.314,1.0,1.5,0.0025,0.0
936,3628.0,-7.314,1.0,1.5,0.0025,0.0
937,3626.0,-7.314,1.0,1.5,0.0025,0.0
938,3624.0,-7.314,1.0,1.5,0.0025,0.0
939,3623.0,-7.314,1.0,1.5,0.0025,0.0
940,3621.0,-3.4361,1.0,1.5,0.0025,0.0
941,3619.0,-3.4361,1.0,1.5,0.0025,0.0
942,3617.0,-3.4361,1.0,1.5,0.0025,0.0
943,3615.0,-3.4361,1.0,1.5,0.0025,0.0
944,3613.0,-3.4361,1.0,1.5,0.0025,0.0
945,3611.0,-3.4361,1.0,1.5,0.0025,0.0
946,3610.0,-3.4361,1.0,1.5,0.0025,0.0
947,3608.0,-3.4361,1.0,1.5,0.0025,0.0
948,3606.0,-3.4361,1.0,1.5,0.0025,0.0
949,3604.0,-3.4361,1.0,1.5,0.0025,0.0
950,3603.0,0.0982,1.0,1.5,0.0025,0.0
951,3601.0,0.0982,1.0,1.5,0.0025,0.0
952,3599.0,0.0982,1.0,1.5,0.0025,0.0
953,3598.0,0.0982,1.0,1.5,0.0025,0.0
954,3596.0,0.0982,1.0,1.5,0.0025,0.0
955,3595.0,0.0982,1.0,1.5,0.0025,0.0
956,3593.0,0.0982,1.0,1.5,0.0025,0.0
957,3592.0,0.0982,1.0,1.5,0.0025,0.0
958,3591.0,0.0982,1.0,1.5,0.0025,0.0
959,3590.0,0.0982,1.0,1.5,0.0025,0.0
960,3588.0,2.6507,1.0,1.5,0.0025,0.0
961,3587.0,2.6507,1.0,1.5,0.0025,0.0
962,3586.0,2.6507,1.0,1.5,0.0025,0.0
963,3585.0,2.6507,1.0,1.5,0.0025,0.0
964,3584.0,2.6507,1.0,1.5,0.0025,0.0
965,3584.0,2.6507,1.0,1.5,0.0025,0.0
966,3583.0,2.6507,1.0,1.5,0.0025,0.0
967,3582.0,2.6507,1.0,1.5,0.0025,0.0
968,3582.0,2.6507,1.0,1.5,0.0025,0.0
969,3581.0,2.6507,1.0,1.5,0.0025,0.0
970,3581.0,4.1725,1.0,1.5,0.0025,0.0
971,3580.0,4.1725,1.0,1.5,0.0025,0.0
972,3580.0,4.1725,1.0,1.5,0.0025,0.0
973,3580.0,4.1725,1.0,1.5,0.0025,0.0
974,3579.0,4.1725,1.0,1.5,0.0025,0.0
975,3579.0,4.1725,1.0,1.5,0.0025,0.0
976,3579.0,4.1725,1.0,1.5,0.0025,0.0
977,3579.0,4.1725,1.0,1.5,0.0025,0.0
978,3579.0,4.1725,1.0,1.5,0.0025,0.0
979,3579.0,4.1725,1.0,1.5,0.0025,0.0
980,3580.0,3.9761,1.0,1.5,0.0025,0.0
981,3580.0,3.9761,1.0,1.5,0.0025,0.0
982,3580.0,3.9761,1.0,1.5,0.0025,0.0
983,3581.0,3.9761,1.0,1.5,0.0025,0.0
984,3581.0,3.9761,1.0,1.5,0.0025,0.0
985,3582.0,3.9761,1.0,1.5,0.0025,0.0
986,3582.0,3.9761,1.0,1.5,0.0025,0.0
987,3583.0,3.9761,1.0,1.5,0.0025,0.0
988,3583.0,3.9761,1.0,1.5,0.0025,0.0
989,3584.0,3.9761,1.0,1.5,0.0025,0.0
990,3585.0,2.9453,1.0,1.5,0.0025,0.0
991,3585.0,2.9453,1.0,1.5,0.0025,0.0
992,3586.0,2.9453,1.0,1.5,0.0025,0.0
993,3587.0,2.9453,1.0,1.5,0.0025,0.0
994,3587.0,2.9453,1.0,1.5,0.0025,0.0
995,3588.0,2.9453,1.0,1.5,0.0025,0.0
996,3589.0,2.9453,1.0,1.5,0.0025,0.0
997,3590.0,2.9453,1.0,1.5,0.0025,0.0
998,3590.0,2.9453,1.0,1.5,0.0025,0.0
999,3591.0,2.9453,1.0,1.5,0.0025,0.0
1000,3592.0,1.4236,1.0,1.5,0.0025,0.0
1001,3593.0,1.4236,1.0,1.5,0.0025,0.0
1002,3593.0,1.4236,1.0,1.5,0.0025,0.0
1003,3594.0,1.4236,1.0,1.5,0.0025,0.0
1004,3595.0,1.4236,1.0,1.5,0.0025,0.0
1005,3596.0,1.4236,1.0,1.5,0.0025,0.0
1006,3596.0,1.4236,1.0,1.5,0.0025,0.0
1007,3597.0,1.4236,1.0,1.5,0.0025,0.0
1008,3598.0,1.4236,1.0,1.5,0.0025,0.0
1009,3598.0,1.4236,1.0,1.5,0.0025,0.0
1010,3599.0,-0.1963,1.0,1.5,0.0025,0.0
1011,3600.0,-0.1963,1.0,1.5,0.0025,0.0
1012,3600.0,-0.1963,1.0,1.5,0.0025,0.0
1013,3601.0,-0.1963,1.0,1.5,0.0025,0.0
1014,3602.0,-0.1963,1.0,1.5,0.0025,0.0
1015,3602.0,-0.1963,1.0,1.5,0.0025,0.0
1016,3603.0,-0.1963,1.0,1.5,0.0025,0.0
1017,3603.0,-0.1963,1.0,1.5,0.0025,0.0
1018,3604.0,-0.1963,1.0,1.5,0.0025,0.0
1019,3604.0,-0.1963,1.0,1.5,0.0025,0.0
1020,3605.0,-1.0308,1.0,1.5,0.0025,0.0
1021,3605.0,-1.0308,1.0,1.5,0.0025,0.0
1022,3605.0,-1.0308,1.0,1.5,0.0025,0.0
1023,3606.0,-1.0308,1.0,1.5,0.0025,0.0
1024,3606.0,-1.0308,1.0,1.5,0.0025,0.0
1025,3606.0,-1.0308,1.0,1.5,0.0025,0.0
1026,3606.0,-1.0308,1.0,1.5,0.0025,0.0
1027,3607.0,-1.0308,1.0,1.5,0.0025,0.0
1028,3607.0,-1.0308,1.0,1.5,0.0025,0.0
1029,3607.0,-1.0308,1.0,1.5,0.0025,0.0
1030,3607.0,-1.5217,1.0,1.5,0.0025,0.0
1031,3607.0,-1.5217,1.0,1.5,0.0025,0.0
1032,3608.0,-1.5217,1.0,1.5,0.0025,0.0
1033,3608.0,-1.5217,1.0,1.5,0.0025,0.0
1034,3608.0,-1.5217,1.0,1.5,0.0025,0.0
1035,3608.0,-1.5217,1.0,1.5,0.0025,0.0
1036,3608.0,-1.5217,1.0,1.5,0.0025,0.0
1037,3608.0,-1.5217,1.0,1.5,0.0025,0.0
1038,3608.0,-1.5217,1.0,1.5,0.0025,0.0
1039,3608.0,-1.5217,1.0,1.5,0.0025,0.0
1040,3608.0,-1.6199,1.0,1.5,0.0025,0.0
1041,3608.0,-1.6199,1.0,1.5,0.0025,0.0
1042,3608.0,-1.6199,1.0,1.5,0.0025,0.0
1043,3607.0,-1.6199,1.0,1.5,0.0025,0.0
1044,3607.0,-1.6199,1.0,1.5,0.0025,0.0
1045,3607.0,-1.6199,1.0,1.5,0.0025,0.0
1046,3607.0,-1.6199,1.0,1.5,0.0025,0.0
1047,3607.0,-1.6199,1.0,1.5,0.0025,0.0
1048,3607.0,-1.6199,1.0,1.5,0.0025,0.0
1049,3606.0,-1.6199,1.0,1.5,0.0025,0.0
1050,3606.0,-1.0799,1.0,1.5,0.0025,0.0
1051,3606.0,-1.0799,1.0,1.5,0.0025,0.0
1052,3606.0,-1.0799,1.0,1.5,0.0025,0.0
1053,3606.0,-1.0799,1.0,1.5,0.0025,0.0
1054,3605.0,-1.0799,1.0,1.5,0.0025,0.0
1055,3605.0,-1.0799,1.0,1.5,0.0025,0.0
1056,3605.0,-1.0799,1.0,1.5,0.0025,0.0
1057,3605.0,-1.0799,1.0,1.5,0.0025,0.0
1058,3604.0,-1.0799,1.0,1.5,0.0025,0.0
1059,3604.0,-1.0799,1.0,1.5,0.0025,0.0
1060,3604.0,-0.6872,1.0,1.5,0.0025,0.0
1061,3604.0,-0.6872,1.0,1.5,0.0025,0.0
1062,3604.0,-0.6872,1.0,1.5,0.0025,0.0
1063,3603.0,-0.6872,1.0,1.5,0.0025,0.0
1064,3603.0,-0.6872,1.0,1.5,0.0025,0.0
1065,3603.0,-0.6872,1.0,1.5,0.0025,0.0
1066,3603.0,-0.6872,1.0,1.5,0.0025,0.0
1067,3603.0,-0.6872,1.0,1.5,0.0025,0.0
1068,3602.0,-0.6872,1.0,1.5,0.0025,0.0
1069,3602.0,-0.6872,1.0,1.5,0.0025,0.0
1070,3602.0,-0.2945,1.0,1.5,0.0025,0.0
1071,3602.0,-0.2945,1.0,1.5,0.0025,0.0
1072,3602.0,-0.2945,1.0,1.5,0.0025,0.0
1073,3601.0,-0.2945,1.0,1.5,0.0025,0.0
1074,3601.0,-0.2945,1.0,1.5,0.0025,0.0
1075,3601.0,-0.2945,1.0,1.5,0.0025,0.0
1076,3601.0,-0.2945,1.0,1.5,0.0025,0.0
1077,3601.0,-0.2945,1.0,1.5,0.0025,0.0
1078,3601.0,-0.2945,1.0,1.5,0.0025,0.0
1079,3600.0,-0.2945,1.0,1.5,0.0025,0.0
