TIME,PULSES,CONTROLLERVOLTAGE,CONTROLLER,KP,TAUD,TAUI 
0,-1.0,0.0,0.0,1.5,0.0,0.0
1,-1.0,0.0,0.0,1.5,0.0,0.0
2,-1.0,0.0,0.0,1.5,0.0,0.0
3,-1.0,0.0,0.0,1.5,0.0,0.0
4,-1.0,0.0,0.0,1.5,0.0,0.0
5,-1.0,0.0,0.0,1.5,0.0,0.0
6,-1.0,0.0,0.0,1.5,0.0,0.0
7,-1.0,0.0,0.0,1.5,0.0,0.0
8,-1.0,0.0,0.0,1.5,0.0,0.0
9,-1.0,0.0,0.0,1.5,0.0,0.0
10,-1.0,707.0547,0.0,1.5,0.0,0.0
11,-1.0,707.0547,0.0,1.5,0.0,0.0
12,-1.0,707.0547,0.0,1.5,0.0,0.0
13,-1.0,707.0547,0.0,1.5,0.0,0.0
14,0.0,707.0547,0.0,1.5,0.0,0.0
15,0.0,707.0547,0.0,1.5,0.0,0.0
16,1.0,707.0547,0.0,1.5,0.0,0.0
17,2.0,707.0547,0.0,1.5,0.0,0.0
18,3.0,707.0547,0.0,1.5,0.0,0.0
19,4.0,707.0547,0.0,1.5,0.0,0.0
20,5.0,706.073,0.0,1.5,0.0,0.0
21,6.0,706.073,0.0,1.5,0.0,0.0
22,8.0,706.073,0.0,1.5,0.0,0.0
23,9.0,706.073,0.0,1.5,0.0,0.0
24,11.0,706.073,0.0,1.5,0.0,0.0
25,12.0,706.073,0.0,1.5,0.0,0.0
26,14.0,706.073,0.0,1.5,0.0,0.0
27,16.0,706.073,0.0,1.5,0.0,0.0
28,18.0,706.073,0.0,1.5,0.0,0.0
29,20.0,706.073,0.0,1.5,0.0,0.0
30,22.0,702.9314,0.0,1.5,0.0,0.0
31,24.0,702.9314,0.0,1.5,0.0,0.0
32,27.0,702.9314,0.0,1.5,0.0,0.0
33,29.0,702.9314,0.0,1.5,0.0,0.0
34,31.0,702.9314,0.0,1.5,0.0,0.0
35,34.0,702.9314,0.0,1.5,0.0,0.0
36,36.0,702.9314,0.0,1.5,0.0,0.0
37,39.0,702.9314,0.0,1.5,0.0,0.0
38,41.0,702.9314,0.0,1.5,0.0,0.0
39,44.0,702.9314,0.0,1.5,0.0,0.0
40,47.0,698.219,0.0,1.5,0.0,0.0
41,49.0,698.219,0.0,1.5,0.0,0.0
42,52.0,698.219,0.0,1.5,0.0,0.0
43,55.0,698.219,0.0,1.5,0.0,0.0
44,58.0,698.219,0.0,1.5,0.0,0.0
45,61.0,698.219,0.0,1.5,0.0,0.0
46,64.0,698.219,0.0,1.5,0.0,0.0
47,67.0,698.219,0.0,1.5,0.0,0.0
48,70.0,698.219,0.0,1.5,0.0,0.0
49,73.0,698.219,0.0,1.5,0.0,0.0
50,76.0,692.5249,0.0,1.5,0.0,0.0
51,79.0,692.5249,0.0,1.5,0.0,0.0
52,82.0,692.5249,0.0,1.5,0.0,0.0
53,86.0,692.5249,0.0,1.5,0.0,0.0
54,89.0,692.5249,0.0,1.5,0.0,0.0
55,92.0,692.5249,0.0,1.5,0.0,0.0
56,95.0,692.5249,0.0,1.5,0.0,0.0
57,99.0,692.5249,0.0,1.5,0.0,0.0
58,102.0,692.5249,0.0,1.5,0.0,0.0
59,105.0,692.5249,0.0,1.5,0.0,0.0
60,109.0,686.0453,0.0,1.5,0.0,0.0
61,112.0,686.0453,0.0,1.5,0.0,0.0
62,116.0,686.0453,0.0,1.5,0.0,0.0
63,119.0,686.0453,0.0,1.5,0.0,0.0
64,123.0,686.0453,0.0,1.5,0.0,0.0
65,126.0,686.0453,0.0,1.5,0.0,0.0
66,130.0,686.0453,0.0,1.5,0.0,0.0
67,133.0,686.0453,0.0,1.5,0.0,0.0
68,137.0,686.0453,0.0,1.5,0.0,0.0
69,140.0,686.0453,0.0,1.5,0.0,0.0
70,145.0,679.1731,0.0,1.5,0.0,0.0
71,148.0,679.1731,0.0,1.5,0.0,0.0
72,152.0,679.1731,0.0,1.5,0.0,0.0
73,156.0,679.1731,0.0,1.5,0.0,0.0
74,160.0,679.1731,0.0,1.5,0.0,0.0
75,163.0,679.1731,0.0,1.5,0.0,0.0
76,167.0,679.1731,0.0,1.5,0.0,0.0
77,172.0,679.1731,0.0,1.5,0.0,0.0
78,175.0,679.1731,0.0,1.5,0.0,0.0
79,179.0,679.1731,0.0,1.5,0.0,0.0
80,183.0,671.7118,0.0,1.5,0.0,0.0
81,188.0,671.7118,0.0,1.5,0.0,0.0
82,191.0,671.7118,0.0,1.5,0.0,0.0
83,195.0,671.7118,0.0,1.5,0.0,0.0
84,199.0,671.7118,0.0,1.5,0.0,0.0
85,203.0,671.7118,0.0,1.5,0.0,0.0
86,206.0,671.7118,0.0,1.5,0.0,0.0
87,210.0,671.7118,0.0,1.5,0.0,0.0
88,214.0,671.7118,0.0,1.5,0.0,0.0
89,219.0,671.7118,0.0,1.5,0.0,0.0
90,224.0,663.8578,0.0,1.5,0.0,0.0
91,228.0,663.8578,0.0,1.5,0.0,0.0
92,232.0,663.8578,0.0,1.5,0.0,0.0
93,235.0,663.8578,0.0,1.5,0.0,0.0
94,240.0,663.8578,0.0,1.5,0.0,0.0
95,244.0,663.8578,0.0,1.5,0.0,0.0
96,249.0,663.8578,0.0,1.5,0.0,0.0
97,253.0,663.8578,0.0,1.5,0.0,0.0
98,257.0,663.8578,0.0,1.5,0.0,0.0
99,261.0,663.8578,0.0,1.5,0.0,0.0
100,264.0,655.6111,0.0,1.5,0.0,0.0
101,268.0,655.6111,0.0,1.5,0.0,0.0
102,273.0,655.6111,0.0,1.5,0.0,0.0
103,277.0,655.6111,0.0,1.5,0.0,0.0
104,281.0,655.6111,0.0,1.5,0.0,0.0
105,285.0,655.6111,0.0,1.5,0.0,0.0
106,290.0,655.6111,0.0,1.5,0.0,0.0
107,294.0,655.6111,0.0,1.5,0.0,0.0
108,298.0,655.6111,0.0,1.5,0.0,0.0
109,302.0,655.6111,0.0,1.5,0.0,0.0
110,306.0,647.5608,0.0,1.5,0.0,0.0
111,310.0,647.5608,0.0,1.5,0.0,0.0
112,314.0,647.5608,0.0,1.5,0.0,0.0
113,318.0,647.5608,0.0,1.5,0.0,0.0
114,322.0,647.5608,0.0,1.5,0.0,0.0
115,326.0,647.5608,0.0,1.5,0.0,0.0
116,330.0,647.5608,0.0,1.5,0.0,0.0
117,334.0,647.5608,0.0,1.5,0.0,0.0
118,338.0,647.5608,0.0,1.5,0.0,0.0
119,342.0,647.5608,0.0,1.5,0.0,0.0
120,345.0,639.7068,0.0,1.5,0.0,0.0
121,349.0,639.7068,0.0,1.5,0.0,0.0
122,353.0,639.7068,0.0,1.5,0.0,0.0
123,357.0,639.7068,0.0,1.5,0.0,0.0
124,361.0,639.7068,0.0,1.5,0.0,0.0
125,365.0,639.7068,0.0,1.5,0.0,0.0
126,370.0,639.7068,0.0,1.5,0.0,0.0
127,374.0,639.7068,0.0,1.5,0.0,0.0
128,378.0,639.7068,0.0,1.5,0.0,0.0
129,382.0,639.7068,0.0,1.5,0.0,0.0
130,387.0,631.6565,0.0,1.5,0.0,0.0
131,391.0,631.6565,0.0,1.5,0.0,0.0
132,396.0,631.6565,0.0,1.5,0.0,0.0
133,400.0,631.6565,0.0,1.5,0.0,0.0
134,404.0,631.6565,0.0,1.5,0.0,0.0
135,408.0,631.6565,0.0,1.5,0.0,0.0
136,412.0,631.6565,0.0,1.5,0.0,0.0
137,416.0,631.6565,0.0,1.5,0.0,0.0
138,421.0,631.6565,0.0,1.5,0.0,0.0
139,425.0,631.6565,0.0,1.5,0.0,0.0
140,429.0,623.4099,0.0,1.5,0.0,0.0
141,433.0,623.4099,0.0,1.5,0.0,0.0
142,437.0,623.4099,0.0,1.5,0.0,0.0
143,441.0,623.4099,0.0,1.5,0.0,0.0
144,446.0,623.4099,0.0,1.5,0.0,0.0
145,450.0,623.4099,0.0,1.5,0.0,0.0
146,455.0,623.4099,0.0,1.5,0.0,0.0
147,459.0,623.4099,0.0,1.5,0.0,0.0
148,463.0,623.4099,0.0,1.5,0.0,0.0
149,467.0,623.4099,0.0,1.5,0.0,0.0
150,471.0,615.1631,0.0,1.5,0.0,0.0
151,475.0,615.1631,0.0,1.5,0.0,0.0
152,479.0,615.1631,0.0,1.5,0.0,0.0
153,483.0,615.1631,0.0,1.5,0.0,0.0
154,487.0,615.1631,0.0,1.5,0.0,0.0
155,491.0,615.1631,0.0,1.5,0.0,0.0
156,494.0,615.1631,0.0,1.5,0.0,0.0
157,498.0,615.1631,0.0,1.5,0.0,0.0
158,503.0,615.1631,0.0,1.5,0.0,0.0
159,507.0,615.1631,0.0,1.5,0.0,0.0
160,511.0,607.3091,0.0,1.5,0.0,0.0
161,515.0,607.3091,0.0,1.5,0.0,0.0
162,519.0,607.3091,0.0,1.5,0.0,0.0
163,523.0,607.3091,0.0,1.5,0.0,0.0
164,527.0,607.3091,0.0,1.5,0.0,0.0
165,531.0,607.3091,0.0,1.5,0.0,0.0
166,535.0,607.3091,0.0,1.5,0.0,0.0
167,540.0,607.3091,0.0,1.5,0.0,0.0
168,544.0,607.3091,0.0,1.5,0.0,0.0
169,548.0,607.3091,0.0,1.5,0.0,0.0
170,553.0,599.2589,0.0,1.5,0.0,0.0
171,557.0,599.2589,0.0,1.5,0.0,0.0
172,561.0,599.2589,0.0,1.5,0.0,0.0
173,565.0,599.2589,0.0,1.5,0.0,0.0
174,569.0,599.2589,0.0,1.5,0.0,0.0
175,573.0,599.2589,0.0,1.5,0.0,0.0
176,577.0,599.2589,0.0,1.5,0.0,0.0
177,581.0,599.2589,0.0,1.5,0.0,0.0
178,585.0,599.2589,0.0,1.5,0.0,0.0
179,589.0,599.2589,0.0,1.5,0.0,0.0
180,593.0,591.2085,0.0,1.5,0.0,0.0
181,597.0,591.2085,0.0,1.5,0.0,0.0
182,601.0,591.2085,0.0,1.5,0.0,0.0
183,605.0,591.2085,0.0,1.5,0.0,0.0
184,609.0,591.2085,0.0,1.5,0.0,0.0
185,613.0,591.2085,0.0,1.5,0.0,0.0
186,617.0,591.2085,0.0,1.5,0.0,0.0
187,622.0,591.2085,0.0,1.5,0.0,0.0
188,626.0,591.2085,0.0,1.5,0.0,0.0
189,630.0,591.2085,0.0,1.5,0.0,0.0
190,634.0,583.1582,0.0,1.5,0.0,0.0
191,638.0,583.1582,0.0,1.5,0.0,0.0
192,642.0,583.1582,0.0,1.5,0.0,0.0
193,646.0,583.1582,0.0,1.5,0.0,0.0
194,650.0,583.1582,0.0,1.5,0.0,0.0
195,654.0,583.1582,0.0,1.5,0.0,0.0
196,658.0,583.1582,0.0,1.5,0.0,0.0
197,662.0,583.1582,0.0,1.5,0.0,0.0
198,666.0,583.1582,0.0,1.5,0.0,0.0
199,670.0,583.1582,0.0,1.5,0.0,0.0
200,674.0,575.1078,0.0,1.5,0.0,0.0
201,678.0,575.1078,0.0,1.5,0.0,0.0
202,682.0,575.1078,0.0,1.5,0.0,0.0
203,687.0,575.1078,0.0,1.5,0.0,0.0
204,691.0,575.1078,0.0,1.5,0.0,0.0
205,695.0,575.1078,0.0,1.5,0.0,0.0
206,699.0,575.1078,0.0,1.5,0.0,0.0
207,704.0,575.1078,0.0,1.5,0.0,0.0
208,708.0,575.1078,0.0,1.5,0.0,0.0
209,712.0,575.1078,0.0,1.5,0.0,0.0
210,716.0,567.0575,0.0,1.5,0.0,0.0
211,720.0,567.0575,0.0,1.5,0.0,0.0
212,724.0,567.0575,0.0,1.5,0.0,0.0
213,728.0,567.0575,0.0,1.5,0.0,0.0
214,732.0,567.0575,0.0,1.5,0.0,0.0
215,735.0,567.0575,0.0,1.5,0.0,0.0
216,739.0,567.0575,0.0,1.5,0.0,0.0
217,744.0,567.0575,0.0,1.5,0.0,0.0
218,748.0,567.0575,0.0,1.5,0.0,0.0
219,752.0,567.0575,0.0,1.5,0.0,0.0
220,756.0,559.0072,0.0,1.5,0.0,0.0
221,761.0,559.0072,0.0,1.5,0.0,0.0
222,765.0,559.0072,0.0,1.5,0.0,0.0
223,769.0,559.0072,0.0,1.5,0.0,0.0
224,773.0,559.0072,0.0,1.5,0.0,0.0
225,777.0,559.0072,0.0,1.5,0.0,0.0
226,781.0,559.0072,0.0,1.5,0.0,0.0
227,785.0,559.0072,0.0,1.5,0.0,0.0
228,789.0,559.0072,0.0,1.5,0.0,0.0
229,793.0,559.0072,0.0,1.5,0.0,0.0
230,797.0,551.1532,0.0,1.5,0.0,0.0
231,801.0,551.1532,0.0,1.5,0.0,0.0
232,805.0,551.1532,0.0,1.5,0.0,0.0
233,809.0,551.1532,0.0,1.5,0.0,0.0
234,814.0,551.1532,0.0,1.5,0.0,0.0
235,818.0,551.1532,0.0,1.5,0.0,0.0
236,822.0,551.1532,0.0,1.5,0.0,0.0
237,826.0,551.1532,0.0,1.5,0.0,0.0
238,830.0,551.1532,0.0,1.5,0.0,0.0
239,833.0,551.1532,0.0,1.5,0.0,0.0
240,837.0,543.2992,0.0,1.5,0.0,0.0
241,841.0,543.2992,0.0,1.5,0.0,0.0
242,845.0,543.2992,0.0,1.5,0.0,0.0
243,849.0,543.2992,0.0,1.5,0.0,0.0
244,853.0,543.2992,0.0,1.5,0.0,0.0
245,857.0,543.2992,0.0,1.5,0.0,0.0
246,862.0,543.2992,0.0,1.5,0.0,0.0
247,866.0,543.2992,0.0,1.5,0.0,0.0
248,870.0,543.2992,0.0,1.5,0.0,0.0
249,875.0,543.2992,0.0,1.5,0.0,0.0
250,879.0,535.0526,0.0,1.5,0.0,0.0
251,884.0,535.0526,0.0,1.5,0.0,0.0
252,888.0,535.0526,0.0,1.5,0.0,0.0
253,892.0,535.0526,0.0,1.5,0.0,0.0
254,896.0,535.0526,0.0,1.5,0.0,0.0
255,900.0,535.0526,0.0,1.5,0.0,0.0
256,904.0,535.0526,0.0,1.5,0.0,0.0
257,908.0,535.0526,0.0,1.5,0.0,0.0
258,912.0,535.0526,0.0,1.5,0.0,0.0
259,917.0,535.0526,0.0,1.5,0.0,0.0
260,922.0,526.8059,0.0,1.5,0.0,0.0
261,926.0,526.8059,0.0,1.5,0.0,0.0
262,931.0,526.8059,0.0,1.5,0.0,0.0
263,935.0,526.8059,0.0,1.5,0.0,0.0
264,939.0,526.8059,0.0,1.5,0.0,0.0
265,943.0,526.8059,0.0,1.5,0.0,0.0
266,947.0,526.8059,0.0,1.5,0.0,0.0
267,951.0,526.8059,0.0,1.5,0.0,0.0
268,955.0,526.8059,0.0,1.5,0.0,0.0
269,959.0,526.8059,0.0,1.5,0.0,0.0
270,963.0,518.3629,0.0,1.5,0.0,0.0
271,968.0,518.3629,0.0,1.5,0.0,0.0
272,973.0,518.3629,0.0,1.5,0.0,0.0
273,977.0,518.3629,0.0,1.5,0.0,0.0
274,982.0,518.3629,0.0,1.5,0.0,0.0
275,986.0,518.3629,0.0,1.5,0.0,0.0
276,991.0,518.3629,0.0,1.5,0.0,0.0
277,995.0,518.3629,0.0,1.5,0.0,0.0
278,999.0,518.3629,0.0,1.5,0.0,0.0
279,1003.0,518.3629,0.0,1.5,0.0,0.0
280,1007.0,509.7234,0.0,1.5,0.0,0.0
281,1011.0,509.7234,0.0,1.5,0.0,0.0
282,1016.0,509.7234,0.0,1.5,0.0,0.0
283,1020.0,509.7234,0.0,1.5,0.0,0.0
284,1024.0,509.7234,0.0,1.5,0.0,0.0
285,1028.0,509.7234,0.0,1.5,0.0,0.0
286,1032.0,509.7234,0.0,1.5,0.0,0.0
287,1036.0,509.7234,0.0,1.5,0.0,0.0
288,1040.0,509.7234,0.0,1.5,0.0,0.0
289,1044.0,509.7234,0.0,1.5,0.0,0.0
290,1048.0,501.8695,0.0,1.5,0.0,0.0
291,1052.0,501.8695,0.0,1.5,0.0,0.0
292,1056.0,501.8695,0.0,1.5,0.0,0.0
293,1061.0,501.8695,0.0,1.5,0.0,0.0
294,1065.0,501.8695,0.0,1.5,0.0,0.0
295,1069.0,501.8695,0.0,1.5,0.0,0.0
296,1074.0,501.8695,0.0,1.5,0.0,0.0
297,1078.0,501.8695,0.0,1.5,0.0,0.0
298,1083.0,501.8695,0.0,1.5,0.0,0.0
299,1087.0,501.8695,0.0,1.5,0.0,0.0
300,1091.0,493.4265,0.0,1.5,0.0,0.0
301,1095.0,493.4265,0.0,1.5,0.0,0.0
302,1099.0,493.4265,0.0,1.5,0.0,0.0
303,1103.0,493.4265,0.0,1.5,0.0,0.0
304,1108.0,493.4265,0.0,1.5,0.0,0.0
305,1112.0,493.4265,0.0,1.5,0.0,0.0
306,1116.0,493.4265,0.0,1.5,0.0,0.0
307,1121.0,493.4265,0.0,1.5,0.0,0.0
308,1125.0,493.4265,0.0,1.5,0.0,0.0
309,1129.0,493.4265,0.0,1.5,0.0,0.0
310,1133.0,485.1798,0.0,1.5,0.0,0.0
311,1137.0,485.1798,0.0,1.5,0.0,0.0
312,1141.0,485.1798,0.0,1.5,0.0,0.0
313,1145.0,485.1798,0.0,1.5,0.0,0.0
314,1149.0,485.1798,0.0,1.5,0.0,0.0
315,1155.0,485.1798,0.0,1.5,0.0,0.0
316,1159.0,485.1798,0.0,1.5,0.0,0.0
317,1163.0,485.1798,0.0,1.5,0.0,0.0
318,1167.0,485.1798,0.0,1.5,0.0,0.0
319,1171.0,485.1798,0.0,1.5,0.0,0.0
320,1175.0,476.9331,0.0,1.5,0.0,0.0
321,1178.0,476.9331,0.0,1.5,0.0,0.0
322,1182.0,476.9331,0.0,1.5,0.0,0.0
323,1186.0,476.9331,0.0,1.5,0.0,0.0
324,1190.0,476.9331,0.0,1.5,0.0,0.0
325,1194.0,476.9331,0.0,1.5,0.0,0.0
326,1199.0,476.9331,0.0,1.5,0.0,0.0
327,1203.0,476.9331,0.0,1.5,0.0,0.0
328,1207.0,476.9331,0.0,1.5,0.0,0.0
329,1211.0,476.9331,0.0,1.5,0.0,0.0
330,1215.0,469.0791,0.0,1.5,0.0,0.0
331,1220.0,469.0791,0.0,1.5,0.0,0.0
332,1224.0,469.0791,0.0,1.5,0.0,0.0
333,1229.0,469.0791,0.0,1.5,0.0,0.0
334,1233.0,469.0791,0.0,1.5,0.0,0.0
335,1238.0,469.0791,0.0,1.5,0.0,0.0
336,1243.0,469.0791,0.0,1.5,0.0,0.0
337,1247.0,469.0791,0.0,1.5,0.0,0.0
338,1251.0,469.0791,0.0,1.5,0.0,0.0
339,1255.0,469.0791,0.0,1.5,0.0,0.0
340,1259.0,460.4397,0.0,1.5,0.0,0.0
341,1263.0,460.4397,0.0,1.5,0.0,0.0
342,1267.0,460.4397,0.0,1.5,0.0,0.0
343,1271.0,460.4397,0.0,1.5,0.0,0.0
344,1276.0,460.4397,0.0,1.5,0.0,0.0
345,1280.0,460.4397,0.0,1.5,0.0,0.0
346,1284.0,460.4397,0.0,1.5,0.0,0.0
347,1289.0,460.4397,0.0,1.5,0.0,0.0
348,1293.0,460.4397,0.0,1.5,0.0,0.0
349,1297.0,460.4397,0.0,1.5,0.0,0.0
350,1301.0,452.1931,0.0,1.5,0.0,0.0
351,1305.0,452.1931,0.0,1.5,0.0,0.0
352,1309.0,452.1931,0.0,1.5,0.0,0.0
353,1313.0,452.1931,0.0,1.5,0.0,0.0
354,1318.0,452.1931,0.0,1.5,0.0,0.0
355,1322.0,452.1931,0.0,1.5,0.0,0.0
356,1326.0,452.1931,0.0,1.5,0.0,0.0
357,1330.0,452.1931,0.0,1.5,0.0,0.0
358,1335.0,452.1931,0.0,1.5,0.0,0.0
359,1339.0,452.1931,0.0,1.5,0.0,0.0
360,1343.0,443.9464,0.0,1.5,0.0,0.0
361,1347.0,443.9464,0.0,1.5,0.0,0.0
362,1351.0,443.9464,0.0,1.5,0.0,0.0
363,1355.0,443.9464,0.0,1.5,0.0,0.0
364,1359.0,443.9464,0.0,1.5,0.0,0.0
365,1363.0,443.9464,0.0,1.5,0.0,0.0
366,1367.0,443.9464,0.0,1.5,0.0,0.0
367,1372.0,443.9464,0.0,1.5,0.0,0.0
368,1375.0,443.9464,0.0,1.5,0.0,0.0
369,1379.0,443.9464,0.0,1.5,0.0,0.0
370,1383.0,436.0923,0.0,1.5,0.0,0.0
371,1387.0,436.0923,0.0,1.5,0.0,0.0
372,1391.0,436.0923,0.0,1.5,0.0,0.0
373,1395.0,436.0923,0.0,1.5,0.0,0.0
374,1399.0,436.0923,0.0,1.5,0.0,0.0
375,1403.0,436.0923,0.0,1.5,0.0,0.0
376,1408.0,436.0923,0.0,1.5,0.0,0.0
377,1412.0,436.0923,0.0,1.5,0.0,0.0
378,1416.0,436.0923,0.0,1.5,0.0,0.0
379,1420.0,436.0923,0.0,1.5,0.0,0.0
380,1424.0,428.0421,0.0,1.5,0.0,0.0
381,1428.0,428.0421,0.0,1.5,0.0,0.0
382,1433.0,428.0421,0.0,1.5,0.0,0.0
383,1437.0,428.0421,0.0,1.5,0.0,0.0
384,1441.0,428.0421,0.0,1.5,0.0,0.0
385,1445.0,428.0421,0.0,1.5,0.0,0.0
386,1449.0,428.0421,0.0,1.5,0.0,0.0
387,1454.0,428.0421,0.0,1.5,0.0,0.0
388,1458.0,428.0421,0.0,1.5,0.0,0.0
389,1462.0,428.0421,0.0,1.5,0.0,0.0
390,1466.0,419.7954,0.0,1.5,0.0,0.0
391,1471.0,419.7954,0.0,1.5,0.0,0.0
392,1475.0,419.7954,0.0,1.5,0.0,0.0
393,1479.0,419.7954,0.0,1.5,0.0,0.0
394,1483.0,419.7954,0.0,1.5,0.0,0.0
395,1487.0,419.7954,0.0,1.5,0.0,0.0
396,1491.0,419.7954,0.0,1.5,0.0,0.0
397,1497.0,419.7954,0.0,1.5,0.0,0.0
398,1501.0,419.7954,0.0,1.5,0.0,0.0
399,1505.0,419.7954,0.0,1.5,0.0,0.0
400,1509.0,411.3523,0.0,1.5,0.0,0.0
401,1514.0,411.3523,0.0,1.5,0.0,0.0
402,1518.0,411.3523,0.0,1.5,0.0,0.0
403,1522.0,411.3523,0.0,1.5,0.0,0.0
404,1526.0,411.3523,0.0,1.5,0.0,0.0
405,1530.0,411.3523,0.0,1.5,0.0,0.0
406,1534.0,411.3523,0.0,1.5,0.0,0.0
407,1538.0,411.3523,0.0,1.5,0.0,0.0
408,1543.0,411.3523,0.0,1.5,0.0,0.0
409,1547.0,411.3523,0.0,1.5,0.0,0.0
410,1551.0,403.1057,0.0,1.5,0.0,0.0
411,1555.0,403.1057,0.0,1.5,0.0,0.0
412,1559.0,403.1057,0.0,1.5,0.0,0.0
413,1563.0,403.1057,0.0,1.5,0.0,0.0
414,1567.0,403.1057,0.0,1.5,0.0,0.0
415,1572.0,403.1057,0.0,1.5,0.0,0.0
416,1576.0,403.1057,0.0,1.5,0.0,0.0
417,1580.0,403.1057,0.0,1.5,0.0,0.0
418,1585.0,403.1057,0.0,1.5,0.0,0.0
419,1589.0,403.1057,0.0,1.5,0.0,0.0
420,1593.0,394.859,0.0,1.5,0.0,0.0
421,1597.0,394.859,0.0,1.5,0.0,0.0
422,1601.0,394.859,0.0,1.5,0.0,0.0
423,1605.0,394.859,0.0,1.5,0.0,0.0
424,1609.0,394.859,0.0,1.5,0.0,0.0
425,1613.0,394.859,0.0,1.5,0.0,0.0
426,1618.0,394.859,0.0,1.5,0.0,0.0
427,1622.0,394.859,0.0,1.5,0.0,0.0
428,1628.0,394.859,0.0,1.5,0.0,0.0
429,1632.0,394.859,0.0,1.5,0.0,0.0
430,1636.0,386.416,0.0,1.5,0.0,0.0
431,1640.0,386.416,0.0,1.5,0.0,0.0
432,1644.0,386.416,0.0,1.5,0.0,0.0
433,1648.0,386.416,0.0,1.5,0.0,0.0
434,1652.0,386.416,0.0,1.5,0.0,0.0
435,1656.0,386.416,0.0,1.5,0.0,0.0
436,1661.0,386.416,0.0,1.5,0.0,0.0
437,1666.0,386.416,0.0,1.5,0.0,0.0
438,1669.0,386.416,0.0,1.5,0.0,0.0
439,1673.0,386.416,0.0,1.5,0.0,0.0
440,1677.0,378.3656,0.0,1.5,0.0,0.0
441,1681.0,378.3656,0.0,1.5,0.0,0.0
442,1685.0,378.3656,0.0,1.5,0.0,0.0
443,1689.0,378.3656,0.0,1.5,0.0,0.0
444,1693.0,378.3656,0.0,1.5,0.0,0.0
445,1697.0,378.3656,0.0,1.5,0.0,0.0
446,1702.0,378.3656,0.0,1.5,0.0,0.0
447,1706.0,378.3656,0.0,1.5,0.0,0.0
448,1710.0,378.3656,0.0,1.5,0.0,0.0
449,1714.0,378.3656,0.0,1.5,0.0,0.0
450,1718.0,370.3153,0.0,1.5,0.0,0.0
451,1722.0,370.3153,0.0,1.5,0.0,0.0
452,1726.0,370.3153,0.0,1.5,0.0,0.0
453,1730.0,370.3153,0.0,1.5,0.0,0.0
454,1734.0,370.3153,0.0,1.5,0.0,0.0
455,1738.0,370.3153,0.0,1.5,0.0,0.0
456,1743.0,370.3153,0.0,1.5,0.0,0.0
457,1747.0,370.3153,0.0,1.5,0.0,0.0
458,1751.0,370.3153,0.0,1.5,0.0,0.0
459,1755.0,370.3153,0.0,1.5,0.0,0.0
460,1759.0,362.265,0.0,1.5,0.0,0.0
461,1763.0,362.265,0.0,1.5,0.0,0.0
462,1767.0,362.265,0.0,1.5,0.0,0.0
463,1771.0,362.265,0.0,1.5,0.0,0.0
464,1775.0,362.265,0.0,1.5,0.0,0.0
465,1779.0,362.265,0.0,1.5,0.0,0.0
466,1783.0,362.265,0.0,1.5,0.0,0.0
467,1789.0,362.265,0.0,1.5,0.0,0.0
468,1793.0,362.265,0.0,1.5,0.0,0.0
469,1797.0,362.265,0.0,1.5,0.0,0.0
470,1801.0,354.0182,0.0,1.5,0.0,0.0
471,1806.0,354.0182,0.0,1.5,0.0,0.0
472,1810.0,354.0182,0.0,1.5,0.0,0.0
473,1815.0,354.0182,0.0,1.5,0.0,0.0
474,1819.0,354.0182,0.0,1.5,0.0,0.0
475,1823.0,354.0182,0.0,1.5,0.0,0.0
476,1827.0,354.0182,0.0,1.5,0.0,0.0
477,1832.0,354.0182,0.0,1.5,0.0,0.0
478,1836.0,354.0182,0.0,1.5,0.0,0.0
479,1840.0,354.0182,0.0,1.5,0.0,0.0
480,1844.0,345.5752,0.0,1.5,0.0,0.0
481,1848.0,345.5752,0.0,1.5,0.0,0.0
482,1852.0,345.5752,0.0,1.5,0.0,0.0
483,1857.0,345.5752,0.0,1.5,0.0,0.0
484,1861.0,345.5752,0.0,1.5,0.0,0.0
485,1866.0,345.5752,0.0,1.5,0.0,0.0
486,1871.0,345.5752,0.0,1.5,0.0,0.0
487,1875.0,345.5752,0.0,1.5,0.0,0.0
488,1879.0,345.5752,0.0,1.5,0.0,0.0
489,1883.0,345.5752,0.0,1.5,0.0,0.0
490,1887.0,337.1322,0.0,1.5,0.0,0.0
491,1891.0,337.1322,0.0,1.5,0.0,0.0
492,1895.0,337.1322,0.0,1.5,0.0,0.0
493,1899.0,337.1322,0.0,1.5,0.0,0.0
494,1903.0,337.1322,0.0,1.5,0.0,0.0
495,1908.0,337.1322,0.0,1.5,0.0,0.0
496,1912.0,337.1322,0.0,1.5,0.0,0.0
497,1916.0,337.1322,0.0,1.5,0.0,0.0
498,1920.0,337.1322,0.0,1.5,0.0,0.0
499,1925.0,337.1322,0.0,1.5,0.0,0.0
500,1929.0,328.8855,0.0,1.5,0.0,0.0
501,1933.0,328.8855,0.0,1.5,0.0,0.0
502,1937.0,328.8855,0.0,1.5,0.0,0.0
503,1941.0,328.8855,0.0,1.5,0.0,0.0
504,1946.0,328.8855,0.0,1.5,0.0,0.0
505,1950.0,328.8855,0.0,1.5,0.0,0.0
506,1954.0,328.8855,0.0,1.5,0.0,0.0
507,1958.0,328.8855,0.0,1.5,0.0,0.0
508,1962.0,328.8855,0.0,1.5,0.0,0.0
509,1966.0,328.8855,0.0,1.5,0.0,0.0
510,1970.0,320.8352,0.0,1.5,0.0,0.0
511,1974.0,320.8352,0.0,1.5,0.0,0.0
512,1978.0,320.8352,0.0,1.5,0.0,0.0
513,1982.0,320.8352,0.0,1.5,0.0,0.0
514,1987.0,320.8352,0.0,1.5,0.0,0.0
515,1991.0,320.8352,0.0,1.5,0.0,0.0
516,1995.0,320.8352,0.0,1.5,0.0,0.0
517,1999.0,320.8352,0.0,1.5,0.0,0.0
518,2003.0,320.8352,0.0,1.5,0.0,0.0
519,2007.0,320.8352,0.0,1.5,0.0,0.0
520,2013.0,312.7849,0.0,1.5,0.0,0.0
521,2017.0,312.7849,0.0,1.5,0.0,0.0
522,2021.0,312.7849,0.0,1.5,0.0,0.0
523,2025.0,312.7849,0.0,1.5,0.0,0.0
524,2029.0,312.7849,0.0,1.5,0.0,0.0
525,2034.0,312.7849,0.0,1.5,0.0,0.0
526,2038.0,312.7849,0.0,1.5,0.0,0.0
527,2042.0,312.7849,0.0,1.5,0.0,0.0
528,2046.0,312.7849,0.0,1.5,0.0,0.0
529,2050.0,312.7849,0.0,1.5,0.0,0.0
530,2054.0,304.3419,0.0,1.5,0.0,0.0
531,2058.0,304.3419,0.0,1.5,0.0,0.0
532,2062.0,304.3419,0.0,1.5,0.0,0.0
533,2066.0,304.3419,0.0,1.5,0.0,0.0
534,2071.0,304.3419,0.0,1.5,0.0,0.0
535,2075.0,304.3419,0.0,1.5,0.0,0.0
536,2079.0,304.3419,0.0,1.5,0.0,0.0
537,2083.0,304.3419,0.0,1.5,0.0,0.0
538,2087.0,304.3419,0.0,1.5,0.0,0.0
539,2091.0,304.3419,0.0,1.5,0.0,0.0
540,2095.0,296.0952,0.0,1.5,0.0,0.0
541,2099.0,296.0952,0.0,1.5,0.0,0.0
542,2103.0,296.0952,0.0,1.5,0.0,0.0
543,2109.0,296.0952,0.0,1.5,0.0,0.0
544,2113.0,296.0952,0.0,1.5,0.0,0.0
545,2117.0,296.0952,0.0,1.5,0.0,0.0
546,2121.0,296.0952,0.0,1.5,0.0,0.0
547,2125.0,296.0952,0.0,1.5,0.0,0.0
548,2129.0,296.0952,0.0,1.5,0.0,0.0
549,2133.0,296.0952,0.0,1.5,0.0,0.0
550,2137.0,287.8485,0.0,1.5,0.0,0.0
551,2141.0,287.8485,0.0,1.5,0.0,0.0
552,2146.0,287.8485,0.0,1.5,0.0,0.0
553,2151.0,287.8485,0.0,1.5,0.0,0.0
554,2155.0,287.8485,0.0,1.5,0.0,0.0
555,2159.0,287.8485,0.0,1.5,0.0,0.0
556,2163.0,287.8485,0.0,1.5,0.0,0.0
557,2167.0,287.8485,0.0,1.5,0.0,0.0
558,2171.0,287.8485,0.0,1.5,0.0,0.0
559,2175.0,287.8485,0.0,1.5,0.0,0.0
560,2179.0,279.6018,0.0,1.5,0.0,0.0
561,2184.0,279.6018,0.0,1.5,0.0,0.0
562,2188.0,279.6018,0.0,1.5,0.0,0.0
563,2192.0,279.6018,0.0,1.5,0.0,0.0
564,2196.0,279.6018,0.0,1.5,0.0,0.0
565,2200.0,279.6018,0.0,1.5,0.0,0.0
566,2204.0,279.6018,0.0,1.5,0.0,0.0
567,2208.0,279.6018,0.0,1.5,0.0,0.0
568,2212.0,279.6018,0.0,1.5,0.0,0.0
569,2217.0,279.6018,0.0,1.5,0.0,0.0
570,2221.0,271.3551,0.0,1.5,0.0,0.0
571,2226.0,271.3551,0.0,1.5,0.0,0.0
572,2230.0,271.3551,0.0,1.5,0.0,0.0
573,2234.0,271.3551,0.0,1.5,0.0,0.0
574,2238.0,271.3551,0.0,1.5,0.0,0.0
575,2242.0,271.3551,0.0,1.5,0.0,0.0
576,2246.0,271.3551,0.0,1.5,0.0,0.0
577,2250.0,271.3551,0.0,1.5,0.0,0.0
578,2254.0,271.3551,0.0,1.5,0.0,0.0
579,2258.0,271.3551,0.0,1.5,0.0,0.0
580,2262.0,263.3047,0.0,1.5,0.0,0.0
581,2267.0,263.3047,0.0,1.5,0.0,0.0
582,2271.0,263.3047,0.0,1.5,0.0,0.0
583,2275.0,263.3047,0.0,1.5,0.0,0.0
584,2279.0,263.3047,0.0,1.5,0.0,0.0
585,2283.0,263.3047,0.0,1.5,0.0,0.0
586,2287.0,263.3047,0.0,1.5,0.0,0.0
587,2291.0,263.3047,0.0,1.5,0.0,0.0
588,2295.0,263.3047,0.0,1.5,0.0,0.0
589,2300.0,263.3047,0.0,1.5,0.0,0.0
590,2304.0,255.2544,0.0,1.5,0.0,0.0
591,2308.0,255.2544,0.0,1.5,0.0,0.0
592,2312.0,255.2544,0.0,1.5,0.0,0.0
593,2316.0,255.2544,0.0,1.5,0.0,0.0
594,2320.0,255.2544,0.0,1.5,0.0,0.0
595,2324.0,255.2544,0.0,1.5,0.0,0.0
596,2328.0,255.2544,0.0,1.5,0.0,0.0
597,2332.0,255.2544,0.0,1.5,0.0,0.0
598,2337.0,255.2544,0.0,1.5,0.0,0.0
599,2341.0,255.2544,0.0,1.5,0.0,0.0
600,2345.0,247.2041,0.0,1.5,0.0,0.0
601,2349.0,247.2041,0.0,1.5,0.0,0.0
602,2354.0,247.2041,0.0,1.5,0.0,0.0
603,2358.0,247.2041,0.0,1.5,0.0,0.0
604,2362.0,247.2041,0.0,1.5,0.0,0.0
605,2366.0,247.2041,0.0,1.5,0.0,0.0
606,2370.0,247.2041,0.0,1.5,0.0,0.0
607,2375.0,247.2041,0.0,1.5,0.0,0.0
608,2379.0,247.2041,0.0,1.5,0.0,0.0
609,2383.0,247.2041,0.0,1.5,0.0,0.0
610,2387.0,238.9574,0.0,1.5,0.0,0.0
611,2391.0,238.9574,0.0,1.5,0.0,0.0
612,2395.0,238.9574,0.0,1.5,0.0,0.0
613,2399.0,238.9574,0.0,1.5,0.0,0.0
614,2403.0,238.9574,0.0,1.5,0.0,0.0
615,2407.0,238.9574,0.0,1.5,0.0,0.0
616,2411.0,238.9574,0.0,1.5,0.0,0.0
617,2416.0,238.9574,0.0,1.5,0.0,0.0
618,2420.0,238.9574,0.0,1.5,0.0,0.0
619,2424.0,238.9574,0.0,1.5,0.0,0.0
620,2428.0,230.9071,0.0,1.5,0.0,0.0
621,2432.0,230.9071,0.0,1.5,0.0,0.0
622,2436.0,230.9071,0.0,1.5,0.0,0.0
623,2440.0,230.9071,0.0,1.5,0.0,0.0
624,2444.0,230.9071,0.0,1.5,0.0,0.0
625,2450.0,230.9071,0.0,1.5,0.0,0.0
626,2454.0,230.9071,0.0,1.5,0.0,0.0
627,2458.0,230.9071,0.0,1.5,0.0,0.0
628,2462.0,230.9071,0.0,1.5,0.0,0.0
629,2466.0,230.9071,0.0,1.5,0.0,0.0
630,2470.0,222.6604,0.0,1.5,0.0,0.0
631,2474.0,222.6604,0.0,1.5,0.0,0.0
632,2478.0,222.6604,0.0,1.5,0.0,0.0
633,2483.0,222.6604,0.0,1.5,0.0,0.0
634,2487.0,222.6604,0.0,1.5,0.0,0.0
635,2491.0,222.6604,0.0,1.5,0.0,0.0
636,2495.0,222.6604,0.0,1.5,0.0,0.0
637,2500.0,222.6604,0.0,1.5,0.0,0.0
638,2504.0,222.6604,0.0,1.5,0.0,0.0
639,2509.0,222.6604,0.0,1.5,0.0,0.0
640,2513.0,214.2174,0.0,1.5,0.0,0.0
641,2517.0,214.2174,0.0,1.5,0.0,0.0
642,2521.0,214.2174,0.0,1.5,0.0,0.0
643,2526.0,214.2174,0.0,1.5,0.0,0.0
644,2530.0,214.2174,0.0,1.5,0.0,0.0
645,2534.0,214.2174,0.0,1.5,0.0,0.0
646,2538.0,214.2174,0.0,1.5,0.0,0.0
647,2543.0,214.2174,0.0,1.5,0.0,0.0
648,2547.0,214.2174,0.0,1.5,0.0,0.0
649,2550.0,214.2174,0.0,1.5,0.0,0.0
650,2554.0,206.1671,0.0,1.5,0.0,0.0
651,2558.0,206.1671,0.0,1.5,0.0,0.0
652,2563.0,206.1671,0.0,1.5,0.0,0.0
653,2567.0,206.1671,0.0,1.5,0.0,0.0
654,2571.0,206.1671,0.0,1.5,0.0,0.0
655,2575.0,206.1671,0.0,1.5,0.0,0.0
656,2579.0,206.1671,0.0,1.5,0.0,0.0
657,2583.0,206.1671,0.0,1.5,0.0,0.0
658,2587.0,206.1671,0.0,1.5,0.0,0.0
659,2591.0,206.1671,0.0,1.5,0.0,0.0
660,2596.0,197.9204,0.0,1.5,0.0,0.0
661,2600.0,197.9204,0.0,1.5,0.0,0.0
662,2605.0,197.9204,0.0,1.5,0.0,0.0
663,2609.0,197.9204,0.0,1.5,0.0,0.0
664,2613.0,197.9204,0.0,1.5,0.0,0.0
665,2617.0,197.9204,0.0,1.5,0.0,0.0
666,2621.0,197.9204,0.0,1.5,0.0,0.0
667,2625.0,197.9204,0.0,1.5,0.0,0.0
668,2629.0,197.9204,0.0,1.5,0.0,0.0
669,2633.0,197.9204,0.0,1.5,0.0,0.0
670,2638.0,189.6737,0.0,1.5,0.0,0.0
671,2642.0,189.6737,0.0,1.5,0.0,0.0
672,2646.0,189.6737,0.0,1.5,0.0,0.0
673,2650.0,189.6737,0.0,1.5,0.0,0.0
674,2654.0,189.6737,0.0,1.5,0.0,0.0
675,2658.0,189.6737,0.0,1.5,0.0,0.0
676,2662.0,189.6737,0.0,1.5,0.0,0.0
677,2666.0,189.6737,0.0,1.5,0.0,0.0
678,2670.0,189.6737,0.0,1.5,0.0,0.0
679,2675.0,189.6737,0.0,1.5,0.0,0.0
680,2679.0,181.6234,0.0,1.5,0.0,0.0
681,2683.0,181.6234,0.0,1.5,0.0,0.0
682,2687.0,181.6234,0.0,1.5,0.0,0.0
683,2691.0,181.6234,0.0,1.5,0.0,0.0
684,2695.0,181.6234,0.0,1.5,0.0,0.0
685,2699.0,181.6234,0.0,1.5,0.0,0.0
686,2704.0,181.6234,0.0,1.5,0.0,0.0
687,2708.0,181.6234,0.0,1.5,0.0,0.0
688,2712.0,181.6234,0.0,1.5,0.0,0.0
689,2718.0,181.6234,0.0,1.5,0.0,0.0
690,2722.0,173.1803,0.0,1.5,0.0,0.0
691,2726.0,173.1803,0.0,1.5,0.0,0.0
692,2730.0,173.1803,0.0,1.5,0.0,0.0
693,2735.0,173.1803,0.0,1.5,0.0,0.0
694,2739.0,173.1803,0.0,1.5,0.0,0.0
695,2743.0,173.1803,0.0,1.5,0.0,0.0
696,2747.0,173.1803,0.0,1.5,0.0,0.0
697,2751.0,173.1803,0.0,1.5,0.0,0.0
698,2755.0,173.1803,0.0,1.5,0.0,0.0
699,2759.0,173.1803,0.0,1.5,0.0,0.0
700,2764.0,164.9337,0.0,1.5,0.0,0.0
701,2768.0,164.9337,0.0,1.5,0.0,0.0
702,2772.0,164.9337,0.0,1.5,0.0,0.0
703,2776.0,164.9337,0.0,1.5,0.0,0.0
704,2780.0,164.9337,0.0,1.5,0.0,0.0
705,2785.0,164.9337,0.0,1.5,0.0,0.0
706,2789.0,164.9337,0.0,1.5,0.0,0.0
707,2794.0,164.9337,0.0,1.5,0.0,0.0
708,2798.0,164.9337,0.0,1.5,0.0,0.0
709,2803.0,164.9337,0.0,1.5,0.0,0.0
710,2807.0,156.4906,0.0,1.5,0.0,0.0
711,2811.0,156.4906,0.0,1.5,0.0,0.0
712,2815.0,156.4906,0.0,1.5,0.0,0.0
713,2819.0,156.4906,0.0,1.5,0.0,0.0
714,2823.0,156.4906,0.0,1.5,0.0,0.0
715,2827.0,156.4906,0.0,1.5,0.0,0.0
716,2831.0,156.4906,0.0,1.5,0.0,0.0
717,2836.0,156.4906,0.0,1.5,0.0,0.0
718,2840.0,156.4906,0.0,1.5,0.0,0.0
719,2844.0,156.4906,0.0,1.5,0.0,0.0
720,2848.0,148.4403,0.0,1.5,0.0,0.0
721,2853.0,148.4403,0.0,1.5,0.0,0.0
722,2857.0,148.4403,0.0,1.5,0.0,0.0
723,2861.0,148.4403,0.0,1.5,0.0,0.0
724,2865.0,148.4403,0.0,1.5,0.0,0.0
725,2869.0,148.4403,0.0,1.5,0.0,0.0
726,2874.0,148.4403,0.0,1.5,0.0,0.0
727,2878.0,148.4403,0.0,1.5,0.0,0.0
728,2883.0,148.4403,0.0,1.5,0.0,0.0
729,2887.0,148.4403,0.0,1.5,0.0,0.0
730,2892.0,139.9973,0.0,1.5,0.0,0.0
731,2896.0,139.9973,0.0,1.5,0.0,0.0
732,2900.0,139.9973,0.0,1.5,0.0,0.0
733,2904.0,139.9973,0.0,1.5,0.0,0.0
734,2908.0,139.9973,0.0,1.5,0.0,0.0
735,2912.0,139.9973,0.0,1.5,0.0,0.0
736,2917.0,139.9973,0.0,1.5,0.0,0.0
737,2921.0,139.9973,0.0,1.5,0.0,0.0
738,2925.0,139.9973,0.0,1.5,0.0,0.0
739,2929.0,139.9973,0.0,1.5,0.0,0.0
740,2933.0,131.7506,0.0,1.5,0.0,0.0
741,2937.0,131.7506,0.0,1.5,0.0,0.0
742,2941.0,131.7506,0.0,1.5,0.0,0.0
743,2945.0,131.7506,0.0,1.5,0.0,0.0
744,2949.0,131.7506,0.0,1.5,0.0,0.0
745,2953.0,131.7506,0.0,1.5,0.0,0.0
746,2958.0,131.7506,0.0,1.5,0.0,0.0
747,2962.0,131.7506,0.0,1.5,0.0,0.0
748,2966.0,131.7506,0.0,1.5,0.0,0.0
749,2970.0,131.7506,0.0,1.5,0.0,0.0
750,2974.0,123.7002,0.0,1.5,0.0,0.0
751,2978.0,123.7002,0.0,1.5,0.0,0.0
752,2983.0,123.7002,0.0,1.5,0.0,0.0
753,2987.0,123.7002,0.0,1.5,0.0,0.0
754,2992.0,123.7002,0.0,1.5,0.0,0.0
755,2997.0,123.7002,0.0,1.5,0.0,0.0
756,3002.0,123.7002,0.0,1.5,0.0,0.0
757,3006.0,123.7002,0.0,1.5,0.0,0.0
758,3010.0,123.7002,0.0,1.5,0.0,0.0
759,3014.0,123.7002,0.0,1.5,0.0,0.0
760,3018.0,115.0609,0.0,1.5,0.0,0.0
761,3022.0,115.0609,0.0,1.5,0.0,0.0
762,3026.0,115.0609,0.0,1.5,0.0,0.0
763,3031.0,115.0609,0.0,1.5,0.0,0.0
764,3036.0,115.0609,0.0,1.5,0.0,0.0
765,3040.0,115.0609,0.0,1.5,0.0,0.0
766,3044.0,115.0609,0.0,1.5,0.0,0.0
767,3048.0,115.0609,0.0,1.5,0.0,0.0
768,3052.0,115.0609,0.0,1.5,0.0,0.0
769,3056.0,115.0609,0.0,1.5,0.0,0.0
770,3060.0,106.8142,0.0,1.5,0.0,0.0
771,3064.0,106.8142,0.0,1.5,0.0,0.0
772,3068.0,106.8142,0.0,1.5,0.0,0.0
773,3073.0,106.8142,0.0,1.5,0.0,0.0
774,3077.0,106.8142,0.0,1.5,0.0,0.0
775,3081.0,106.8142,0.0,1.5,0.0,0.0
776,3085.0,106.8142,0.0,1.5,0.0,0.0
777,3090.0,106.8142,0.0,1.5,0.0,0.0
778,3094.0,106.8142,0.0,1.5,0.0,0.0
779,3098.0,106.8142,0.0,1.5,0.0,0.0
780,3102.0,98.5675,0.0,1.5,0.0,0.0
781,3106.0,98.5675,0.0,1.5,0.0,0.0
782,3111.0,98.5675,0.0,1.5,0.0,0.0
783,3115.0,98.5675,0.0,1.5,0.0,0.0
784,3119.0,98.5675,0.0,1.5,0.0,0.0
785,3123.0,98.5675,0.0,1.5,0.0,0.0
786,3127.0,98.5675,0.0,1.5,0.0,0.0
787,3132.0,98.5675,0.0,1.5,0.0,0.0
788,3136.0,98.5675,0.0,1.5,0.0,0.0
789,3139.0,98.5675,0.0,1.5,0.0,0.0
790,3143.0,90.3208,0.0,1.5,0.0,0.0
791,3147.0,90.3208,0.0,1.5,0.0,0.0
792,3152.0,90.3208,0.0,1.5,0.0,0.0
793,3156.0,90.3208,0.0,1.5,0.0,0.0
794,3160.0,90.3208,0.0,1.5,0.0,0.0
795,3164.0,90.3208,0.0,1.5,0.0,0.0
796,3168.0,90.3208,0.0,1.5,0.0,0.0
797,3172.0,90.3208,0.0,1.5,0.0,0.0
798,3176.0,90.3208,0.0,1.5,0.0,0.0
799,3180.0,90.3208,0.0,1.5,0.0,0.0
800,3186.0,82.2705,0.0,1.5,0.0,0.0
801,3191.0,82.2705,0.0,1.5,0.0,0.0
802,3195.0,82.2705,0.0,1.5,0.0,0.0
803,3199.0,82.2705,0.0,1.5,0.0,0.0
804,3203.0,82.2705,0.0,1.5,0.0,0.0
805,3207.0,82.2705,0.0,1.5,0.0,0.0
806,3211.0,82.2705,0.0,1.5,0.0,0.0
807,3215.0,82.2705,0.0,1.5,0.0,0.0
808,3220.0,82.2705,0.0,1.5,0.0,0.0
809,3224.0,82.2705,0.0,1.5,0.0,0.0
810,3229.0,73.8275,0.0,1.5,0.0,0.0
811,3233.0,73.8275,0.0,1.5,0.0,0.0
812,3237.0,73.8275,0.0,1.5,0.0,0.0
813,3241.0,73.8275,0.0,1.5,0.0,0.0
814,3245.0,73.8275,0.0,1.5,0.0,0.0
815,3249.0,73.8275,0.0,1.5,0.0,0.0
816,3253.0,73.8275,0.0,1.5,0.0,0.0
817,3257.0,73.8275,0.0,1.5,0.0,0.0
818,3262.0,73.8275,0.0,1.5,0.0,0.0
819,3266.0,73.8275,0.0,1.5,0.0,0.0
820,3270.0,65.5808,0.0,1.5,0.0,0.0
821,3274.0,65.5808,0.0,1.5,0.0,0.0
822,3279.0,65.5808,0.0,1.5,0.0,0.0
823,3283.0,65.5808,0.0,1.5,0.0,0.0
824,3288.0,65.5808,0.0,1.5,0.0,0.0
825,3292.0,65.5808,0.0,1.5,0.0,0.0
826,3296.0,65.5808,0.0,1.5,0.0,0.0
827,3301.0,65.5808,0.0,1.5,0.0,0.0
828,3305.0,65.5808,0.0,1.5,0.0,0.0
829,3309.0,65.5808,0.0,1.5,0.0,0.0
830,3313.0,57.1377,0.0,1.5,0.0,0.0
831,3317.0,57.1377,0.0,1.5,0.0,0.0
832,3321.0,57.1377,0.0,1.5,0.0,0.0
833,3325.0,57.1377,0.0,1.5,0.0,0.0
834,3330.0,57.1377,0.0,1.5,0.0,0.0
835,3334.0,57.1377,0.0,1.5,0.0,0.0
836,3339.0,57.1377,0.0,1.5,0.0,0.0
837,3343.0,57.1377,0.0,1.5,0.0,0.0
838,3347.0,57.1377,0.0,1.5,0.0,0.0
839,3351.0,57.1377,0.0,1.5,0.0,0.0
840,3355.0,48.8911,0.0,1.5,0.0,0.0
841,3359.0,48.8911,0.0,1.5,0.0,0.0
842,3363.0,48.8911,0.0,1.5,0.0,0.0
843,3367.0,48.8911,0.0,1.5,0.0,0.0
844,3372.0,48.8911,0.0,1.5,0.0,0.0
845,3376.0,48.8911,0.0,1.5,0.0,0.0
846,3380.0,48.8911,0.0,1.5,0.0,0.0
847,3385.0,48.8911,0.0,1.5,0.0,0.0
848,3389.0,48.8911,0.0,1.5,0.0,0.0
849,3393.0,48.8911,0.0,1.5,0.0,0.0
850,3397.0,40.6444,0.0,1.5,0.0,0.0
851,3401.0,40.6444,0.0,1.5,0.0,0.0
852,3406.0,40.6444,0.0,1.5,0.0,0.0
853,3410.0,40.6444,0.0,1.5,0.0,0.0
854,3414.0,40.6444,0.0,1.5,0.0,0.0
855,3418.0,40.6444,0.0,1.5,0.0,0.0
856,3422.0,40.6444,0.0,1.5,0.0,0.0
857,3427.0,40.6444,0.0,1.5,0.0,0.0
858,3431.0,40.6444,0.0,1.5,0.0,0.0
859,3434.0,40.6444,0.0,1.5,0.0,0.0
860,3438.0,32.3977,0.0,1.5,0.0,0.0
861,3442.0,32.3977,0.0,1.5,0.0,0.0
862,3447.0,32.3977,0.0,1.5,0.0,0.0
863,3451.0,32.3977,0.0,1.5,0.0,0.0
864,3455.0,32.3977,0.0,1.5,0.0,0.0
865,3459.0,32.3977,0.0,1.5,0.0,0.0
866,3463.0,32.3977,0.0,1.5,0.0,0.0
867,3467.0,32.3977,0.0,1.5,0.0,0.0
868,3471.0,32.3977,0.0,1.5,0.0,0.0
869,3476.0,32.3977,0.0,1.5,0.0,0.0
870,3482.0,24.151,0.0,1.5,0.0,0.0
871,3486.0,24.151,0.0,1.5,0.0,0.0
872,3490.0,24.151,0.0,1.5,0.0,0.0
873,3494.0,24.151,0.0,1.5,0.0,0.0
874,3498.0,24.151,0.0,1.5,0.0,0.0
875,3502.0,24.151,0.0,1.5,0.0,0.0
876,3506.0,24.151,0.0,1.5,0.0,0.0
877,3510.0,24.151,0.0,1.5,0.0,0.0
878,3515.0,24.151,0.0,1.5,0.0,0.0
879,3519.0,24.151,0.0,1.5,0.0,0.0
880,3523.0,15.9044,0.0,1.5,0.0,0.0
881,3527.0,15.9044,0.0,1.5,0.0,0.0
882,3531.0,15.9044,0.0,1.5,0.0,0.0
883,3535.0,15.9044,0.0,1.5,0.0,0.0
884,3539.0,15.9044,0.0,1.5,0.0,0.0
885,3543.0,15.9044,0.0,1.5,0.0,0.0
886,3547.0,15.9044,0.0,1.5,0.0,0.0
887,3552.0,15.9044,0.0,1.5,0.0,0.0
888,3557.0,15.9044,0.0,1.5,0.0,0.0
889,3561.0,15.9044,0.0,1.5,0.0,0.0
890,3565.0,7.6577,0.0,1.5,0.0,0.0
891,3569.0,7.6577,0.0,1.5,0.0,0.0
892,3573.0,7.6577,0.0,1.5,0.0,0.0
893,3577.0,7.6577,0.0,1.5,0.0,0.0
894,3581.0,7.6577,0.0,1.5,0.0,0.0
895,3585.0,7.6577,0.0,1.5,0.0,0.0
896,3589.0,7.6577,0.0,1.5,0.0,0.0
897,3593.0,7.6577,0.0,1.5,0.0,0.0
898,3597.0,7.6577,0.0,1.5,0.0,0.0
899,3600.0,7.6577,0.0,1.5,0.0,0.0
