TIME,PULSES,CONTROLLERVOLTAGE,CONTROLLER,KP,TAUD,TAUI 
0,0,-0.2454,1,1.5,0.0025,0.0
1,0,-0.2454,1,1.5,0.0025,0.0
2,0,-0.2454,1,1.5,0.0025,0.0
3,0,-0.2454,1,1.5,0.0025,0.0
4,0,-0.2454,1,1.5,0.0025,0.0
5,0,-0.2454,1,1.5,0.0025,0.0
6,0,-0.2454,1,1.5,0.0025,0.0
7,0,-0.2454,1,1.5,0.0025,0.0
8,0,-0.2454,1,1.5,0.0025,0.0
9,0,-0.2454,1,1.5,0.0025,0.0
10,0,883.8184,1,1.5,0.0025,0.0
11,0,883.8184,1,1.5,0.0025,0.0
12,0,883.8184,1,1.5,0.0025,0.0
13,0,883.8184,1,1.5,0.0025,0.0
14,1,883.8184,1,1.5,0.0025,0.0
15,1,883.8184,1,1.5,0.0025,0.0
16,2,883.8184,1,1.5,0.0025,0.0
17,3,883.8184,1,1.5,0.0025,0.0
18,3,883.8184,1,1.5,0.0025,0.0
19,4,883.8184,1,1.5,0.0025,0.0
20,6,705.6312,1,1.5,0.0025,0.0
21,7,705.6312,1,1.5,0.0025,0.0
22,8,705.6312,1,1.5,0.0025,0.0
23,10,705.6312,1,1.5,0.0025,0.0
24,11,705.6312,1,1.5,0.0025,0.0
25,13,705.6312,1,1.5,0.0025,0.0
26,15,705.6312,1,1.5,0.0025,0.0
27,17,705.6312,1,1.5,0.0025,0.0
28,19,705.6312,1,1.5,0.0025,0.0
29,21,705.6312,1,1.5,0.0025,0.0
30,23,701.9496,1,1.5,0.0025,0.0
31,25,701.9496,1,1.5,0.0025,0.0
32,27,701.9496,1,1.5,0.0025,0.0
33,30,701.9496,1,1.5,0.0025,0.0
34,32,701.9496,1,1.5,0.0025,0.0
35,35,701.9496,1,1.5,0.0025,0.0
36,37,701.9496,1,1.5,0.0025,0.0
37,40,701.9496,1,1.5,0.0025,0.0
38,42,701.9496,1,1.5,0.0025,0.0
39,45,701.9496,1,1.5,0.0025,0.0
40,48,696.8446,1,1.5,0.0025,0.0
41,50,696.8446,1,1.5,0.0025,0.0
42,53,696.8446,1,1.5,0.0025,0.0
43,56,696.8446,1,1.5,0.0025,0.0
44,59,696.8446,1,1.5,0.0025,0.0
45,62,696.8446,1,1.5,0.0025,0.0
46,65,696.8446,1,1.5,0.0025,0.0
47,68,696.8446,1,1.5,0.0025,0.0
48,71,696.8446,1,1.5,0.0025,0.0
49,74,696.8446,1,1.5,0.0025,0.0
50,77,690.905,1,1.5,0.0025,0.0
51,80,690.905,1,1.5,0.0025,0.0
52,84,690.905,1,1.5,0.0025,0.0
53,87,690.905,1,1.5,0.0025,0.0
54,90,690.905,1,1.5,0.0025,0.0
55,93,690.905,1,1.5,0.0025,0.0
56,97,690.905,1,1.5,0.0025,0.0
57,100,690.905,1,1.5,0.0025,0.0
58,103,690.905,1,1.5,0.0025,0.0
59,107,690.905,1,1.5,0.0025,0.0
60,110,684.2291,1,1.5,0.0025,0.0
61,114,684.2291,1,1.5,0.0025,0.0
62,117,684.2291,1,1.5,0.0025,0.0
63,121,684.2291,1,1.5,0.0025,0.0
64,124,684.2291,1,1.5,0.0025,0.0
65,128,684.2291,1,1.5,0.0025,0.0
66,132,684.2291,1,1.5,0.0025,0.0
67,136,684.2291,1,1.5,0.0025,0.0
68,139,684.2291,1,1.5,0.0025,0.0
69,143,684.2291,1,1.5,0.0025,0.0
70,147,677.0132,1,1.5,0.0025,0.0
71,150,677.0132,1,1.5,0.0025,0.0
72,154,677.0132,1,1.5,0.0025,0.0
73,157,677.0132,1,1.5,0.0025,0.0
74,162,677.0132,1,1.5,0.0025,0.0
75,166,677.0132,1,1.5,0.0025,0.0
76,170,677.0132,1,1.5,0.0025,0.0
77,173,677.0132,1,1.5,0.0025,0.0
78,177,677.0132,1,1.5,0.0025,0.0
79,181,677.0132,1,1.5,0.0025,0.0
80,185,669.4538,1,1.5,0.0025,0.0
81,188,669.4538,1,1.5,0.0025,0.0
82,192,669.4538,1,1.5,0.0025,0.0
83,197,669.4538,1,1.5,0.0025,0.0
84,201,669.4538,1,1.5,0.0025,0.0
85,205,669.4538,1,1.5,0.0025,0.0
86,208,669.4538,1,1.5,0.0025,0.0
87,213,669.4538,1,1.5,0.0025,0.0
88,217,669.4538,1,1.5,0.0025,0.0
89,221,669.4538,1,1.5,0.0025,0.0
90,225,661.5016,1,1.5,0.0025,0.0
91,230,661.5016,1,1.5,0.0025,0.0
92,234,661.5016,1,1.5,0.0025,0.0
93,237,661.5016,1,1.5,0.0025,0.0
94,241,661.5016,1,1.5,0.0025,0.0
95,245,661.5016,1,1.5,0.0025,0.0
96,250,661.5016,1,1.5,0.0025,0.0
97,254,661.5016,1,1.5,0.0025,0.0
98,258,661.5016,1,1.5,0.0025,0.0
99,262,661.5016,1,1.5,0.0025,0.0
100,266,653.4022,1,1.5,0.0025,0.0
101,270,653.4022,1,1.5,0.0025,0.0
102,274,653.4022,1,1.5,0.0025,0.0
103,278,653.4022,1,1.5,0.0025,0.0
104,283,653.4022,1,1.5,0.0025,0.0
105,287,653.4022,1,1.5,0.0025,0.0
106,290,653.4022,1,1.5,0.0025,0.0
107,294,653.4022,1,1.5,0.0025,0.0
108,299,653.4022,1,1.5,0.0025,0.0
109,303,653.4022,1,1.5,0.0025,0.0
110,307,645.1064,1,1.5,0.0025,0.0
111,311,645.1064,1,1.5,0.0025,0.0
112,315,645.1064,1,1.5,0.0025,0.0
113,319,645.1064,1,1.5,0.0025,0.0
114,323,645.1064,1,1.5,0.0025,0.0
115,327,645.1064,1,1.5,0.0025,0.0
116,332,645.1064,1,1.5,0.0025,0.0
117,336,645.1064,1,1.5,0.0025,0.0
118,341,645.1064,1,1.5,0.0025,0.0
119,345,645.1064,1,1.5,0.0025,0.0
120,350,637.1052,1,1.5,0.0025,0.0
121,354,637.1052,1,1.5,0.0025,0.0
122,359,637.1052,1,1.5,0.0025,0.0
123,363,637.1052,1,1.5,0.0025,0.0
124,367,637.1052,1,1.5,0.0025,0.0
125,371,637.1052,1,1.5,0.0025,0.0
126,375,637.1052,1,1.5,0.0025,0.0
127,379,637.1052,1,1.5,0.0025,0.0
128,384,637.1052,1,1.5,0.0025,0.0
129,388,637.1052,1,1.5,0.0025,0.0
130,392,628.3185,1,1.5,0.0025,0.0
131,396,628.3185,1,1.5,0.0025,0.0
132,400,628.3185,1,1.5,0.0025,0.0
133,404,628.3185,1,1.5,0.0025,0.0
134,408,628.3185,1,1.5,0.0025,0.0
135,413,628.3185,1,1.5,0.0025,0.0
136,417,628.3185,1,1.5,0.0025,0.0
137,421,628.3185,1,1.5,0.0025,0.0
138,425,628.3185,1,1.5,0.0025,0.0
139,429,628.3185,1,1.5,0.0025,0.0
140,434,620.6609,1,1.5,0.0025,0.0
141,438,620.6609,1,1.5,0.0025,0.0
142,442,620.6609,1,1.5,0.0025,0.0
143,446,620.6609,1,1.5,0.0025,0.0
144,451,620.6609,1,1.5,0.0025,0.0
145,455,620.6609,1,1.5,0.0025,0.0
146,460,620.6609,1,1.5,0.0025,0.0
147,464,620.6609,1,1.5,0.0025,0.0
148,468,620.6609,1,1.5,0.0025,0.0
149,472,620.6609,1,1.5,0.0025,0.0
150,476,611.8252,1,1.5,0.0025,0.0
151,480,611.8252,1,1.5,0.0025,0.0
152,485,611.8252,1,1.5,0.0025,0.0
153,489,611.8252,1,1.5,0.0025,0.0
154,493,611.8252,1,1.5,0.0025,0.0
155,498,611.8252,1,1.5,0.0025,0.0
156,502,611.8252,1,1.5,0.0025,0.0
157,506,611.8252,1,1.5,0.0025,0.0
158,510,611.8252,1,1.5,0.0025,0.0
159,514,611.8252,1,1.5,0.0025,0.0
160,518,603.9221,1,1.5,0.0025,0.0
161,522,603.9221,1,1.5,0.0025,0.0
162,526,603.9221,1,1.5,0.0025,0.0
163,531,603.9221,1,1.5,0.0025,0.0
164,535,603.9221,1,1.5,0.0025,0.0
165,539,603.9221,1,1.5,0.0025,0.0
166,543,603.9221,1,1.5,0.0025,0.0
167,549,603.9221,1,1.5,0.0025,0.0
168,553,603.9221,1,1.5,0.0025,0.0
169,557,603.9221,1,1.5,0.0025,0.0
170,561,595.3809,1,1.5,0.0025,0.0
171,566,595.3809,1,1.5,0.0025,0.0
172,570,595.3809,1,1.5,0.0025,0.0
173,574,595.3809,1,1.5,0.0025,0.0
174,578,595.3809,1,1.5,0.0025,0.0
175,582,595.3809,1,1.5,0.0025,0.0
176,586,595.3809,1,1.5,0.0025,0.0
177,590,595.3809,1,1.5,0.0025,0.0
178,594,595.3809,1,1.5,0.0025,0.0
179,598,595.3809,1,1.5,0.0025,0.0
180,602,587.1833,1,1.5,0.0025,0.0
181,606,587.1833,1,1.5,0.0025,0.0
182,610,587.1833,1,1.5,0.0025,0.0
183,616,587.1833,1,1.5,0.0025,0.0
184,620,587.1833,1,1.5,0.0025,0.0
185,624,587.1833,1,1.5,0.0025,0.0
186,628,587.1833,1,1.5,0.0025,0.0
187,633,587.1833,1,1.5,0.0025,0.0
188,637,587.1833,1,1.5,0.0025,0.0
189,641,587.1833,1,1.5,0.0025,0.0
190,645,578.9366,1,1.5,0.0025,0.0
191,649,578.9366,1,1.5,0.0025,0.0
192,653,578.9366,1,1.5,0.0025,0.0
193,657,578.9366,1,1.5,0.0025,0.0
194,661,578.9366,1,1.5,0.0025,0.0
195,665,578.9366,1,1.5,0.0025,0.0
196,670,578.9366,1,1.5,0.0025,0.0
197,674,578.9366,1,1.5,0.0025,0.0
198,678,578.9366,1,1.5,0.0025,0.0
199,682,578.9366,1,1.5,0.0025,0.0
200,686,570.9354,1,1.5,0.0025,0.0
201,690,570.9354,1,1.5,0.0025,0.0
202,694,570.9354,1,1.5,0.0025,0.0
203,698,570.9354,1,1.5,0.0025,0.0
204,702,570.9354,1,1.5,0.0025,0.0
205,707,570.9354,1,1.5,0.0025,0.0
206,712,570.9354,1,1.5,0.0025,0.0
207,716,570.9354,1,1.5,0.0025,0.0
208,720,570.9354,1,1.5,0.0025,0.0
209,724,570.9354,1,1.5,0.0025,0.0
210,729,562.3942,1,1.5,0.0025,0.0
211,733,562.3942,1,1.5,0.0025,0.0
212,737,562.3942,1,1.5,0.0025,0.0
213,741,562.3942,1,1.5,0.0025,0.0
214,745,562.3942,1,1.5,0.0025,0.0
215,749,562.3942,1,1.5,0.0025,0.0
216,754,562.3942,1,1.5,0.0025,0.0
217,758,562.3942,1,1.5,0.0025,0.0
218,762,562.3942,1,1.5,0.0025,0.0
219,766,562.3942,1,1.5,0.0025,0.0
220,770,554.4421,1,1.5,0.0025,0.0
221,774,554.4421,1,1.5,0.0025,0.0
222,778,554.4421,1,1.5,0.0025,0.0
223,783,554.4421,1,1.5,0.0025,0.0
224,787,554.4421,1,1.5,0.0025,0.0
225,791,554.4421,1,1.5,0.0025,0.0
226,795,554.4421,1,1.5,0.0025,0.0
227,799,554.4421,1,1.5,0.0025,0.0
228,804,554.4421,1,1.5,0.0025,0.0
229,808,554.4421,1,1.5,0.0025,0.0
230,812,546.1464,1,1.5,0.0025,0.0
231,816,546.1464,1,1.5,0.0025,0.0
232,820,546.1464,1,1.5,0.0025,0.0
233,824,546.1464,1,1.5,0.0025,0.0
234,828,546.1464,1,1.5,0.0025,0.0
235,832,546.1464,1,1.5,0.0025,0.0
236,836,546.1464,1,1.5,0.0025,0.0
237,840,546.1464,1,1.5,0.0025,0.0
238,844,546.1464,1,1.5,0.0025,0.0
239,848,546.1464,1,1.5,0.0025,0.0
240,853,538.3905,1,1.5,0.0025,0.0
241,857,538.3905,1,1.5,0.0025,0.0
242,862,538.3905,1,1.5,0.0025,0.0
243,866,538.3905,1,1.5,0.0025,0.0
244,870,538.3905,1,1.5,0.0025,0.0
245,874,538.3905,1,1.5,0.0025,0.0
246,879,538.3905,1,1.5,0.0025,0.0
247,883,538.3905,1,1.5,0.0025,0.0
248,886,538.3905,1,1.5,0.0025,0.0
249,890,538.3905,1,1.5,0.0025,0.0
250,896,529.8002,1,1.5,0.0025,0.0
251,900,529.8002,1,1.5,0.0025,0.0
252,905,529.8002,1,1.5,0.0025,0.0
253,909,529.8002,1,1.5,0.0025,0.0
254,913,529.8002,1,1.5,0.0025,0.0
255,917,529.8002,1,1.5,0.0025,0.0
256,921,529.8002,1,1.5,0.0025,0.0
257,925,529.8002,1,1.5,0.0025,0.0
258,930,529.8002,1,1.5,0.0025,0.0
259,934,529.8002,1,1.5,0.0025,0.0
260,938,521.1118,1,1.5,0.0025,0.0
261,942,521.1118,1,1.5,0.0025,0.0
262,946,521.1118,1,1.5,0.0025,0.0
263,950,521.1118,1,1.5,0.0025,0.0
264,954,521.1118,1,1.5,0.0025,0.0
265,959,521.1118,1,1.5,0.0025,0.0
266,963,521.1118,1,1.5,0.0025,0.0
267,967,521.1118,1,1.5,0.0025,0.0
268,971,521.1118,1,1.5,0.0025,0.0
269,975,521.1118,1,1.5,0.0025,0.0
270,979,513.4541,1,1.5,0.0025,0.0
271,983,513.4541,1,1.5,0.0025,0.0
272,987,513.4541,1,1.5,0.0025,0.0
273,992,513.4541,1,1.5,0.0025,0.0
274,996,513.4541,1,1.5,0.0025,0.0
275,1001,513.4541,1,1.5,0.0025,0.0
276,1005,513.4541,1,1.5,0.0025,0.0
277,1009,513.4541,1,1.5,0.0025,0.0
278,1013,513.4541,1,1.5,0.0025,0.0
279,1018,513.4541,1,1.5,0.0025,0.0
280,1022,504.8638,1,1.5,0.0025,0.0
281,1027,504.8638,1,1.5,0.0025,0.0
282,1031,504.8638,1,1.5,0.0025,0.0
283,1035,504.8638,1,1.5,0.0025,0.0
284,1039,504.8638,1,1.5,0.0025,0.0
285,1043,504.8638,1,1.5,0.0025,0.0
286,1047,504.8638,1,1.5,0.0025,0.0
287,1052,504.8638,1,1.5,0.0025,0.0
288,1056,504.8638,1,1.5,0.0025,0.0
289,1060,504.8638,1,1.5,0.0025,0.0
290,1064,496.4207,1,1.5,0.0025,0.0
291,1069,496.4207,1,1.5,0.0025,0.0
292,1073,496.4207,1,1.5,0.0025,0.0
293,1079,496.4207,1,1.5,0.0025,0.0
294,1083,496.4207,1,1.5,0.0025,0.0
295,1087,496.4207,1,1.5,0.0025,0.0
296,1091,496.4207,1,1.5,0.0025,0.0
297,1095,496.4207,1,1.5,0.0025,0.0
298,1099,496.4207,1,1.5,0.0025,0.0
299,1103,496.4207,1,1.5,0.0025,0.0
300,1107,488.2232,1,1.5,0.0025,0.0
301,1112,488.2232,1,1.5,0.0025,0.0
302,1116,488.2232,1,1.5,0.0025,0.0
303,1120,488.2232,1,1.5,0.0025,0.0
304,1125,488.2232,1,1.5,0.0025,0.0
305,1129,488.2232,1,1.5,0.0025,0.0
306,1133,488.2232,1,1.5,0.0025,0.0
307,1136,488.2232,1,1.5,0.0025,0.0
308,1140,488.2232,1,1.5,0.0025,0.0
309,1145,488.2232,1,1.5,0.0025,0.0
310,1149,479.9765,1,1.5,0.0025,0.0
311,1153,479.9765,1,1.5,0.0025,0.0
312,1157,479.9765,1,1.5,0.0025,0.0
313,1161,479.9765,1,1.5,0.0025,0.0
314,1165,479.9765,1,1.5,0.0025,0.0
315,1169,479.9765,1,1.5,0.0025,0.0
316,1175,479.9765,1,1.5,0.0025,0.0
317,1179,479.9765,1,1.5,0.0025,0.0
318,1183,479.9765,1,1.5,0.0025,0.0
319,1187,479.9765,1,1.5,0.0025,0.0
320,1191,471.7298,1,1.5,0.0025,0.0
321,1195,471.7298,1,1.5,0.0025,0.0
322,1200,471.7298,1,1.5,0.0025,0.0
323,1204,471.7298,1,1.5,0.0025,0.0
324,1209,471.7298,1,1.5,0.0025,0.0
325,1213,471.7298,1,1.5,0.0025,0.0
326,1217,471.7298,1,1.5,0.0025,0.0
327,1221,471.7298,1,1.5,0.0025,0.0
328,1226,471.7298,1,1.5,0.0025,0.0
329,1230,471.7298,1,1.5,0.0025,0.0
330,1234,463.2377,1,1.5,0.0025,0.0
331,1238,463.2377,1,1.5,0.0025,0.0
332,1243,463.2377,1,1.5,0.0025,0.0
333,1247,463.2377,1,1.5,0.0025,0.0
334,1250,463.2377,1,1.5,0.0025,0.0
335,1254,463.2377,1,1.5,0.0025,0.0
336,1258,463.2377,1,1.5,0.0025,0.0
337,1262,463.2377,1,1.5,0.0025,0.0
338,1266,463.2377,1,1.5,0.0025,0.0
339,1270,463.2377,1,1.5,0.0025,0.0
340,1275,455.2856,1,1.5,0.0025,0.0
341,1280,455.2856,1,1.5,0.0025,0.0
342,1285,455.2856,1,1.5,0.0025,0.0
343,1289,455.2856,1,1.5,0.0025,0.0
344,1294,455.2856,1,1.5,0.0025,0.0
345,1298,455.2856,1,1.5,0.0025,0.0
346,1303,455.2856,1,1.5,0.0025,0.0
347,1307,455.2856,1,1.5,0.0025,0.0
348,1311,455.2856,1,1.5,0.0025,0.0
349,1315,455.2856,1,1.5,0.0025,0.0
350,1319,446.4989,1,1.5,0.0025,0.0
351,1323,446.4989,1,1.5,0.0025,0.0
352,1327,446.4989,1,1.5,0.0025,0.0
353,1331,446.4989,1,1.5,0.0025,0.0
354,1337,446.4989,1,1.5,0.0025,0.0
355,1341,446.4989,1,1.5,0.0025,0.0
356,1346,446.4989,1,1.5,0.0025,0.0
357,1350,446.4989,1,1.5,0.0025,0.0
358,1354,446.4989,1,1.5,0.0025,0.0
359,1358,446.4989,1,1.5,0.0025,0.0
360,1363,437.8595,1,1.5,0.0025,0.0
361,1367,437.8595,1,1.5,0.0025,0.0
362,1371,437.8595,1,1.5,0.0025,0.0
363,1375,437.8595,1,1.5,0.0025,0.0
364,1380,437.8595,1,1.5,0.0025,0.0
365,1384,437.8595,1,1.5,0.0025,0.0
366,1388,437.8595,1,1.5,0.0025,0.0
367,1393,437.8595,1,1.5,0.0025,0.0
368,1398,437.8595,1,1.5,0.0025,0.0
369,1403,437.8595,1,1.5,0.0025,0.0
370,1407,429.2202,1,1.5,0.0025,0.0
371,1412,429.2202,1,1.5,0.0025,0.0
372,1416,429.2202,1,1.5,0.0025,0.0
373,1420,429.2202,1,1.5,0.0025,0.0
374,1424,429.2202,1,1.5,0.0025,0.0
375,1428,429.2202,1,1.5,0.0025,0.0
376,1432,429.2202,1,1.5,0.0025,0.0
377,1435,429.2202,1,1.5,0.0025,0.0
378,1439,429.2202,1,1.5,0.0025,0.0
379,1444,429.2202,1,1.5,0.0025,0.0
380,1448,421.3171,1,1.5,0.0025,0.0
381,1453,421.3171,1,1.5,0.0025,0.0
382,1457,421.3171,1,1.5,0.0025,0.0
383,1461,421.3171,1,1.5,0.0025,0.0
384,1465,421.3171,1,1.5,0.0025,0.0
385,1469,421.3171,1,1.5,0.0025,0.0
386,1473,421.3171,1,1.5,0.0025,0.0
387,1477,421.3171,1,1.5,0.0025,0.0
388,1481,421.3171,1,1.5,0.0025,0.0
389,1485,421.3171,1,1.5,0.0025,0.0
390,1489,413.0213,1,1.5,0.0025,0.0
391,1494,413.0213,1,1.5,0.0025,0.0
392,1498,413.0213,1,1.5,0.0025,0.0
393,1503,413.0213,1,1.5,0.0025,0.0
394,1507,413.0213,1,1.5,0.0025,0.0
395,1511,413.0213,1,1.5,0.0025,0.0
396,1515,413.0213,1,1.5,0.0025,0.0
397,1519,413.0213,1,1.5,0.0025,0.0
398,1523,413.0213,1,1.5,0.0025,0.0
399,1529,413.0213,1,1.5,0.0025,0.0
400,1533,404.2838,1,1.5,0.0025,0.0
401,1537,404.2838,1,1.5,0.0025,0.0
402,1541,404.2838,1,1.5,0.0025,0.0
403,1546,404.2838,1,1.5,0.0025,0.0
404,1551,404.2838,1,1.5,0.0025,0.0
405,1555,404.2838,1,1.5,0.0025,0.0
406,1559,404.2838,1,1.5,0.0025,0.0
407,1563,404.2838,1,1.5,0.0025,0.0
408,1567,404.2838,1,1.5,0.0025,0.0
409,1571,404.2838,1,1.5,0.0025,0.0
410,1575,396.3807,1,1.5,0.0025,0.0
411,1579,396.3807,1,1.5,0.0025,0.0
412,1584,396.3807,1,1.5,0.0025,0.0
413,1588,396.3807,1,1.5,0.0025,0.0
414,1593,396.3807,1,1.5,0.0025,0.0
415,1597,396.3807,1,1.5,0.0025,0.0
416,1603,396.3807,1,1.5,0.0025,0.0
417,1607,396.3807,1,1.5,0.0025,0.0
418,1612,396.3807,1,1.5,0.0025,0.0
419,1616,396.3807,1,1.5,0.0025,0.0
420,1620,387.3486,1,1.5,0.0025,0.0
421,1624,387.3486,1,1.5,0.0025,0.0
422,1629,387.3486,1,1.5,0.0025,0.0
423,1633,387.3486,1,1.5,0.0025,0.0
424,1637,387.3486,1,1.5,0.0025,0.0
425,1641,387.3486,1,1.5,0.0025,0.0
426,1646,387.3486,1,1.5,0.0025,0.0
427,1650,387.3486,1,1.5,0.0025,0.0
428,1654,387.3486,1,1.5,0.0025,0.0
429,1658,387.3486,1,1.5,0.0025,0.0
430,1663,379.2492,1,1.5,0.0025,0.0
431,1667,379.2492,1,1.5,0.0025,0.0
432,1671,379.2492,1,1.5,0.0025,0.0
433,1675,379.2492,1,1.5,0.0025,0.0
434,1679,379.2492,1,1.5,0.0025,0.0
435,1683,379.2492,1,1.5,0.0025,0.0
436,1687,379.2492,1,1.5,0.0025,0.0
437,1691,379.2492,1,1.5,0.0025,0.0
438,1696,379.2492,1,1.5,0.0025,0.0
439,1700,379.2492,1,1.5,0.0025,0.0
440,1704,371.0025,1,1.5,0.0025,0.0
441,1708,371.0025,1,1.5,0.0025,0.0
442,1712,371.0025,1,1.5,0.0025,0.0
443,1716,371.0025,1,1.5,0.0025,0.0
444,1720,371.0025,1,1.5,0.0025,0.0
445,1724,371.0025,1,1.5,0.0025,0.0
446,1728,371.0025,1,1.5,0.0025,0.0
447,1732,371.0025,1,1.5,0.0025,0.0
448,1737,371.0025,1,1.5,0.0025,0.0
449,1741,371.0025,1,1.5,0.0025,0.0
450,1745,363.0013,1,1.5,0.0025,0.0
451,1749,363.0013,1,1.5,0.0025,0.0
452,1754,363.0013,1,1.5,0.0025,0.0
453,1758,363.0013,1,1.5,0.0025,0.0
454,1763,363.0013,1,1.5,0.0025,0.0
455,1767,363.0013,1,1.5,0.0025,0.0
456,1771,363.0013,1,1.5,0.0025,0.0
457,1775,363.0013,1,1.5,0.0025,0.0
458,1779,363.0013,1,1.5,0.0025,0.0
459,1783,363.0013,1,1.5,0.0025,0.0
460,1787,354.7055,1,1.5,0.0025,0.0
461,1791,354.7055,1,1.5,0.0025,0.0
462,1795,354.7055,1,1.5,0.0025,0.0
463,1799,354.7055,1,1.5,0.0025,0.0
464,1803,354.7055,1,1.5,0.0025,0.0
465,1807,354.7055,1,1.5,0.0025,0.0
466,1811,354.7055,1,1.5,0.0025,0.0
467,1815,354.7055,1,1.5,0.0025,0.0
468,1819,354.7055,1,1.5,0.0025,0.0
469,1823,354.7055,1,1.5,0.0025,0.0
470,1827,346.7042,1,1.5,0.0025,0.0
471,1832,346.7042,1,1.5,0.0025,0.0
472,1836,346.7042,1,1.5,0.0025,0.0
473,1840,346.7042,1,1.5,0.0025,0.0
474,1844,346.7042,1,1.5,0.0025,0.0
475,1849,346.7042,1,1.5,0.0025,0.0
476,1853,346.7042,1,1.5,0.0025,0.0
477,1857,346.7042,1,1.5,0.0025,0.0
478,1861,346.7042,1,1.5,0.0025,0.0
479,1865,346.7042,1,1.5,0.0025,0.0
480,1869,338.4084,1,1.5,0.0025,0.0
481,1874,338.4084,1,1.5,0.0025,0.0
482,1878,338.4084,1,1.5,0.0025,0.0
483,1882,338.4084,1,1.5,0.0025,0.0
484,1886,338.4084,1,1.5,0.0025,0.0
485,1891,338.4084,1,1.5,0.0025,0.0
486,1895,338.4084,1,1.5,0.0025,0.0
487,1900,338.4084,1,1.5,0.0025,0.0
488,1904,338.4084,1,1.5,0.0025,0.0
489,1908,338.4084,1,1.5,0.0025,0.0
490,1912,329.9164,1,1.5,0.0025,0.0
491,1916,329.9164,1,1.5,0.0025,0.0
492,1921,329.9164,1,1.5,0.0025,0.0
493,1925,329.9164,1,1.5,0.0025,0.0
494,1929,329.9164,1,1.5,0.0025,0.0
495,1934,329.9164,1,1.5,0.0025,0.0
496,1938,329.9164,1,1.5,0.0025,0.0
497,1943,329.9164,1,1.5,0.0025,0.0
498,1947,329.9164,1,1.5,0.0025,0.0
499,1951,329.9164,1,1.5,0.0025,0.0
500,1955,321.4733,1,1.5,0.0025,0.0
501,1959,321.4733,1,1.5,0.0025,0.0
502,1964,321.4733,1,1.5,0.0025,0.0
503,1968,321.4733,1,1.5,0.0025,0.0
504,1972,321.4733,1,1.5,0.0025,0.0
505,1976,321.4733,1,1.5,0.0025,0.0
506,1980,321.4733,1,1.5,0.0025,0.0
507,1984,321.4733,1,1.5,0.0025,0.0
508,1988,321.4733,1,1.5,0.0025,0.0
509,1992,321.4733,1,1.5,0.0025,0.0
510,1997,313.5212,1,1.5,0.0025,0.0
511,2001,313.5212,1,1.5,0.0025,0.0
512,2006,313.5212,1,1.5,0.0025,0.0
513,2011,313.5212,1,1.5,0.0025,0.0
514,2015,313.5212,1,1.5,0.0025,0.0
515,2019,313.5212,1,1.5,0.0025,0.0
516,2024,313.5212,1,1.5,0.0025,0.0
517,2028,313.5212,1,1.5,0.0025,0.0
518,2032,313.5212,1,1.5,0.0025,0.0
519,2036,313.5212,1,1.5,0.0025,0.0
520,2040,304.7345,1,1.5,0.0025,0.0
521,2044,304.7345,1,1.5,0.0025,0.0
522,2049,304.7345,1,1.5,0.0025,0.0
523,2053,304.7345,1,1.5,0.0025,0.0
524,2057,304.7345,1,1.5,0.0025,0.0
525,2061,304.7345,1,1.5,0.0025,0.0
526,2065,304.7345,1,1.5,0.0025,0.0
527,2069,304.7345,1,1.5,0.0025,0.0
528,2073,304.7345,1,1.5,0.0025,0.0
529,2077,304.7345,1,1.5,0.0025,0.0
530,2081,296.8315,1,1.5,0.0025,0.0
531,2085,296.8315,1,1.5,0.0025,0.0
532,2090,296.8315,1,1.5,0.0025,0.0
533,2094,296.8315,1,1.5,0.0025,0.0
534,2099,296.8315,1,1.5,0.0025,0.0
535,2103,296.8315,1,1.5,0.0025,0.0
536,2108,296.8315,1,1.5,0.0025,0.0
537,2112,296.8315,1,1.5,0.0025,0.0
538,2116,296.8315,1,1.5,0.0025,0.0
539,2120,296.8315,1,1.5,0.0025,0.0
540,2124,288.5357,1,1.5,0.0025,0.0
541,2127,288.5357,1,1.5,0.0025,0.0
542,2131,288.5357,1,1.5,0.0025,0.0
543,2136,288.5357,1,1.5,0.0025,0.0
544,2140,288.5357,1,1.5,0.0025,0.0
545,2144,288.5357,1,1.5,0.0025,0.0
546,2148,288.5357,1,1.5,0.0025,0.0
547,2152,288.5357,1,1.5,0.0025,0.0
548,2156,288.5357,1,1.5,0.0025,0.0
549,2160,288.5357,1,1.5,0.0025,0.0
550,2164,280.7798,1,1.5,0.0025,0.0
551,2168,280.7798,1,1.5,0.0025,0.0
552,2172,280.7798,1,1.5,0.0025,0.0
553,2177,280.7798,1,1.5,0.0025,0.0
554,2181,280.7798,1,1.5,0.0025,0.0
555,2186,280.7798,1,1.5,0.0025,0.0
556,2190,280.7798,1,1.5,0.0025,0.0
557,2194,280.7798,1,1.5,0.0025,0.0
558,2198,280.7798,1,1.5,0.0025,0.0
559,2203,280.7798,1,1.5,0.0025,0.0
560,2207,272.1896,1,1.5,0.0025,0.0
561,2211,272.1896,1,1.5,0.0025,0.0
562,2215,272.1896,1,1.5,0.0025,0.0
563,2219,272.1896,1,1.5,0.0025,0.0
564,2224,272.1896,1,1.5,0.0025,0.0
565,2228,272.1896,1,1.5,0.0025,0.0
566,2232,272.1896,1,1.5,0.0025,0.0
567,2237,272.1896,1,1.5,0.0025,0.0
568,2241,272.1896,1,1.5,0.0025,0.0
569,2246,272.1896,1,1.5,0.0025,0.0
570,2250,263.7466,1,1.5,0.0025,0.0
571,2255,263.7466,1,1.5,0.0025,0.0
572,2259,263.7466,1,1.5,0.0025,0.0
573,2263,263.7466,1,1.5,0.0025,0.0
574,2267,263.7466,1,1.5,0.0025,0.0
575,2272,263.7466,1,1.5,0.0025,0.0
576,2276,263.7466,1,1.5,0.0025,0.0
577,2279,263.7466,1,1.5,0.0025,0.0
578,2283,263.7466,1,1.5,0.0025,0.0
579,2287,263.7466,1,1.5,0.0025,0.0
580,2291,255.7944,1,1.5,0.0025,0.0
581,2295,255.7944,1,1.5,0.0025,0.0
582,2300,255.7944,1,1.5,0.0025,0.0
583,2304,255.7944,1,1.5,0.0025,0.0
584,2308,255.7944,1,1.5,0.0025,0.0
585,2312,255.7944,1,1.5,0.0025,0.0
586,2317,255.7944,1,1.5,0.0025,0.0
587,2321,255.7944,1,1.5,0.0025,0.0
588,2326,255.7944,1,1.5,0.0025,0.0
589,2330,255.7944,1,1.5,0.0025,0.0
590,2334,247.2532,1,1.5,0.0025,0.0
591,2338,247.2532,1,1.5,0.0025,0.0
592,2343,247.2532,1,1.5,0.0025,0.0
593,2347,247.2532,1,1.5,0.0025,0.0
594,2352,247.2532,1,1.5,0.0025,0.0
595,2356,247.2532,1,1.5,0.0025,0.0
596,2361,247.2532,1,1.5,0.0025,0.0
597,2365,247.2532,1,1.5,0.0025,0.0
598,2370,247.2532,1,1.5,0.0025,0.0
599,2374,247.2532,1,1.5,0.0025,0.0
600,2379,238.5648,1,1.5,0.0025,0.0
601,2383,238.5648,1,1.5,0.0025,0.0
602,2388,238.5648,1,1.5,0.0025,0.0
603,2392,238.5648,1,1.5,0.0025,0.0
604,2397,238.5648,1,1.5,0.0025,0.0
605,2401,238.5648,1,1.5,0.0025,0.0
606,2407,238.5648,1,1.5,0.0025,0.0
607,2411,238.5648,1,1.5,0.0025,0.0
608,2415,238.5648,1,1.5,0.0025,0.0
609,2419,238.5648,1,1.5,0.0025,0.0
610,2423,229.6799,1,1.5,0.0025,0.0
611,2427,229.6799,1,1.5,0.0025,0.0
612,2430,229.6799,1,1.5,0.0025,0.0
613,2434,229.6799,1,1.5,0.0025,0.0
614,2439,229.6799,1,1.5,0.0025,0.0
615,2444,229.6799,1,1.5,0.0025,0.0
616,2450,229.6799,1,1.5,0.0025,0.0
617,2454,229.6799,1,1.5,0.0025,0.0
618,2458,229.6799,1,1.5,0.0025,0.0
619,2462,229.6799,1,1.5,0.0025,0.0
620,2466,221.335,1,1.5,0.0025,0.0
621,2471,221.335,1,1.5,0.0025,0.0
622,2476,221.335,1,1.5,0.0025,0.0
623,2480,221.335,1,1.5,0.0025,0.0
624,2485,221.335,1,1.5,0.0025,0.0
625,2490,221.335,1,1.5,0.0025,0.0
626,2494,221.335,1,1.5,0.0025,0.0
627,2498,221.335,1,1.5,0.0025,0.0
628,2502,221.335,1,1.5,0.0025,0.0
629,2506,221.335,1,1.5,0.0025,0.0
630,2510,212.6466,1,1.5,0.0025,0.0
631,2514,212.6466,1,1.5,0.0025,0.0
632,2518,212.6466,1,1.5,0.0025,0.0
633,2522,212.6466,1,1.5,0.0025,0.0
634,2527,212.6466,1,1.5,0.0025,0.0
635,2532,212.6466,1,1.5,0.0025,0.0
636,2536,212.6466,1,1.5,0.0025,0.0
637,2540,212.6466,1,1.5,0.0025,0.0
638,2544,212.6466,1,1.5,0.0025,0.0
639,2549,212.6466,1,1.5,0.0025,0.0
640,2553,204.2526,1,1.5,0.0025,0.0
641,2558,204.2526,1,1.5,0.0025,0.0
642,2562,204.2526,1,1.5,0.0025,0.0
643,2566,204.2526,1,1.5,0.0025,0.0
644,2571,204.2526,1,1.5,0.0025,0.0
645,2575,204.2526,1,1.5,0.0025,0.0
646,2579,204.2526,1,1.5,0.0025,0.0
647,2583,204.2526,1,1.5,0.0025,0.0
648,2587,204.2526,1,1.5,0.0025,0.0
649,2591,204.2526,1,1.5,0.0025,0.0
650,2595,196.0551,1,1.5,0.0025,0.0
651,2599,196.0551,1,1.5,0.0025,0.0
652,2603,196.0551,1,1.5,0.0025,0.0
653,2607,196.0551,1,1.5,0.0025,0.0
654,2612,196.0551,1,1.5,0.0025,0.0
655,2616,196.0551,1,1.5,0.0025,0.0
656,2620,196.0551,1,1.5,0.0025,0.0
657,2623,196.0551,1,1.5,0.0025,0.0
658,2627,196.0551,1,1.5,0.0025,0.0
659,2630,196.0551,1,1.5,0.0025,0.0
660,2634,188.5447,1,1.5,0.0025,0.0
661,2639,188.5447,1,1.5,0.0025,0.0
662,2643,188.5447,1,1.5,0.0025,0.0
663,2647,188.5447,1,1.5,0.0025,0.0
664,2651,188.5447,1,1.5,0.0025,0.0
665,2656,188.5447,1,1.5,0.0025,0.0
666,2660,188.5447,1,1.5,0.0025,0.0
667,2664,188.5447,1,1.5,0.0025,0.0
668,2669,188.5447,1,1.5,0.0025,0.0
669,2673,188.5447,1,1.5,0.0025,0.0
670,2677,179.9053,1,1.5,0.0025,0.0
671,2681,179.9053,1,1.5,0.0025,0.0
672,2685,179.9053,1,1.5,0.0025,0.0
673,2689,179.9053,1,1.5,0.0025,0.0
674,2694,179.9053,1,1.5,0.0025,0.0
675,2699,179.9053,1,1.5,0.0025,0.0
676,2703,179.9053,1,1.5,0.0025,0.0
677,2707,179.9053,1,1.5,0.0025,0.0
678,2711,179.9053,1,1.5,0.0025,0.0
679,2715,179.9053,1,1.5,0.0025,0.0
680,2719,171.7077,1,1.5,0.0025,0.0
681,2723,171.7077,1,1.5,0.0025,0.0
682,2726,171.7077,1,1.5,0.0025,0.0
683,2730,171.7077,1,1.5,0.0025,0.0
684,2735,171.7077,1,1.5,0.0025,0.0
685,2739,171.7077,1,1.5,0.0025,0.0
686,2743,171.7077,1,1.5,0.0025,0.0
687,2747,171.7077,1,1.5,0.0025,0.0
688,2752,171.7077,1,1.5,0.0025,0.0
689,2756,171.7077,1,1.5,0.0025,0.0
690,2760,163.7065,1,1.5,0.0025,0.0
691,2764,163.7065,1,1.5,0.0025,0.0
692,2768,163.7065,1,1.5,0.0025,0.0
693,2773,163.7065,1,1.5,0.0025,0.0
694,2777,163.7065,1,1.5,0.0025,0.0
695,2781,163.7065,1,1.5,0.0025,0.0
696,2785,163.7065,1,1.5,0.0025,0.0
697,2789,163.7065,1,1.5,0.0025,0.0
698,2793,163.7065,1,1.5,0.0025,0.0
699,2797,163.7065,1,1.5,0.0025,0.0
700,2802,155.4107,1,1.5,0.0025,0.0
701,2806,155.4107,1,1.5,0.0025,0.0
702,2810,155.4107,1,1.5,0.0025,0.0
703,2815,155.4107,1,1.5,0.0025,0.0
704,2820,155.4107,1,1.5,0.0025,0.0
705,2823,155.4107,1,1.5,0.0025,0.0
706,2827,155.4107,1,1.5,0.0025,0.0
707,2832,155.4107,1,1.5,0.0025,0.0
708,2836,155.4107,1,1.5,0.0025,0.0
709,2840,155.4107,1,1.5,0.0025,0.0
710,2844,147.164,1,1.5,0.0025,0.0
711,2849,147.164,1,1.5,0.0025,0.0
712,2853,147.164,1,1.5,0.0025,0.0
713,2857,147.164,1,1.5,0.0025,0.0
714,2862,147.164,1,1.5,0.0025,0.0
715,2867,147.164,1,1.5,0.0025,0.0
716,2871,147.164,1,1.5,0.0025,0.0
717,2874,147.164,1,1.5,0.0025,0.0
718,2878,147.164,1,1.5,0.0025,0.0
719,2883,147.164,1,1.5,0.0025,0.0
720,2887,138.4265,1,1.5,0.0025,0.0
721,2891,138.4265,1,1.5,0.0025,0.0
722,2895,138.4265,1,1.5,0.0025,0.0
723,2901,138.4265,1,1.5,0.0025,0.0
724,2905,138.4265,1,1.5,0.0025,0.0
725,2909,138.4265,1,1.5,0.0025,0.0
726,2913,138.4265,1,1.5,0.0025,0.0
727,2918,138.4265,1,1.5,0.0025,0.0
728,2922,138.4265,1,1.5,0.0025,0.0
729,2926,138.4265,1,1.5,0.0025,0.0
730,2930,130.0325,1,1.5,0.0025,0.0
731,2935,130.0325,1,1.5,0.0025,0.0
732,2940,130.0325,1,1.5,0.0025,0.0
733,2945,130.0325,1,1.5,0.0025,0.0
734,2949,130.0325,1,1.5,0.0025,0.0
735,2953,130.0325,1,1.5,0.0025,0.0
736,2957,130.0325,1,1.5,0.0025,0.0
737,2961,130.0325,1,1.5,0.0025,0.0
738,2965,130.0325,1,1.5,0.0025,0.0
739,2969,130.0325,1,1.5,0.0025,0.0
740,2974,121.5895,1,1.5,0.0025,0.0
741,2979,121.5895,1,1.5,0.0025,0.0
742,2983,121.5895,1,1.5,0.0025,0.0
743,2987,121.5895,1,1.5,0.0025,0.0
744,2990,121.5895,1,1.5,0.0025,0.0
745,2994,121.5895,1,1.5,0.0025,0.0
746,2998,121.5895,1,1.5,0.0025,0.0
747,3002,121.5895,1,1.5,0.0025,0.0
748,3006,121.5895,1,1.5,0.0025,0.0
749,3010,121.5895,1,1.5,0.0025,0.0
750,3014,113.6373,1,1.5,0.0025,0.0
751,3019,113.6373,1,1.5,0.0025,0.0
752,3022,113.6373,1,1.5,0.0025,0.0
753,3026,113.6373,1,1.5,0.0025,0.0
754,3031,113.6373,1,1.5,0.0025,0.0
755,3035,113.6373,1,1.5,0.0025,0.0
756,3039,113.6373,1,1.5,0.0025,0.0
757,3043,113.6373,1,1.5,0.0025,0.0
758,3047,113.6373,1,1.5,0.0025,0.0
759,3051,113.6373,1,1.5,0.0025,0.0
760,3055,105.587,1,1.5,0.0025,0.0
761,3060,105.587,1,1.5,0.0025,0.0
762,3065,105.587,1,1.5,0.0025,0.0
763,3069,105.587,1,1.5,0.0025,0.0
764,3072,105.587,1,1.5,0.0025,0.0
765,3076,105.587,1,1.5,0.0025,0.0
766,3081,105.587,1,1.5,0.0025,0.0
767,3085,105.587,1,1.5,0.0025,0.0
768,3090,105.587,1,1.5,0.0025,0.0
769,3094,105.587,1,1.5,0.0025,0.0
770,3098,97.0458,1,1.5,0.0025,0.0
771,3103,97.0458,1,1.5,0.0025,0.0
772,3107,97.0458,1,1.5,0.0025,0.0
773,3111,97.0458,1,1.5,0.0025,0.0
774,3115,97.0458,1,1.5,0.0025,0.0
775,3119,97.0458,1,1.5,0.0025,0.0
776,3123,97.0458,1,1.5,0.0025,0.0
777,3127,97.0458,1,1.5,0.0025,0.0
778,3131,97.0458,1,1.5,0.0025,0.0
779,3136,97.0458,1,1.5,0.0025,0.0
780,3140,88.8482,1,1.5,0.0025,0.0
781,3146,88.8482,1,1.5,0.0025,0.0
782,3150,88.8482,1,1.5,0.0025,0.0
783,3154,88.8482,1,1.5,0.0025,0.0
784,3158,88.8482,1,1.5,0.0025,0.0
785,3162,88.8482,1,1.5,0.0025,0.0
786,3166,88.8482,1,1.5,0.0025,0.0
787,3170,88.8482,1,1.5,0.0025,0.0
788,3174,88.8482,1,1.5,0.0025,0.0
789,3179,88.8482,1,1.5,0.0025,0.0
790,3183,80.6015,1,1.5,0.0025,0.0
791,3187,80.6015,1,1.5,0.0025,0.0
792,3191,80.6015,1,1.5,0.0025,0.0
793,3195,80.6015,1,1.5,0.0025,0.0
794,3199,80.6015,1,1.5,0.0025,0.0
795,3203,80.6015,1,1.5,0.0025,0.0
796,3207,80.6015,1,1.5,0.0025,0.0
797,3211,80.6015,1,1.5,0.0025,0.0
798,3215,80.6015,1,1.5,0.0025,0.0
799,3220,80.6015,1,1.5,0.0025,0.0
800,3224,72.6003,1,1.5,0.0025,0.0
801,3228,72.6003,1,1.5,0.0025,0.0
802,3232,72.6003,1,1.5,0.0025,0.0
803,3237,72.6003,1,1.5,0.0025,0.0
804,3241,72.6003,1,1.5,0.0025,0.0
805,3246,72.6003,1,1.5,0.0025,0.0
806,3250,72.6003,1,1.5,0.0025,0.0
807,3254,72.6003,1,1.5,0.0025,0.0
808,3259,72.6003,1,1.5,0.0025,0.0
809,3264,72.6003,1,1.5,0.0025,0.0
810,3268,63.8137,1,1.5,0.0025,0.0
811,3272,63.8137,1,1.5,0.0025,0.0
812,3276,63.8137,1,1.5,0.0025,0.0
813,3280,63.8137,1,1.5,0.0025,0.0
814,3285,63.8137,1,1.5,0.0025,0.0
815,3289,63.8137,1,1.5,0.0025,0.0
816,3293,63.8137,1,1.5,0.0025,0.0
817,3297,63.8137,1,1.5,0.0025,0.0
818,3302,63.8137,1,1.5,0.0025,0.0
819,3306,63.8137,1,1.5,0.0025,0.0
820,3311,55.6651,1,1.5,0.0025,0.0
821,3315,55.6651,1,1.5,0.0025,0.0
822,3319,55.6651,1,1.5,0.0025,0.0
823,3323,55.6651,1,1.5,0.0025,0.0
824,3328,55.6651,1,1.5,0.0025,0.0
825,3332,55.6651,1,1.5,0.0025,0.0
826,3337,55.6651,1,1.5,0.0025,0.0
827,3342,55.6651,1,1.5,0.0025,0.0
828,3346,55.6651,1,1.5,0.0025,0.0
829,3350,55.6651,1,1.5,0.0025,0.0
830,3354,46.9276,1,1.5,0.0025,0.0
831,3358,46.9276,1,1.5,0.0025,0.0
832,3362,46.9276,1,1.5,0.0025,0.0
833,3366,46.9276,1,1.5,0.0025,0.0
834,3370,46.9276,1,1.5,0.0025,0.0
835,3375,46.9276,1,1.5,0.0025,0.0
836,3379,46.9276,1,1.5,0.0025,0.0
837,3383,46.9276,1,1.5,0.0025,0.0
838,3387,46.9276,1,1.5,0.0025,0.0
839,3391,46.9276,1,1.5,0.0025,0.0
840,3396,39.0245,1,1.5,0.0025,0.0
841,3400,39.0245,1,1.5,0.0025,0.0
842,3404,39.0245,1,1.5,0.0025,0.0
843,3408,39.0245,1,1.5,0.0025,0.0
844,3413,39.0245,1,1.5,0.0025,0.0
845,3417,39.0245,1,1.5,0.0025,0.0
846,3422,39.0245,1,1.5,0.0025,0.0
847,3426,39.0245,1,1.5,0.0025,0.0
848,3431,39.0245,1,1.5,0.0025,0.0
849,3435,39.0245,1,1.5,0.0025,0.0
850,3440,29.9924,1,1.5,0.0025,0.0
851,3444,29.9924,1,1.5,0.0025,0.0
852,3448,29.9924,1,1.5,0.0025,0.0
853,3453,29.9924,1,1.5,0.0025,0.0
854,3457,29.9924,1,1.5,0.0025,0.0
855,3461,29.9924,1,1.5,0.0025,0.0
856,3465,29.9924,1,1.5,0.0025,0.0
857,3469,29.9924,1,1.5,0.0025,0.0
858,3473,29.9924,1,1.5,0.0025,0.0
859,3477,29.9924,1,1.5,0.0025,0.0
860,3481,21.893,1,1.5,0.0025,0.0
861,3485,21.893,1,1.5,0.0025,0.0
862,3490,21.893,1,1.5,0.0025,0.0
863,3494,21.893,1,1.5,0.0025,0.0
864,3498,21.893,1,1.5,0.0025,0.0
865,3502,21.893,1,1.5,0.0025,0.0
866,3506,21.893,1,1.5,0.0025,0.0
867,3511,21.893,1,1.5,0.0025,0.0
868,3515,21.893,1,1.5,0.0025,0.0
869,3519,21.893,1,1.5,0.0025,0.0
870,3523,13.8918,1,1.5,0.0025,0.0
871,3527,13.8918,1,1.5,0.0025,0.0
872,3531,13.8918,1,1.5,0.0025,0.0
873,3536,13.8918,1,1.5,0.0025,0.0
874,3540,13.8918,1,1.5,0.0025,0.0
875,3545,13.8918,1,1.5,0.0025,0.0
876,3549,13.8918,1,1.5,0.0025,0.0
877,3553,13.8918,1,1.5,0.0025,0.0
878,3558,13.8918,1,1.5,0.0025,0.0
879,3563,13.8918,1,1.5,0.0025,0.0
880,3567,5.1051,1,1.5,0.0025,0.0
881,3571,5.1051,1,1.5,0.0025,0.0
882,3575,5.1051,1,1.5,0.0025,0.0
883,3579,5.1051,1,1.5,0.0025,0.0
884,3583,5.1051,1,1.5,0.0025,0.0
885,3586,5.1051,1,1.5,0.0025,0.0
886,3590,5.1051,1,1.5,0.0025,0.0
887,3594,5.1051,1,1.5,0.0025,0.0
888,3598,5.1051,1,1.5,0.0025,0.0
889,3601,5.1051,1,1.5,0.0025,0.0
890,3605,-2.0617,1,1.5,0.0025,0.0
891,3608,-2.0617,1,1.5,0.0025,0.0
892,3612,-2.0617,1,1.5,0.0025,0.0
893,3615,-2.0617,1,1.5,0.0025,0.0
894,3618,-2.0617,1,1.5,0.0025,0.0
895,3621,-2.0617,1,1.5,0.0025,0.0
896,3624,-2.0617,1,1.5,0.0025,0.0
897,3627,-2.0617,1,1.5,0.0025,0.0
898,3629,-2.0617,1,1.5,0.0025,0.0
899,3632,-2.0617,1,1.5,0.0025,0.0
900,3634,-7.8048,1,1.5,0.0025,0.0
901,3636,-7.8048,1,1.5,0.0025,0.0
902,3638,-7.8048,1,1.5,0.0025,0.0
903,3640,-7.8048,1,1.5,0.0025,0.0
904,3642,-7.8048,1,1.5,0.0025,0.0
905,3644,-7.8048,1,1.5,0.0025,0.0
906,3645,-7.8048,1,1.5,0.0025,0.0
907,3647,-7.8048,1,1.5,0.0025,0.0
908,3648,-7.8048,1,1.5,0.0025,0.0
909,3649,-7.8048,1,1.5,0.0025,0.0
910,3650,-10.4556,1,1.5,0.0025,0.0
911,3651,-10.4556,1,1.5,0.0025,0.0
912,3651,-10.4556,1,1.5,0.0025,0.0
913,3652,-10.4556,1,1.5,0.0025,0.0
914,3652,-10.4556,1,1.5,0.0025,0.0
915,3652,-10.4556,1,1.5,0.0025,0.0
916,3652,-10.4556,1,1.5,0.0025,0.0
917,3652,-10.4556,1,1.5,0.0025,0.0
918,3651,-10.4556,1,1.5,0.0025,0.0
919,3651,-10.4556,1,1.5,0.0025,0.0
920,3650,-10.112,1,1.5,0.0025,0.0
921,3650,-10.112,1,1.5,0.0025,0.0
922,3649,-10.112,1,1.5,0.0025,0.0
923,3648,-10.112,1,1.5,0.0025,0.0
924,3647,-10.112,1,1.5,0.0025,0.0
925,3645,-10.112,1,1.5,0.0025,0.0
926,3644,-10.112,1,1.5,0.0025,0.0
927,3643,-10.112,1,1.5,0.0025,0.0
928,3641,-10.112,1,1.5,0.0025,0.0
929,3640,-10.112,1,1.5,0.0025,0.0
930,3638,-7.314,1,1.5,0.0025,0.0
931,3637,-7.314,1,1.5,0.0025,0.0
932,3635,-7.314,1,1.5,0.0025,0.0
933,3633,-7.314,1,1.5,0.0025,0.0
934,3632,-7.314,1,1.5,0.0025,0.0
935,3630,-7.314,1,1.5,0.0025,0.0
936,3628,-7.314,1,1.5,0.0025,0.0
937,3626,-7.314,1,1.5,0.0025,0.0
938,3624,-7.314,1,1.5,0.0025,0.0
939,3623,-7.314,1,1.5,0.0025,0.0
940,3621,-3.4361,1,1.5,0.0025,0.0
941,3619,-3.4361,1,1.5,0.0025,0.0
942,3617,-3.4361,1,1.5,0.0025,0.0
943,3615,-3.4361,1,1.5,0.0025,0.0
944,3613,-3.4361,1,1.5,0.0025,0.0
945,3611,-3.4361,1,1.5,0.0025,0.0
946,3610,-3.4361,1,1.5,0.0025,0.0
947,3608,-3.4361,1,1.5,0.0025,0.0
948,3606,-3.4361,1,1.5,0.0025,0.0
949,3604,-3.4361,1,1.5,0.0025,0.0
950,3603,0.0982,1,1.5,0.0025,0.0
951,3601,0.0982,1,1.5,0.0025,0.0
952,3599,0.0982,1,1.5,0.0025,0.0
953,3598,0.0982,1,1.5,0.0025,0.0
954,3596,0.0982,1,1.5,0.0025,0.0
955,3595,0.0982,1,1.5,0.0025,0.0
956,3593,0.0982,1,1.5,0.0025,0.0
957,3592,0.0982,1,1.5,0.0025,0.0
958,3591,0.0982,1,1.5,0.0025,0.0
959,3590,0.0982,1,1.5,0.0025,0.0
960,3588,2.6507,1,1.5,0.0025,0.0
961,3587,2.6507,1,1.5,0.0025,0.0
962,3586,2.6507,1,1.5,0.0025,0.0
963,3585,2.6507,1,1.5,0.0025,0.0
964,3584,2.6507,1,1.5,0.0025,0.0
965,3584,2.6507,1,1.5,0.0025,0.0
966,3583,2.6507,1,1.5,0.0025,0.0
967,3582,2.6507,1,1.5,0.0025,0.0
968,3582,2.6507,1,1.5,0.0025,0.0
969,3581,2.6507,1,1.5,0.0025,0.0
970,3581,4.1725,1,1.5,0.0025,0.0
971,3580,4.1725,1,1.5,0.0025,0.0
972,3580,4.1725,1,1.5,0.0025,0.0
973,3580,4.1725,1,1.5,0.0025,0.0
974,3579,4.1725,1,1.5,0.0025,0.0
975,3579,4.1725,1,1.5,0.0025,0.0
976,3579,4.1725,1,1.5,0.0025,0.0
977,3579,4.1725,1,1.5,0.0025,0.0
978,3579,4.1725,1,1.5,0.0025,0.0
979,3579,4.1725,1,1.5,0.0025,0.0
980,3580,3.9761,1,1.5,0.0025,0.0
981,3580,3.9761,1,1.5,0.0025,0.0
982,3580,3.9761,1,1.5,0.0025,0.0
983,3581,3.9761,1,1.5,0.0025,0.0
984,3581,3.9761,1,1.5,0.0025,0.0
985,3582,3.9761,1,1.5,0.0025,0.0
986,3582,3.9761,1,1.5,0.0025,0.0
987,3583,3.9761,1,1.5,0.0025,0.0
988,3583,3.9761,1,1.5,0.0025,0.0
989,3584,3.9761,1,1.5,0.0025,0.0
990,3585,2.9453,1,1.5,0.0025,0.0
991,3585,2.9453,1,1.5,0.0025,0.0
992,3586,2.9453,1,1.5,0.0025,0.0
993,3587,2.9453,1,1.5,0.0025,0.0
994,3587,2.9453,1,1.5,0.0025,0.0
995,3588,2.9453,1,1.5,0.0025,0.0
996,3589,2.9453,1,1.5,0.0025,0.0
997,3590,2.9453,1,1.5,0.0025,0.0
998,3590,2.9453,1,1.5,0.0025,0.0
999,3591,2.9453,1,1.5,0.0025,0.0
1000,3592,1.4236,1,1.5,0.0025,0.0
1001,3593,1.4236,1,1.5,0.0025,0.0
1002,3593,1.4236,1,1.5,0.0025,0.0
1003,3594,1.4236,1,1.5,0.0025,0.0
1004,3595,1.4236,1,1.5,0.0025,0.0
1005,3596,1.4236,1,1.5,0.0025,0.0
1006,3596,1.4236,1,1.5,0.0025,0.0
1007,3597,1.4236,1,1.5,0.0025,0.0
1008,3598,1.4236,1,1.5,0.0025,0.0
1009,3598,1.4236,1,1.5,0.0025,0.0
1010,3599,-0.1963,1,1.5,0.0025,0.0
1011,3600,-0.1963,1,1.5,0.0025,0.0
1012,3600,-0.1963,1,1.5,0.0025,0.0
1013,3601,-0.1963,1,1.5,0.0025,0.0
1014,3602,-0.1963,1,1.5,0.0025,0.0
1015,3602,-0.1963,1,1.5,0.0025,0.0
1016,3603,-0.1963,1,1.5,0.0025,0.0
1017,3603,-0.1963,1,1.5,0.0025,0.0
1018,3604,-0.1963,1,1.5,0.0025,0.0
1019,3604,-0.1963,1,1.5,0.0025,0.0
1020,3605,-1.0308,1,1.5,0.0025,0.0
1021,3605,-1.0308,1,1.5,0.0025,0.0
1022,3605,-1.0308,1,1.5,0.0025,0.0
1023,3606,-1.0308,1,1.5,0.0025,0.0
1024,3606,-1.0308,1,1.5,0.0025,0.0
1025,3606,-1.0308,1,1.5,0.0025,0.0
1026,3606,-1.0308,1,1.5,0.0025,0.0
1027,3607,-1.0308,1,1.5,0.0025,0.0
1028,3607,-1.0308,1,1.5,0.0025,0.0
1029,3607,-1.0308,1,1.5,0.0025,0.0
1030,3607,-1.5217,1,1.5,0.0025,0.0
1031,3607,-1.5217,1,1.5,0.0025,0.0
1032,3608,-1.5217,1,1.5,0.0025,0.0
1033,3608,-1.5217,1,1.5,0.0025,0.0
1034,3608,-1.5217,1,1.5,0.0025,0.0
1035,3608,-1.5217,1,1.5,0.0025,0.0
1036,3608,-1.5217,1,1.5,0.0025,0.0
1037,3608,-1.5217,1,1.5,0.0025,0.0
1038,3608,-1.5217,1,1.5,0.0025,0.0
1039,3608,-1.5217,1,1.5,0.0025,0.0
1040,3608,-1.6199,1,1.5,0.0025,0.0
1041,3608,-1.6199,1,1.5,0.0025,0.0
1042,3608,-1.6199,1,1.5,0.0025,0.0
1043,3607,-1.6199,1,1.5,0.0025,0.0
1044,3607,-1.6199,1,1.5,0.0025,0.0
1045,3607,-1.6199,1,1.5,0.0025,0.0
1046,3607,-1.6199,1,1.5,0.0025,0.0
1047,3607,-1.6199,1,1.5,0.0025,0.0
1048,3607,-1.6199,1,1.5,0.0025,0.0
1049,3606,-1.6199,1,1.5,0.0025,0.0
1050,3606,-1.0799,1,1.5,0.0025,0.0
1051,3606,-1.0799,1,1.5,0.0025,0.0
1052,3606,-1.0799,1,1.5,0.0025,0.0
1053,3606,-1.0799,1,1.5,0.0025,0.0
1054,3605,-1.0799,1,1.5,0.0025,0.0
1055,3605,-1.0799,1,1.5,0.0025,0.0
1056,3605,-1.0799,1,1.5,0.0025,0.0
1057,3605,-1.0799,1,1.5,0.0025,0.0
1058,3604,-1.0799,1,1.5,0.0025,0.0
1059,3604,-1.0799,1,1.5,0.0025,0.0
1060,3604,-0.6872,1,1.5,0.0025,0.0
1061,3604,-0.6872,1,1.5,0.0025,0.0
1062,3604,-0.6872,1,1.5,0.0025,0.0
1063,3603,-0.6872,1,1.5,0.0025,0.0
1064,3603,-0.6872,1,1.5,0.0025,0.0
1065,3603,-0.6872,1,1.5,0.0025,0.0
1066,3603,-0.6872,1,1.5,0.0025,0.0
1067,3603,-0.6872,1,1.5,0.0025,0.0
1068,3602,-0.6872,1,1.5,0.0025,0.0
1069,3602,-0.6872,1,1.5,0.0025,0.0
1070,3602,-0.2945,1,1.5,0.0025,0.0
1071,3602,-0.2945,1,1.5,0.0025,0.0
1072,3602,-0.2945,1,1.5,0.0025,0.0
1073,3601,-0.2945,1,1.5,0.0025,0.0
1074,3601,-0.2945,1,1.5,0.0025,0.0
1075,3601,-0.2945,1,1.5,0.0025,0.0
1076,3601,-0.2945,1,1.5,0.0025,0.0
1077,3601,-0.2945,1,1.5,0.0025,0.0
1078,3601,-0.2945,1,1.5,0.0025,0.0
1079,3600,-0.2945,1,1.5,0.0025,0.0
