TIME,PULSES,CONTROLLERVOLTAGE,CONTROLLER,KP,TAUD,TAUI 
0,0,0.2,1,2.0,0.01,0.0
1,0,0.2,1,2.0,0.01,0.0
2,0,0.2,1,2.0,0.01,0.0
3,0,0.2,1,2.0,0.01,0.0
4,0,0.2,1,2.0,0.01,0.0
5,0,0.2,1,2.0,0.01,0.0
6,0,0.2,1,2.0,0.01,0.0
7,0,0.2,1,2.0,0.01,0.0
8,0,0.2,1,2.0,0.01,0.0
9,0,0.2,1,2.0,0.01,0.0
10,0,942.48,1,2.0,0.01,0.0
11,0,942.48,1,2.0,0.01,0.0
12,0,942.48,1,2.0,0.01,0.0
13,0,942.48,1,2.0,0.01,0.0
14,1,942.48,1,2.0,0.01,0.0
15,1,942.48,1,2.0,0.01,0.0
16,2,942.48,1,2.0,0.01,0.0
17,3,942.48,1,2.0,0.01,0.0
18,4,942.48,1,2.0,0.01,0.0
19,5,942.48,1,2.0,0.01,0.0
20,6,939.86,1,2.0,0.01,0.0
21,8,939.86,1,2.0,0.01,0.0
22,9,939.86,1,2.0,0.01,0.0
23,10,939.86,1,2.0,0.01,0.0
24,12,939.86,1,2.0,0.01,0.0
25,14,939.86,1,2.0,0.01,0.0
26,16,939.86,1,2.0,0.01,0.0
27,18,939.86,1,2.0,0.01,0.0
28,20,939.86,1,2.0,0.01,0.0
29,22,939.86,1,2.0,0.01,0.0
30,24,932.27,1,2.0,0.01,0.0
31,26,932.27,1,2.0,0.01,0.0
32,28,932.27,1,2.0,0.01,0.0
33,31,932.27,1,2.0,0.01,0.0
34,33,932.27,1,2.0,0.01,0.0
35,35,932.27,1,2.0,0.01,0.0
36,38,932.27,1,2.0,0.01,0.0
37,41,932.27,1,2.0,0.01,0.0
38,43,932.27,1,2.0,0.01,0.0
39,46,932.27,1,2.0,0.01,0.0
40,49,924.15,1,2.0,0.01,0.0
41,51,924.15,1,2.0,0.01,0.0
42,54,924.15,1,2.0,0.01,0.0
43,57,924.15,1,2.0,0.01,0.0
44,60,924.15,1,2.0,0.01,0.0
45,63,924.15,1,2.0,0.01,0.0
46,66,924.15,1,2.0,0.01,0.0
47,69,924.15,1,2.0,0.01,0.0
48,72,924.15,1,2.0,0.01,0.0
49,75,924.15,1,2.0,0.01,0.0
50,78,914.73,1,2.0,0.01,0.0
51,82,914.73,1,2.0,0.01,0.0
52,85,914.73,1,2.0,0.01,0.0
53,88,914.73,1,2.0,0.01,0.0
54,91,914.73,1,2.0,0.01,0.0
55,95,914.73,1,2.0,0.01,0.0
56,98,914.73,1,2.0,0.01,0.0
57,101,914.73,1,2.0,0.01,0.0
58,105,914.73,1,2.0,0.01,0.0
59,108,914.73,1,2.0,0.01,0.0
60,112,905.83,1,2.0,0.01,0.0
61,115,905.83,1,2.0,0.01,0.0
62,119,905.83,1,2.0,0.01,0.0
63,122,905.83,1,2.0,0.01,0.0
64,126,905.83,1,2.0,0.01,0.0
65,129,905.83,1,2.0,0.01,0.0
66,133,905.83,1,2.0,0.01,0.0
67,136,905.83,1,2.0,0.01,0.0
68,140,905.83,1,2.0,0.01,0.0
69,144,905.83,1,2.0,0.01,0.0
70,147,895.35,1,2.0,0.01,0.0
71,151,895.35,1,2.0,0.01,0.0
72,155,895.35,1,2.0,0.01,0.0
73,158,895.35,1,2.0,0.01,0.0
74,162,895.35,1,2.0,0.01,0.0
75,166,895.35,1,2.0,0.01,0.0
76,170,895.35,1,2.0,0.01,0.0
77,173,895.35,1,2.0,0.01,0.0
78,177,895.35,1,2.0,0.01,0.0
79,181,895.35,1,2.0,0.01,0.0
80,185,885.41,1,2.0,0.01,0.0
81,189,885.41,1,2.0,0.01,0.0
82,192,885.41,1,2.0,0.01,0.0
83,196,885.41,1,2.0,0.01,0.0
84,200,885.41,1,2.0,0.01,0.0
85,204,885.41,1,2.0,0.01,0.0
86,208,885.41,1,2.0,0.01,0.0
87,212,885.41,1,2.0,0.01,0.0
88,216,885.41,1,2.0,0.01,0.0
89,220,885.41,1,2.0,0.01,0.0
90,223,874.67,1,2.0,0.01,0.0
91,227,874.67,1,2.0,0.01,0.0
92,231,874.67,1,2.0,0.01,0.0
93,235,874.67,1,2.0,0.01,0.0
94,239,874.67,1,2.0,0.01,0.0
95,243,874.67,1,2.0,0.01,0.0
96,247,874.67,1,2.0,0.01,0.0
97,251,874.67,1,2.0,0.01,0.0
98,255,874.67,1,2.0,0.01,0.0
99,259,874.67,1,2.0,0.01,0.0
100,263,864.46,1,2.0,0.01,0.0
101,267,864.46,1,2.0,0.01,0.0
102,271,864.46,1,2.0,0.01,0.0
103,275,864.46,1,2.0,0.01,0.0
104,279,864.46,1,2.0,0.01,0.0
105,283,864.46,1,2.0,0.01,0.0
106,287,864.46,1,2.0,0.01,0.0
107,291,864.46,1,2.0,0.01,0.0
108,295,864.46,1,2.0,0.01,0.0
109,299,864.46,1,2.0,0.01,0.0
110,303,853.73,1,2.0,0.01,0.0
111,307,853.73,1,2.0,0.01,0.0
112,311,853.73,1,2.0,0.01,0.0
113,315,853.73,1,2.0,0.01,0.0
114,319,853.73,1,2.0,0.01,0.0
115,324,853.73,1,2.0,0.01,0.0
116,328,853.73,1,2.0,0.01,0.0
117,332,853.73,1,2.0,0.01,0.0
118,336,853.73,1,2.0,0.01,0.0
119,340,853.73,1,2.0,0.01,0.0
120,344,842.73,1,2.0,0.01,0.0
121,348,842.73,1,2.0,0.01,0.0
122,352,842.73,1,2.0,0.01,0.0
123,356,842.73,1,2.0,0.01,0.0
124,360,842.73,1,2.0,0.01,0.0
125,364,842.73,1,2.0,0.01,0.0
126,368,842.73,1,2.0,0.01,0.0
127,373,842.73,1,2.0,0.01,0.0
128,377,842.73,1,2.0,0.01,0.0
129,381,842.73,1,2.0,0.01,0.0
130,386,832.0,1,2.0,0.01,0.0
131,390,832.0,1,2.0,0.01,0.0
132,394,832.0,1,2.0,0.01,0.0
133,398,832.0,1,2.0,0.01,0.0
134,402,832.0,1,2.0,0.01,0.0
135,406,832.0,1,2.0,0.01,0.0
136,411,832.0,1,2.0,0.01,0.0
137,415,832.0,1,2.0,0.01,0.0
138,419,832.0,1,2.0,0.01,0.0
139,423,832.0,1,2.0,0.01,0.0
140,427,820.74,1,2.0,0.01,0.0
141,431,820.74,1,2.0,0.01,0.0
142,436,820.74,1,2.0,0.01,0.0
143,440,820.74,1,2.0,0.01,0.0
144,444,820.74,1,2.0,0.01,0.0
145,449,820.74,1,2.0,0.01,0.0
146,453,820.74,1,2.0,0.01,0.0
147,457,820.74,1,2.0,0.01,0.0
148,461,820.74,1,2.0,0.01,0.0
149,465,820.74,1,2.0,0.01,0.0
150,469,809.22,1,2.0,0.01,0.0
151,473,809.22,1,2.0,0.01,0.0
152,478,809.22,1,2.0,0.01,0.0
153,482,809.22,1,2.0,0.01,0.0
154,486,809.22,1,2.0,0.01,0.0
155,490,809.22,1,2.0,0.01,0.0
156,494,809.22,1,2.0,0.01,0.0
157,498,809.22,1,2.0,0.01,0.0
158,503,809.22,1,2.0,0.01,0.0
159,507,809.22,1,2.0,0.01,0.0
160,511,799.01,1,2.0,0.01,0.0
161,515,799.01,1,2.0,0.01,0.0
162,519,799.01,1,2.0,0.01,0.0
163,523,799.01,1,2.0,0.01,0.0
164,527,799.01,1,2.0,0.01,0.0
165,532,799.01,1,2.0,0.01,0.0
166,536,799.01,1,2.0,0.01,0.0
167,540,799.01,1,2.0,0.01,0.0
168,544,799.01,1,2.0,0.01,0.0
169,548,799.01,1,2.0,0.01,0.0
170,552,787.75,1,2.0,0.01,0.0
171,557,787.75,1,2.0,0.01,0.0
172,561,787.75,1,2.0,0.01,0.0
173,565,787.75,1,2.0,0.01,0.0
174,569,787.75,1,2.0,0.01,0.0
175,574,787.75,1,2.0,0.01,0.0
176,578,787.75,1,2.0,0.01,0.0
177,583,787.75,1,2.0,0.01,0.0
178,588,787.75,1,2.0,0.01,0.0
179,592,787.75,1,2.0,0.01,0.0
180,596,776.24,1,2.0,0.01,0.0
181,600,776.24,1,2.0,0.01,0.0
182,604,776.24,1,2.0,0.01,0.0
183,609,776.24,1,2.0,0.01,0.0
184,613,776.24,1,2.0,0.01,0.0
185,617,776.24,1,2.0,0.01,0.0
186,621,776.24,1,2.0,0.01,0.0
187,625,776.24,1,2.0,0.01,0.0
188,630,776.24,1,2.0,0.01,0.0
189,634,776.24,1,2.0,0.01,0.0
190,639,764.98,1,2.0,0.01,0.0
191,643,764.98,1,2.0,0.01,0.0
192,647,764.98,1,2.0,0.01,0.0
193,651,764.98,1,2.0,0.01,0.0
194,655,764.98,1,2.0,0.01,0.0
195,660,764.98,1,2.0,0.01,0.0
196,664,764.98,1,2.0,0.01,0.0
197,668,764.98,1,2.0,0.01,0.0
198,672,764.98,1,2.0,0.01,0.0
199,676,764.98,1,2.0,0.01,0.0
200,681,754.77,1,2.0,0.01,0.0
201,686,754.77,1,2.0,0.01,0.0
202,690,754.77,1,2.0,0.01,0.0
203,694,754.77,1,2.0,0.01,0.0
204,698,754.77,1,2.0,0.01,0.0
205,702,754.77,1,2.0,0.01,0.0
206,706,754.77,1,2.0,0.01,0.0
207,710,754.77,1,2.0,0.01,0.0
208,715,754.77,1,2.0,0.01,0.0
209,719,754.77,1,2.0,0.01,0.0
210,723,742.99,1,2.0,0.01,0.0
211,728,742.99,1,2.0,0.01,0.0
212,732,742.99,1,2.0,0.01,0.0
213,736,742.99,1,2.0,0.01,0.0
214,741,742.99,1,2.0,0.01,0.0
215,745,742.99,1,2.0,0.01,0.0
216,749,742.99,1,2.0,0.01,0.0
217,753,742.99,1,2.0,0.01,0.0
218,757,742.99,1,2.0,0.01,0.0
219,762,742.99,1,2.0,0.01,0.0
220,766,731.73,1,2.0,0.01,0.0
221,770,731.73,1,2.0,0.01,0.0
222,774,731.73,1,2.0,0.01,0.0
223,779,731.73,1,2.0,0.01,0.0
224,783,731.73,1,2.0,0.01,0.0
225,788,731.73,1,2.0,0.01,0.0
226,792,731.73,1,2.0,0.01,0.0
227,796,731.73,1,2.0,0.01,0.0
228,800,731.73,1,2.0,0.01,0.0
229,804,731.73,1,2.0,0.01,0.0
230,808,720.47,1,2.0,0.01,0.0
231,813,720.47,1,2.0,0.01,0.0
232,817,720.47,1,2.0,0.01,0.0
233,821,720.47,1,2.0,0.01,0.0
234,825,720.47,1,2.0,0.01,0.0
235,829,720.47,1,2.0,0.01,0.0
236,833,720.47,1,2.0,0.01,0.0
237,838,720.47,1,2.0,0.01,0.0
238,843,720.47,1,2.0,0.01,0.0
239,847,720.47,1,2.0,0.01,0.0
240,851,709.74,1,2.0,0.01,0.0
241,856,709.74,1,2.0,0.01,0.0
242,860,709.74,1,2.0,0.01,0.0
243,864,709.74,1,2.0,0.01,0.0
244,869,709.74,1,2.0,0.01,0.0
245,873,709.74,1,2.0,0.01,0.0
246,877,709.74,1,2.0,0.01,0.0
247,882,709.74,1,2.0,0.01,0.0
248,886,709.74,1,2.0,0.01,0.0
249,890,709.74,1,2.0,0.01,0.0
250,894,698.22,1,2.0,0.01,0.0
251,898,698.22,1,2.0,0.01,0.0
252,903,698.22,1,2.0,0.01,0.0
253,907,698.22,1,2.0,0.01,0.0
254,911,698.22,1,2.0,0.01,0.0
255,915,698.22,1,2.0,0.01,0.0
256,919,698.22,1,2.0,0.01,0.0
257,924,698.22,1,2.0,0.01,0.0
258,928,698.22,1,2.0,0.01,0.0
259,933,698.22,1,2.0,0.01,0.0
260,937,686.96,1,2.0,0.01,0.0
261,941,686.96,1,2.0,0.01,0.0
262,945,686.96,1,2.0,0.01,0.0
263,950,686.96,1,2.0,0.01,0.0
264,954,686.96,1,2.0,0.01,0.0
265,958,686.96,1,2.0,0.01,0.0
266,962,686.96,1,2.0,0.01,0.0
267,966,686.96,1,2.0,0.01,0.0
268,970,686.96,1,2.0,0.01,0.0
269,975,686.96,1,2.0,0.01,0.0
270,979,676.23,1,2.0,0.01,0.0
271,983,676.23,1,2.0,0.01,0.0
272,987,676.23,1,2.0,0.01,0.0
273,991,676.23,1,2.0,0.01,0.0
274,996,676.23,1,2.0,0.01,0.0
275,1000,676.23,1,2.0,0.01,0.0
276,1004,676.23,1,2.0,0.01,0.0
277,1008,676.23,1,2.0,0.01,0.0
278,1012,676.23,1,2.0,0.01,0.0
279,1016,676.23,1,2.0,0.01,0.0
280,1020,665.23,1,2.0,0.01,0.0
281,1025,665.23,1,2.0,0.01,0.0
282,1029,665.23,1,2.0,0.01,0.0
283,1033,665.23,1,2.0,0.01,0.0
284,1037,665.23,1,2.0,0.01,0.0
285,1041,665.23,1,2.0,0.01,0.0
286,1046,665.23,1,2.0,0.01,0.0
287,1050,665.23,1,2.0,0.01,0.0
288,1054,665.23,1,2.0,0.01,0.0
289,1058,665.23,1,2.0,0.01,0.0
290,1062,654.76,1,2.0,0.01,0.0
291,1066,654.76,1,2.0,0.01,0.0
292,1071,654.76,1,2.0,0.01,0.0
293,1075,654.76,1,2.0,0.01,0.0
294,1079,654.76,1,2.0,0.01,0.0
295,1083,654.76,1,2.0,0.01,0.0
296,1087,654.76,1,2.0,0.01,0.0
297,1092,654.76,1,2.0,0.01,0.0
298,1096,654.76,1,2.0,0.01,0.0
299,1100,654.76,1,2.0,0.01,0.0
300,1104,643.5,1,2.0,0.01,0.0
301,1108,643.5,1,2.0,0.01,0.0
302,1112,643.5,1,2.0,0.01,0.0
303,1117,643.5,1,2.0,0.01,0.0
304,1121,643.5,1,2.0,0.01,0.0
305,1125,643.5,1,2.0,0.01,0.0
306,1129,643.5,1,2.0,0.01,0.0
307,1133,643.5,1,2.0,0.01,0.0
308,1138,643.5,1,2.0,0.01,0.0
309,1142,643.5,1,2.0,0.01,0.0
310,1146,632.51,1,2.0,0.01,0.0
311,1150,632.51,1,2.0,0.01,0.0
312,1154,632.51,1,2.0,0.01,0.0
313,1158,632.51,1,2.0,0.01,0.0
314,1163,632.51,1,2.0,0.01,0.0
315,1168,632.51,1,2.0,0.01,0.0
316,1172,632.51,1,2.0,0.01,0.0
317,1176,632.51,1,2.0,0.01,0.0
318,1180,632.51,1,2.0,0.01,0.0
319,1185,632.51,1,2.0,0.01,0.0
320,1189,620.99,1,2.0,0.01,0.0
321,1193,620.99,1,2.0,0.01,0.0
322,1197,620.99,1,2.0,0.01,0.0
323,1201,620.99,1,2.0,0.01,0.0
324,1205,620.99,1,2.0,0.01,0.0
325,1210,620.99,1,2.0,0.01,0.0
326,1215,620.99,1,2.0,0.01,0.0
327,1219,620.99,1,2.0,0.01,0.0
328,1223,620.99,1,2.0,0.01,0.0
329,1227,620.99,1,2.0,0.01,0.0
330,1232,609.73,1,2.0,0.01,0.0
331,1236,609.73,1,2.0,0.01,0.0
332,1240,609.73,1,2.0,0.01,0.0
333,1244,609.73,1,2.0,0.01,0.0
334,1248,609.73,1,2.0,0.01,0.0
335,1253,609.73,1,2.0,0.01,0.0
336,1257,609.73,1,2.0,0.01,0.0
337,1261,609.73,1,2.0,0.01,0.0
338,1265,609.73,1,2.0,0.01,0.0
339,1269,609.73,1,2.0,0.01,0.0
340,1273,599.0,1,2.0,0.01,0.0
341,1278,599.0,1,2.0,0.01,0.0
342,1282,599.0,1,2.0,0.01,0.0
343,1286,599.0,1,2.0,0.01,0.0
344,1290,599.0,1,2.0,0.01,0.0
345,1295,599.0,1,2.0,0.01,0.0
346,1299,599.0,1,2.0,0.01,0.0
347,1303,599.0,1,2.0,0.01,0.0
348,1307,599.0,1,2.0,0.01,0.0
349,1312,599.0,1,2.0,0.01,0.0
350,1316,587.48,1,2.0,0.01,0.0
351,1321,587.48,1,2.0,0.01,0.0
352,1325,587.48,1,2.0,0.01,0.0
353,1329,587.48,1,2.0,0.01,0.0
354,1333,587.48,1,2.0,0.01,0.0
355,1338,587.48,1,2.0,0.01,0.0
356,1342,587.48,1,2.0,0.01,0.0
357,1346,587.48,1,2.0,0.01,0.0
358,1350,587.48,1,2.0,0.01,0.0
359,1354,587.48,1,2.0,0.01,0.0
360,1358,577.27,1,2.0,0.01,0.0
361,1363,577.27,1,2.0,0.01,0.0
362,1367,577.27,1,2.0,0.01,0.0
363,1371,577.27,1,2.0,0.01,0.0
364,1375,577.27,1,2.0,0.01,0.0
365,1379,577.27,1,2.0,0.01,0.0
366,1384,577.27,1,2.0,0.01,0.0
367,1388,577.27,1,2.0,0.01,0.0
368,1392,577.27,1,2.0,0.01,0.0
369,1396,577.27,1,2.0,0.01,0.0
370,1400,566.01,1,2.0,0.01,0.0
371,1404,566.01,1,2.0,0.01,0.0
372,1409,566.01,1,2.0,0.01,0.0
373,1413,566.01,1,2.0,0.01,0.0
374,1417,566.01,1,2.0,0.01,0.0
375,1421,566.01,1,2.0,0.01,0.0
376,1426,566.01,1,2.0,0.01,0.0
377,1430,566.01,1,2.0,0.01,0.0
378,1434,566.01,1,2.0,0.01,0.0
379,1438,566.01,1,2.0,0.01,0.0
380,1442,555.01,1,2.0,0.01,0.0
381,1446,555.01,1,2.0,0.01,0.0
382,1451,555.01,1,2.0,0.01,0.0
383,1456,555.01,1,2.0,0.01,0.0
384,1460,555.01,1,2.0,0.01,0.0
385,1464,555.01,1,2.0,0.01,0.0
386,1468,555.01,1,2.0,0.01,0.0
387,1473,555.01,1,2.0,0.01,0.0
388,1477,555.01,1,2.0,0.01,0.0
389,1481,555.01,1,2.0,0.01,0.0
390,1485,543.5,1,2.0,0.01,0.0
391,1489,543.5,1,2.0,0.01,0.0
392,1494,543.5,1,2.0,0.01,0.0
393,1498,543.5,1,2.0,0.01,0.0
394,1502,543.5,1,2.0,0.01,0.0
395,1506,543.5,1,2.0,0.01,0.0
396,1510,543.5,1,2.0,0.01,0.0
397,1514,543.5,1,2.0,0.01,0.0
398,1519,543.5,1,2.0,0.01,0.0
399,1523,543.5,1,2.0,0.01,0.0
400,1527,532.76,1,2.0,0.01,0.0
401,1531,532.76,1,2.0,0.01,0.0
402,1535,532.76,1,2.0,0.01,0.0
403,1540,532.76,1,2.0,0.01,0.0
404,1544,532.76,1,2.0,0.01,0.0
405,1548,532.76,1,2.0,0.01,0.0
406,1552,532.76,1,2.0,0.01,0.0
407,1556,532.76,1,2.0,0.01,0.0
408,1561,532.76,1,2.0,0.01,0.0
409,1565,532.76,1,2.0,0.01,0.0
410,1569,521.77,1,2.0,0.01,0.0
411,1573,521.77,1,2.0,0.01,0.0
412,1577,521.77,1,2.0,0.01,0.0
413,1582,521.77,1,2.0,0.01,0.0
414,1586,521.77,1,2.0,0.01,0.0
415,1590,521.77,1,2.0,0.01,0.0
416,1594,521.77,1,2.0,0.01,0.0
417,1598,521.77,1,2.0,0.01,0.0
418,1603,521.77,1,2.0,0.01,0.0
419,1607,521.77,1,2.0,0.01,0.0
420,1611,510.77,1,2.0,0.01,0.0
421,1615,510.77,1,2.0,0.01,0.0
422,1619,510.77,1,2.0,0.01,0.0
423,1624,510.77,1,2.0,0.01,0.0
424,1628,510.77,1,2.0,0.01,0.0
425,1632,510.77,1,2.0,0.01,0.0
426,1636,510.77,1,2.0,0.01,0.0
427,1640,510.77,1,2.0,0.01,0.0
428,1644,510.77,1,2.0,0.01,0.0
429,1650,510.77,1,2.0,0.01,0.0
430,1654,499.25,1,2.0,0.01,0.0
431,1658,499.25,1,2.0,0.01,0.0
432,1662,499.25,1,2.0,0.01,0.0
433,1667,499.25,1,2.0,0.01,0.0
434,1671,499.25,1,2.0,0.01,0.0
435,1675,499.25,1,2.0,0.01,0.0
436,1679,499.25,1,2.0,0.01,0.0
437,1683,499.25,1,2.0,0.01,0.0
438,1687,499.25,1,2.0,0.01,0.0
439,1692,499.25,1,2.0,0.01,0.0
440,1696,488.52,1,2.0,0.01,0.0
441,1700,488.52,1,2.0,0.01,0.0
442,1704,488.52,1,2.0,0.01,0.0
443,1708,488.52,1,2.0,0.01,0.0
444,1713,488.52,1,2.0,0.01,0.0
445,1717,488.52,1,2.0,0.01,0.0
446,1721,488.52,1,2.0,0.01,0.0
447,1725,488.52,1,2.0,0.01,0.0
448,1729,488.52,1,2.0,0.01,0.0
449,1734,488.52,1,2.0,0.01,0.0
450,1738,477.52,1,2.0,0.01,0.0
451,1742,477.52,1,2.0,0.01,0.0
452,1747,477.52,1,2.0,0.01,0.0
453,1751,477.52,1,2.0,0.01,0.0
454,1755,477.52,1,2.0,0.01,0.0
455,1760,477.52,1,2.0,0.01,0.0
456,1764,477.52,1,2.0,0.01,0.0
457,1768,477.52,1,2.0,0.01,0.0
458,1772,477.52,1,2.0,0.01,0.0
459,1776,477.52,1,2.0,0.01,0.0
460,1781,466.0,1,2.0,0.01,0.0
461,1785,466.0,1,2.0,0.01,0.0
462,1789,466.0,1,2.0,0.01,0.0
463,1794,466.0,1,2.0,0.01,0.0
464,1798,466.0,1,2.0,0.01,0.0
465,1803,466.0,1,2.0,0.01,0.0
466,1807,466.0,1,2.0,0.01,0.0
467,1811,466.0,1,2.0,0.01,0.0
468,1815,466.0,1,2.0,0.01,0.0
469,1819,466.0,1,2.0,0.01,0.0
470,1824,454.75,1,2.0,0.01,0.0
471,1828,454.75,1,2.0,0.01,0.0
472,1832,454.75,1,2.0,0.01,0.0
473,1836,454.75,1,2.0,0.01,0.0
474,1840,454.75,1,2.0,0.01,0.0
475,1844,454.75,1,2.0,0.01,0.0
476,1849,454.75,1,2.0,0.01,0.0
477,1853,454.75,1,2.0,0.01,0.0
478,1857,454.75,1,2.0,0.01,0.0
479,1861,454.75,1,2.0,0.01,0.0
480,1866,444.01,1,2.0,0.01,0.0
481,1870,444.01,1,2.0,0.01,0.0
482,1874,444.01,1,2.0,0.01,0.0
483,1878,444.01,1,2.0,0.01,0.0
484,1882,444.01,1,2.0,0.01,0.0
485,1886,444.01,1,2.0,0.01,0.0
486,1892,444.01,1,2.0,0.01,0.0
487,1896,444.01,1,2.0,0.01,0.0
488,1900,444.01,1,2.0,0.01,0.0
489,1904,444.01,1,2.0,0.01,0.0
490,1908,432.49,1,2.0,0.01,0.0
491,1913,432.49,1,2.0,0.01,0.0
492,1917,432.49,1,2.0,0.01,0.0
493,1921,432.49,1,2.0,0.01,0.0
494,1925,432.49,1,2.0,0.01,0.0
495,1929,432.49,1,2.0,0.01,0.0
496,1934,432.49,1,2.0,0.01,0.0
497,1938,432.49,1,2.0,0.01,0.0
498,1942,432.49,1,2.0,0.01,0.0
499,1946,432.49,1,2.0,0.01,0.0
500,1950,421.76,1,2.0,0.01,0.0
501,1955,421.76,1,2.0,0.01,0.0
502,1959,421.76,1,2.0,0.01,0.0
503,1963,421.76,1,2.0,0.01,0.0
504,1967,421.76,1,2.0,0.01,0.0
505,1971,421.76,1,2.0,0.01,0.0
506,1976,421.76,1,2.0,0.01,0.0
507,1980,421.76,1,2.0,0.01,0.0
508,1984,421.76,1,2.0,0.01,0.0
509,1988,421.76,1,2.0,0.01,0.0
510,1992,411.29,1,2.0,0.01,0.0
511,1996,411.29,1,2.0,0.01,0.0
512,2001,411.29,1,2.0,0.01,0.0
513,2005,411.29,1,2.0,0.01,0.0
514,2009,411.29,1,2.0,0.01,0.0
515,2013,411.29,1,2.0,0.01,0.0
516,2018,411.29,1,2.0,0.01,0.0
517,2022,411.29,1,2.0,0.01,0.0
518,2026,411.29,1,2.0,0.01,0.0
519,2031,411.29,1,2.0,0.01,0.0
520,2035,399.51,1,2.0,0.01,0.0
521,2040,399.51,1,2.0,0.01,0.0
522,2045,399.51,1,2.0,0.01,0.0
523,2049,399.51,1,2.0,0.01,0.0
524,2053,399.51,1,2.0,0.01,0.0
525,2057,399.51,1,2.0,0.01,0.0
526,2062,399.51,1,2.0,0.01,0.0
527,2066,399.51,1,2.0,0.01,0.0
528,2070,399.51,1,2.0,0.01,0.0
529,2074,399.51,1,2.0,0.01,0.0
530,2078,388.25,1,2.0,0.01,0.0
531,2082,388.25,1,2.0,0.01,0.0
532,2087,388.25,1,2.0,0.01,0.0
533,2091,388.25,1,2.0,0.01,0.0
534,2095,388.25,1,2.0,0.01,0.0
535,2099,388.25,1,2.0,0.01,0.0
536,2103,388.25,1,2.0,0.01,0.0
537,2108,388.25,1,2.0,0.01,0.0
538,2112,388.25,1,2.0,0.01,0.0
539,2116,388.25,1,2.0,0.01,0.0
540,2120,377.51,1,2.0,0.01,0.0
541,2124,377.51,1,2.0,0.01,0.0
542,2129,377.51,1,2.0,0.01,0.0
543,2133,377.51,1,2.0,0.01,0.0
544,2137,377.51,1,2.0,0.01,0.0
545,2141,377.51,1,2.0,0.01,0.0
546,2145,377.51,1,2.0,0.01,0.0
547,2150,377.51,1,2.0,0.01,0.0
548,2154,377.51,1,2.0,0.01,0.0
549,2158,377.51,1,2.0,0.01,0.0
550,2162,366.52,1,2.0,0.01,0.0
551,2166,366.52,1,2.0,0.01,0.0
552,2171,366.52,1,2.0,0.01,0.0
553,2176,366.52,1,2.0,0.01,0.0
554,2180,366.52,1,2.0,0.01,0.0
555,2185,366.52,1,2.0,0.01,0.0
556,2189,366.52,1,2.0,0.01,0.0
557,2194,366.52,1,2.0,0.01,0.0
558,2198,366.52,1,2.0,0.01,0.0
559,2202,366.52,1,2.0,0.01,0.0
560,2206,354.48,1,2.0,0.01,0.0
561,2211,354.48,1,2.0,0.01,0.0
562,2215,354.48,1,2.0,0.01,0.0
563,2219,354.48,1,2.0,0.01,0.0
564,2223,354.48,1,2.0,0.01,0.0
565,2227,354.48,1,2.0,0.01,0.0
566,2231,354.48,1,2.0,0.01,0.0
567,2236,354.48,1,2.0,0.01,0.0
568,2240,354.48,1,2.0,0.01,0.0
569,2244,354.48,1,2.0,0.01,0.0
570,2248,344.0,1,2.0,0.01,0.0
571,2252,344.0,1,2.0,0.01,0.0
572,2257,344.0,1,2.0,0.01,0.0
573,2261,344.0,1,2.0,0.01,0.0
574,2265,344.0,1,2.0,0.01,0.0
575,2269,344.0,1,2.0,0.01,0.0
576,2273,344.0,1,2.0,0.01,0.0
577,2278,344.0,1,2.0,0.01,0.0
578,2283,344.0,1,2.0,0.01,0.0
579,2287,344.0,1,2.0,0.01,0.0
580,2291,332.49,1,2.0,0.01,0.0
581,2295,332.49,1,2.0,0.01,0.0
582,2300,332.49,1,2.0,0.01,0.0
583,2304,332.49,1,2.0,0.01,0.0
584,2308,332.49,1,2.0,0.01,0.0
585,2312,332.49,1,2.0,0.01,0.0
586,2316,332.49,1,2.0,0.01,0.0
587,2320,332.49,1,2.0,0.01,0.0
588,2325,332.49,1,2.0,0.01,0.0
589,2329,332.49,1,2.0,0.01,0.0
590,2333,321.75,1,2.0,0.01,0.0
591,2337,321.75,1,2.0,0.01,0.0
592,2341,321.75,1,2.0,0.01,0.0
593,2346,321.75,1,2.0,0.01,0.0
594,2350,321.75,1,2.0,0.01,0.0
595,2354,321.75,1,2.0,0.01,0.0
596,2358,321.75,1,2.0,0.01,0.0
597,2363,321.75,1,2.0,0.01,0.0
598,2367,321.75,1,2.0,0.01,0.0
599,2371,321.75,1,2.0,0.01,0.0
600,2375,310.76,1,2.0,0.01,0.0
601,2380,310.76,1,2.0,0.01,0.0
602,2384,310.76,1,2.0,0.01,0.0
603,2389,310.76,1,2.0,0.01,0.0
604,2393,310.76,1,2.0,0.01,0.0
605,2398,310.76,1,2.0,0.01,0.0
606,2402,310.76,1,2.0,0.01,0.0
607,2406,310.76,1,2.0,0.01,0.0
608,2411,310.76,1,2.0,0.01,0.0
609,2415,310.76,1,2.0,0.01,0.0
610,2419,298.71,1,2.0,0.01,0.0
611,2423,298.71,1,2.0,0.01,0.0
612,2427,298.71,1,2.0,0.01,0.0
613,2431,298.71,1,2.0,0.01,0.0
614,2436,298.71,1,2.0,0.01,0.0
615,2440,298.71,1,2.0,0.01,0.0
616,2444,298.71,1,2.0,0.01,0.0
617,2448,298.71,1,2.0,0.01,0.0
618,2453,298.71,1,2.0,0.01,0.0
619,2457,298.71,1,2.0,0.01,0.0
620,2461,288.24,1,2.0,0.01,0.0
621,2465,288.24,1,2.0,0.01,0.0
622,2469,288.24,1,2.0,0.01,0.0
623,2473,288.24,1,2.0,0.01,0.0
624,2478,288.24,1,2.0,0.01,0.0
625,2482,288.24,1,2.0,0.01,0.0
626,2486,288.24,1,2.0,0.01,0.0
627,2490,288.24,1,2.0,0.01,0.0
628,2495,288.24,1,2.0,0.01,0.0
629,2499,288.24,1,2.0,0.01,0.0
630,2503,277.25,1,2.0,0.01,0.0
631,2507,277.25,1,2.0,0.01,0.0
632,2511,277.25,1,2.0,0.01,0.0
633,2515,277.25,1,2.0,0.01,0.0
634,2520,277.25,1,2.0,0.01,0.0
635,2525,277.25,1,2.0,0.01,0.0
636,2529,277.25,1,2.0,0.01,0.0
637,2533,277.25,1,2.0,0.01,0.0
638,2537,277.25,1,2.0,0.01,0.0
639,2542,277.25,1,2.0,0.01,0.0
640,2546,265.73,1,2.0,0.01,0.0
641,2550,265.73,1,2.0,0.01,0.0
642,2554,265.73,1,2.0,0.01,0.0
643,2558,265.73,1,2.0,0.01,0.0
644,2563,265.73,1,2.0,0.01,0.0
645,2567,265.73,1,2.0,0.01,0.0
646,2571,265.73,1,2.0,0.01,0.0
647,2575,265.73,1,2.0,0.01,0.0
648,2579,265.73,1,2.0,0.01,0.0
649,2583,265.73,1,2.0,0.01,0.0
650,2588,254.99,1,2.0,0.01,0.0
651,2592,254.99,1,2.0,0.01,0.0
652,2596,254.99,1,2.0,0.01,0.0
653,2600,254.99,1,2.0,0.01,0.0
654,2605,254.99,1,2.0,0.01,0.0
655,2609,254.99,1,2.0,0.01,0.0
656,2613,254.99,1,2.0,0.01,0.0
657,2617,254.99,1,2.0,0.01,0.0
658,2621,254.99,1,2.0,0.01,0.0
659,2625,254.99,1,2.0,0.01,0.0
660,2630,244.0,1,2.0,0.01,0.0
661,2634,244.0,1,2.0,0.01,0.0
662,2638,244.0,1,2.0,0.01,0.0
663,2642,244.0,1,2.0,0.01,0.0
664,2647,244.0,1,2.0,0.01,0.0
665,2651,244.0,1,2.0,0.01,0.0
666,2655,244.0,1,2.0,0.01,0.0
667,2659,244.0,1,2.0,0.01,0.0
668,2663,244.0,1,2.0,0.01,0.0
669,2667,244.0,1,2.0,0.01,0.0
670,2672,233.0,1,2.0,0.01,0.0
671,2676,233.0,1,2.0,0.01,0.0
672,2680,233.0,1,2.0,0.01,0.0
673,2684,233.0,1,2.0,0.01,0.0
674,2688,233.0,1,2.0,0.01,0.0
675,2693,233.0,1,2.0,0.01,0.0
676,2697,233.0,1,2.0,0.01,0.0
677,2701,233.0,1,2.0,0.01,0.0
678,2705,233.0,1,2.0,0.01,0.0
679,2709,233.0,1,2.0,0.01,0.0
680,2714,222.01,1,2.0,0.01,0.0
681,2719,222.01,1,2.0,0.01,0.0
682,2723,222.01,1,2.0,0.01,0.0
683,2727,222.01,1,2.0,0.01,0.0
684,2731,222.01,1,2.0,0.01,0.0
685,2736,222.01,1,2.0,0.01,0.0
686,2740,222.01,1,2.0,0.01,0.0
687,2744,222.01,1,2.0,0.01,0.0
688,2748,222.01,1,2.0,0.01,0.0
689,2752,222.01,1,2.0,0.01,0.0
690,2757,210.49,1,2.0,0.01,0.0
691,2761,210.49,1,2.0,0.01,0.0
692,2765,210.49,1,2.0,0.01,0.0
693,2769,210.49,1,2.0,0.01,0.0
694,2773,210.49,1,2.0,0.01,0.0
695,2778,210.49,1,2.0,0.01,0.0
696,2782,210.49,1,2.0,0.01,0.0
697,2786,210.49,1,2.0,0.01,0.0
698,2790,210.49,1,2.0,0.01,0.0
699,2794,210.49,1,2.0,0.01,0.0
700,2799,199.75,1,2.0,0.01,0.0
701,2803,199.75,1,2.0,0.01,0.0
702,2807,199.75,1,2.0,0.01,0.0
703,2811,199.75,1,2.0,0.01,0.0
704,2815,199.75,1,2.0,0.01,0.0
705,2820,199.75,1,2.0,0.01,0.0
706,2824,199.75,1,2.0,0.01,0.0
707,2828,199.75,1,2.0,0.01,0.0
708,2832,199.75,1,2.0,0.01,0.0
709,2836,199.75,1,2.0,0.01,0.0
710,2841,188.76,1,2.0,0.01,0.0
711,2845,188.76,1,2.0,0.01,0.0
712,2849,188.76,1,2.0,0.01,0.0
713,2853,188.76,1,2.0,0.01,0.0
714,2857,188.76,1,2.0,0.01,0.0
715,2861,188.76,1,2.0,0.01,0.0
716,2866,188.76,1,2.0,0.01,0.0
717,2870,188.76,1,2.0,0.01,0.0
718,2874,188.76,1,2.0,0.01,0.0
719,2878,188.76,1,2.0,0.01,0.0
720,2882,177.76,1,2.0,0.01,0.0
721,2887,177.76,1,2.0,0.01,0.0
722,2891,177.76,1,2.0,0.01,0.0
723,2895,177.76,1,2.0,0.01,0.0
724,2899,177.76,1,2.0,0.01,0.0
725,2903,177.76,1,2.0,0.01,0.0
726,2908,177.76,1,2.0,0.01,0.0
727,2913,177.76,1,2.0,0.01,0.0
728,2917,177.76,1,2.0,0.01,0.0
729,2921,177.76,1,2.0,0.01,0.0
730,2925,166.77,1,2.0,0.01,0.0
731,2930,166.77,1,2.0,0.01,0.0
732,2934,166.77,1,2.0,0.01,0.0
733,2938,166.77,1,2.0,0.01,0.0
734,2942,166.77,1,2.0,0.01,0.0
735,2946,166.77,1,2.0,0.01,0.0
736,2950,166.77,1,2.0,0.01,0.0
737,2955,166.77,1,2.0,0.01,0.0
738,2959,166.77,1,2.0,0.01,0.0
739,2963,166.77,1,2.0,0.01,0.0
740,2967,155.77,1,2.0,0.01,0.0
741,2972,155.77,1,2.0,0.01,0.0
742,2976,155.77,1,2.0,0.01,0.0
743,2980,155.77,1,2.0,0.01,0.0
744,2984,155.77,1,2.0,0.01,0.0
745,2988,155.77,1,2.0,0.01,0.0
746,2992,155.77,1,2.0,0.01,0.0
747,2997,155.77,1,2.0,0.01,0.0
748,3001,155.77,1,2.0,0.01,0.0
749,3005,155.77,1,2.0,0.01,0.0
750,3010,144.25,1,2.0,0.01,0.0
751,3014,144.25,1,2.0,0.01,0.0
752,3019,144.25,1,2.0,0.01,0.0
753,3023,144.25,1,2.0,0.01,0.0
754,3027,144.25,1,2.0,0.01,0.0
755,3031,144.25,1,2.0,0.01,0.0
756,3035,144.25,1,2.0,0.01,0.0
757,3040,144.25,1,2.0,0.01,0.0
758,3044,144.25,1,2.0,0.01,0.0
759,3048,144.25,1,2.0,0.01,0.0
760,3052,133.52,1,2.0,0.01,0.0
761,3056,133.52,1,2.0,0.01,0.0
762,3060,133.52,1,2.0,0.01,0.0
763,3065,133.52,1,2.0,0.01,0.0
764,3069,133.52,1,2.0,0.01,0.0
765,3073,133.52,1,2.0,0.01,0.0
766,3077,133.52,1,2.0,0.01,0.0
767,3082,133.52,1,2.0,0.01,0.0
768,3086,133.52,1,2.0,0.01,0.0
769,3090,133.52,1,2.0,0.01,0.0
770,3094,122.52,1,2.0,0.01,0.0
771,3098,122.52,1,2.0,0.01,0.0
772,3102,122.52,1,2.0,0.01,0.0
773,3107,122.52,1,2.0,0.01,0.0
774,3111,122.52,1,2.0,0.01,0.0
775,3115,122.52,1,2.0,0.01,0.0
776,3119,122.52,1,2.0,0.01,0.0
777,3124,122.52,1,2.0,0.01,0.0
778,3128,122.52,1,2.0,0.01,0.0
779,3132,122.52,1,2.0,0.01,0.0
780,3136,111.53,1,2.0,0.01,0.0
781,3140,111.53,1,2.0,0.01,0.0
782,3145,111.53,1,2.0,0.01,0.0
783,3149,111.53,1,2.0,0.01,0.0
784,3153,111.53,1,2.0,0.01,0.0
785,3157,111.53,1,2.0,0.01,0.0
786,3161,111.53,1,2.0,0.01,0.0
787,3166,111.53,1,2.0,0.01,0.0
788,3170,111.53,1,2.0,0.01,0.0
789,3174,111.53,1,2.0,0.01,0.0
790,3178,100.53,1,2.0,0.01,0.0
791,3182,100.53,1,2.0,0.01,0.0
792,3187,100.53,1,2.0,0.01,0.0
793,3191,100.53,1,2.0,0.01,0.0
794,3195,100.53,1,2.0,0.01,0.0
795,3200,100.53,1,2.0,0.01,0.0
796,3204,100.53,1,2.0,0.01,0.0
797,3208,100.53,1,2.0,0.01,0.0
798,3213,100.53,1,2.0,0.01,0.0
799,3217,100.53,1,2.0,0.01,0.0
800,3221,89.01,1,2.0,0.01,0.0
801,3225,89.01,1,2.0,0.01,0.0
802,3230,89.01,1,2.0,0.01,0.0
803,3234,89.01,1,2.0,0.01,0.0
804,3238,89.01,1,2.0,0.01,0.0
805,3243,89.01,1,2.0,0.01,0.0
806,3247,89.01,1,2.0,0.01,0.0
807,3251,89.01,1,2.0,0.01,0.0
808,3256,89.01,1,2.0,0.01,0.0
809,3260,89.01,1,2.0,0.01,0.0
810,3264,77.75,1,2.0,0.01,0.0
811,3268,77.75,1,2.0,0.01,0.0
812,3273,77.75,1,2.0,0.01,0.0
813,3277,77.75,1,2.0,0.01,0.0
814,3281,77.75,1,2.0,0.01,0.0
815,3285,77.75,1,2.0,0.01,0.0
816,3289,77.75,1,2.0,0.01,0.0
817,3293,77.75,1,2.0,0.01,0.0
818,3298,77.75,1,2.0,0.01,0.0
819,3302,77.75,1,2.0,0.01,0.0
820,3306,67.02,1,2.0,0.01,0.0
821,3310,67.02,1,2.0,0.01,0.0
822,3315,67.02,1,2.0,0.01,0.0
823,3319,67.02,1,2.0,0.01,0.0
824,3323,67.02,1,2.0,0.01,0.0
825,3327,67.02,1,2.0,0.01,0.0
826,3331,67.02,1,2.0,0.01,0.0
827,3335,67.02,1,2.0,0.01,0.0
828,3340,67.02,1,2.0,0.01,0.0
829,3344,67.02,1,2.0,0.01,0.0
830,3349,55.5,1,2.0,0.01,0.0
831,3353,55.5,1,2.0,0.01,0.0
832,3357,55.5,1,2.0,0.01,0.0
833,3362,55.5,1,2.0,0.01,0.0
834,3366,55.5,1,2.0,0.01,0.0
835,3370,55.5,1,2.0,0.01,0.0
836,3374,55.5,1,2.0,0.01,0.0
837,3378,55.5,1,2.0,0.01,0.0
838,3383,55.5,1,2.0,0.01,0.0
839,3387,55.5,1,2.0,0.01,0.0
840,3391,44.77,1,2.0,0.01,0.0
841,3395,44.77,1,2.0,0.01,0.0
842,3399,44.77,1,2.0,0.01,0.0
843,3404,44.77,1,2.0,0.01,0.0
844,3408,44.77,1,2.0,0.01,0.0
845,3412,44.77,1,2.0,0.01,0.0
846,3416,44.77,1,2.0,0.01,0.0
847,3420,44.77,1,2.0,0.01,0.0
848,3425,44.77,1,2.0,0.01,0.0
849,3429,44.77,1,2.0,0.01,0.0
850,3433,33.77,1,2.0,0.01,0.0
851,3437,33.77,1,2.0,0.01,0.0
852,3441,33.77,1,2.0,0.01,0.0
853,3446,33.77,1,2.0,0.01,0.0
854,3450,33.77,1,2.0,0.01,0.0
855,3454,33.77,1,2.0,0.01,0.0
856,3458,33.77,1,2.0,0.01,0.0
857,3462,33.77,1,2.0,0.01,0.0
858,3467,33.77,1,2.0,0.01,0.0
859,3471,33.77,1,2.0,0.01,0.0
860,3475,22.78,1,2.0,0.01,0.0
861,3479,22.78,1,2.0,0.01,0.0
862,3483,22.78,1,2.0,0.01,0.0
863,3488,22.78,1,2.0,0.01,0.0
864,3492,22.78,1,2.0,0.01,0.0
865,3496,22.78,1,2.0,0.01,0.0
866,3500,22.78,1,2.0,0.01,0.0
867,3504,22.78,1,2.0,0.01,0.0
868,3509,22.78,1,2.0,0.01,0.0
869,3513,22.78,1,2.0,0.01,0.0
870,3517,11.78,1,2.0,0.01,0.0
871,3521,11.78,1,2.0,0.01,0.0
872,3525,11.78,1,2.0,0.01,0.0
873,3530,11.78,1,2.0,0.01,0.0
874,3534,11.78,1,2.0,0.01,0.0
875,3538,11.78,1,2.0,0.01,0.0
876,3542,11.78,1,2.0,0.01,0.0
877,3546,11.78,1,2.0,0.01,0.0
878,3551,11.78,1,2.0,0.01,0.0
879,3555,11.78,1,2.0,0.01,0.0
880,3559,0.79,1,2.0,0.01,0.0
881,3563,0.79,1,2.0,0.01,0.0
882,3567,0.79,1,2.0,0.01,0.0
883,3571,0.79,1,2.0,0.01,0.0
884,3575,0.79,1,2.0,0.01,0.0
885,3579,0.79,1,2.0,0.01,0.0
886,3582,0.79,1,2.0,0.01,0.0
887,3586,0.79,1,2.0,0.01,0.0
888,3589,0.79,1,2.0,0.01,0.0
889,3592,0.79,1,2.0,0.01,0.0
890,3596,-8.12,1,2.0,0.01,0.0
891,3599,-8.12,1,2.0,0.01,0.0
892,3602,-8.12,1,2.0,0.01,0.0
893,3604,-8.12,1,2.0,0.01,0.0
894,3607,-8.12,1,2.0,0.01,0.0
895,3609,-8.12,1,2.0,0.01,0.0
896,3611,-8.12,1,2.0,0.01,0.0
897,3613,-8.12,1,2.0,0.01,0.0
898,3615,-8.12,1,2.0,0.01,0.0
899,3617,-8.12,1,2.0,0.01,0.0
900,3619,-10.73,1,2.0,0.01,0.0
901,3620,-10.73,1,2.0,0.01,0.0
902,3621,-10.73,1,2.0,0.01,0.0
903,3622,-10.73,1,2.0,0.01,0.0
904,3623,-10.73,1,2.0,0.01,0.0
905,3624,-10.73,1,2.0,0.01,0.0
906,3624,-10.73,1,2.0,0.01,0.0
907,3624,-10.73,1,2.0,0.01,0.0
908,3625,-10.73,1,2.0,0.01,0.0
909,3625,-10.73,1,2.0,0.01,0.0
910,3625,-8.64,1,2.0,0.01,0.0
911,3624,-8.64,1,2.0,0.01,0.0
912,3624,-8.64,1,2.0,0.01,0.0
913,3624,-8.64,1,2.0,0.01,0.0
914,3623,-8.64,1,2.0,0.01,0.0
915,3622,-8.64,1,2.0,0.01,0.0
916,3622,-8.64,1,2.0,0.01,0.0
917,3621,-8.64,1,2.0,0.01,0.0
918,3620,-8.64,1,2.0,0.01,0.0
919,3619,-8.64,1,2.0,0.01,0.0
920,3618,-3.4,1,2.0,0.01,0.0
921,3616,-3.4,1,2.0,0.01,0.0
922,3615,-3.4,1,2.0,0.01,0.0
923,3614,-3.4,1,2.0,0.01,0.0
924,3613,-3.4,1,2.0,0.01,0.0
925,3612,-3.4,1,2.0,0.01,0.0
926,3610,-3.4,1,2.0,0.01,0.0
927,3609,-3.4,1,2.0,0.01,0.0
928,3608,-3.4,1,2.0,0.01,0.0
929,3607,-3.4,1,2.0,0.01,0.0
930,3606,1.31,1,2.0,0.01,0.0
931,3604,1.31,1,2.0,0.01,0.0
932,3603,1.31,1,2.0,0.01,0.0
933,3602,1.31,1,2.0,0.01,0.0
934,3601,1.31,1,2.0,0.01,0.0
935,3600,1.31,1,2.0,0.01,0.0
936,3599,1.31,1,2.0,0.01,0.0
937,3599,1.31,1,2.0,0.01,0.0
938,3598,1.31,1,2.0,0.01,0.0
939,3597,1.31,1,2.0,0.01,0.0
940,3596,3.4,1,2.0,0.01,0.0
941,3596,3.4,1,2.0,0.01,0.0
942,3595,3.4,1,2.0,0.01,0.0
943,3595,3.4,1,2.0,0.01,0.0
944,3594,3.4,1,2.0,0.01,0.0
945,3594,3.4,1,2.0,0.01,0.0
946,3594,3.4,1,2.0,0.01,0.0
947,3593,3.4,1,2.0,0.01,0.0
948,3593,3.4,1,2.0,0.01,0.0
949,3593,3.4,1,2.0,0.01,0.0
950,3593,2.88,1,2.0,0.01,0.0
951,3593,2.88,1,2.0,0.01,0.0
952,3593,2.88,1,2.0,0.01,0.0
953,3593,2.88,1,2.0,0.01,0.0
954,3593,2.88,1,2.0,0.01,0.0
955,3593,2.88,1,2.0,0.01,0.0
956,3593,2.88,1,2.0,0.01,0.0
957,3593,2.88,1,2.0,0.01,0.0
958,3594,2.88,1,2.0,0.01,0.0
959,3594,2.88,1,2.0,0.01,0.0
960,3594,1.31,1,2.0,0.01,0.0
961,3594,1.31,1,2.0,0.01,0.0
962,3594,1.31,1,2.0,0.01,0.0
963,3595,1.31,1,2.0,0.01,0.0
964,3595,1.31,1,2.0,0.01,0.0
965,3595,1.31,1,2.0,0.01,0.0
966,3595,1.31,1,2.0,0.01,0.0
967,3596,1.31,1,2.0,0.01,0.0
968,3596,1.31,1,2.0,0.01,0.0
969,3596,1.31,1,2.0,0.01,0.0
970,3596,0.52,1,2.0,0.01,0.0
971,3597,0.52,1,2.0,0.01,0.0
972,3597,0.52,1,2.0,0.01,0.0
973,3597,0.52,1,2.0,0.01,0.0
974,3597,0.52,1,2.0,0.01,0.0
975,3598,0.52,1,2.0,0.01,0.0
976,3598,0.52,1,2.0,0.01,0.0
977,3598,0.52,1,2.0,0.01,0.0
978,3599,0.52,1,2.0,0.01,0.0
979,3599,0.52,1,2.0,0.01,0.0
980,3599,-0.52,1,2.0,0.01,0.0
981,3599,-0.52,1,2.0,0.01,0.0
982,3599,-0.52,1,2.0,0.01,0.0
983,3600,-0.52,1,2.0,0.01,0.0
984,3600,-0.52,1,2.0,0.01,0.0
985,3600,-0.52,1,2.0,0.01,0.0
986,3600,-0.52,1,2.0,0.01,0.0
987,3600,-0.52,1,2.0,0.01,0.0
988,3601,-0.52,1,2.0,0.01,0.0
989,3601,-0.52,1,2.0,0.01,0.0
990,3601,-0.79,1,2.0,0.01,0.0
991,3601,-0.79,1,2.0,0.01,0.0
992,3601,-0.79,1,2.0,0.01,0.0
993,3601,-0.79,1,2.0,0.01,0.0
994,3601,-0.79,1,2.0,0.01,0.0
995,3601,-0.79,1,2.0,0.01,0.0
996,3601,-0.79,1,2.0,0.01,0.0
997,3601,-0.79,1,2.0,0.01,0.0
998,3601,-0.79,1,2.0,0.01,0.0
999,3601,-0.79,1,2.0,0.01,0.0
1000,3601,-0.26,1,2.0,0.01,0.0
1001,3601,-0.26,1,2.0,0.01,0.0
1002,3601,-0.26,1,2.0,0.01,0.0
1003,3601,-0.26,1,2.0,0.01,0.0
1004,3601,-0.26,1,2.0,0.01,0.0
1005,3601,-0.26,1,2.0,0.01,0.0
1006,3601,-0.26,1,2.0,0.01,0.0
1007,3601,-0.26,1,2.0,0.01,0.0
1008,3601,-0.26,1,2.0,0.01,0.0
1009,3601,-0.26,1,2.0,0.01,0.0
1010,3601,-0.26,1,2.0,0.01,0.0
1011,3601,-0.26,1,2.0,0.01,0.0
1012,3601,-0.26,1,2.0,0.01,0.0
1013,3601,-0.26,1,2.0,0.01,0.0
1014,3601,-0.26,1,2.0,0.01,0.0
1015,3601,-0.26,1,2.0,0.01,0.0
1016,3601,-0.26,1,2.0,0.01,0.0
1017,3601,-0.26,1,2.0,0.01,0.0
1018,3601,-0.26,1,2.0,0.01,0.0
1019,3601,-0.26,1,2.0,0.01,0.0
1020,3601,-0.26,1,2.0,0.01,0.0
1021,3601,-0.26,1,2.0,0.01,0.0
1022,3601,-0.26,1,2.0,0.01,0.0
1023,3601,-0.26,1,2.0,0.01,0.0
1024,3601,-0.26,1,2.0,0.01,0.0
1025,3601,-0.26,1,2.0,0.01,0.0
1026,3601,-0.26,1,2.0,0.01,0.0
1027,3601,-0.26,1,2.0,0.01,0.0
1028,3601,-0.26,1,2.0,0.01,0.0
1029,3601,-0.26,1,2.0,0.01,0.0
1030,3601,-0.26,1,2.0,0.01,0.0
1031,3601,-0.26,1,2.0,0.01,0.0
1032,3601,-0.26,1,2.0,0.01,0.0
1033,3601,-0.26,1,2.0,0.01,0.0
1034,3601,-0.26,1,2.0,0.01,0.0
1035,3601,-0.26,1,2.0,0.01,0.0
1036,3601,-0.26,1,2.0,0.01,0.0
1037,3601,-0.26,1,2.0,0.01,0.0
1038,3601,-0.26,1,2.0,0.01,0.0
1039,3601,-0.26,1,2.0,0.01,0.0
1040,3601,-0.26,1,2.0,0.01,0.0
1041,3601,-0.26,1,2.0,0.01,0.0
1042,3601,-0.26,1,2.0,0.01,0.0
1043,3601,-0.26,1,2.0,0.01,0.0
1044,3601,-0.26,1,2.0,0.01,0.0
1045,3601,-0.26,1,2.0,0.01,0.0
1046,3601,-0.26,1,2.0,0.01,0.0
1047,3601,-0.26,1,2.0,0.01,0.0
1048,3601,-0.26,1,2.0,0.01,0.0
1049,3601,-0.26,1,2.0,0.01,0.0
1050,3601,-0.26,1,2.0,0.01,0.0
1051,3601,-0.26,1,2.0,0.01,0.0
1052,3601,-0.26,1,2.0,0.01,0.0
1053,3601,-0.26,1,2.0,0.01,0.0
1054,3601,-0.26,1,2.0,0.01,0.0
1055,3601,-0.26,1,2.0,0.01,0.0
1056,3601,-0.26,1,2.0,0.01,0.0
1057,3601,-0.26,1,2.0,0.01,0.0
1058,3601,-0.26,1,2.0,0.01,0.0
1059,3601,-0.26,1,2.0,0.01,0.0
1060,3601,-0.26,1,2.0,0.01,0.0
1061,3601,-0.26,1,2.0,0.01,0.0
1062,3601,-0.26,1,2.0,0.01,0.0
1063,3601,-0.26,1,2.0,0.01,0.0
1064,3601,-0.26,1,2.0,0.01,0.0
1065,3601,-0.26,1,2.0,0.01,0.0
1066,3601,-0.26,1,2.0,0.01,0.0
1067,3601,-0.26,1,2.0,0.01,0.0
1068,3601,-0.26,1,2.0,0.01,0.0
1069,3601,-0.26,1,2.0,0.01,0.0
1070,3601,-0.26,1,2.0,0.01,0.0
1071,3601,-0.26,1,2.0,0.01,0.0
1072,3601,-0.26,1,2.0,0.01,0.0
1073,3601,-0.26,1,2.0,0.01,0.0
1074,3601,-0.26,1,2.0,0.01,0.0
1075,3601,-0.26,1,2.0,0.01,0.0
1076,3601,-0.26,1,2.0,0.01,0.0
1077,3601,-0.26,1,2.0,0.01,0.0
1078,3601,-0.26,1,2.0,0.01,0.0
1079,3601,-0.26,1,2.0,0.01,0.0
1080,3601,-0.26,1,2.0,0.01,0.0
1081,3601,-0.26,1,2.0,0.01,0.0
1082,3601,-0.26,1,2.0,0.01,0.0
1083,3601,-0.26,1,2.0,0.01,0.0
1084,3601,-0.26,1,2.0,0.01,0.0
1085,3601,-0.26,1,2.0,0.01,0.0
1086,3601,-0.26,1,2.0,0.01,0.0
1087,3601,-0.26,1,2.0,0.01,0.0
1088,3601,-0.26,1,2.0,0.01,0.0
1089,3601,-0.26,1,2.0,0.01,0.0
1090,3601,-0.26,1,2.0,0.01,0.0
1091,3601,-0.26,1,2.0,0.01,0.0
1092,3601,-0.26,1,2.0,0.01,0.0
1093,3601,-0.26,1,2.0,0.01,0.0
1094,3601,-0.26,1,2.0,0.01,0.0
1095,3601,-0.26,1,2.0,0.01,0.0
1096,3601,-0.26,1,2.0,0.01,0.0
1097,3601,-0.26,1,2.0,0.01,0.0
1098,3601,-0.26,1,2.0,0.01,0.0
1099,3601,-0.26,1,2.0,0.01,0.0
1100,3601,-0.26,1,2.0,0.01,0.0
1101,3601,-0.26,1,2.0,0.01,0.0
1102,3601,-0.26,1,2.0,0.01,0.0
1103,3601,-0.26,1,2.0,0.01,0.0
1104,3601,-0.26,1,2.0,0.01,0.0
1105,3601,-0.26,1,2.0,0.01,0.0
1106,3601,-0.26,1,2.0,0.01,0.0
1107,3601,-0.26,1,2.0,0.01,0.0
1108,3601,-0.26,1,2.0,0.01,0.0
1109,3601,-0.26,1,2.0,0.01,0.0
1110,3601,-0.26,1,2.0,0.01,0.0
1111,3601,-0.26,1,2.0,0.01,0.0
1112,3601,-0.26,1,2.0,0.01,0.0
1113,3601,-0.26,1,2.0,0.01,0.0
1114,3601,-0.26,1,2.0,0.01,0.0
1115,3601,-0.26,1,2.0,0.01,0.0
1116,3601,-0.26,1,2.0,0.01,0.0
1117,3601,-0.26,1,2.0,0.01,0.0
1118,3601,-0.26,1,2.0,0.01,0.0
1119,3601,-0.26,1,2.0,0.01,0.0
1120,3601,-0.26,1,2.0,0.01,0.0
1121,3601,-0.26,1,2.0,0.01,0.0
1122,3601,-0.26,1,2.0,0.01,0.0
1123,3601,-0.26,1,2.0,0.01,0.0
1124,3601,-0.26,1,2.0,0.01,0.0
1125,3601,-0.26,1,2.0,0.01,0.0
1126,3601,-0.26,1,2.0,0.01,0.0
1127,3601,-0.26,1,2.0,0.01,0.0
1128,3601,-0.26,1,2.0,0.01,0.0
1129,3601,-0.26,1,2.0,0.01,0.0
1130,3601,-0.26,1,2.0,0.01,0.0
1131,3601,-0.26,1,2.0,0.01,0.0
1132,3601,-0.26,1,2.0,0.01,0.0
1133,3601,-0.26,1,2.0,0.01,0.0
1134,3601,-0.26,1,2.0,0.01,0.0
1135,3601,-0.26,1,2.0,0.01,0.0
1136,3601,-0.26,1,2.0,0.01,0.0
1137,3601,-0.26,1,2.0,0.01,0.0
1138,3601,-0.26,1,2.0,0.01,0.0
1139,3601,-0.26,1,2.0,0.01,0.0
1140,3601,-0.26,1,2.0,0.01,0.0
1141,3601,-0.26,1,2.0,0.01,0.0
1142,3601,-0.26,1,2.0,0.01,0.0
1143,3601,-0.26,1,2.0,0.01,0.0
1144,3601,-0.26,1,2.0,0.01,0.0
1145,3601,-0.26,1,2.0,0.01,0.0
1146,3601,-0.26,1,2.0,0.01,0.0
1147,3601,-0.26,1,2.0,0.01,0.0
1148,3601,-0.26,1,2.0,0.01,0.0
1149,3601,-0.26,1,2.0,0.01,0.0
1150,3601,-0.26,1,2.0,0.01,0.0
1151,3601,-0.26,1,2.0,0.01,0.0
1152,3601,-0.26,1,2.0,0.01,0.0
1153,3601,-0.26,1,2.0,0.01,0.0
1154,3601,-0.26,1,2.0,0.01,0.0
1155,3601,-0.26,1,2.0,0.01,0.0
1156,3601,-0.26,1,2.0,0.01,0.0
1157,3601,-0.26,1,2.0,0.01,0.0
1158,3601,-0.26,1,2.0,0.01,0.0
1159,3601,-0.26,1,2.0,0.01,0.0
1160,3601,-0.26,1,2.0,0.01,0.0
1161,3601,-0.26,1,2.0,0.01,0.0
1162,3601,-0.26,1,2.0,0.01,0.0
1163,3601,-0.26,1,2.0,0.01,0.0
1164,3601,-0.26,1,2.0,0.01,0.0
1165,3601,-0.26,1,2.0,0.01,0.0
1166,3601,-0.26,1,2.0,0.01,0.0
1167,3601,-0.26,1,2.0,0.01,0.0
1168,3601,-0.26,1,2.0,0.01,0.0
1169,3601,-0.26,1,2.0,0.01,0.0
1170,3601,-0.26,1,2.0,0.01,0.0
1171,3601,-0.26,1,2.0,0.01,0.0
1172,3601,-0.26,1,2.0,0.01,0.0
1173,3601,-0.26,1,2.0,0.01,0.0
1174,3601,-0.26,1,2.0,0.01,0.0
1175,3601,-0.26,1,2.0,0.01,0.0
1176,3601,-0.26,1,2.0,0.01,0.0
1177,3601,-0.26,1,2.0,0.01,0.0
1178,3601,-0.26,1,2.0,0.01,0.0
1179,3601,-0.26,1,2.0,0.01,0.0
1180,3601,-0.26,1,2.0,0.01,0.0
1181,3601,-0.26,1,2.0,0.01,0.0
1182,3601,-0.26,1,2.0,0.01,0.0
1183,3601,-0.26,1,2.0,0.01,0.0
1184,3601,-0.26,1,2.0,0.01,0.0
1185,3601,-0.26,1,2.0,0.01,0.0
1186,3601,-0.26,1,2.0,0.01,0.0
1187,3601,-0.26,1,2.0,0.01,0.0
1188,3601,-0.26,1,2.0,0.01,0.0
1189,3601,-0.26,1,2.0,0.01,0.0
1190,3601,-0.26,1,2.0,0.01,0.0
1191,3601,-0.26,1,2.0,0.01,0.0
1192,3601,-0.26,1,2.0,0.01,0.0
1193,3601,-0.26,1,2.0,0.01,0.0
1194,3601,-0.26,1,2.0,0.01,0.0
1195,3601,-0.26,1,2.0,0.01,0.0
1196,3601,-0.26,1,2.0,0.01,0.0
1197,3601,-0.26,1,2.0,0.01,0.0
1198,3601,-0.26,1,2.0,0.01,0.0
1199,3601,-0.26,1,2.0,0.01,0.0
1200,3601,-0.26,1,2.0,0.01,0.0
1201,3601,-0.26,1,2.0,0.01,0.0
1202,3601,-0.26,1,2.0,0.01,0.0
1203,3601,-0.26,1,2.0,0.01,0.0
1204,3601,-0.26,1,2.0,0.01,0.0
1205,3601,-0.26,1,2.0,0.01,0.0
1206,3601,-0.26,1,2.0,0.01,0.0
1207,3601,-0.26,1,2.0,0.01,0.0
1208,3601,-0.26,1,2.0,0.01,0.0
1209,3601,-0.26,1,2.0,0.01,0.0
1210,3601,-0.26,1,2.0,0.01,0.0
1211,3601,-0.26,1,2.0,0.01,0.0
1212,3601,-0.26,1,2.0,0.01,0.0
1213,3601,-0.26,1,2.0,0.01,0.0
1214,3601,-0.26,1,2.0,0.01,0.0
1215,3601,-0.26,1,2.0,0.01,0.0
1216,3601,-0.26,1,2.0,0.01,0.0
1217,3601,-0.26,1,2.0,0.01,0.0
1218,3601,-0.26,1,2.0,0.01,0.0
1219,3601,-0.26,1,2.0,0.01,0.0
1220,3601,-0.26,1,2.0,0.01,0.0
1221,3601,-0.26,1,2.0,0.01,0.0
1222,3601,-0.26,1,2.0,0.01,0.0
1223,3601,-0.26,1,2.0,0.01,0.0
1224,3601,-0.26,1,2.0,0.01,0.0
1225,3601,-0.26,1,2.0,0.01,0.0
1226,3601,-0.26,1,2.0,0.01,0.0
1227,3601,-0.26,1,2.0,0.01,0.0
1228,3601,-0.26,1,2.0,0.01,0.0
1229,3601,-0.26,1,2.0,0.01,0.0
1230,3601,-0.26,1,2.0,0.01,0.0
1231,3601,-0.26,1,2.0,0.01,0.0
1232,3601,-0.26,1,2.0,0.01,0.0
1233,3601,-0.26,1,2.0,0.01,0.0
1234,3601,-0.26,1,2.0,0.01,0.0
1235,3601,-0.26,1,2.0,0.01,0.0
1236,3601,-0.26,1,2.0,0.01,0.0
1237,3601,-0.26,1,2.0,0.01,0.0
1238,3601,-0.26,1,2.0,0.01,0.0
1239,3601,-0.26,1,2.0,0.01,0.0
1240,3601,-0.26,1,2.0,0.01,0.0
1241,3601,-0.26,1,2.0,0.01,0.0
1242,3601,-0.26,1,2.0,0.01,0.0
1243,3601,-0.26,1,2.0,0.01,0.0
1244,3601,-0.26,1,2.0,0.01,0.0
1245,3601,-0.26,1,2.0,0.01,0.0
1246,3601,-0.26,1,2.0,0.01,0.0
1247,3601,-0.26,1,2.0,0.01,0.0
1248,3601,-0.26,1,2.0,0.01,0.0
1249,3601,-0.26,1,2.0,0.01,0.0
1250,3601,-0.26,1,2.0,0.01,0.0
1251,3601,-0.26,1,2.0,0.01,0.0
1252,3601,-0.26,1,2.0,0.01,0.0
1253,3601,-0.26,1,2.0,0.01,0.0
1254,3601,-0.26,1,2.0,0.01,0.0
1255,3601,-0.26,1,2.0,0.01,0.0
1256,3601,-0.26,1,2.0,0.01,0.0
1257,3601,-0.26,1,2.0,0.01,0.0
1258,3601,-0.26,1,2.0,0.01,0.0
1259,3601,-0.26,1,2.0,0.01,0.0
1260,3601,-0.26,1,2.0,0.01,0.0
1261,3601,-0.26,1,2.0,0.01,0.0
1262,3601,-0.26,1,2.0,0.01,0.0
1263,3601,-0.26,1,2.0,0.01,0.0
1264,3601,-0.26,1,2.0,0.01,0.0
1265,3601,-0.26,1,2.0,0.01,0.0
1266,3601,-0.26,1,2.0,0.01,0.0
1267,3601,-0.26,1,2.0,0.01,0.0
1268,3601,-0.26,1,2.0,0.01,0.0
1269,3601,-0.26,1,2.0,0.01,0.0
1270,3601,-0.26,1,2.0,0.01,0.0
1271,3601,-0.26,1,2.0,0.01,0.0
1272,3601,-0.26,1,2.0,0.01,0.0
1273,3601,-0.26,1,2.0,0.01,0.0
1274,3601,-0.26,1,2.0,0.01,0.0
1275,3601,-0.26,1,2.0,0.01,0.0
1276,3601,-0.26,1,2.0,0.01,0.0
1277,3601,-0.26,1,2.0,0.01,0.0
1278,3601,-0.26,1,2.0,0.01,0.0
1279,3601,-0.26,1,2.0,0.01,0.0
1280,3601,-0.26,1,2.0,0.01,0.0
1281,3601,-0.26,1,2.0,0.01,0.0
1282,3601,-0.26,1,2.0,0.01,0.0
1283,3601,-0.26,1,2.0,0.01,0.0
1284,3601,-0.26,1,2.0,0.01,0.0
1285,3601,-0.26,1,2.0,0.01,0.0
1286,3601,-0.26,1,2.0,0.01,0.0
1287,3601,-0.26,1,2.0,0.01,0.0
1288,3601,-0.26,1,2.0,0.01,0.0
1289,3601,-0.26,1,2.0,0.01,0.0
1290,3601,-0.26,1,2.0,0.01,0.0
1291,3601,-0.26,1,2.0,0.01,0.0
1292,3601,-0.26,1,2.0,0.01,0.0
1293,3601,-0.26,1,2.0,0.01,0.0
1294,3601,-0.26,1,2.0,0.01,0.0
1295,3601,-0.26,1,2.0,0.01,0.0
1296,3601,-0.26,1,2.0,0.01,0.0
1297,3601,-0.26,1,2.0,0.01,0.0
1298,3601,-0.26,1,2.0,0.01,0.0
1299,3601,-0.26,1,2.0,0.01,0.0
1300,3601,-0.26,1,2.0,0.01,0.0
1301,3601,-0.26,1,2.0,0.01,0.0
1302,3601,-0.26,1,2.0,0.01,0.0
1303,3601,-0.26,1,2.0,0.01,0.0
1304,3601,-0.26,1,2.0,0.01,0.0
1305,3601,-0.26,1,2.0,0.01,0.0
1306,3601,-0.26,1,2.0,0.01,0.0
1307,3601,-0.26,1,2.0,0.01,0.0
1308,3601,-0.26,1,2.0,0.01,0.0
1309,3601,-0.26,1,2.0,0.01,0.0
1310,3601,-0.26,1,2.0,0.01,0.0
1311,3601,-0.26,1,2.0,0.01,0.0
1312,3601,-0.26,1,2.0,0.01,0.0
1313,3601,-0.26,1,2.0,0.01,0.0
1314,3601,-0.26,1,2.0,0.01,0.0
1315,3601,-0.26,1,2.0,0.01,0.0
1316,3601,-0.26,1,2.0,0.01,0.0
1317,3601,-0.26,1,2.0,0.01,0.0
1318,3601,-0.26,1,2.0,0.01,0.0
1319,3601,-0.26,1,2.0,0.01,0.0
1320,3601,-0.26,1,2.0,0.01,0.0
1321,3601,-0.26,1,2.0,0.01,0.0
1322,3601,-0.26,1,2.0,0.01,0.0
1323,3601,-0.26,1,2.0,0.01,0.0
1324,3601,-0.26,1,2.0,0.01,0.0
1325,3601,-0.26,1,2.0,0.01,0.0
1326,3601,-0.26,1,2.0,0.01,0.0
1327,3601,-0.26,1,2.0,0.01,0.0
1328,3601,-0.26,1,2.0,0.01,0.0
1329,3601,-0.26,1,2.0,0.01,0.0
1330,3601,-0.26,1,2.0,0.01,0.0
1331,3601,-0.26,1,2.0,0.01,0.0
1332,3601,-0.26,1,2.0,0.01,0.0
1333,3601,-0.26,1,2.0,0.01,0.0
1334,3601,-0.26,1,2.0,0.01,0.0
1335,3601,-0.26,1,2.0,0.01,0.0
1336,3601,-0.26,1,2.0,0.01,0.0
1337,3601,-0.26,1,2.0,0.01,0.0
1338,3601,-0.26,1,2.0,0.01,0.0
1339,3601,-0.26,1,2.0,0.01,0.0
1340,3601,-0.26,1,2.0,0.01,0.0
1341,3601,-0.26,1,2.0,0.01,0.0
1342,3601,-0.26,1,2.0,0.01,0.0
1343,3601,-0.26,1,2.0,0.01,0.0
1344,3601,-0.26,1,2.0,0.01,0.0
1345,3601,-0.26,1,2.0,0.01,0.0
1346,3601,-0.26,1,2.0,0.01,0.0
1347,3601,-0.26,1,2.0,0.01,0.0
1348,3601,-0.26,1,2.0,0.01,0.0
1349,3601,-0.26,1,2.0,0.01,0.0
1350,3601,-0.26,1,2.0,0.01,0.0
1351,3601,-0.26,1,2.0,0.01,0.0
1352,3601,-0.26,1,2.0,0.01,0.0
1353,3601,-0.26,1,2.0,0.01,0.0
1354,3601,-0.26,1,2.0,0.01,0.0
1355,3601,-0.26,1,2.0,0.01,0.0
1356,3601,-0.26,1,2.0,0.01,0.0
1357,3601,-0.26,1,2.0,0.01,0.0
1358,3601,-0.26,1,2.0,0.01,0.0
1359,3601,-0.26,1,2.0,0.01,0.0
1360,3601,-0.26,1,2.0,0.01,0.0
1361,3601,-0.26,1,2.0,0.01,0.0
1362,3601,-0.26,1,2.0,0.01,0.0
1363,3601,-0.26,1,2.0,0.01,0.0
1364,3601,-0.26,1,2.0,0.01,0.0
1365,3601,-0.26,1,2.0,0.01,0.0
1366,3601,-0.26,1,2.0,0.01,0.0
1367,3601,-0.26,1,2.0,0.01,0.0
1368,3601,-0.26,1,2.0,0.01,0.0
1369,3601,-0.26,1,2.0,0.01,0.0
1370,3601,-0.26,1,2.0,0.01,0.0
1371,3601,-0.26,1,2.0,0.01,0.0
1372,3601,-0.26,1,2.0,0.01,0.0
1373,3601,-0.26,1,2.0,0.01,0.0
1374,3601,-0.26,1,2.0,0.01,0.0
1375,3601,-0.26,1,2.0,0.01,0.0
1376,3601,-0.26,1,2.0,0.01,0.0
1377,3601,-0.26,1,2.0,0.01,0.0
1378,3601,-0.26,1,2.0,0.01,0.0
1379,3601,-0.26,1,2.0,0.01,0.0
1380,3601,-0.26,1,2.0,0.01,0.0
1381,3601,-0.26,1,2.0,0.01,0.0
1382,3601,-0.26,1,2.0,0.01,0.0
1383,3601,-0.26,1,2.0,0.01,0.0
1384,3601,-0.26,1,2.0,0.01,0.0
1385,3601,-0.26,1,2.0,0.01,0.0
1386,3601,-0.26,1,2.0,0.01,0.0
1387,3601,-0.26,1,2.0,0.01,0.0
1388,3601,-0.26,1,2.0,0.01,0.0
1389,3601,-0.26,1,2.0,0.01,0.0
1390,3601,-0.26,1,2.0,0.01,0.0
1391,3601,-0.26,1,2.0,0.01,0.0
1392,3601,-0.26,1,2.0,0.01,0.0
1393,3601,-0.26,1,2.0,0.01,0.0
1394,3601,-0.26,1,2.0,0.01,0.0
1395,3601,-0.26,1,2.0,0.01,0.0
1396,3601,-0.26,1,2.0,0.01,0.0
1397,3601,-0.26,1,2.0,0.01,0.0
1398,3601,-0.26,1,2.0,0.01,0.0
1399,3601,-0.26,1,2.0,0.01,0.0
1400,3601,-0.26,1,2.0,0.01,0.0
1401,3601,-0.26,1,2.0,0.01,0.0
1402,3601,-0.26,1,2.0,0.01,0.0
1403,3601,-0.26,1,2.0,0.01,0.0
1404,3601,-0.26,1,2.0,0.01,0.0
1405,3601,-0.26,1,2.0,0.01,0.0
1406,3601,-0.26,1,2.0,0.01,0.0
1407,3601,-0.26,1,2.0,0.01,0.0
1408,3601,-0.26,1,2.0,0.01,0.0
1409,3601,-0.26,1,2.0,0.01,0.0
1410,3601,-0.26,1,2.0,0.01,0.0
1411,3601,-0.26,1,2.0,0.01,0.0
1412,3601,-0.26,1,2.0,0.01,0.0
1413,3601,-0.26,1,2.0,0.01,0.0
1414,3601,-0.26,1,2.0,0.01,0.0
1415,3601,-0.26,1,2.0,0.01,0.0
1416,3601,-0.26,1,2.0,0.01,0.0
1417,3601,-0.26,1,2.0,0.01,0.0
1418,3601,-0.26,1,2.0,0.01,0.0
1419,3601,-0.26,1,2.0,0.01,0.0
1420,3601,-0.26,1,2.0,0.01,0.0
1421,3601,-0.26,1,2.0,0.01,0.0
1422,3601,-0.26,1,2.0,0.01,0.0
1423,3601,-0.26,1,2.0,0.01,0.0
1424,3601,-0.26,1,2.0,0.01,0.0
1425,3601,-0.26,1,2.0,0.01,0.0
1426,3601,-0.26,1,2.0,0.01,0.0
1427,3601,-0.26,1,2.0,0.01,0.0
1428,3601,-0.26,1,2.0,0.01,0.0
1429,3601,-0.26,1,2.0,0.01,0.0
1430,3601,-0.26,1,2.0,0.01,0.0
1431,3601,-0.26,1,2.0,0.01,0.0
1432,3601,-0.26,1,2.0,0.01,0.0
1433,3601,-0.26,1,2.0,0.01,0.0
1434,3601,-0.26,1,2.0,0.01,0.0
1435,3601,-0.26,1,2.0,0.01,0.0
1436,3601,-0.26,1,2.0,0.01,0.0
1437,3601,-0.26,1,2.0,0.01,0.0
1438,3601,-0.26,1,2.0,0.01,0.0
1439,3601,-0.26,1,2.0,0.01,0.0
1440,3601,-0.26,1,2.0,0.01,0.0
1441,3601,-0.26,1,2.0,0.01,0.0
1442,3601,-0.26,1,2.0,0.01,0.0
1443,3601,-0.26,1,2.0,0.01,0.0
1444,3601,-0.26,1,2.0,0.01,0.0
1445,3601,-0.26,1,2.0,0.01,0.0
1446,3601,-0.26,1,2.0,0.01,0.0
1447,3601,-0.26,1,2.0,0.01,0.0
1448,3601,-0.26,1,2.0,0.01,0.0
1449,3601,-0.26,1,2.0,0.01,0.0
1450,3601,-0.26,1,2.0,0.01,0.0
1451,3601,-0.26,1,2.0,0.01,0.0
1452,3601,-0.26,1,2.0,0.01,0.0
1453,3601,-0.26,1,2.0,0.01,0.0
1454,3601,-0.26,1,2.0,0.01,0.0
1455,3601,-0.26,1,2.0,0.01,0.0
1456,3601,-0.26,1,2.0,0.01,0.0
1457,3601,-0.26,1,2.0,0.01,0.0
1458,3601,-0.26,1,2.0,0.01,0.0
1459,3601,-0.26,1,2.0,0.01,0.0
1460,3601,-0.26,1,2.0,0.01,0.0
1461,3601,-0.26,1,2.0,0.01,0.0
1462,3601,-0.26,1,2.0,0.01,0.0
1463,3601,-0.26,1,2.0,0.01,0.0
1464,3601,-0.26,1,2.0,0.01,0.0
1465,3601,-0.26,1,2.0,0.01,0.0
1466,3601,-0.26,1,2.0,0.01,0.0
1467,3601,-0.26,1,2.0,0.01,0.0
1468,3601,-0.26,1,2.0,0.01,0.0
1469,3601,-0.26,1,2.0,0.01,0.0
1470,3601,-0.26,1,2.0,0.01,0.0
1471,3601,-0.26,1,2.0,0.01,0.0
1472,3601,-0.26,1,2.0,0.01,0.0
1473,3601,-0.26,1,2.0,0.01,0.0
1474,3601,-0.26,1,2.0,0.01,0.0
1475,3601,-0.26,1,2.0,0.01,0.0
1476,3601,-0.26,1,2.0,0.01,0.0
1477,3601,-0.26,1,2.0,0.01,0.0
1478,3601,-0.26,1,2.0,0.01,0.0
1479,3601,-0.26,1,2.0,0.01,0.0
1480,3601,-0.26,1,2.0,0.01,0.0
1481,3601,-0.26,1,2.0,0.01,0.0
1482,3601,-0.26,1,2.0,0.01,0.0
1483,3601,-0.26,1,2.0,0.01,0.0
1484,3601,-0.26,1,2.0,0.01,0.0
1485,3601,-0.26,1,2.0,0.01,0.0
1486,3601,-0.26,1,2.0,0.01,0.0
1487,3601,-0.26,1,2.0,0.01,0.0
1488,3601,-0.26,1,2.0,0.01,0.0
1489,3601,-0.26,1,2.0,0.01,0.0
1490,3601,-0.26,1,2.0,0.01,0.0
1491,3601,-0.26,1,2.0,0.01,0.0
1492,3601,-0.26,1,2.0,0.01,0.0
1493,3601,-0.26,1,2.0,0.01,0.0
1494,3601,-0.26,1,2.0,0.01,0.0
1495,3601,-0.26,1,2.0,0.01,0.0
1496,3601,-0.26,1,2.0,0.01,0.0
1497,3601,-0.26,1,2.0,0.01,0.0
1498,3601,-0.26,1,2.0,0.01,0.0
1499,3601,-0.26,1,2.0,0.01,0.0
1500,3601,-0.26,1,2.0,0.01,0.0
1501,3601,-0.26,1,2.0,0.01,0.0
1502,3601,-0.26,1,2.0,0.01,0.0
1503,3601,-0.26,1,2.0,0.01,0.0
1504,3601,-0.26,1,2.0,0.01,0.0
1505,3601,-0.26,1,2.0,0.01,0.0
1506,3601,-0.26,1,2.0,0.01,0.0
1507,3601,-0.26,1,2.0,0.01,0.0
1508,3601,-0.26,1,2.0,0.01,0.0
1509,3601,-0.26,1,2.0,0.01,0.0
1510,3601,-0.26,1,2.0,0.01,0.0
1511,3601,-0.26,1,2.0,0.01,0.0
1512,3601,-0.26,1,2.0,0.01,0.0
1513,3601,-0.26,1,2.0,0.01,0.0
1514,3601,-0.26,1,2.0,0.01,0.0
1515,3601,-0.26,1,2.0,0.01,0.0
1516,3601,-0.26,1,2.0,0.01,0.0
1517,3601,-0.26,1,2.0,0.01,0.0
1518,3601,-0.26,1,2.0,0.01,0.0
1519,3601,-0.26,1,2.0,0.01,0.0
1520,3601,-0.26,1,2.0,0.01,0.0
1521,3601,-0.26,1,2.0,0.01,0.0
1522,3601,-0.26,1,2.0,0.01,0.0
1523,3601,-0.26,1,2.0,0.01,0.0
1524,3601,-0.26,1,2.0,0.01,0.0
1525,3601,-0.26,1,2.0,0.01,0.0
1526,3601,-0.26,1,2.0,0.01,0.0
1527,3601,-0.26,1,2.0,0.01,0.0
1528,3601,-0.26,1,2.0,0.01,0.0
1529,3601,-0.26,1,2.0,0.01,0.0
1530,3601,-0.26,1,2.0,0.01,0.0
1531,3601,-0.26,1,2.0,0.01,0.0
1532,3601,-0.26,1,2.0,0.01,0.0
1533,3601,-0.26,1,2.0,0.01,0.0
1534,3601,-0.26,1,2.0,0.01,0.0
1535,3601,-0.26,1,2.0,0.01,0.0
1536,3601,-0.26,1,2.0,0.01,0.0
1537,3601,-0.26,1,2.0,0.01,0.0
1538,3601,-0.26,1,2.0,0.01,0.0
1539,3601,-0.26,1,2.0,0.01,0.0
1540,3601,-0.26,1,2.0,0.01,0.0
1541,3601,-0.26,1,2.0,0.01,0.0
1542,3601,-0.26,1,2.0,0.01,0.0
1543,3601,-0.26,1,2.0,0.01,0.0
1544,3601,-0.26,1,2.0,0.01,0.0
1545,3601,-0.26,1,2.0,0.01,0.0
1546,3601,-0.26,1,2.0,0.01,0.0
1547,3601,-0.26,1,2.0,0.01,0.0
1548,3601,-0.26,1,2.0,0.01,0.0
1549,3601,-0.26,1,2.0,0.01,0.0
1550,3601,-0.26,1,2.0,0.01,0.0
1551,3601,-0.26,1,2.0,0.01,0.0
1552,3601,-0.26,1,2.0,0.01,0.0
1553,3601,-0.26,1,2.0,0.01,0.0
1554,3601,-0.26,1,2.0,0.01,0.0
1555,3601,-0.26,1,2.0,0.01,0.0
1556,3601,-0.26,1,2.0,0.01,0.0
1557,3601,-0.26,1,2.0,0.01,0.0
1558,3601,-0.26,1,2.0,0.01,0.0
1559,3601,-0.26,1,2.0,0.01,0.0
1560,3601,-0.26,1,2.0,0.01,0.0
1561,3601,-0.26,1,2.0,0.01,0.0
1562,3601,-0.26,1,2.0,0.01,0.0
1563,3601,-0.26,1,2.0,0.01,0.0
1564,3601,-0.26,1,2.0,0.01,0.0
1565,3601,-0.26,1,2.0,0.01,0.0
1566,3601,-0.26,1,2.0,0.01,0.0
1567,3601,-0.26,1,2.0,0.01,0.0
1568,3601,-0.26,1,2.0,0.01,0.0
1569,3601,-0.26,1,2.0,0.01,0.0
1570,3601,-0.26,1,2.0,0.01,0.0
1571,3601,-0.26,1,2.0,0.01,0.0
1572,3601,-0.26,1,2.0,0.01,0.0
1573,3601,-0.26,1,2.0,0.01,0.0
1574,3601,-0.26,1,2.0,0.01,0.0
1575,3601,-0.26,1,2.0,0.01,0.0
1576,3601,-0.26,1,2.0,0.01,0.0
1577,3601,-0.26,1,2.0,0.01,0.0
1578,3601,-0.26,1,2.0,0.01,0.0
1579,3601,-0.26,1,2.0,0.01,0.0
1580,3601,-0.26,1,2.0,0.01,0.0
1581,3601,-0.26,1,2.0,0.01,0.0
1582,3601,-0.26,1,2.0,0.01,0.0
1583,3601,-0.26,1,2.0,0.01,0.0
1584,3601,-0.26,1,2.0,0.01,0.0
1585,3601,-0.26,1,2.0,0.01,0.0
1586,3601,-0.26,1,2.0,0.01,0.0
1587,3601,-0.26,1,2.0,0.01,0.0
1588,3601,-0.26,1,2.0,0.01,0.0
1589,3601,-0.26,1,2.0,0.01,0.0
1590,3601,-0.26,1,2.0,0.01,0.0
1591,3601,-0.26,1,2.0,0.01,0.0
1592,3601,-0.26,1,2.0,0.01,0.0
1593,3601,-0.26,1,2.0,0.01,0.0
1594,3601,-0.26,1,2.0,0.01,0.0
1595,3601,-0.26,1,2.0,0.01,0.0
1596,3601,-0.26,1,2.0,0.01,0.0
1597,3601,-0.26,1,2.0,0.01,0.0
1598,3601,-0.26,1,2.0,0.01,0.0
1599,3601,-0.26,1,2.0,0.01,0.0
1600,3601,-0.26,1,2.0,0.01,0.0
1601,3601,-0.26,1,2.0,0.01,0.0
1602,3601,-0.26,1,2.0,0.01,0.0
1603,3601,-0.26,1,2.0,0.01,0.0
1604,3601,-0.26,1,2.0,0.01,0.0
1605,3601,-0.26,1,2.0,0.01,0.0
1606,3601,-0.26,1,2.0,0.01,0.0
1607,3601,-0.26,1,2.0,0.01,0.0
1608,3601,-0.26,1,2.0,0.01,0.0
1609,3601,-0.26,1,2.0,0.01,0.0
1610,3601,-0.26,1,2.0,0.01,0.0
1611,3601,-0.26,1,2.0,0.01,0.0
1612,3601,-0.26,1,2.0,0.01,0.0
1613,3601,-0.26,1,2.0,0.01,0.0
1614,3601,-0.26,1,2.0,0.01,0.0
1615,3601,-0.26,1,2.0,0.01,0.0
1616,3601,-0.26,1,2.0,0.01,0.0
1617,3601,-0.26,1,2.0,0.01,0.0
1618,3601,-0.26,1,2.0,0.01,0.0
1619,3601,-0.26,1,2.0,0.01,0.0
1620,3601,-0.26,1,2.0,0.01,0.0
1621,3601,-0.26,1,2.0,0.01,0.0
1622,3601,-0.26,1,2.0,0.01,0.0
1623,3601,-0.26,1,2.0,0.01,0.0
1624,3601,-0.26,1,2.0,0.01,0.0
1625,3601,-0.26,1,2.0,0.01,0.0
1626,3601,-0.26,1,2.0,0.01,0.0
1627,3601,-0.26,1,2.0,0.01,0.0
1628,3601,-0.26,1,2.0,0.01,0.0
1629,3601,-0.26,1,2.0,0.01,0.0
1630,3601,-0.26,1,2.0,0.01,0.0
1631,3601,-0.26,1,2.0,0.01,0.0
1632,3601,-0.26,1,2.0,0.01,0.0
1633,3601,-0.26,1,2.0,0.01,0.0
1634,3601,-0.26,1,2.0,0.01,0.0
1635,3601,-0.26,1,2.0,0.01,0.0
1636,3601,-0.26,1,2.0,0.01,0.0
1637,3601,-0.26,1,2.0,0.01,0.0
1638,3601,-0.26,1,2.0,0.01,0.0
1639,3601,-0.26,1,2.0,0.01,0.0
1640,3601,-0.26,1,2.0,0.01,0.0
1641,3601,-0.26,1,2.0,0.01,0.0
1642,3601,-0.26,1,2.0,0.01,0.0
1643,3601,-0.26,1,2.0,0.01,0.0
1644,3601,-0.26,1,2.0,0.01,0.0
1645,3601,-0.26,1,2.0,0.01,0.0
1646,3601,-0.26,1,2.0,0.01,0.0
1647,3601,-0.26,1,2.0,0.01,0.0
1648,3601,-0.26,1,2.0,0.01,0.0
1649,3601,-0.26,1,2.0,0.01,0.0
1650,3601,-0.26,1,2.0,0.01,0.0
1651,3601,-0.26,1,2.0,0.01,0.0
1652,3601,-0.26,1,2.0,0.01,0.0
1653,3601,-0.26,1,2.0,0.01,0.0
1654,3601,-0.26,1,2.0,0.01,0.0
1655,3601,-0.26,1,2.0,0.01,0.0
1656,3601,-0.26,1,2.0,0.01,0.0
1657,3601,-0.26,1,2.0,0.01,0.0
1658,3601,-0.26,1,2.0,0.01,0.0
1659,3601,-0.26,1,2.0,0.01,0.0
1660,3601,-0.26,1,2.0,0.01,0.0
1661,3601,-0.26,1,2.0,0.01,0.0
1662,3601,-0.26,1,2.0,0.01,0.0
1663,3601,-0.26,1,2.0,0.01,0.0
1664,3601,-0.26,1,2.0,0.01,0.0
1665,3601,-0.26,1,2.0,0.01,0.0
1666,3601,-0.26,1,2.0,0.01,0.0
1667,3601,-0.26,1,2.0,0.01,0.0
1668,3601,-0.26,1,2.0,0.01,0.0
1669,3601,-0.26,1,2.0,0.01,0.0
1670,3601,-0.26,1,2.0,0.01,0.0
1671,3601,-0.26,1,2.0,0.01,0.0
1672,3601,-0.26,1,2.0,0.01,0.0
1673,3601,-0.26,1,2.0,0.01,0.0
1674,3601,-0.26,1,2.0,0.01,0.0
1675,3601,-0.26,1,2.0,0.01,0.0
1676,3601,-0.26,1,2.0,0.01,0.0
1677,3601,-0.26,1,2.0,0.01,0.0
1678,3601,-0.26,1,2.0,0.01,0.0
1679,3601,-0.26,1,2.0,0.01,0.0
1680,3601,-0.26,1,2.0,0.01,0.0
1681,3601,-0.26,1,2.0,0.01,0.0
1682,3601,-0.26,1,2.0,0.01,0.0
1683,3601,-0.26,1,2.0,0.01,0.0
1684,3601,-0.26,1,2.0,0.01,0.0
1685,3601,-0.26,1,2.0,0.01,0.0
1686,3601,-0.26,1,2.0,0.01,0.0
1687,3601,-0.26,1,2.0,0.01,0.0
1688,3601,-0.26,1,2.0,0.01,0.0
1689,3601,-0.26,1,2.0,0.01,0.0
1690,3601,-0.26,1,2.0,0.01,0.0
1691,3601,-0.26,1,2.0,0.01,0.0
1692,3601,-0.26,1,2.0,0.01,0.0
1693,3601,-0.26,1,2.0,0.01,0.0
1694,3601,-0.26,1,2.0,0.01,0.0
1695,3601,-0.26,1,2.0,0.01,0.0
1696,3601,-0.26,1,2.0,0.01,0.0
1697,3601,-0.26,1,2.0,0.01,0.0
1698,3601,-0.26,1,2.0,0.01,0.0
1699,3601,-0.26,1,2.0,0.01,0.0
1700,3601,-0.26,1,2.0,0.01,0.0
1701,3601,-0.26,1,2.0,0.01,0.0
1702,3601,-0.26,1,2.0,0.01,0.0
1703,3601,-0.26,1,2.0,0.01,0.0
1704,3601,-0.26,1,2.0,0.01,0.0
1705,3601,-0.26,1,2.0,0.01,0.0
1706,3601,-0.26,1,2.0,0.01,0.0
1707,3601,-0.26,1,2.0,0.01,0.0
1708,3601,-0.26,1,2.0,0.01,0.0
1709,3601,-0.26,1,2.0,0.01,0.0
1710,3601,-0.26,1,2.0,0.01,0.0
1711,3601,-0.26,1,2.0,0.01,0.0
1712,3601,-0.26,1,2.0,0.01,0.0
1713,3601,-0.26,1,2.0,0.01,0.0
1714,3601,-0.26,1,2.0,0.01,0.0
1715,3601,-0.26,1,2.0,0.01,0.0
1716,3601,-0.26,1,2.0,0.01,0.0
1717,3601,-0.26,1,2.0,0.01,0.0
1718,3601,-0.26,1,2.0,0.01,0.0
1719,3601,-0.26,1,2.0,0.01,0.0
1720,3601,-0.26,1,2.0,0.01,0.0
1721,3601,-0.26,1,2.0,0.01,0.0
1722,3601,-0.26,1,2.0,0.01,0.0
1723,3601,-0.26,1,2.0,0.01,0.0
1724,3601,-0.26,1,2.0,0.01,0.0
1725,3601,-0.26,1,2.0,0.01,0.0
1726,3601,-0.26,1,2.0,0.01,0.0
1727,3601,-0.26,1,2.0,0.01,0.0
1728,3601,-0.26,1,2.0,0.01,0.0
1729,3601,-0.26,1,2.0,0.01,0.0
1730,3601,-0.26,1,2.0,0.01,0.0
1731,3601,-0.26,1,2.0,0.01,0.0
1732,3601,-0.26,1,2.0,0.01,0.0
1733,3601,-0.26,1,2.0,0.01,0.0
1734,3601,-0.26,1,2.0,0.01,0.0
1735,3601,-0.26,1,2.0,0.01,0.0
1736,3601,-0.26,1,2.0,0.01,0.0
1737,3601,-0.26,1,2.0,0.01,0.0
1738,3601,-0.26,1,2.0,0.01,0.0
1739,3601,-0.26,1,2.0,0.01,0.0
1740,3601,-0.26,1,2.0,0.01,0.0
1741,3601,-0.26,1,2.0,0.01,0.0
1742,3601,-0.26,1,2.0,0.01,0.0
1743,3601,-0.26,1,2.0,0.01,0.0
1744,3601,-0.26,1,2.0,0.01,0.0
1745,3601,-0.26,1,2.0,0.01,0.0
1746,3601,-0.26,1,2.0,0.01,0.0
1747,3601,-0.26,1,2.0,0.01,0.0
1748,3601,-0.26,1,2.0,0.01,0.0
1749,3601,-0.26,1,2.0,0.01,0.0
1750,3601,-0.26,1,2.0,0.01,0.0
1751,3601,-0.26,1,2.0,0.01,0.0
1752,3601,-0.26,1,2.0,0.01,0.0
1753,3601,-0.26,1,2.0,0.01,0.0
1754,3601,-0.26,1,2.0,0.01,0.0
1755,3601,-0.26,1,2.0,0.01,0.0
1756,3601,-0.26,1,2.0,0.01,0.0
1757,3601,-0.26,1,2.0,0.01,0.0
1758,3601,-0.26,1,2.0,0.01,0.0
1759,3601,-0.26,1,2.0,0.01,0.0
1760,3601,-0.26,1,2.0,0.01,0.0
1761,3601,-0.26,1,2.0,0.01,0.0
1762,3601,-0.26,1,2.0,0.01,0.0
1763,3601,-0.26,1,2.0,0.01,0.0
1764,3601,-0.26,1,2.0,0.01,0.0
1765,3601,-0.26,1,2.0,0.01,0.0
1766,3601,-0.26,1,2.0,0.01,0.0
1767,3601,-0.26,1,2.0,0.01,0.0
1768,3601,-0.26,1,2.0,0.01,0.0
1769,3601,-0.26,1,2.0,0.01,0.0
1770,3601,-0.26,1,2.0,0.01,0.0
1771,3601,-0.26,1,2.0,0.01,0.0
1772,3601,-0.26,1,2.0,0.01,0.0
1773,3601,-0.26,1,2.0,0.01,0.0
1774,3601,-0.26,1,2.0,0.01,0.0
1775,3601,-0.26,1,2.0,0.01,0.0
1776,3601,-0.26,1,2.0,0.01,0.0
1777,3601,-0.26,1,2.0,0.01,0.0
1778,3601,-0.26,1,2.0,0.01,0.0
1779,3601,-0.26,1,2.0,0.01,0.0
1780,3601,-0.26,1,2.0,0.01,0.0
1781,3601,-0.26,1,2.0,0.01,0.0
1782,3601,-0.26,1,2.0,0.01,0.0
1783,3601,-0.26,1,2.0,0.01,0.0
1784,3601,-0.26,1,2.0,0.01,0.0
1785,3601,-0.26,1,2.0,0.01,0.0
1786,3601,-0.26,1,2.0,0.01,0.0
1787,3601,-0.26,1,2.0,0.01,0.0
1788,3601,-0.26,1,2.0,0.01,0.0
1789,3601,-0.26,1,2.0,0.01,0.0
1790,3601,-0.26,1,2.0,0.01,0.0
1791,3601,-0.26,1,2.0,0.01,0.0
1792,3601,-0.26,1,2.0,0.01,0.0
1793,3601,-0.26,1,2.0,0.01,0.0
1794,3601,-0.26,1,2.0,0.01,0.0
1795,3601,-0.26,1,2.0,0.01,0.0
1796,3601,-0.26,1,2.0,0.01,0.0
1797,3601,-0.26,1,2.0,0.01,0.0
1798,3601,-0.26,1,2.0,0.01,0.0
1799,3601,-0.26,1,2.0,0.01,0.0
1800,3601,-0.26,1,2.0,0.01,0.0
1801,3601,-0.26,1,2.0,0.01,0.0
1802,3601,-0.26,1,2.0,0.01,0.0
1803,3601,-0.26,1,2.0,0.01,0.0
1804,3601,-0.26,1,2.0,0.01,0.0
1805,3601,-0.26,1,2.0,0.01,0.0
1806,3601,-0.26,1,2.0,0.01,0.0
1807,3601,-0.26,1,2.0,0.01,0.0
1808,3601,-0.26,1,2.0,0.01,0.0
1809,3601,-0.26,1,2.0,0.01,0.0
1810,3601,-0.26,1,2.0,0.01,0.0
1811,3601,-0.26,1,2.0,0.01,0.0
1812,3601,-0.26,1,2.0,0.01,0.0
1813,3601,-0.26,1,2.0,0.01,0.0
1814,3601,-0.26,1,2.0,0.01,0.0
1815,3601,-0.26,1,2.0,0.01,0.0
1816,3601,-0.26,1,2.0,0.01,0.0
1817,3601,-0.26,1,2.0,0.01,0.0
1818,3601,-0.26,1,2.0,0.01,0.0
1819,3601,-0.26,1,2.0,0.01,0.0
1820,3601,-0.26,1,2.0,0.01,0.0
1821,3601,-0.26,1,2.0,0.01,0.0
1822,3601,-0.26,1,2.0,0.01,0.0
1823,3601,-0.26,1,2.0,0.01,0.0
1824,3601,-0.26,1,2.0,0.01,0.0
1825,3601,-0.26,1,2.0,0.01,0.0
1826,3601,-0.26,1,2.0,0.01,0.0
1827,3601,-0.26,1,2.0,0.01,0.0
1828,3601,-0.26,1,2.0,0.01,0.0
1829,3601,-0.26,1,2.0,0.01,0.0
1830,3601,-0.26,1,2.0,0.01,0.0
1831,3601,-0.26,1,2.0,0.01,0.0
1832,3601,-0.26,1,2.0,0.01,0.0
1833,3601,-0.26,1,2.0,0.01,0.0
1834,3601,-0.26,1,2.0,0.01,0.0
1835,3601,-0.26,1,2.0,0.01,0.0
1836,3601,-0.26,1,2.0,0.01,0.0
1837,3601,-0.26,1,2.0,0.01,0.0
1838,3601,-0.26,1,2.0,0.01,0.0
1839,3601,-0.26,1,2.0,0.01,0.0
1840,3601,-0.26,1,2.0,0.01,0.0
1841,3601,-0.26,1,2.0,0.01,0.0
1842,3601,-0.26,1,2.0,0.01,0.0
1843,3601,-0.26,1,2.0,0.01,0.0
1844,3601,-0.26,1,2.0,0.01,0.0
1845,3601,-0.26,1,2.0,0.01,0.0
1846,3601,-0.26,1,2.0,0.01,0.0
1847,3601,-0.26,1,2.0,0.01,0.0
1848,3601,-0.26,1,2.0,0.01,0.0
1849,3601,-0.26,1,2.0,0.01,0.0
1850,3601,-0.26,1,2.0,0.01,0.0
1851,3601,-0.26,1,2.0,0.01,0.0
1852,3601,-0.26,1,2.0,0.01,0.0
1853,3601,-0.26,1,2.0,0.01,0.0
1854,3601,-0.26,1,2.0,0.01,0.0
1855,3601,-0.26,1,2.0,0.01,0.0
1856,3601,-0.26,1,2.0,0.01,0.0
1857,3601,-0.26,1,2.0,0.01,0.0
1858,3601,-0.26,1,2.0,0.01,0.0
1859,3601,-0.26,1,2.0,0.01,0.0
1860,3601,-0.26,1,2.0,0.01,0.0
1861,3601,-0.26,1,2.0,0.01,0.0
1862,3601,-0.26,1,2.0,0.01,0.0
1863,3601,-0.26,1,2.0,0.01,0.0
1864,3601,-0.26,1,2.0,0.01,0.0
1865,3601,-0.26,1,2.0,0.01,0.0
1866,3601,-0.26,1,2.0,0.01,0.0
1867,3601,-0.26,1,2.0,0.01,0.0
1868,3601,-0.26,1,2.0,0.01,0.0
1869,3601,-0.26,1,2.0,0.01,0.0
1870,3601,-0.26,1,2.0,0.01,0.0
1871,3601,-0.26,1,2.0,0.01,0.0
1872,3601,-0.26,1,2.0,0.01,0.0
1873,3601,-0.26,1,2.0,0.01,0.0
1874,3601,-0.26,1,2.0,0.01,0.0
1875,3601,-0.26,1,2.0,0.01,0.0
1876,3601,-0.26,1,2.0,0.01,0.0
1877,3601,-0.26,1,2.0,0.01,0.0
1878,3601,-0.26,1,2.0,0.01,0.0
1879,3601,-0.26,1,2.0,0.01,0.0
1880,3601,-0.26,1,2.0,0.01,0.0
1881,3601,-0.26,1,2.0,0.01,0.0
1882,3601,-0.26,1,2.0,0.01,0.0
1883,3601,-0.26,1,2.0,0.01,0.0
1884,3601,-0.26,1,2.0,0.01,0.0
1885,3601,-0.26,1,2.0,0.01,0.0
1886,3601,-0.26,1,2.0,0.01,0.0
1887,3601,-0.26,1,2.0,0.01,0.0
1888,3601,-0.26,1,2.0,0.01,0.0
1889,3601,-0.26,1,2.0,0.01,0.0
1890,3601,-0.26,1,2.0,0.01,0.0
1891,3601,-0.26,1,2.0,0.01,0.0
1892,3601,-0.26,1,2.0,0.01,0.0
1893,3601,-0.26,1,2.0,0.01,0.0
1894,3601,-0.26,1,2.0,0.01,0.0
1895,3601,-0.26,1,2.0,0.01,0.0
1896,3601,-0.26,1,2.0,0.01,0.0
1897,3601,-0.26,1,2.0,0.01,0.0
1898,3601,-0.26,1,2.0,0.01,0.0
1899,3601,-0.26,1,2.0,0.01,0.0
1900,3601,-0.26,1,2.0,0.01,0.0
1901,3601,-0.26,1,2.0,0.01,0.0
1902,3601,-0.26,1,2.0,0.01,0.0
1903,3601,-0.26,1,2.0,0.01,0.0
1904,3601,-0.26,1,2.0,0.01,0.0
1905,3601,-0.26,1,2.0,0.01,0.0
1906,3601,-0.26,1,2.0,0.01,0.0
1907,3601,-0.26,1,2.0,0.01,0.0
1908,3601,-0.26,1,2.0,0.01,0.0
1909,3601,-0.26,1,2.0,0.01,0.0
1910,3601,-0.26,1,2.0,0.01,0.0
1911,3601,-0.26,1,2.0,0.01,0.0
1912,3601,-0.26,1,2.0,0.01,0.0
1913,3601,-0.26,1,2.0,0.01,0.0
1914,3601,-0.26,1,2.0,0.01,0.0
1915,3601,-0.26,1,2.0,0.01,0.0
1916,3601,-0.26,1,2.0,0.01,0.0
1917,3601,-0.26,1,2.0,0.01,0.0
1918,3601,-0.26,1,2.0,0.01,0.0
1919,3601,-0.26,1,2.0,0.01,0.0
1920,3601,-0.26,1,2.0,0.01,0.0
1921,3601,-0.26,1,2.0,0.01,0.0
1922,3601,-0.26,1,2.0,0.01,0.0
1923,3601,-0.26,1,2.0,0.01,0.0
1924,3601,-0.26,1,2.0,0.01,0.0
1925,3601,-0.26,1,2.0,0.01,0.0
1926,3601,-0.26,1,2.0,0.01,0.0
1927,3601,-0.26,1,2.0,0.01,0.0
1928,3601,-0.26,1,2.0,0.01,0.0
1929,3601,-0.26,1,2.0,0.01,0.0
1930,3601,-0.26,1,2.0,0.01,0.0
1931,3601,-0.26,1,2.0,0.01,0.0
1932,3601,-0.26,1,2.0,0.01,0.0
1933,3601,-0.26,1,2.0,0.01,0.0
1934,3601,-0.26,1,2.0,0.01,0.0
1935,3601,-0.26,1,2.0,0.01,0.0
1936,3601,-0.26,1,2.0,0.01,0.0
1937,3601,-0.26,1,2.0,0.01,0.0
1938,3601,-0.26,1,2.0,0.01,0.0
1939,3601,-0.26,1,2.0,0.01,0.0
1940,3601,-0.26,1,2.0,0.01,0.0
1941,3601,-0.26,1,2.0,0.01,0.0
1942,3601,-0.26,1,2.0,0.01,0.0
1943,3601,-0.26,1,2.0,0.01,0.0
1944,3601,-0.26,1,2.0,0.01,0.0
1945,3601,-0.26,1,2.0,0.01,0.0
1946,3601,-0.26,1,2.0,0.01,0.0
1947,3601,-0.26,1,2.0,0.01,0.0
1948,3601,-0.26,1,2.0,0.01,0.0
1949,3601,-0.26,1,2.0,0.01,0.0
1950,3601,-0.26,1,2.0,0.01,0.0
1951,3601,-0.26,1,2.0,0.01,0.0
1952,3601,-0.26,1,2.0,0.01,0.0
1953,3601,-0.26,1,2.0,0.01,0.0
1954,3601,-0.26,1,2.0,0.01,0.0
1955,3601,-0.26,1,2.0,0.01,0.0
1956,3601,-0.26,1,2.0,0.01,0.0
1957,3601,-0.26,1,2.0,0.01,0.0
1958,3601,-0.26,1,2.0,0.01,0.0
1959,3601,-0.26,1,2.0,0.01,0.0
1960,3601,-0.26,1,2.0,0.01,0.0
1961,3601,-0.26,1,2.0,0.01,0.0
1962,3601,-0.26,1,2.0,0.01,0.0
1963,3601,-0.26,1,2.0,0.01,0.0
1964,3601,-0.26,1,2.0,0.01,0.0
1965,3601,-0.26,1,2.0,0.01,0.0
1966,3601,-0.26,1,2.0,0.01,0.0
1967,3601,-0.26,1,2.0,0.01,0.0
1968,3601,-0.26,1,2.0,0.01,0.0
1969,3601,-0.26,1,2.0,0.01,0.0
1970,3601,-0.26,1,2.0,0.01,0.0
1971,3601,-0.26,1,2.0,0.01,0.0
1972,3601,-0.26,1,2.0,0.01,0.0
1973,3601,-0.26,1,2.0,0.01,0.0
1974,3601,-0.26,1,2.0,0.01,0.0
1975,3601,-0.26,1,2.0,0.01,0.0
1976,3601,-0.26,1,2.0,0.01,0.0
1977,3601,-0.26,1,2.0,0.01,0.0
1978,3601,-0.26,1,2.0,0.01,0.0
1979,3601,-0.26,1,2.0,0.01,0.0
1980,3601,-0.26,1,2.0,0.01,0.0
1981,3601,-0.26,1,2.0,0.01,0.0
1982,3601,-0.26,1,2.0,0.01,0.0
1983,3601,-0.26,1,2.0,0.01,0.0
1984,3601,-0.26,1,2.0,0.01,0.0
1985,3601,-0.26,1,2.0,0.01,0.0
1986,3601,-0.26,1,2.0,0.01,0.0
1987,3601,-0.26,1,2.0,0.01,0.0
1988,3601,-0.26,1,2.0,0.01,0.0
1989,3601,-0.26,1,2.0,0.01,0.0
1990,3601,-0.26,1,2.0,0.01,0.0
1991,3601,-0.26,1,2.0,0.01,0.0
1992,3601,-0.26,1,2.0,0.01,0.0
1993,3601,-0.26,1,2.0,0.01,0.0
1994,3601,-0.26,1,2.0,0.01,0.0
1995,3601,-0.26,1,2.0,0.01,0.0
1996,3601,-0.26,1,2.0,0.01,0.0
1997,3601,-0.26,1,2.0,0.01,0.0
1998,3601,-0.26,1,2.0,0.01,0.0
1999,3601,-0.26,1,2.0,0.01,0.0
2000,3601,-0.26,1,2.0,0.01,0.0
2001,3601,-0.26,1,2.0,0.01,0.0
2002,3601,-0.26,1,2.0,0.01,0.0
2003,3601,-0.26,1,2.0,0.01,0.0
2004,3601,-0.26,1,2.0,0.01,0.0
2005,3601,-0.26,1,2.0,0.01,0.0
2006,3601,-0.26,1,2.0,0.01,0.0
2007,3601,-0.26,1,2.0,0.01,0.0
2008,3601,-0.26,1,2.0,0.01,0.0
2009,3601,-0.26,1,2.0,0.01,0.0
2010,3601,-0.26,1,2.0,0.01,0.0
2011,3601,-0.26,1,2.0,0.01,0.0
2012,3601,-0.26,1,2.0,0.01,0.0
2013,3601,-0.26,1,2.0,0.01,0.0
2014,3601,-0.26,1,2.0,0.01,0.0
2015,3601,-0.26,1,2.0,0.01,0.0
2016,3601,-0.26,1,2.0,0.01,0.0
2017,3601,-0.26,1,2.0,0.01,0.0
2018,3601,-0.26,1,2.0,0.01,0.0
2019,3601,-0.26,1,2.0,0.01,0.0
2020,3601,-0.26,1,2.0,0.01,0.0
2021,3601,-0.26,1,2.0,0.01,0.0
2022,3601,-0.26,1,2.0,0.01,0.0
2023,3601,-0.26,1,2.0,0.01,0.0
2024,3601,-0.26,1,2.0,0.01,0.0
2025,3601,-0.26,1,2.0,0.01,0.0
2026,3601,-0.26,1,2.0,0.01,0.0
2027,3601,-0.26,1,2.0,0.01,0.0
2028,3601,-0.26,1,2.0,0.01,0.0
2029,3601,-0.26,1,2.0,0.01,0.0
2030,3601,-0.26,1,2.0,0.01,0.0
2031,3601,-0.26,1,2.0,0.01,0.0
2032,3601,-0.26,1,2.0,0.01,0.0
2033,3601,-0.26,1,2.0,0.01,0.0
2034,3601,-0.26,1,2.0,0.01,0.0
2035,3601,-0.26,1,2.0,0.01,0.0
2036,3601,-0.26,1,2.0,0.01,0.0
2037,3601,-0.26,1,2.0,0.01,0.0
2038,3601,-0.26,1,2.0,0.01,0.0
2039,3601,-0.26,1,2.0,0.01,0.0
2040,3601,-0.26,1,2.0,0.01,0.0
2041,3601,-0.26,1,2.0,0.01,0.0
2042,3601,-0.26,1,2.0,0.01,0.0
2043,3601,-0.26,1,2.0,0.01,0.0
2044,3601,-0.26,1,2.0,0.01,0.0
2045,3601,-0.26,1,2.0,0.01,0.0
2046,3601,-0.26,1,2.0,0.01,0.0
2047,3601,-0.26,1,2.0,0.01,0.0
2048,3601,-0.26,1,2.0,0.01,0.0
2049,3601,-0.26,1,2.0,0.01,0.0
2050,3601,-0.26,1,2.0,0.01,0.0
2051,3601,-0.26,1,2.0,0.01,0.0
2052,3601,-0.26,1,2.0,0.01,0.0
2053,3601,-0.26,1,2.0,0.01,0.0
2054,3601,-0.26,1,2.0,0.01,0.0
2055,3601,-0.26,1,2.0,0.01,0.0
2056,3601,-0.26,1,2.0,0.01,0.0
2057,3601,-0.26,1,2.0,0.01,0.0
2058,3601,-0.26,1,2.0,0.01,0.0
2059,3601,-0.26,1,2.0,0.01,0.0
2060,3601,-0.26,1,2.0,0.01,0.0
2061,3601,-0.26,1,2.0,0.01,0.0
2062,3601,-0.26,1,2.0,0.01,0.0
2063,3601,-0.26,1,2.0,0.01,0.0
2064,3601,-0.26,1,2.0,0.01,0.0
2065,3601,-0.26,1,2.0,0.01,0.0
2066,3601,-0.26,1,2.0,0.01,0.0
2067,3601,-0.26,1,2.0,0.01,0.0
2068,3601,-0.26,1,2.0,0.01,0.0
2069,3601,-0.26,1,2.0,0.01,0.0
2070,3601,-0.26,1,2.0,0.01,0.0
2071,3601,-0.26,1,2.0,0.01,0.0
2072,3601,-0.26,1,2.0,0.01,0.0
2073,3601,-0.26,1,2.0,0.01,0.0
2074,3601,-0.26,1,2.0,0.01,0.0
2075,3601,-0.26,1,2.0,0.01,0.0
2076,3601,-0.26,1,2.0,0.01,0.0
2077,3601,-0.26,1,2.0,0.01,0.0
2078,3601,-0.26,1,2.0,0.01,0.0
2079,3601,-0.26,1,2.0,0.01,0.0
2080,3601,-0.26,1,2.0,0.01,0.0
2081,3601,-0.26,1,2.0,0.01,0.0
2082,3601,-0.26,1,2.0,0.01,0.0
2083,3601,-0.26,1,2.0,0.01,0.0
2084,3601,-0.26,1,2.0,0.01,0.0
2085,3601,-0.26,1,2.0,0.01,0.0
2086,3601,-0.26,1,2.0,0.01,0.0
2087,3601,-0.26,1,2.0,0.01,0.0
2088,3601,-0.26,1,2.0,0.01,0.0
2089,3601,-0.26,1,2.0,0.01,0.0
2090,3601,-0.26,1,2.0,0.01,0.0
2091,3601,-0.26,1,2.0,0.01,0.0
2092,3601,-0.26,1,2.0,0.01,0.0
2093,3601,-0.26,1,2.0,0.01,0.0
2094,3601,-0.26,1,2.0,0.01,0.0
2095,3601,-0.26,1,2.0,0.01,0.0
2096,3601,-0.26,1,2.0,0.01,0.0
2097,3601,-0.26,1,2.0,0.01,0.0
2098,3601,-0.26,1,2.0,0.01,0.0
2099,3601,-0.26,1,2.0,0.01,0.0
2100,3601,-0.26,1,2.0,0.01,0.0
2101,3601,-0.26,1,2.0,0.01,0.0
2102,3601,-0.26,1,2.0,0.01,0.0
2103,3601,-0.26,1,2.0,0.01,0.0
2104,3601,-0.26,1,2.0,0.01,0.0
2105,3601,-0.26,1,2.0,0.01,0.0
2106,3601,-0.26,1,2.0,0.01,0.0
2107,3601,-0.26,1,2.0,0.01,0.0
2108,3601,-0.26,1,2.0,0.01,0.0
2109,3601,-0.26,1,2.0,0.01,0.0
2110,3601,-0.26,1,2.0,0.01,0.0
2111,3601,-0.26,1,2.0,0.01,0.0
2112,3601,-0.26,1,2.0,0.01,0.0
2113,3601,-0.26,1,2.0,0.01,0.0
2114,3601,-0.26,1,2.0,0.01,0.0
2115,3601,-0.26,1,2.0,0.01,0.0
2116,3601,-0.26,1,2.0,0.01,0.0
2117,3601,-0.26,1,2.0,0.01,0.0
2118,3601,-0.26,1,2.0,0.01,0.0
2119,3601,-0.26,1,2.0,0.01,0.0
2120,3601,-0.26,1,2.0,0.01,0.0
2121,3601,-0.26,1,2.0,0.01,0.0
2122,3601,-0.26,1,2.0,0.01,0.0
2123,3601,-0.26,1,2.0,0.01,0.0
2124,3601,-0.26,1,2.0,0.01,0.0
2125,3601,-0.26,1,2.0,0.01,0.0
2126,3601,-0.26,1,2.0,0.01,0.0
2127,3601,-0.26,1,2.0,0.01,0.0
2128,3601,-0.26,1,2.0,0.01,0.0
2129,3601,-0.26,1,2.0,0.01,0.0
2130,3601,-0.26,1,2.0,0.01,0.0
2131,3601,-0.26,1,2.0,0.01,0.0
2132,3601,-0.26,1,2.0,0.01,0.0
2133,3601,-0.26,1,2.0,0.01,0.0
2134,3601,-0.26,1,2.0,0.01,0.0
2135,3601,-0.26,1,2.0,0.01,0.0
2136,3601,-0.26,1,2.0,0.01,0.0
2137,3601,-0.26,1,2.0,0.01,0.0
2138,3601,-0.26,1,2.0,0.01,0.0
2139,3601,-0.26,1,2.0,0.01,0.0
2140,3601,-0.26,1,2.0,0.01,0.0
2141,3601,-0.26,1,2.0,0.01,0.0
2142,3601,-0.26,1,2.0,0.01,0.0
2143,3601,-0.26,1,2.0,0.01,0.0
2144,3601,-0.26,1,2.0,0.01,0.0
2145,3601,-0.26,1,2.0,0.01,0.0
2146,3601,-0.26,1,2.0,0.01,0.0
2147,3601,-0.26,1,2.0,0.01,0.0
2148,3601,-0.26,1,2.0,0.01,0.0
2149,3601,-0.26,1,2.0,0.01,0.0
2150,3601,-0.26,1,2.0,0.01,0.0
2151,3601,-0.26,1,2.0,0.01,0.0
2152,3601,-0.26,1,2.0,0.01,0.0
2153,3601,-0.26,1,2.0,0.01,0.0
2154,3601,-0.26,1,2.0,0.01,0.0
2155,3601,-0.26,1,2.0,0.01,0.0
2156,3601,-0.26,1,2.0,0.01,0.0
2157,3601,-0.26,1,2.0,0.01,0.0
2158,3601,-0.26,1,2.0,0.01,0.0
2159,3601,-0.26,1,2.0,0.01,0.0
2160,3601,-0.26,1,2.0,0.01,0.0
2161,3601,-0.26,1,2.0,0.01,0.0
2162,3601,-0.26,1,2.0,0.01,0.0
2163,3601,-0.26,1,2.0,0.01,0.0
2164,3601,-0.26,1,2.0,0.01,0.0
2165,3601,-0.26,1,2.0,0.01,0.0
2166,3601,-0.26,1,2.0,0.01,0.0
2167,3601,-0.26,1,2.0,0.01,0.0
2168,3601,-0.26,1,2.0,0.01,0.0
2169,3601,-0.26,1,2.0,0.01,0.0
2170,3601,-0.26,1,2.0,0.01,0.0
2171,3601,-0.26,1,2.0,0.01,0.0
2172,3601,-0.26,1,2.0,0.01,0.0
2173,3601,-0.26,1,2.0,0.01,0.0
2174,3601,-0.26,1,2.0,0.01,0.0
2175,3601,-0.26,1,2.0,0.01,0.0
2176,3601,-0.26,1,2.0,0.01,0.0
2177,3601,-0.26,1,2.0,0.01,0.0
2178,3601,-0.26,1,2.0,0.01,0.0
2179,3601,-0.26,1,2.0,0.01,0.0
2180,3601,-0.26,1,2.0,0.01,0.0
2181,3601,-0.26,1,2.0,0.01,0.0
2182,3601,-0.26,1,2.0,0.01,0.0
2183,3601,-0.26,1,2.0,0.01,0.0
2184,3601,-0.26,1,2.0,0.01,0.0
2185,3601,-0.26,1,2.0,0.01,0.0
2186,3601,-0.26,1,2.0,0.01,0.0
2187,3601,-0.26,1,2.0,0.01,0.0
2188,3601,-0.26,1,2.0,0.01,0.0
2189,3601,-0.26,1,2.0,0.01,0.0
2190,3601,-0.26,1,2.0,0.01,0.0
2191,3601,-0.26,1,2.0,0.01,0.0
2192,3601,-0.26,1,2.0,0.01,0.0
2193,3601,-0.26,1,2.0,0.01,0.0
2194,3601,-0.26,1,2.0,0.01,0.0
2195,3601,-0.26,1,2.0,0.01,0.0
2196,3601,-0.26,1,2.0,0.01,0.0
2197,3601,-0.26,1,2.0,0.01,0.0
2198,3601,-0.26,1,2.0,0.01,0.0
2199,3601,-0.26,1,2.0,0.01,0.0
2200,3601,-0.26,1,2.0,0.01,0.0
2201,3601,-0.26,1,2.0,0.01,0.0
2202,3601,-0.26,1,2.0,0.01,0.0
2203,3601,-0.26,1,2.0,0.01,0.0
2204,3601,-0.26,1,2.0,0.01,0.0
2205,3601,-0.26,1,2.0,0.01,0.0
2206,3601,-0.26,1,2.0,0.01,0.0
2207,3601,-0.26,1,2.0,0.01,0.0
2208,3601,-0.26,1,2.0,0.01,0.0
2209,3601,-0.26,1,2.0,0.01,0.0
2210,3601,-0.26,1,2.0,0.01,0.0
2211,3601,-0.26,1,2.0,0.01,0.0
2212,3601,-0.26,1,2.0,0.01,0.0
2213,3601,-0.26,1,2.0,0.01,0.0
2214,3601,-0.26,1,2.0,0.01,0.0
2215,3601,-0.26,1,2.0,0.01,0.0
2216,3601,-0.26,1,2.0,0.01,0.0
2217,3601,-0.26,1,2.0,0.01,0.0
2218,3601,-0.26,1,2.0,0.01,0.0
2219,3601,-0.26,1,2.0,0.01,0.0
2220,3601,-0.26,1,2.0,0.01,0.0
2221,3601,-0.26,1,2.0,0.01,0.0
2222,3601,-0.26,1,2.0,0.01,0.0
2223,3601,-0.26,1,2.0,0.01,0.0
2224,3601,-0.26,1,2.0,0.01,0.0
2225,3601,-0.26,1,2.0,0.01,0.0
2226,3601,-0.26,1,2.0,0.01,0.0
2227,3601,-0.26,1,2.0,0.01,0.0
2228,3601,-0.26,1,2.0,0.01,0.0
2229,3601,-0.26,1,2.0,0.01,0.0
2230,3601,-0.26,1,2.0,0.01,0.0
2231,3601,-0.26,1,2.0,0.01,0.0
2232,3601,-0.26,1,2.0,0.01,0.0
2233,3601,-0.26,1,2.0,0.01,0.0
2234,3601,-0.26,1,2.0,0.01,0.0
2235,3601,-0.26,1,2.0,0.01,0.0
2236,3601,-0.26,1,2.0,0.01,0.0
2237,3601,-0.26,1,2.0,0.01,0.0
2238,3601,-0.26,1,2.0,0.01,0.0
2239,3601,-0.26,1,2.0,0.01,0.0
2240,3601,-0.26,1,2.0,0.01,0.0
2241,3601,-0.26,1,2.0,0.01,0.0
2242,3601,-0.26,1,2.0,0.01,0.0
2243,3601,-0.26,1,2.0,0.01,0.0
2244,3601,-0.26,1,2.0,0.01,0.0
2245,3601,-0.26,1,2.0,0.01,0.0
2246,3601,-0.26,1,2.0,0.01,0.0
2247,3601,-0.26,1,2.0,0.01,0.0
2248,3601,-0.26,1,2.0,0.01,0.0
2249,3601,-0.26,1,2.0,0.01,0.0
2250,3601,-0.26,1,2.0,0.01,0.0
2251,3601,-0.26,1,2.0,0.01,0.0
2252,3601,-0.26,1,2.0,0.01,0.0
2253,3601,-0.26,1,2.0,0.01,0.0
2254,3601,-0.26,1,2.0,0.01,0.0
2255,3601,-0.26,1,2.0,0.01,0.0
2256,3601,-0.26,1,2.0,0.01,0.0
2257,3601,-0.26,1,2.0,0.01,0.0
2258,3601,-0.26,1,2.0,0.01,0.0
2259,3601,-0.26,1,2.0,0.01,0.0
2260,3601,-0.26,1,2.0,0.01,0.0
2261,3601,-0.26,1,2.0,0.01,0.0
2262,3601,-0.26,1,2.0,0.01,0.0
2263,3601,-0.26,1,2.0,0.01,0.0
2264,3601,-0.26,1,2.0,0.01,0.0
2265,3601,-0.26,1,2.0,0.01,0.0
2266,3601,-0.26,1,2.0,0.01,0.0
2267,3601,-0.26,1,2.0,0.01,0.0
2268,3601,-0.26,1,2.0,0.01,0.0
2269,3601,-0.26,1,2.0,0.01,0.0
2270,3601,-0.26,1,2.0,0.01,0.0
2271,3601,-0.26,1,2.0,0.01,0.0
2272,3601,-0.26,1,2.0,0.01,0.0
2273,3601,-0.26,1,2.0,0.01,0.0
2274,3601,-0.26,1,2.0,0.01,0.0
2275,3601,-0.26,1,2.0,0.01,0.0
2276,3601,-0.26,1,2.0,0.01,0.0
2277,3601,-0.26,1,2.0,0.01,0.0
2278,3601,-0.26,1,2.0,0.01,0.0
2279,3601,-0.26,1,2.0,0.01,0.0
2280,3601,-0.26,1,2.0,0.01,0.0
2281,3601,-0.26,1,2.0,0.01,0.0
2282,3601,-0.26,1,2.0,0.01,0.0
2283,3601,-0.26,1,2.0,0.01,0.0
2284,3601,-0.26,1,2.0,0.01,0.0
2285,3601,-0.26,1,2.0,0.01,0.0
2286,3601,-0.26,1,2.0,0.01,0.0
2287,3601,-0.26,1,2.0,0.01,0.0
2288,3601,-0.26,1,2.0,0.01,0.0
2289,3601,-0.26,1,2.0,0.01,0.0
2290,3601,-0.26,1,2.0,0.01,0.0
2291,3601,-0.26,1,2.0,0.01,0.0
2292,3601,-0.26,1,2.0,0.01,0.0
2293,3601,-0.26,1,2.0,0.01,0.0
2294,3601,-0.26,1,2.0,0.01,0.0
2295,3601,-0.26,1,2.0,0.01,0.0
2296,3601,-0.26,1,2.0,0.01,0.0
2297,3601,-0.26,1,2.0,0.01,0.0
2298,3601,-0.26,1,2.0,0.01,0.0
2299,3601,-0.26,1,2.0,0.01,0.0
2300,3601,-0.26,1,2.0,0.01,0.0
2301,3601,-0.26,1,2.0,0.01,0.0
2302,3601,-0.26,1,2.0,0.01,0.0
2303,3601,-0.26,1,2.0,0.01,0.0
2304,3601,-0.26,1,2.0,0.01,0.0
2305,3601,-0.26,1,2.0,0.01,0.0
2306,3601,-0.26,1,2.0,0.01,0.0
2307,3601,-0.26,1,2.0,0.01,0.0
2308,3601,-0.26,1,2.0,0.01,0.0
2309,3601,-0.26,1,2.0,0.01,0.0
2310,3601,-0.26,1,2.0,0.01,0.0
2311,3601,-0.26,1,2.0,0.01,0.0
2312,3601,-0.26,1,2.0,0.01,0.0
2313,3601,-0.26,1,2.0,0.01,0.0
2314,3601,-0.26,1,2.0,0.01,0.0
2315,3601,-0.26,1,2.0,0.01,0.0
2316,3601,-0.26,1,2.0,0.01,0.0
2317,3601,-0.26,1,2.0,0.01,0.0
2318,3601,-0.26,1,2.0,0.01,0.0
2319,3601,-0.26,1,2.0,0.01,0.0
2320,3601,-0.26,1,2.0,0.01,0.0
2321,3601,-0.26,1,2.0,0.01,0.0
2322,3601,-0.26,1,2.0,0.01,0.0
2323,3601,-0.26,1,2.0,0.01,0.0
2324,3601,-0.26,1,2.0,0.01,0.0
2325,3601,-0.26,1,2.0,0.01,0.0
2326,3601,-0.26,1,2.0,0.01,0.0
2327,3601,-0.26,1,2.0,0.01,0.0
2328,3601,-0.26,1,2.0,0.01,0.0
2329,3601,-0.26,1,2.0,0.01,0.0
2330,3601,-0.26,1,2.0,0.01,0.0
2331,3601,-0.26,1,2.0,0.01,0.0
2332,3601,-0.26,1,2.0,0.01,0.0
2333,3601,-0.26,1,2.0,0.01,0.0
2334,3601,-0.26,1,2.0,0.01,0.0
2335,3601,-0.26,1,2.0,0.01,0.0
2336,3601,-0.26,1,2.0,0.01,0.0
2337,3601,-0.26,1,2.0,0.01,0.0
2338,3601,-0.26,1,2.0,0.01,0.0
2339,3601,-0.26,1,2.0,0.01,0.0
2340,3601,-0.26,1,2.0,0.01,0.0
2341,3601,-0.26,1,2.0,0.01,0.0
2342,3601,-0.26,1,2.0,0.01,0.0
2343,3601,-0.26,1,2.0,0.01,0.0
2344,3601,-0.26,1,2.0,0.01,0.0
2345,3601,-0.26,1,2.0,0.01,0.0
2346,3601,-0.26,1,2.0,0.01,0.0
2347,3601,-0.26,1,2.0,0.01,0.0
2348,3601,-0.26,1,2.0,0.01,0.0
2349,3601,-0.26,1,2.0,0.01,0.0
2350,3601,-0.26,1,2.0,0.01,0.0
2351,3601,-0.26,1,2.0,0.01,0.0
2352,3601,-0.26,1,2.0,0.01,0.0
2353,3601,-0.26,1,2.0,0.01,0.0
2354,3601,-0.26,1,2.0,0.01,0.0
2355,3601,-0.26,1,2.0,0.01,0.0
2356,3601,-0.26,1,2.0,0.01,0.0
2357,3601,-0.26,1,2.0,0.01,0.0
2358,3601,-0.26,1,2.0,0.01,0.0
2359,3601,-0.26,1,2.0,0.01,0.0
2360,3601,-0.26,1,2.0,0.01,0.0
2361,3601,-0.26,1,2.0,0.01,0.0
2362,3601,-0.26,1,2.0,0.01,0.0
2363,3601,-0.26,1,2.0,0.01,0.0
2364,3601,-0.26,1,2.0,0.01,0.0
2365,3601,-0.26,1,2.0,0.01,0.0
2366,3601,-0.26,1,2.0,0.01,0.0
2367,3601,-0.26,1,2.0,0.01,0.0
2368,3601,-0.26,1,2.0,0.01,0.0
2369,3601,-0.26,1,2.0,0.01,0.0
2370,3601,-0.26,1,2.0,0.01,0.0
2371,3601,-0.26,1,2.0,0.01,0.0
2372,3601,-0.26,1,2.0,0.01,0.0
2373,3601,-0.26,1,2.0,0.01,0.0
2374,3601,-0.26,1,2.0,0.01,0.0
2375,3601,-0.26,1,2.0,0.01,0.0
2376,3601,-0.26,1,2.0,0.01,0.0
2377,3601,-0.26,1,2.0,0.01,0.0
2378,3601,-0.26,1,2.0,0.01,0.0
2379,3601,-0.26,1,2.0,0.01,0.0
2380,3601,-0.26,1,2.0,0.01,0.0
2381,3601,-0.26,1,2.0,0.01,0.0
2382,3601,-0.26,1,2.0,0.01,0.0
2383,3601,-0.26,1,2.0,0.01,0.0
2384,3601,-0.26,1,2.0,0.01,0.0
2385,3601,-0.26,1,2.0,0.01,0.0
2386,3601,-0.26,1,2.0,0.01,0.0
2387,3601,-0.26,1,2.0,0.01,0.0
2388,3601,-0.26,1,2.0,0.01,0.0
2389,3601,-0.26,1,2.0,0.01,0.0
2390,3601,-0.26,1,2.0,0.01,0.0
2391,3601,-0.26,1,2.0,0.01,0.0
2392,3601,-0.26,1,2.0,0.01,0.0
2393,3601,-0.26,1,2.0,0.01,0.0
2394,3601,-0.26,1,2.0,0.01,0.0
2395,3601,-0.26,1,2.0,0.01,0.0
2396,3601,-0.26,1,2.0,0.01,0.0
2397,3601,-0.26,1,2.0,0.01,0.0
2398,3601,-0.26,1,2.0,0.01,0.0
2399,3601,-0.26,1,2.0,0.01,0.0
2400,3601,-0.26,1,2.0,0.01,0.0
2401,3601,-0.26,1,2.0,0.01,0.0
2402,3601,-0.26,1,2.0,0.01,0.0
2403,3601,-0.26,1,2.0,0.01,0.0
2404,3601,-0.26,1,2.0,0.01,0.0
2405,3601,-0.26,1,2.0,0.01,0.0
2406,3601,-0.26,1,2.0,0.01,0.0
2407,3601,-0.26,1,2.0,0.01,0.0
2408,3601,-0.26,1,2.0,0.01,0.0
2409,3601,-0.26,1,2.0,0.01,0.0
2410,3601,-0.26,1,2.0,0.01,0.0
2411,3601,-0.26,1,2.0,0.01,0.0
2412,3601,-0.26,1,2.0,0.01,0.0
2413,3601,-0.26,1,2.0,0.01,0.0
2414,3601,-0.26,1,2.0,0.01,0.0
2415,3601,-0.26,1,2.0,0.01,0.0
2416,3601,-0.26,1,2.0,0.01,0.0
2417,3601,-0.26,1,2.0,0.01,0.0
2418,3601,-0.26,1,2.0,0.01,0.0
2419,3601,-0.26,1,2.0,0.01,0.0
2420,3601,-0.26,1,2.0,0.01,0.0
2421,3601,-0.26,1,2.0,0.01,0.0
2422,3601,-0.26,1,2.0,0.01,0.0
2423,3601,-0.26,1,2.0,0.01,0.0
2424,3601,-0.26,1,2.0,0.01,0.0
2425,3601,-0.26,1,2.0,0.01,0.0
2426,3601,-0.26,1,2.0,0.01,0.0
2427,3601,-0.26,1,2.0,0.01,0.0
2428,3601,-0.26,1,2.0,0.01,0.0
2429,3601,-0.26,1,2.0,0.01,0.0
2430,3601,-0.26,1,2.0,0.01,0.0
2431,3601,-0.26,1,2.0,0.01,0.0
2432,3601,-0.26,1,2.0,0.01,0.0
2433,3601,-0.26,1,2.0,0.01,0.0
2434,3601,-0.26,1,2.0,0.01,0.0
2435,3601,-0.26,1,2.0,0.01,0.0
2436,3601,-0.26,1,2.0,0.01,0.0
2437,3601,-0.26,1,2.0,0.01,0.0
2438,3601,-0.26,1,2.0,0.01,0.0
2439,3601,-0.26,1,2.0,0.01,0.0
2440,3601,-0.26,1,2.0,0.01,0.0
2441,3601,-0.26,1,2.0,0.01,0.0
2442,3601,-0.26,1,2.0,0.01,0.0
2443,3601,-0.26,1,2.0,0.01,0.0
2444,3601,-0.26,1,2.0,0.01,0.0
2445,3601,-0.26,1,2.0,0.01,0.0
2446,3601,-0.26,1,2.0,0.01,0.0
2447,3601,-0.26,1,2.0,0.01,0.0
2448,3601,-0.26,1,2.0,0.01,0.0
2449,3601,-0.26,1,2.0,0.01,0.0
2450,3601,-0.26,1,2.0,0.01,0.0
2451,3601,-0.26,1,2.0,0.01,0.0
2452,3601,-0.26,1,2.0,0.01,0.0
2453,3601,-0.26,1,2.0,0.01,0.0
2454,3601,-0.26,1,2.0,0.01,0.0
2455,3601,-0.26,1,2.0,0.01,0.0
2456,3601,-0.26,1,2.0,0.01,0.0
2457,3601,-0.26,1,2.0,0.01,0.0
2458,3601,-0.26,1,2.0,0.01,0.0
2459,3601,-0.26,1,2.0,0.01,0.0
2460,3601,-0.26,1,2.0,0.01,0.0
2461,3601,-0.26,1,2.0,0.01,0.0
2462,3601,-0.26,1,2.0,0.01,0.0
2463,3601,-0.26,1,2.0,0.01,0.0
2464,3601,-0.26,1,2.0,0.01,0.0
2465,3601,-0.26,1,2.0,0.01,0.0
2466,3601,-0.26,1,2.0,0.01,0.0
2467,3601,-0.26,1,2.0,0.01,0.0
2468,3601,-0.26,1,2.0,0.01,0.0
2469,3601,-0.26,1,2.0,0.01,0.0
2470,3601,-0.26,1,2.0,0.01,0.0
2471,3601,-0.26,1,2.0,0.01,0.0
2472,3601,-0.26,1,2.0,0.01,0.0
2473,3601,-0.26,1,2.0,0.01,0.0
2474,3601,-0.26,1,2.0,0.01,0.0
2475,3601,-0.26,1,2.0,0.01,0.0
2476,3601,-0.26,1,2.0,0.01,0.0
2477,3601,-0.26,1,2.0,0.01,0.0
2478,3601,-0.26,1,2.0,0.01,0.0
2479,3601,-0.26,1,2.0,0.01,0.0
2480,3601,-0.26,1,2.0,0.01,0.0
2481,3601,-0.26,1,2.0,0.01,0.0
2482,3601,-0.26,1,2.0,0.01,0.0
2483,3601,-0.26,1,2.0,0.01,0.0
2484,3601,-0.26,1,2.0,0.01,0.0
2485,3601,-0.26,1,2.0,0.01,0.0
2486,3601,-0.26,1,2.0,0.01,0.0
2487,3601,-0.26,1,2.0,0.01,0.0
2488,3601,-0.26,1,2.0,0.01,0.0
2489,3601,-0.26,1,2.0,0.01,0.0
2490,3601,-0.26,1,2.0,0.01,0.0
2491,3601,-0.26,1,2.0,0.01,0.0
2492,3601,-0.26,1,2.0,0.01,0.0
2493,3601,-0.26,1,2.0,0.01,0.0
2494,3601,-0.26,1,2.0,0.01,0.0
2495,3601,-0.26,1,2.0,0.01,0.0
2496,3601,-0.26,1,2.0,0.01,0.0
2497,3601,-0.26,1,2.0,0.01,0.0
2498,3601,-0.26,1,2.0,0.01,0.0
2499,3601,-0.26,1,2.0,0.01,0.0
2500,3601,-0.26,1,2.0,0.01,0.0
2501,3601,-0.26,1,2.0,0.01,0.0
2502,3601,-0.26,1,2.0,0.01,0.0
2503,3601,-0.26,1,2.0,0.01,0.0
2504,3601,-0.26,1,2.0,0.01,0.0
2505,3601,-0.26,1,2.0,0.01,0.0
2506,3601,-0.26,1,2.0,0.01,0.0
2507,3601,-0.26,1,2.0,0.01,0.0
2508,3601,-0.26,1,2.0,0.01,0.0
2509,3601,-0.26,1,2.0,0.01,0.0
2510,3601,-0.26,1,2.0,0.01,0.0
2511,3601,-0.26,1,2.0,0.01,0.0
2512,3601,-0.26,1,2.0,0.01,0.0
2513,3601,-0.26,1,2.0,0.01,0.0
2514,3601,-0.26,1,2.0,0.01,0.0
2515,3601,-0.26,1,2.0,0.01,0.0
2516,3601,-0.26,1,2.0,0.01,0.0
2517,3601,-0.26,1,2.0,0.01,0.0
2518,3601,-0.26,1,2.0,0.01,0.0
2519,3601,-0.26,1,2.0,0.01,0.0
2520,3601,-0.26,1,2.0,0.01,0.0
2521,3601,-0.26,1,2.0,0.01,0.0
2522,3601,-0.26,1,2.0,0.01,0.0
2523,3601,-0.26,1,2.0,0.01,0.0
2524,3601,-0.26,1,2.0,0.01,0.0
2525,3601,-0.26,1,2.0,0.01,0.0
2526,3601,-0.26,1,2.0,0.01,0.0
2527,3601,-0.26,1,2.0,0.01,0.0
2528,3601,-0.26,1,2.0,0.01,0.0
2529,3601,-0.26,1,2.0,0.01,0.0
2530,3601,-0.26,1,2.0,0.01,0.0
2531,3601,-0.26,1,2.0,0.01,0.0
2532,3601,-0.26,1,2.0,0.01,0.0
2533,3601,-0.26,1,2.0,0.01,0.0
2534,3601,-0.26,1,2.0,0.01,0.0
2535,3601,-0.26,1,2.0,0.01,0.0
2536,3601,-0.26,1,2.0,0.01,0.0
2537,3601,-0.26,1,2.0,0.01,0.0
2538,3601,-0.26,1,2.0,0.01,0.0
2539,3601,-0.26,1,2.0,0.01,0.0
2540,3601,-0.26,1,2.0,0.01,0.0
2541,3601,-0.26,1,2.0,0.01,0.0
2542,3601,-0.26,1,2.0,0.01,0.0
2543,3601,-0.26,1,2.0,0.01,0.0
2544,3601,-0.26,1,2.0,0.01,0.0
2545,3601,-0.26,1,2.0,0.01,0.0
2546,3601,-0.26,1,2.0,0.01,0.0
2547,3601,-0.26,1,2.0,0.01,0.0
2548,3601,-0.26,1,2.0,0.01,0.0
2549,3601,-0.26,1,2.0,0.01,0.0
2550,3601,-0.26,1,2.0,0.01,0.0
2551,3601,-0.26,1,2.0,0.01,0.0
2552,3601,-0.26,1,2.0,0.01,0.0
2553,3601,-0.26,1,2.0,0.01,0.0
2554,3601,-0.26,1,2.0,0.01,0.0
2555,3601,-0.26,1,2.0,0.01,0.0
2556,3601,-0.26,1,2.0,0.01,0.0
2557,3601,-0.26,1,2.0,0.01,0.0
2558,3601,-0.26,1,2.0,0.01,0.0
2559,3601,-0.26,1,2.0,0.01,0.0
2560,3601,-0.26,1,2.0,0.01,0.0
2561,3601,-0.26,1,2.0,0.01,0.0
2562,3601,-0.26,1,2.0,0.01,0.0
2563,3601,-0.26,1,2.0,0.01,0.0
2564,3601,-0.26,1,2.0,0.01,0.0
2565,3601,-0.26,1,2.0,0.01,0.0
2566,3601,-0.26,1,2.0,0.01,0.0
2567,3601,-0.26,1,2.0,0.01,0.0
2568,3601,-0.26,1,2.0,0.01,0.0
2569,3601,-0.26,1,2.0,0.01,0.0
2570,3601,-0.26,1,2.0,0.01,0.0
2571,3601,-0.26,1,2.0,0.01,0.0
2572,3601,-0.26,1,2.0,0.01,0.0
2573,3601,-0.26,1,2.0,0.01,0.0
2574,3601,-0.26,1,2.0,0.01,0.0
2575,3601,-0.26,1,2.0,0.01,0.0
2576,3601,-0.26,1,2.0,0.01,0.0
2577,3601,-0.26,1,2.0,0.01,0.0
2578,3601,-0.26,1,2.0,0.01,0.0
2579,3601,-0.26,1,2.0,0.01,0.0
2580,3601,-0.26,1,2.0,0.01,0.0
2581,3601,-0.26,1,2.0,0.01,0.0
2582,3601,-0.26,1,2.0,0.01,0.0
2583,3601,-0.26,1,2.0,0.01,0.0
2584,3601,-0.26,1,2.0,0.01,0.0
2585,3601,-0.26,1,2.0,0.01,0.0
2586,3601,-0.26,1,2.0,0.01,0.0
2587,3601,-0.26,1,2.0,0.01,0.0
2588,3601,-0.26,1,2.0,0.01,0.0
2589,3601,-0.26,1,2.0,0.01,0.0
2590,3601,-0.26,1,2.0,0.01,0.0
2591,3601,-0.26,1,2.0,0.01,0.0
2592,3601,-0.26,1,2.0,0.01,0.0
2593,3601,-0.26,1,2.0,0.01,0.0
2594,3601,-0.26,1,2.0,0.01,0.0
2595,3601,-0.26,1,2.0,0.01,0.0
2596,3601,-0.26,1,2.0,0.01,0.0
2597,3601,-0.26,1,2.0,0.01,0.0
2598,3601,-0.26,1,2.0,0.01,0.0
2599,3601,-0.26,1,2.0,0.01,0.0
2600,3601,-0.26,1,2.0,0.01,0.0
2601,3601,-0.26,1,2.0,0.01,0.0
2602,3601,-0.26,1,2.0,0.01,0.0
2603,3601,-0.26,1,2.0,0.01,0.0
2604,3601,-0.26,1,2.0,0.01,0.0
2605,3601,-0.26,1,2.0,0.01,0.0
2606,3601,-0.26,1,2.0,0.01,0.0
2607,3601,-0.26,1,2.0,0.01,0.0
2608,3601,-0.26,1,2.0,0.01,0.0
2609,3601,-0.26,1,2.0,0.01,0.0
2610,3601,-0.26,1,2.0,0.01,0.0
2611,3601,-0.26,1,2.0,0.01,0.0
2612,3601,-0.26,1,2.0,0.01,0.0
2613,3601,-0.26,1,2.0,0.01,0.0
2614,3601,-0.26,1,2.0,0.01,0.0
2615,3601,-0.26,1,2.0,0.01,0.0
2616,3601,-0.26,1,2.0,0.01,0.0
2617,3601,-0.26,1,2.0,0.01,0.0
2618,3601,-0.26,1,2.0,0.01,0.0
2619,3601,-0.26,1,2.0,0.01,0.0
2620,3601,-0.26,1,2.0,0.01,0.0
2621,3601,-0.26,1,2.0,0.01,0.0
2622,3601,-0.26,1,2.0,0.01,0.0
2623,3601,-0.26,1,2.0,0.01,0.0
2624,3601,-0.26,1,2.0,0.01,0.0
2625,3601,-0.26,1,2.0,0.01,0.0
2626,3601,-0.26,1,2.0,0.01,0.0
2627,3601,-0.26,1,2.0,0.01,0.0
2628,3601,-0.26,1,2.0,0.01,0.0
2629,3601,-0.26,1,2.0,0.01,0.0
2630,3601,-0.26,1,2.0,0.01,0.0
2631,3601,-0.26,1,2.0,0.01,0.0
2632,3601,-0.26,1,2.0,0.01,0.0
2633,3601,-0.26,1,2.0,0.01,0.0
2634,3601,-0.26,1,2.0,0.01,0.0
2635,3601,-0.26,1,2.0,0.01,0.0
2636,3601,-0.26,1,2.0,0.01,0.0
2637,3601,-0.26,1,2.0,0.01,0.0
2638,3601,-0.26,1,2.0,0.01,0.0
2639,3601,-0.26,1,2.0,0.01,0.0
2640,3601,-0.26,1,2.0,0.01,0.0
2641,3601,-0.26,1,2.0,0.01,0.0
2642,3601,-0.26,1,2.0,0.01,0.0
2643,3601,-0.26,1,2.0,0.01,0.0
2644,3601,-0.26,1,2.0,0.01,0.0
2645,3601,-0.26,1,2.0,0.01,0.0
2646,3601,-0.26,1,2.0,0.01,0.0
2647,3601,-0.26,1,2.0,0.01,0.0
2648,3601,-0.26,1,2.0,0.01,0.0
2649,3601,-0.26,1,2.0,0.01,0.0
2650,3601,-0.26,1,2.0,0.01,0.0
2651,3601,-0.26,1,2.0,0.01,0.0
2652,3601,-0.26,1,2.0,0.01,0.0
2653,3601,-0.26,1,2.0,0.01,0.0
2654,3601,-0.26,1,2.0,0.01,0.0
2655,3601,-0.26,1,2.0,0.01,0.0
2656,3601,-0.26,1,2.0,0.01,0.0
2657,3601,-0.26,1,2.0,0.01,0.0
2658,3601,-0.26,1,2.0,0.01,0.0
2659,3601,-0.26,1,2.0,0.01,0.0
2660,3601,-0.26,1,2.0,0.01,0.0
2661,3601,-0.26,1,2.0,0.01,0.0
2662,3601,-0.26,1,2.0,0.01,0.0
2663,3601,-0.26,1,2.0,0.01,0.0
2664,3601,-0.26,1,2.0,0.01,0.0
2665,3601,-0.26,1,2.0,0.01,0.0
2666,3601,-0.26,1,2.0,0.01,0.0
2667,3601,-0.26,1,2.0,0.01,0.0
2668,3601,-0.26,1,2.0,0.01,0.0
2669,3601,-0.26,1,2.0,0.01,0.0
2670,3601,-0.26,1,2.0,0.01,0.0
2671,3601,-0.26,1,2.0,0.01,0.0
2672,3601,-0.26,1,2.0,0.01,0.0
2673,3601,-0.26,1,2.0,0.01,0.0
2674,3601,-0.26,1,2.0,0.01,0.0
2675,3601,-0.26,1,2.0,0.01,0.0
2676,3601,-0.26,1,2.0,0.01,0.0
2677,3601,-0.26,1,2.0,0.01,0.0
2678,3601,-0.26,1,2.0,0.01,0.0
2679,3601,-0.26,1,2.0,0.01,0.0
2680,3601,-0.26,1,2.0,0.01,0.0
2681,3601,-0.26,1,2.0,0.01,0.0
2682,3601,-0.26,1,2.0,0.01,0.0
2683,3601,-0.26,1,2.0,0.01,0.0
2684,3601,-0.26,1,2.0,0.01,0.0
2685,3601,-0.26,1,2.0,0.01,0.0
2686,3601,-0.26,1,2.0,0.01,0.0
2687,3601,-0.26,1,2.0,0.01,0.0
2688,3601,-0.26,1,2.0,0.01,0.0
2689,3601,-0.26,1,2.0,0.01,0.0
2690,3601,-0.26,1,2.0,0.01,0.0
2691,3601,-0.26,1,2.0,0.01,0.0
2692,3601,-0.26,1,2.0,0.01,0.0
2693,3601,-0.26,1,2.0,0.01,0.0
2694,3601,-0.26,1,2.0,0.01,0.0
2695,3601,-0.26,1,2.0,0.01,0.0
2696,3601,-0.26,1,2.0,0.01,0.0
2697,3601,-0.26,1,2.0,0.01,0.0
2698,3601,-0.26,1,2.0,0.01,0.0
2699,3601,-0.26,1,2.0,0.01,0.0
2700,3601,-0.26,1,2.0,0.01,0.0
2701,3601,-0.26,1,2.0,0.01,0.0
2702,3601,-0.26,1,2.0,0.01,0.0
2703,3601,-0.26,1,2.0,0.01,0.0
2704,3601,-0.26,1,2.0,0.01,0.0
2705,3601,-0.26,1,2.0,0.01,0.0
2706,3601,-0.26,1,2.0,0.01,0.0
2707,3601,-0.26,1,2.0,0.01,0.0
2708,3601,-0.26,1,2.0,0.01,0.0
2709,3601,-0.26,1,2.0,0.01,0.0
2710,3601,-0.26,1,2.0,0.01,0.0
2711,3601,-0.26,1,2.0,0.01,0.0
2712,3601,-0.26,1,2.0,0.01,0.0
2713,3601,-0.26,1,2.0,0.01,0.0
2714,3601,-0.26,1,2.0,0.01,0.0
2715,3601,-0.26,1,2.0,0.01,0.0
2716,3601,-0.26,1,2.0,0.01,0.0
2717,3601,-0.26,1,2.0,0.01,0.0
2718,3601,-0.26,1,2.0,0.01,0.0
2719,3601,-0.26,1,2.0,0.01,0.0
2720,3601,-0.26,1,2.0,0.01,0.0
2721,3601,-0.26,1,2.0,0.01,0.0
2722,3601,-0.26,1,2.0,0.01,0.0
2723,3601,-0.26,1,2.0,0.01,0.0
2724,3601,-0.26,1,2.0,0.01,0.0
2725,3601,-0.26,1,2.0,0.01,0.0
2726,3601,-0.26,1,2.0,0.01,0.0
2727,3601,-0.26,1,2.0,0.01,0.0
2728,3601,-0.26,1,2.0,0.01,0.0
2729,3601,-0.26,1,2.0,0.01,0.0
2730,3601,-0.26,1,2.0,0.01,0.0
2731,3601,-0.26,1,2.0,0.01,0.0
2732,3601,-0.26,1,2.0,0.01,0.0
2733,3601,-0.26,1,2.0,0.01,0.0
2734,3601,-0.26,1,2.0,0.01,0.0
2735,3601,-0.26,1,2.0,0.01,0.0
2736,3601,-0.26,1,2.0,0.01,0.0
2737,3601,-0.26,1,2.0,0.01,0.0
2738,3601,-0.26,1,2.0,0.01,0.0
2739,3601,-0.26,1,2.0,0.01,0.0
2740,3601,-0.26,1,2.0,0.01,0.0
2741,3601,-0.26,1,2.0,0.01,0.0
2742,3601,-0.26,1,2.0,0.01,0.0
2743,3601,-0.26,1,2.0,0.01,0.0
2744,3601,-0.26,1,2.0,0.01,0.0
2745,3601,-0.26,1,2.0,0.01,0.0
2746,3601,-0.26,1,2.0,0.01,0.0
2747,3601,-0.26,1,2.0,0.01,0.0
2748,3601,-0.26,1,2.0,0.01,0.0
2749,3601,-0.26,1,2.0,0.01,0.0
2750,3601,-0.26,1,2.0,0.01,0.0
2751,3601,-0.26,1,2.0,0.01,0.0
2752,3601,-0.26,1,2.0,0.01,0.0
2753,3601,-0.26,1,2.0,0.01,0.0
2754,3601,-0.26,1,2.0,0.01,0.0
2755,3601,-0.26,1,2.0,0.01,0.0
2756,3601,-0.26,1,2.0,0.01,0.0
2757,3601,-0.26,1,2.0,0.01,0.0
2758,3601,-0.26,1,2.0,0.01,0.0
2759,3601,-0.26,1,2.0,0.01,0.0
2760,3601,-0.26,1,2.0,0.01,0.0
2761,3601,-0.26,1,2.0,0.01,0.0
2762,3601,-0.26,1,2.0,0.01,0.0
2763,3601,-0.26,1,2.0,0.01,0.0
2764,3601,-0.26,1,2.0,0.01,0.0
2765,3601,-0.26,1,2.0,0.01,0.0
2766,3601,-0.26,1,2.0,0.01,0.0
2767,3601,-0.26,1,2.0,0.01,0.0
2768,3601,-0.26,1,2.0,0.01,0.0
2769,3601,-0.26,1,2.0,0.01,0.0
2770,3601,-0.26,1,2.0,0.01,0.0
2771,3601,-0.26,1,2.0,0.01,0.0
2772,3601,-0.26,1,2.0,0.01,0.0
2773,3601,-0.26,1,2.0,0.01,0.0
2774,3601,-0.26,1,2.0,0.01,0.0
2775,3601,-0.26,1,2.0,0.01,0.0
2776,3601,-0.26,1,2.0,0.01,0.0
2777,3601,-0.26,1,2.0,0.01,0.0
2778,3601,-0.26,1,2.0,0.01,0.0
2779,3601,-0.26,1,2.0,0.01,0.0
2780,3601,-0.26,1,2.0,0.01,0.0
2781,3601,-0.26,1,2.0,0.01,0.0
2782,3601,-0.26,1,2.0,0.01,0.0
2783,3601,-0.26,1,2.0,0.01,0.0
2784,3601,-0.26,1,2.0,0.01,0.0
2785,3601,-0.26,1,2.0,0.01,0.0
2786,3601,-0.26,1,2.0,0.01,0.0
2787,3601,-0.26,1,2.0,0.01,0.0
2788,3601,-0.26,1,2.0,0.01,0.0
2789,3601,-0.26,1,2.0,0.01,0.0
2790,3601,-0.26,1,2.0,0.01,0.0
2791,3601,-0.26,1,2.0,0.01,0.0
2792,3601,-0.26,1,2.0,0.01,0.0
2793,3601,-0.26,1,2.0,0.01,0.0
2794,3601,-0.26,1,2.0,0.01,0.0
2795,3601,-0.26,1,2.0,0.01,0.0
2796,3601,-0.26,1,2.0,0.01,0.0
2797,3601,-0.26,1,2.0,0.01,0.0
2798,3601,-0.26,1,2.0,0.01,0.0
2799,3601,-0.26,1,2.0,0.01,0.0
2800,3601,-0.26,1,2.0,0.01,0.0
2801,3601,-0.26,1,2.0,0.01,0.0
2802,3601,-0.26,1,2.0,0.01,0.0
2803,3601,-0.26,1,2.0,0.01,0.0
2804,3601,-0.26,1,2.0,0.01,0.0
2805,3601,-0.26,1,2.0,0.01,0.0
2806,3601,-0.26,1,2.0,0.01,0.0
2807,3601,-0.26,1,2.0,0.01,0.0
2808,3601,-0.26,1,2.0,0.01,0.0
2809,3601,-0.26,1,2.0,0.01,0.0
2810,3601,-0.26,1,2.0,0.01,0.0
2811,3601,-0.26,1,2.0,0.01,0.0
2812,3601,-0.26,1,2.0,0.01,0.0
2813,3601,-0.26,1,2.0,0.01,0.0
2814,3601,-0.26,1,2.0,0.01,0.0
2815,3601,-0.26,1,2.0,0.01,0.0
2816,3601,-0.26,1,2.0,0.01,0.0
2817,3601,-0.26,1,2.0,0.01,0.0
2818,3601,-0.26,1,2.0,0.01,0.0
2819,3601,-0.26,1,2.0,0.01,0.0
2820,3601,-0.26,1,2.0,0.01,0.0
2821,3601,-0.26,1,2.0,0.01,0.0
2822,3601,-0.26,1,2.0,0.01,0.0
2823,3601,-0.26,1,2.0,0.01,0.0
2824,3601,-0.26,1,2.0,0.01,0.0
2825,3601,-0.26,1,2.0,0.01,0.0
2826,3601,-0.26,1,2.0,0.01,0.0
2827,3601,-0.26,1,2.0,0.01,0.0
2828,3601,-0.26,1,2.0,0.01,0.0
2829,3601,-0.26,1,2.0,0.01,0.0
2830,3601,-0.26,1,2.0,0.01,0.0
2831,3601,-0.26,1,2.0,0.01,0.0
2832,3601,-0.26,1,2.0,0.01,0.0
2833,3601,-0.26,1,2.0,0.01,0.0
2834,3601,-0.26,1,2.0,0.01,0.0
2835,3601,-0.26,1,2.0,0.01,0.0
2836,3601,-0.26,1,2.0,0.01,0.0
2837,3601,-0.26,1,2.0,0.01,0.0
2838,3601,-0.26,1,2.0,0.01,0.0
2839,3601,-0.26,1,2.0,0.01,0.0
2840,3601,-0.26,1,2.0,0.01,0.0
2841,3601,-0.26,1,2.0,0.01,0.0
2842,3601,-0.26,1,2.0,0.01,0.0
2843,3601,-0.26,1,2.0,0.01,0.0
2844,3601,-0.26,1,2.0,0.01,0.0
2845,3601,-0.26,1,2.0,0.01,0.0
2846,3601,-0.26,1,2.0,0.01,0.0
2847,3601,-0.26,1,2.0,0.01,0.0
2848,3601,-0.26,1,2.0,0.01,0.0
2849,3601,-0.26,1,2.0,0.01,0.0
2850,3601,-0.26,1,2.0,0.01,0.0
2851,3601,-0.26,1,2.0,0.01,0.0
2852,3601,-0.26,1,2.0,0.01,0.0
2853,3601,-0.26,1,2.0,0.01,0.0
2854,3601,-0.26,1,2.0,0.01,0.0
2855,3601,-0.26,1,2.0,0.01,0.0
2856,3601,-0.26,1,2.0,0.01,0.0
2857,3601,-0.26,1,2.0,0.01,0.0
2858,3601,-0.26,1,2.0,0.01,0.0
2859,3601,-0.26,1,2.0,0.01,0.0
2860,3601,-0.26,1,2.0,0.01,0.0
2861,3601,-0.26,1,2.0,0.01,0.0
2862,3601,-0.26,1,2.0,0.01,0.0
2863,3601,-0.26,1,2.0,0.01,0.0
2864,3601,-0.26,1,2.0,0.01,0.0
2865,3601,-0.26,1,2.0,0.01,0.0
2866,3601,-0.26,1,2.0,0.01,0.0
2867,3601,-0.26,1,2.0,0.01,0.0
2868,3601,-0.26,1,2.0,0.01,0.0
2869,3601,-0.26,1,2.0,0.01,0.0
2870,3601,-0.26,1,2.0,0.01,0.0
2871,3601,-0.26,1,2.0,0.01,0.0
2872,3601,-0.26,1,2.0,0.01,0.0
2873,3601,-0.26,1,2.0,0.01,0.0
2874,3601,-0.26,1,2.0,0.01,0.0
2875,3601,-0.26,1,2.0,0.01,0.0
2876,3601,-0.26,1,2.0,0.01,0.0
2877,3601,-0.26,1,2.0,0.01,0.0
2878,3601,-0.26,1,2.0,0.01,0.0
2879,3601,-0.26,1,2.0,0.01,0.0
2880,3601,-0.26,1,2.0,0.01,0.0
2881,3601,-0.26,1,2.0,0.01,0.0
2882,3601,-0.26,1,2.0,0.01,0.0
2883,3601,-0.26,1,2.0,0.01,0.0
2884,3601,-0.26,1,2.0,0.01,0.0
2885,3601,-0.26,1,2.0,0.01,0.0
2886,3601,-0.26,1,2.0,0.01,0.0
2887,3601,-0.26,1,2.0,0.01,0.0
2888,3601,-0.26,1,2.0,0.01,0.0
2889,3601,-0.26,1,2.0,0.01,0.0
2890,3601,-0.26,1,2.0,0.01,0.0
2891,3601,-0.26,1,2.0,0.01,0.0
2892,3601,-0.26,1,2.0,0.01,0.0
2893,3601,-0.26,1,2.0,0.01,0.0
2894,3601,-0.26,1,2.0,0.01,0.0
2895,3601,-0.26,1,2.0,0.01,0.0
2896,3601,-0.26,1,2.0,0.01,0.0
2897,3601,-0.26,1,2.0,0.01,0.0
2898,3601,-0.26,1,2.0,0.01,0.0
2899,3601,-0.26,1,2.0,0.01,0.0
2900,3601,-0.26,1,2.0,0.01,0.0
2901,3601,-0.26,1,2.0,0.01,0.0
2902,3601,-0.26,1,2.0,0.01,0.0
2903,3601,-0.26,1,2.0,0.01,0.0
2904,3601,-0.26,1,2.0,0.01,0.0
2905,3601,-0.26,1,2.0,0.01,0.0
2906,3601,-0.26,1,2.0,0.01,0.0
2907,3601,-0.26,1,2.0,0.01,0.0
2908,3601,-0.26,1,2.0,0.01,0.0
2909,3601,-0.26,1,2.0,0.01,0.0
2910,3601,-0.26,1,2.0,0.01,0.0
2911,3601,-0.26,1,2.0,0.01,0.0
2912,3601,-0.26,1,2.0,0.01,0.0
2913,3601,-0.26,1,2.0,0.01,0.0
2914,3601,-0.26,1,2.0,0.01,0.0
2915,3601,-0.26,1,2.0,0.01,0.0
2916,3601,-0.26,1,2.0,0.01,0.0
2917,3601,-0.26,1,2.0,0.01,0.0
2918,3601,-0.26,1,2.0,0.01,0.0
2919,3601,-0.26,1,2.0,0.01,0.0
2920,3601,-0.26,1,2.0,0.01,0.0
2921,3601,-0.26,1,2.0,0.01,0.0
2922,3601,-0.26,1,2.0,0.01,0.0
2923,3601,-0.26,1,2.0,0.01,0.0
2924,3601,-0.26,1,2.0,0.01,0.0
2925,3601,-0.26,1,2.0,0.01,0.0
2926,3601,-0.26,1,2.0,0.01,0.0
2927,3601,-0.26,1,2.0,0.01,0.0
2928,3601,-0.26,1,2.0,0.01,0.0
2929,3601,-0.26,1,2.0,0.01,0.0
2930,3601,-0.26,1,2.0,0.01,0.0
2931,3601,-0.26,1,2.0,0.01,0.0
2932,3601,-0.26,1,2.0,0.01,0.0
2933,3601,-0.26,1,2.0,0.01,0.0
2934,3601,-0.26,1,2.0,0.01,0.0
2935,3601,-0.26,1,2.0,0.01,0.0
2936,3601,-0.26,1,2.0,0.01,0.0
2937,3601,-0.26,1,2.0,0.01,0.0
2938,3601,-0.26,1,2.0,0.01,0.0
2939,3601,-0.26,1,2.0,0.01,0.0
2940,3601,-0.26,1,2.0,0.01,0.0
2941,3601,-0.26,1,2.0,0.01,0.0
2942,3601,-0.26,1,2.0,0.01,0.0
2943,3601,-0.26,1,2.0,0.01,0.0
2944,3601,-0.26,1,2.0,0.01,0.0
2945,3601,-0.26,1,2.0,0.01,0.0
2946,3601,-0.26,1,2.0,0.01,0.0
2947,3601,-0.26,1,2.0,0.01,0.0
2948,3601,-0.26,1,2.0,0.01,0.0
2949,3601,-0.26,1,2.0,0.01,0.0
2950,3601,-0.26,1,2.0,0.01,0.0
2951,3601,-0.26,1,2.0,0.01,0.0
2952,3601,-0.26,1,2.0,0.01,0.0
2953,3601,-0.26,1,2.0,0.01,0.0
2954,3601,-0.26,1,2.0,0.01,0.0
2955,3601,-0.26,1,2.0,0.01,0.0
2956,3601,-0.26,1,2.0,0.01,0.0
2957,3601,-0.26,1,2.0,0.01,0.0
2958,3601,-0.26,1,2.0,0.01,0.0
2959,3601,-0.26,1,2.0,0.01,0.0
2960,3601,-0.26,1,2.0,0.01,0.0
2961,3601,-0.26,1,2.0,0.01,0.0
2962,3601,-0.26,1,2.0,0.01,0.0
2963,3601,-0.26,1,2.0,0.01,0.0
2964,3601,-0.26,1,2.0,0.01,0.0
2965,3601,-0.26,1,2.0,0.01,0.0
2966,3601,-0.26,1,2.0,0.01,0.0
2967,3601,-0.26,1,2.0,0.01,0.0
2968,3601,-0.26,1,2.0,0.01,0.0
2969,3601,-0.26,1,2.0,0.01,0.0
2970,3601,-0.26,1,2.0,0.01,0.0
2971,3601,-0.26,1,2.0,0.01,0.0
2972,3601,-0.26,1,2.0,0.01,0.0
2973,3601,-0.26,1,2.0,0.01,0.0
2974,3601,-0.26,1,2.0,0.01,0.0
2975,3601,-0.26,1,2.0,0.01,0.0
2976,3601,-0.26,1,2.0,0.01,0.0
2977,3601,-0.26,1,2.0,0.01,0.0
2978,3601,-0.26,1,2.0,0.01,0.0
2979,3601,-0.26,1,2.0,0.01,0.0
2980,3601,-0.26,1,2.0,0.01,0.0
2981,3601,-0.26,1,2.0,0.01,0.0
2982,3601,-0.26,1,2.0,0.01,0.0
2983,3601,-0.26,1,2.0,0.01,0.0
2984,3601,-0.26,1,2.0,0.01,0.0
2985,3601,-0.26,1,2.0,0.01,0.0
2986,3601,-0.26,1,2.0,0.01,0.0
2987,3601,-0.26,1,2.0,0.01,0.0
2988,3601,-0.26,1,2.0,0.01,0.0
2989,3601,-0.26,1,2.0,0.01,0.0
2990,3601,-0.26,1,2.0,0.01,0.0
2991,3601,-0.26,1,2.0,0.01,0.0
2992,3601,-0.26,1,2.0,0.01,0.0
2993,3601,-0.26,1,2.0,0.01,0.0
2994,3601,-0.26,1,2.0,0.01,0.0
2995,3601,-0.26,1,2.0,0.01,0.0
2996,3601,-0.26,1,2.0,0.01,0.0
2997,3601,-0.26,1,2.0,0.01,0.0
2998,3601,-0.26,1,2.0,0.01,0.0
2999,3601,-0.26,1,2.0,0.01,0.0
3000,3601,-0.26,1,2.0,0.01,0.0
3001,3601,-0.26,1,2.0,0.01,0.0
3002,3601,-0.26,1,2.0,0.01,0.0
3003,3601,-0.26,1,2.0,0.01,0.0
3004,3601,-0.26,1,2.0,0.01,0.0
3005,3601,-0.26,1,2.0,0.01,0.0
3006,3601,-0.26,1,2.0,0.01,0.0
3007,3601,-0.26,1,2.0,0.01,0.0
3008,3601,-0.26,1,2.0,0.01,0.0
3009,3601,-0.26,1,2.0,0.01,0.0
