TIME,PULSES,CONTROLLERVOLTAGE,CONTROLLER,KP,TAUD,TAUI 
NEXT EXPERIMENT0,0.0,-0.1963,1.0,0.375,0.01,0.0
1,0.0,-0.1963,1.0,0.375,0.01,0.0
2,0.0,-0.1963,1.0,0.375,0.01,0.0
3,0.0,-0.1963,1.0,0.375,0.01,0.0
4,0.0,-0.1963,1.0,0.375,0.01,0.0
5,0.0,-0.1963,1.0,0.375,0.01,0.0
6,0.0,-0.1963,1.0,0.375,0.01,0.0
7,0.0,-0.1963,1.0,0.375,0.01,0.0
8,0.0,-0.1963,1.0,0.375,0.01,0.0
9,0.0,-0.1963,1.0,0.375,0.01,0.0
10,0.0,353.5273,1.0,0.375,0.01,0.0
11,0.0,353.5273,1.0,0.375,0.01,0.0
12,0.0,353.5273,1.0,0.375,0.01,0.0
13,0.0,353.5273,1.0,0.375,0.01,0.0
14,1.0,353.5273,1.0,0.375,0.01,0.0
15,1.0,353.5273,1.0,0.375,0.01,0.0
16,2.0,353.5273,1.0,0.375,0.01,0.0
17,3.0,353.5273,1.0,0.375,0.01,0.0
18,4.0,353.5273,1.0,0.375,0.01,0.0
19,5.0,353.5273,1.0,0.375,0.01,0.0
20,6.0,176.2237,1.0,0.375,0.01,0.0
21,8.0,176.2237,1.0,0.375,0.01,0.0
22,9.0,176.2237,1.0,0.375,0.01,0.0
23,11.0,176.2237,1.0,0.375,0.01,0.0
24,12.0,176.2237,1.0,0.375,0.01,0.0
25,14.0,176.2237,1.0,0.375,0.01,0.0
26,16.0,176.2237,1.0,0.375,0.01,0.0
27,18.0,176.2237,1.0,0.375,0.01,0.0
28,20.0,176.2237,1.0,0.375,0.01,0.0
29,22.0,176.2237,1.0,0.375,0.01,0.0
30,24.0,174.8002,1.0,0.375,0.01,0.0
31,26.0,174.8002,1.0,0.375,0.01,0.0
32,28.0,174.8002,1.0,0.375,0.01,0.0
33,30.0,174.8002,1.0,0.375,0.01,0.0
34,33.0,174.8002,1.0,0.375,0.01,0.0
35,35.0,174.8002,1.0,0.375,0.01,0.0
36,38.0,174.8002,1.0,0.375,0.01,0.0
37,40.0,174.8002,1.0,0.375,0.01,0.0
38,43.0,174.8002,1.0,0.375,0.01,0.0
39,46.0,174.8002,1.0,0.375,0.01,0.0
40,48.0,173.2785,1.0,0.375,0.01,0.0
41,51.0,173.2785,1.0,0.375,0.01,0.0
42,54.0,173.2785,1.0,0.375,0.01,0.0
43,57.0,173.2785,1.0,0.375,0.01,0.0
44,60.0,173.2785,1.0,0.375,0.01,0.0
45,63.0,173.2785,1.0,0.375,0.01,0.0
46,66.0,173.2785,1.0,0.375,0.01,0.0
47,69.0,173.2785,1.0,0.375,0.01,0.0
48,72.0,173.2785,1.0,0.375,0.01,0.0
49,75.0,173.2785,1.0,0.375,0.01,0.0
50,78.0,171.6095,1.0,0.375,0.01,0.0
51,81.0,171.6095,1.0,0.375,0.01,0.0
52,86.0,171.6095,1.0,0.375,0.01,0.0
53,89.0,171.6095,1.0,0.375,0.01,0.0
54,92.0,171.6095,1.0,0.375,0.01,0.0
55,95.0,171.6095,1.0,0.375,0.01,0.0
56,99.0,171.6095,1.0,0.375,0.01,0.0
57,103.0,171.6095,1.0,0.375,0.01,0.0
58,106.0,171.6095,1.0,0.375,0.01,0.0
59,110.0,171.6095,1.0,0.375,0.01,0.0
60,113.0,169.5969,1.0,0.375,0.01,0.0
61,117.0,169.5969,1.0,0.375,0.01,0.0
62,120.0,169.5969,1.0,0.375,0.01,0.0
63,124.0,169.5969,1.0,0.375,0.01,0.0
64,127.0,169.5969,1.0,0.375,0.01,0.0
65,131.0,169.5969,1.0,0.375,0.01,0.0
66,135.0,169.5969,1.0,0.375,0.01,0.0
67,139.0,169.5969,1.0,0.375,0.01,0.0
68,142.0,169.5969,1.0,0.375,0.01,0.0
69,146.0,169.5969,1.0,0.375,0.01,0.0
70,150.0,167.7807,1.0,0.375,0.01,0.0
71,153.0,167.7807,1.0,0.375,0.01,0.0
72,157.0,167.7807,1.0,0.375,0.01,0.0
73,161.0,167.7807,1.0,0.375,0.01,0.0
74,164.0,167.7807,1.0,0.375,0.01,0.0
75,168.0,167.7807,1.0,0.375,0.01,0.0
76,172.0,167.7807,1.0,0.375,0.01,0.0
77,175.0,167.7807,1.0,0.375,0.01,0.0
78,179.0,167.7807,1.0,0.375,0.01,0.0
79,183.0,167.7807,1.0,0.375,0.01,0.0
80,187.0,165.9154,1.0,0.375,0.01,0.0
81,190.0,165.9154,1.0,0.375,0.01,0.0
82,194.0,165.9154,1.0,0.375,0.01,0.0
83,198.0,165.9154,1.0,0.375,0.01,0.0
84,203.0,165.9154,1.0,0.375,0.01,0.0
85,207.0,165.9154,1.0,0.375,0.01,0.0
86,210.0,165.9154,1.0,0.375,0.01,0.0
87,214.0,165.9154,1.0,0.375,0.01,0.0
88,219.0,165.9154,1.0,0.375,0.01,0.0
89,223.0,165.9154,1.0,0.375,0.01,0.0
90,227.0,163.8046,1.0,0.375,0.01,0.0
91,230.0,163.8046,1.0,0.375,0.01,0.0
92,234.0,163.8046,1.0,0.375,0.01,0.0
93,238.0,163.8046,1.0,0.375,0.01,0.0
94,242.0,163.8046,1.0,0.375,0.01,0.0
95,246.0,163.8046,1.0,0.375,0.01,0.0
96,250.0,163.8046,1.0,0.375,0.01,0.0
97,254.0,163.8046,1.0,0.375,0.01,0.0
98,258.0,163.8046,1.0,0.375,0.01,0.0
99,262.0,163.8046,1.0,0.375,0.01,0.0
100,267.0,161.9393,1.0,0.375,0.01,0.0
101,271.0,161.9393,1.0,0.375,0.01,0.0
102,274.0,161.9393,1.0,0.375,0.01,0.0
103,278.0,161.9393,1.0,0.375,0.01,0.0
104,282.0,161.9393,1.0,0.375,0.01,0.0
105,286.0,161.9393,1.0,0.375,0.01,0.0
106,290.0,161.9393,1.0,0.375,0.01,0.0
107,294.0,161.9393,1.0,0.375,0.01,0.0
108,300.0,161.9393,1.0,0.375,0.01,0.0
109,304.0,161.9393,1.0,0.375,0.01,0.0
110,308.0,159.7303,1.0,0.375,0.01,0.0
111,312.0,159.7303,1.0,0.375,0.01,0.0
112,316.0,159.7303,1.0,0.375,0.01,0.0
113,320.0,159.7303,1.0,0.375,0.01,0.0
114,324.0,159.7303,1.0,0.375,0.01,0.0
115,328.0,159.7303,1.0,0.375,0.01,0.0
116,332.0,159.7303,1.0,0.375,0.01,0.0
117,336.0,159.7303,1.0,0.375,0.01,0.0
118,340.0,159.7303,1.0,0.375,0.01,0.0
119,344.0,159.7303,1.0,0.375,0.01,0.0
120,349.0,157.865,1.0,0.375,0.01,0.0
121,353.0,157.865,1.0,0.375,0.01,0.0
122,357.0,157.865,1.0,0.375,0.01,0.0
123,361.0,157.865,1.0,0.375,0.01,0.0
124,365.0,157.865,1.0,0.375,0.01,0.0
125,369.0,157.865,1.0,0.375,0.01,0.0
126,374.0,157.865,1.0,0.375,0.01,0.0
127,378.0,157.865,1.0,0.375,0.01,0.0
128,383.0,157.865,1.0,0.375,0.01,0.0
129,387.0,157.865,1.0,0.375,0.01,0.0
130,391.0,155.607,1.0,0.375,0.01,0.0
131,395.0,155.607,1.0,0.375,0.01,0.0
132,399.0,155.607,1.0,0.375,0.01,0.0
133,403.0,155.607,1.0,0.375,0.01,0.0
134,407.0,155.607,1.0,0.375,0.01,0.0
135,411.0,155.607,1.0,0.375,0.01,0.0
136,416.0,155.607,1.0,0.375,0.01,0.0
137,420.0,155.607,1.0,0.375,0.01,0.0
138,423.0,155.607,1.0,0.375,0.01,0.0
139,427.0,155.607,1.0,0.375,0.01,0.0
140,431.0,153.7908,1.0,0.375,0.01,0.0
141,435.0,153.7908,1.0,0.375,0.01,0.0
142,439.0,153.7908,1.0,0.375,0.01,0.0
143,443.0,153.7908,1.0,0.375,0.01,0.0
144,448.0,153.7908,1.0,0.375,0.01,0.0
145,452.0,153.7908,1.0,0.375,0.01,0.0
146,456.0,153.7908,1.0,0.375,0.01,0.0
147,460.0,153.7908,1.0,0.375,0.01,0.0
148,466.0,153.7908,1.0,0.375,0.01,0.0
149,470.0,153.7908,1.0,0.375,0.01,0.0
150,475.0,151.5328,1.0,0.375,0.01,0.0
151,479.0,151.5328,1.0,0.375,0.01,0.0
152,484.0,151.5328,1.0,0.375,0.01,0.0
153,488.0,151.5328,1.0,0.375,0.01,0.0
154,492.0,151.5328,1.0,0.375,0.01,0.0
155,496.0,151.5328,1.0,0.375,0.01,0.0
156,500.0,151.5328,1.0,0.375,0.01,0.0
157,504.0,151.5328,1.0,0.375,0.01,0.0
158,508.0,151.5328,1.0,0.375,0.01,0.0
159,512.0,151.5328,1.0,0.375,0.01,0.0
160,516.0,149.5202,1.0,0.375,0.01,0.0
161,520.0,149.5202,1.0,0.375,0.01,0.0
162,524.0,149.5202,1.0,0.375,0.01,0.0
163,528.0,149.5202,1.0,0.375,0.01,0.0
164,533.0,149.5202,1.0,0.375,0.01,0.0
165,537.0,149.5202,1.0,0.375,0.01,0.0
166,541.0,149.5202,1.0,0.375,0.01,0.0
167,545.0,149.5202,1.0,0.375,0.01,0.0
168,550.0,149.5202,1.0,0.375,0.01,0.0
169,554.0,149.5202,1.0,0.375,0.01,0.0
170,558.0,147.4585,1.0,0.375,0.01,0.0
171,562.0,147.4585,1.0,0.375,0.01,0.0
172,566.0,147.4585,1.0,0.375,0.01,0.0
173,570.0,147.4585,1.0,0.375,0.01,0.0
174,574.0,147.4585,1.0,0.375,0.01,0.0
175,578.0,147.4585,1.0,0.375,0.01,0.0
176,582.0,147.4585,1.0,0.375,0.01,0.0
177,586.0,147.4585,1.0,0.375,0.01,0.0
178,590.0,147.4585,1.0,0.375,0.01,0.0
179,594.0,147.4585,1.0,0.375,0.01,0.0
180,599.0,145.5932,1.0,0.375,0.01,0.0
181,603.0,145.5932,1.0,0.375,0.01,0.0
182,608.0,145.5932,1.0,0.375,0.01,0.0
183,612.0,145.5932,1.0,0.375,0.01,0.0
184,617.0,145.5932,1.0,0.375,0.01,0.0
185,621.0,145.5932,1.0,0.375,0.01,0.0
186,625.0,145.5932,1.0,0.375,0.01,0.0
187,630.0,145.5932,1.0,0.375,0.01,0.0
188,634.0,145.5932,1.0,0.375,0.01,0.0
189,638.0,145.5932,1.0,0.375,0.01,0.0
190,642.0,143.237,1.0,0.375,0.01,0.0
191,646.0,143.237,1.0,0.375,0.01,0.0
192,650.0,143.237,1.0,0.375,0.01,0.0
193,654.0,143.237,1.0,0.375,0.01,0.0
194,658.0,143.237,1.0,0.375,0.01,0.0
195,662.0,143.237,1.0,0.375,0.01,0.0
196,666.0,143.237,1.0,0.375,0.01,0.0
197,671.0,143.237,1.0,0.375,0.01,0.0
198,675.0,143.237,1.0,0.375,0.01,0.0
199,679.0,143.237,1.0,0.375,0.01,0.0
200,683.0,141.2735,1.0,0.375,0.01,0.0
201,688.0,141.2735,1.0,0.375,0.01,0.0
202,691.0,141.2735,1.0,0.375,0.01,0.0
203,697.0,141.2735,1.0,0.375,0.01,0.0
204,701.0,141.2735,1.0,0.375,0.01,0.0
205,705.0,141.2735,1.0,0.375,0.01,0.0
206,709.0,141.2735,1.0,0.375,0.01,0.0
207,714.0,141.2735,1.0,0.375,0.01,0.0
208,718.0,141.2735,1.0,0.375,0.01,0.0
209,723.0,141.2735,1.0,0.375,0.01,0.0
210,727.0,139.1137,1.0,0.375,0.01,0.0
211,731.0,139.1137,1.0,0.375,0.01,0.0
212,735.0,139.1137,1.0,0.375,0.01,0.0
213,739.0,139.1137,1.0,0.375,0.01,0.0
214,743.0,139.1137,1.0,0.375,0.01,0.0
215,748.0,139.1137,1.0,0.375,0.01,0.0
216,752.0,139.1137,1.0,0.375,0.01,0.0
217,756.0,139.1137,1.0,0.375,0.01,0.0
218,760.0,139.1137,1.0,0.375,0.01,0.0
219,765.0,139.1137,1.0,0.375,0.01,0.0
220,769.0,137.1011,1.0,0.375,0.01,0.0
221,774.0,137.1011,1.0,0.375,0.01,0.0
222,778.0,137.1011,1.0,0.375,0.01,0.0
223,782.0,137.1011,1.0,0.375,0.01,0.0
224,786.0,137.1011,1.0,0.375,0.01,0.0
225,790.0,137.1011,1.0,0.375,0.01,0.0
226,794.0,137.1011,1.0,0.375,0.01,0.0
227,798.0,137.1011,1.0,0.375,0.01,0.0
228,802.0,137.1011,1.0,0.375,0.01,0.0
229,807.0,137.1011,1.0,0.375,0.01,0.0
230,811.0,135.0394,1.0,0.375,0.01,0.0
231,816.0,135.0394,1.0,0.375,0.01,0.0
232,820.0,135.0394,1.0,0.375,0.01,0.0
233,824.0,135.0394,1.0,0.375,0.01,0.0
234,828.0,135.0394,1.0,0.375,0.01,0.0
235,832.0,135.0394,1.0,0.375,0.01,0.0
236,836.0,135.0394,1.0,0.375,0.01,0.0
237,840.0,135.0394,1.0,0.375,0.01,0.0
238,844.0,135.0394,1.0,0.375,0.01,0.0
239,848.0,135.0394,1.0,0.375,0.01,0.0
240,852.0,132.9777,1.0,0.375,0.01,0.0
241,857.0,132.9777,1.0,0.375,0.01,0.0
242,861.0,132.9777,1.0,0.375,0.01,0.0
243,865.0,132.9777,1.0,0.375,0.01,0.0
244,869.0,132.9777,1.0,0.375,0.01,0.0
245,873.0,132.9777,1.0,0.375,0.01,0.0
246,877.0,132.9777,1.0,0.375,0.01,0.0
247,881.0,132.9777,1.0,0.375,0.01,0.0
248,885.0,132.9777,1.0,0.375,0.01,0.0
249,889.0,132.9777,1.0,0.375,0.01,0.0
250,893.0,131.1124,1.0,0.375,0.01,0.0
251,897.0,131.1124,1.0,0.375,0.01,0.0
252,901.0,131.1124,1.0,0.375,0.01,0.0
253,905.0,131.1124,1.0,0.375,0.01,0.0
254,909.0,131.1124,1.0,0.375,0.01,0.0
255,914.0,131.1124,1.0,0.375,0.01,0.0
256,919.0,131.1124,1.0,0.375,0.01,0.0
257,923.0,131.1124,1.0,0.375,0.01,0.0
258,927.0,131.1124,1.0,0.375,0.01,0.0
259,931.0,131.1124,1.0,0.375,0.01,0.0
260,935.0,128.9526,1.0,0.375,0.01,0.0
261,939.0,128.9526,1.0,0.375,0.01,0.0
262,943.0,128.9526,1.0,0.375,0.01,0.0
263,947.0,128.9526,1.0,0.375,0.01,0.0
264,951.0,128.9526,1.0,0.375,0.01,0.0
265,955.0,128.9526,1.0,0.375,0.01,0.0
266,959.0,128.9526,1.0,0.375,0.01,0.0
267,964.0,128.9526,1.0,0.375,0.01,0.0
268,969.0,128.9526,1.0,0.375,0.01,0.0
269,973.0,128.9526,1.0,0.375,0.01,0.0
270,977.0,126.8909,1.0,0.375,0.01,0.0
271,981.0,126.8909,1.0,0.375,0.01,0.0
272,985.0,126.8909,1.0,0.375,0.01,0.0
273,989.0,126.8909,1.0,0.375,0.01,0.0
274,993.0,126.8909,1.0,0.375,0.01,0.0
275,997.0,126.8909,1.0,0.375,0.01,0.0
276,1001.0,126.8909,1.0,0.375,0.01,0.0
277,1005.0,126.8909,1.0,0.375,0.01,0.0
278,1009.0,126.8909,1.0,0.375,0.01,0.0
279,1014.0,126.8909,1.0,0.375,0.01,0.0
280,1019.0,124.9274,1.0,0.375,0.01,0.0
281,1023.0,124.9274,1.0,0.375,0.01,0.0
282,1027.0,124.9274,1.0,0.375,0.01,0.0
283,1031.0,124.9274,1.0,0.375,0.01,0.0
284,1035.0,124.9274,1.0,0.375,0.01,0.0
285,1039.0,124.9274,1.0,0.375,0.01,0.0
286,1043.0,124.9274,1.0,0.375,0.01,0.0
287,1047.0,124.9274,1.0,0.375,0.01,0.0
288,1051.0,124.9274,1.0,0.375,0.01,0.0
289,1055.0,124.9274,1.0,0.375,0.01,0.0
290,1059.0,122.8167,1.0,0.375,0.01,0.0
291,1063.0,122.8167,1.0,0.375,0.01,0.0
292,1067.0,122.8167,1.0,0.375,0.01,0.0
293,1072.0,122.8167,1.0,0.375,0.01,0.0
294,1076.0,122.8167,1.0,0.375,0.01,0.0
295,1080.0,122.8167,1.0,0.375,0.01,0.0
296,1084.0,122.8167,1.0,0.375,0.01,0.0
297,1088.0,122.8167,1.0,0.375,0.01,0.0
298,1092.0,122.8167,1.0,0.375,0.01,0.0
299,1096.0,122.8167,1.0,0.375,0.01,0.0
300,1100.0,120.8531,1.0,0.375,0.01,0.0
301,1104.0,120.8531,1.0,0.375,0.01,0.0
302,1108.0,120.8531,1.0,0.375,0.01,0.0
303,1112.0,120.8531,1.0,0.375,0.01,0.0
304,1117.0,120.8531,1.0,0.375,0.01,0.0
305,1122.0,120.8531,1.0,0.375,0.01,0.0
306,1126.0,120.8531,1.0,0.375,0.01,0.0
307,1130.0,120.8531,1.0,0.375,0.01,0.0
308,1134.0,120.8531,1.0,0.375,0.01,0.0
309,1138.0,120.8531,1.0,0.375,0.01,0.0
310,1142.0,118.8406,1.0,0.375,0.01,0.0
311,1146.0,118.8406,1.0,0.375,0.01,0.0
312,1150.0,118.8406,1.0,0.375,0.01,0.0
313,1155.0,118.8406,1.0,0.375,0.01,0.0
314,1160.0,118.8406,1.0,0.375,0.01,0.0
315,1164.0,118.8406,1.0,0.375,0.01,0.0
316,1168.0,118.8406,1.0,0.375,0.01,0.0
317,1172.0,118.8406,1.0,0.375,0.01,0.0
318,1176.0,118.8406,1.0,0.375,0.01,0.0
319,1180.0,118.8406,1.0,0.375,0.01,0.0
320,1184.0,116.7298,1.0,0.375,0.01,0.0
321,1188.0,116.7298,1.0,0.375,0.01,0.0
322,1192.0,116.7298,1.0,0.375,0.01,0.0
323,1196.0,116.7298,1.0,0.375,0.01,0.0
324,1200.0,116.7298,1.0,0.375,0.01,0.0
325,1205.0,116.7298,1.0,0.375,0.01,0.0
326,1209.0,116.7298,1.0,0.375,0.01,0.0
327,1213.0,116.7298,1.0,0.375,0.01,0.0
328,1217.0,116.7298,1.0,0.375,0.01,0.0
329,1222.0,116.7298,1.0,0.375,0.01,0.0
330,1226.0,114.6681,1.0,0.375,0.01,0.0
331,1230.0,114.6681,1.0,0.375,0.01,0.0
332,1234.0,114.6681,1.0,0.375,0.01,0.0
333,1238.0,114.6681,1.0,0.375,0.01,0.0
334,1242.0,114.6681,1.0,0.375,0.01,0.0
335,1246.0,114.6681,1.0,0.375,0.01,0.0
336,1250.0,114.6681,1.0,0.375,0.01,0.0
337,1255.0,114.6681,1.0,0.375,0.01,0.0
338,1259.0,114.6681,1.0,0.375,0.01,0.0
339,1263.0,114.6681,1.0,0.375,0.01,0.0
340,1267.0,112.7046,1.0,0.375,0.01,0.0
341,1272.0,112.7046,1.0,0.375,0.01,0.0
342,1276.0,112.7046,1.0,0.375,0.01,0.0
343,1280.0,112.7046,1.0,0.375,0.01,0.0
344,1284.0,112.7046,1.0,0.375,0.01,0.0
345,1288.0,112.7046,1.0,0.375,0.01,0.0
346,1292.0,112.7046,1.0,0.375,0.01,0.0
347,1296.0,112.7046,1.0,0.375,0.01,0.0
348,1300.0,112.7046,1.0,0.375,0.01,0.0
349,1305.0,112.7046,1.0,0.375,0.01,0.0
350,1309.0,110.5939,1.0,0.375,0.01,0.0
351,1313.0,110.5939,1.0,0.375,0.01,0.0
352,1318.0,110.5939,1.0,0.375,0.01,0.0
353,1322.0,110.5939,1.0,0.375,0.01,0.0
354,1326.0,110.5939,1.0,0.375,0.01,0.0
355,1330.0,110.5939,1.0,0.375,0.01,0.0
356,1334.0,110.5939,1.0,0.375,0.01,0.0
357,1338.0,110.5939,1.0,0.375,0.01,0.0
358,1342.0,110.5939,1.0,0.375,0.01,0.0
359,1346.0,110.5939,1.0,0.375,0.01,0.0
360,1351.0,108.5322,1.0,0.375,0.01,0.0
361,1355.0,108.5322,1.0,0.375,0.01,0.0
362,1359.0,108.5322,1.0,0.375,0.01,0.0
363,1363.0,108.5322,1.0,0.375,0.01,0.0
364,1367.0,108.5322,1.0,0.375,0.01,0.0
365,1371.0,108.5322,1.0,0.375,0.01,0.0
366,1375.0,108.5322,1.0,0.375,0.01,0.0
367,1379.0,108.5322,1.0,0.375,0.01,0.0
368,1383.0,108.5322,1.0,0.375,0.01,0.0
369,1387.0,108.5322,1.0,0.375,0.01,0.0
370,1391.0,106.5687,1.0,0.375,0.01,0.0
371,1395.0,106.5687,1.0,0.375,0.01,0.0
372,1401.0,106.5687,1.0,0.375,0.01,0.0
373,1405.0,106.5687,1.0,0.375,0.01,0.0
374,1408.0,106.5687,1.0,0.375,0.01,0.0
375,1412.0,106.5687,1.0,0.375,0.01,0.0
376,1416.0,106.5687,1.0,0.375,0.01,0.0
377,1420.0,106.5687,1.0,0.375,0.01,0.0
378,1424.0,106.5687,1.0,0.375,0.01,0.0
379,1428.0,106.5687,1.0,0.375,0.01,0.0
380,1432.0,104.5561,1.0,0.375,0.01,0.0
381,1436.0,104.5561,1.0,0.375,0.01,0.0
382,1441.0,104.5561,1.0,0.375,0.01,0.0
383,1445.0,104.5561,1.0,0.375,0.01,0.0
384,1450.0,104.5561,1.0,0.375,0.01,0.0
385,1454.0,104.5561,1.0,0.375,0.01,0.0
386,1459.0,104.5561,1.0,0.375,0.01,0.0
387,1463.0,104.5561,1.0,0.375,0.01,0.0
388,1467.0,104.5561,1.0,0.375,0.01,0.0
389,1471.0,104.5561,1.0,0.375,0.01,0.0
390,1475.0,102.4454,1.0,0.375,0.01,0.0
391,1479.0,102.4454,1.0,0.375,0.01,0.0
392,1483.0,102.4454,1.0,0.375,0.01,0.0
393,1488.0,102.4454,1.0,0.375,0.01,0.0
394,1492.0,102.4454,1.0,0.375,0.01,0.0
395,1496.0,102.4454,1.0,0.375,0.01,0.0
396,1500.0,102.4454,1.0,0.375,0.01,0.0
397,1503.0,102.4454,1.0,0.375,0.01,0.0
398,1507.0,102.4454,1.0,0.375,0.01,0.0
399,1512.0,102.4454,1.0,0.375,0.01,0.0
400,1516.0,100.4819,1.0,0.375,0.01,0.0
401,1520.0,100.4819,1.0,0.375,0.01,0.0
402,1524.0,100.4819,1.0,0.375,0.01,0.0
403,1528.0,100.4819,1.0,0.375,0.01,0.0
404,1532.0,100.4819,1.0,0.375,0.01,0.0
405,1537.0,100.4819,1.0,0.375,0.01,0.0
406,1541.0,100.4819,1.0,0.375,0.01,0.0
407,1545.0,100.4819,1.0,0.375,0.01,0.0
408,1549.0,100.4819,1.0,0.375,0.01,0.0
409,1554.0,100.4819,1.0,0.375,0.01,0.0
410,1558.0,98.3711,1.0,0.375,0.01,0.0
411,1563.0,98.3711,1.0,0.375,0.01,0.0
412,1567.0,98.3711,1.0,0.375,0.01,0.0
413,1571.0,98.3711,1.0,0.375,0.01,0.0
414,1575.0,98.3711,1.0,0.375,0.01,0.0
415,1579.0,98.3711,1.0,0.375,0.01,0.0
416,1584.0,98.3711,1.0,0.375,0.01,0.0
417,1588.0,98.3711,1.0,0.375,0.01,0.0
418,1592.0,98.3711,1.0,0.375,0.01,0.0
419,1596.0,98.3711,1.0,0.375,0.01,0.0
420,1600.0,96.3095,1.0,0.375,0.01,0.0
421,1605.0,96.3095,1.0,0.375,0.01,0.0
422,1609.0,96.3095,1.0,0.375,0.01,0.0
423,1613.0,96.3095,1.0,0.375,0.01,0.0
424,1617.0,96.3095,1.0,0.375,0.01,0.0
425,1621.0,96.3095,1.0,0.375,0.01,0.0
426,1626.0,96.3095,1.0,0.375,0.01,0.0
427,1630.0,96.3095,1.0,0.375,0.01,0.0
428,1634.0,96.3095,1.0,0.375,0.01,0.0
429,1638.0,96.3095,1.0,0.375,0.01,0.0
430,1642.0,94.2478,1.0,0.375,0.01,0.0
431,1646.0,94.2478,1.0,0.375,0.01,0.0
432,1650.0,94.2478,1.0,0.375,0.01,0.0
433,1655.0,94.2478,1.0,0.375,0.01,0.0
434,1659.0,94.2478,1.0,0.375,0.01,0.0
435,1663.0,94.2478,1.0,0.375,0.01,0.0
436,1667.0,94.2478,1.0,0.375,0.01,0.0
437,1671.0,94.2478,1.0,0.375,0.01,0.0
438,1676.0,94.2478,1.0,0.375,0.01,0.0
439,1680.0,94.2478,1.0,0.375,0.01,0.0
440,1684.0,92.1861,1.0,0.375,0.01,0.0
441,1688.0,92.1861,1.0,0.375,0.01,0.0
442,1692.0,92.1861,1.0,0.375,0.01,0.0
443,1696.0,92.1861,1.0,0.375,0.01,0.0
444,1701.0,92.1861,1.0,0.375,0.01,0.0
445,1705.0,92.1861,1.0,0.375,0.01,0.0
446,1709.0,92.1861,1.0,0.375,0.01,0.0
447,1713.0,92.1861,1.0,0.375,0.01,0.0
448,1717.0,92.1861,1.0,0.375,0.01,0.0
449,1722.0,92.1861,1.0,0.375,0.01,0.0
450,1726.0,90.1245,1.0,0.375,0.01,0.0
451,1730.0,90.1245,1.0,0.375,0.01,0.0
452,1734.0,90.1245,1.0,0.375,0.01,0.0
453,1738.0,90.1245,1.0,0.375,0.01,0.0
454,1742.0,90.1245,1.0,0.375,0.01,0.0
455,1746.0,90.1245,1.0,0.375,0.01,0.0
456,1751.0,90.1245,1.0,0.375,0.01,0.0
457,1755.0,90.1245,1.0,0.375,0.01,0.0
458,1759.0,90.1245,1.0,0.375,0.01,0.0
459,1764.0,90.1245,1.0,0.375,0.01,0.0
460,1768.0,88.0628,1.0,0.375,0.01,0.0
461,1772.0,88.0628,1.0,0.375,0.01,0.0
462,1776.0,88.0628,1.0,0.375,0.01,0.0
463,1780.0,88.0628,1.0,0.375,0.01,0.0
464,1784.0,88.0628,1.0,0.375,0.01,0.0
465,1788.0,88.0628,1.0,0.375,0.01,0.0
466,1793.0,88.0628,1.0,0.375,0.01,0.0
467,1797.0,88.0628,1.0,0.375,0.01,0.0
468,1802.0,88.0628,1.0,0.375,0.01,0.0
469,1807.0,88.0628,1.0,0.375,0.01,0.0
470,1812.0,85.9029,1.0,0.375,0.01,0.0
471,1816.0,85.9029,1.0,0.375,0.01,0.0
472,1820.0,85.9029,1.0,0.375,0.01,0.0
473,1825.0,85.9029,1.0,0.375,0.01,0.0
474,1829.0,85.9029,1.0,0.375,0.01,0.0
475,1833.0,85.9029,1.0,0.375,0.01,0.0
476,1837.0,85.9029,1.0,0.375,0.01,0.0
477,1841.0,85.9029,1.0,0.375,0.01,0.0
478,1846.0,85.9029,1.0,0.375,0.01,0.0
479,1852.0,85.9029,1.0,0.375,0.01,0.0
480,1856.0,83.5958,1.0,0.375,0.01,0.0
481,1860.0,83.5958,1.0,0.375,0.01,0.0
482,1864.0,83.5958,1.0,0.375,0.01,0.0
483,1868.0,83.5958,1.0,0.375,0.01,0.0
484,1872.0,83.5958,1.0,0.375,0.01,0.0
485,1877.0,83.5958,1.0,0.375,0.01,0.0
486,1881.0,83.5958,1.0,0.375,0.01,0.0
487,1885.0,83.5958,1.0,0.375,0.01,0.0
488,1889.0,83.5958,1.0,0.375,0.01,0.0
489,1894.0,83.5958,1.0,0.375,0.01,0.0
490,1898.0,81.6814,1.0,0.375,0.01,0.0
491,1903.0,81.6814,1.0,0.375,0.01,0.0
492,1907.0,81.6814,1.0,0.375,0.01,0.0
493,1911.0,81.6814,1.0,0.375,0.01,0.0
494,1915.0,81.6814,1.0,0.375,0.01,0.0
495,1919.0,81.6814,1.0,0.375,0.01,0.0
496,1923.0,81.6814,1.0,0.375,0.01,0.0
497,1927.0,81.6814,1.0,0.375,0.01,0.0
498,1931.0,81.6814,1.0,0.375,0.01,0.0
499,1936.0,81.6814,1.0,0.375,0.01,0.0
500,1940.0,79.6197,1.0,0.375,0.01,0.0
501,1945.0,79.6197,1.0,0.375,0.01,0.0
502,1949.0,79.6197,1.0,0.375,0.01,0.0
503,1953.0,79.6197,1.0,0.375,0.01,0.0
504,1957.0,79.6197,1.0,0.375,0.01,0.0
505,1961.0,79.6197,1.0,0.375,0.01,0.0
506,1965.0,79.6197,1.0,0.375,0.01,0.0
507,1969.0,79.6197,1.0,0.375,0.01,0.0
508,1973.0,79.6197,1.0,0.375,0.01,0.0
509,1978.0,79.6197,1.0,0.375,0.01,0.0
510,1982.0,77.5581,1.0,0.375,0.01,0.0
511,1986.0,77.5581,1.0,0.375,0.01,0.0
512,1990.0,77.5581,1.0,0.375,0.01,0.0
513,1995.0,77.5581,1.0,0.375,0.01,0.0
514,1999.0,77.5581,1.0,0.375,0.01,0.0
515,2003.0,77.5581,1.0,0.375,0.01,0.0
516,2007.0,77.5581,1.0,0.375,0.01,0.0
517,2011.0,77.5581,1.0,0.375,0.01,0.0
518,2015.0,77.5581,1.0,0.375,0.01,0.0
519,2019.0,77.5581,1.0,0.375,0.01,0.0
520,2024.0,75.4964,1.0,0.375,0.01,0.0
521,2028.0,75.4964,1.0,0.375,0.01,0.0
522,2032.0,75.4964,1.0,0.375,0.01,0.0
523,2036.0,75.4964,1.0,0.375,0.01,0.0
524,2040.0,75.4964,1.0,0.375,0.01,0.0
525,2044.0,75.4964,1.0,0.375,0.01,0.0
526,2049.0,75.4964,1.0,0.375,0.01,0.0
527,2053.0,75.4964,1.0,0.375,0.01,0.0
528,2058.0,75.4964,1.0,0.375,0.01,0.0
529,2062.0,75.4964,1.0,0.375,0.01,0.0
530,2066.0,73.3365,1.0,0.375,0.01,0.0
531,2071.0,73.3365,1.0,0.375,0.01,0.0
532,2076.0,73.3365,1.0,0.375,0.01,0.0
533,2080.0,73.3365,1.0,0.375,0.01,0.0
534,2084.0,73.3365,1.0,0.375,0.01,0.0
535,2088.0,73.3365,1.0,0.375,0.01,0.0
536,2092.0,73.3365,1.0,0.375,0.01,0.0
537,2096.0,73.3365,1.0,0.375,0.01,0.0
538,2099.0,73.3365,1.0,0.375,0.01,0.0
539,2103.0,73.3365,1.0,0.375,0.01,0.0
540,2107.0,71.4222,1.0,0.375,0.01,0.0
541,2111.0,71.4222,1.0,0.375,0.01,0.0
542,2116.0,71.4222,1.0,0.375,0.01,0.0
543,2120.0,71.4222,1.0,0.375,0.01,0.0
544,2124.0,71.4222,1.0,0.375,0.01,0.0
545,2128.0,71.4222,1.0,0.375,0.01,0.0
546,2132.0,71.4222,1.0,0.375,0.01,0.0
547,2136.0,71.4222,1.0,0.375,0.01,0.0
548,2140.0,71.4222,1.0,0.375,0.01,0.0
549,2144.0,71.4222,1.0,0.375,0.01,0.0
550,2149.0,69.4096,1.0,0.375,0.01,0.0
551,2153.0,69.4096,1.0,0.375,0.01,0.0
552,2158.0,69.4096,1.0,0.375,0.01,0.0
553,2162.0,69.4096,1.0,0.375,0.01,0.0
554,2166.0,69.4096,1.0,0.375,0.01,0.0
555,2170.0,69.4096,1.0,0.375,0.01,0.0
556,2175.0,69.4096,1.0,0.375,0.01,0.0
557,2179.0,69.4096,1.0,0.375,0.01,0.0
558,2183.0,69.4096,1.0,0.375,0.01,0.0
559,2187.0,69.4096,1.0,0.375,0.01,0.0
560,2191.0,67.2006,1.0,0.375,0.01,0.0
561,2196.0,67.2006,1.0,0.375,0.01,0.0
562,2200.0,67.2006,1.0,0.375,0.01,0.0
563,2205.0,67.2006,1.0,0.375,0.01,0.0
564,2209.0,67.2006,1.0,0.375,0.01,0.0
565,2213.0,67.2006,1.0,0.375,0.01,0.0
566,2217.0,67.2006,1.0,0.375,0.01,0.0
567,2222.0,67.2006,1.0,0.375,0.01,0.0
568,2226.0,67.2006,1.0,0.375,0.01,0.0
569,2230.0,67.2006,1.0,0.375,0.01,0.0
570,2234.0,65.0899,1.0,0.375,0.01,0.0
571,2238.0,65.0899,1.0,0.375,0.01,0.0
572,2243.0,65.0899,1.0,0.375,0.01,0.0
573,2246.0,65.0899,1.0,0.375,0.01,0.0
574,2250.0,65.0899,1.0,0.375,0.01,0.0
575,2254.0,65.0899,1.0,0.375,0.01,0.0
576,2258.0,65.0899,1.0,0.375,0.01,0.0
577,2262.0,65.0899,1.0,0.375,0.01,0.0
578,2266.0,65.0899,1.0,0.375,0.01,0.0
579,2270.0,65.0899,1.0,0.375,0.01,0.0
580,2274.0,63.2737,1.0,0.375,0.01,0.0
581,2278.0,63.2737,1.0,0.375,0.01,0.0
582,2283.0,63.2737,1.0,0.375,0.01,0.0
583,2287.0,63.2737,1.0,0.375,0.01,0.0
584,2291.0,63.2737,1.0,0.375,0.01,0.0
585,2296.0,63.2737,1.0,0.375,0.01,0.0
586,2300.0,63.2737,1.0,0.375,0.01,0.0
587,2304.0,63.2737,1.0,0.375,0.01,0.0
588,2308.0,63.2737,1.0,0.375,0.01,0.0
589,2312.0,63.2737,1.0,0.375,0.01,0.0
590,2316.0,61.212,1.0,0.375,0.01,0.0
591,2320.0,61.212,1.0,0.375,0.01,0.0
592,2325.0,61.212,1.0,0.375,0.01,0.0
593,2329.0,61.212,1.0,0.375,0.01,0.0
594,2333.0,61.212,1.0,0.375,0.01,0.0
595,2337.0,61.212,1.0,0.375,0.01,0.0
596,2341.0,61.212,1.0,0.375,0.01,0.0
597,2344.0,61.212,1.0,0.375,0.01,0.0
598,2348.0,61.212,1.0,0.375,0.01,0.0
599,2353.0,61.212,1.0,0.375,0.01,0.0
600,2357.0,59.1994,1.0,0.375,0.01,0.0
601,2361.0,59.1994,1.0,0.375,0.01,0.0
602,2365.0,59.1994,1.0,0.375,0.01,0.0
603,2370.0,59.1994,1.0,0.375,0.01,0.0
604,2374.0,59.1994,1.0,0.375,0.01,0.0
605,2378.0,59.1994,1.0,0.375,0.01,0.0
606,2382.0,59.1994,1.0,0.375,0.01,0.0
607,2386.0,59.1994,1.0,0.375,0.01,0.0
608,2390.0,59.1994,1.0,0.375,0.01,0.0
609,2394.0,59.1994,1.0,0.375,0.01,0.0
610,2398.0,57.1868,1.0,0.375,0.01,0.0
611,2402.0,57.1868,1.0,0.375,0.01,0.0
612,2406.0,57.1868,1.0,0.375,0.01,0.0
613,2411.0,57.1868,1.0,0.375,0.01,0.0
614,2415.0,57.1868,1.0,0.375,0.01,0.0
615,2419.0,57.1868,1.0,0.375,0.01,0.0
616,2423.0,57.1868,1.0,0.375,0.01,0.0
617,2427.0,57.1868,1.0,0.375,0.01,0.0
618,2432.0,57.1868,1.0,0.375,0.01,0.0
619,2436.0,57.1868,1.0,0.375,0.01,0.0
620,2440.0,55.0761,1.0,0.375,0.01,0.0
621,2444.0,55.0761,1.0,0.375,0.01,0.0
622,2448.0,55.0761,1.0,0.375,0.01,0.0
623,2452.0,55.0761,1.0,0.375,0.01,0.0
624,2457.0,55.0761,1.0,0.375,0.01,0.0
625,2461.0,55.0761,1.0,0.375,0.01,0.0
626,2466.0,55.0761,1.0,0.375,0.01,0.0
627,2470.0,55.0761,1.0,0.375,0.01,0.0
628,2474.0,55.0761,1.0,0.375,0.01,0.0
629,2478.0,55.0761,1.0,0.375,0.01,0.0
630,2483.0,53.0144,1.0,0.375,0.01,0.0
631,2487.0,53.0144,1.0,0.375,0.01,0.0
632,2492.0,53.0144,1.0,0.375,0.01,0.0
633,2496.0,53.0144,1.0,0.375,0.01,0.0
634,2501.0,53.0144,1.0,0.375,0.01,0.0
635,2505.0,53.0144,1.0,0.375,0.01,0.0
636,2509.0,53.0144,1.0,0.375,0.01,0.0
637,2514.0,53.0144,1.0,0.375,0.01,0.0
638,2518.0,53.0144,1.0,0.375,0.01,0.0
639,2522.0,53.0144,1.0,0.375,0.01,0.0
640,2526.0,50.6582,1.0,0.375,0.01,0.0
641,2530.0,50.6582,1.0,0.375,0.01,0.0
642,2534.0,50.6582,1.0,0.375,0.01,0.0
643,2540.0,50.6582,1.0,0.375,0.01,0.0
644,2544.0,50.6582,1.0,0.375,0.01,0.0
645,2548.0,50.6582,1.0,0.375,0.01,0.0
646,2552.0,50.6582,1.0,0.375,0.01,0.0
647,2556.0,50.6582,1.0,0.375,0.01,0.0
648,2560.0,50.6582,1.0,0.375,0.01,0.0
649,2565.0,50.6582,1.0,0.375,0.01,0.0
650,2569.0,48.6456,1.0,0.375,0.01,0.0
651,2573.0,48.6456,1.0,0.375,0.01,0.0
652,2578.0,48.6456,1.0,0.375,0.01,0.0
653,2582.0,48.6456,1.0,0.375,0.01,0.0
654,2586.0,48.6456,1.0,0.375,0.01,0.0
655,2591.0,48.6456,1.0,0.375,0.01,0.0
656,2595.0,48.6456,1.0,0.375,0.01,0.0
657,2600.0,48.6456,1.0,0.375,0.01,0.0
658,2604.0,48.6456,1.0,0.375,0.01,0.0
659,2608.0,48.6456,1.0,0.375,0.01,0.0
660,2612.0,46.633,1.0,0.375,0.01,0.0
661,2616.0,46.633,1.0,0.375,0.01,0.0
662,2621.0,46.633,1.0,0.375,0.01,0.0
663,2625.0,46.633,1.0,0.375,0.01,0.0
664,2629.0,46.633,1.0,0.375,0.01,0.0
665,2633.0,46.633,1.0,0.375,0.01,0.0
666,2637.0,46.633,1.0,0.375,0.01,0.0
667,2641.0,46.633,1.0,0.375,0.01,0.0
668,2645.0,46.633,1.0,0.375,0.01,0.0
669,2649.0,46.633,1.0,0.375,0.01,0.0
670,2653.0,44.6695,1.0,0.375,0.01,0.0
671,2657.0,44.6695,1.0,0.375,0.01,0.0
672,2662.0,44.6695,1.0,0.375,0.01,0.0
673,2667.0,44.6695,1.0,0.375,0.01,0.0
674,2671.0,44.6695,1.0,0.375,0.01,0.0
675,2675.0,44.6695,1.0,0.375,0.01,0.0
676,2679.0,44.6695,1.0,0.375,0.01,0.0
677,2684.0,44.6695,1.0,0.375,0.01,0.0
678,2688.0,44.6695,1.0,0.375,0.01,0.0
679,2693.0,44.6695,1.0,0.375,0.01,0.0
680,2697.0,42.3624,1.0,0.375,0.01,0.0
681,2701.0,42.3624,1.0,0.375,0.01,0.0
682,2705.0,42.3624,1.0,0.375,0.01,0.0
683,2709.0,42.3624,1.0,0.375,0.01,0.0
684,2715.0,42.3624,1.0,0.375,0.01,0.0
685,2719.0,42.3624,1.0,0.375,0.01,0.0
686,2723.0,42.3624,1.0,0.375,0.01,0.0
687,2727.0,42.3624,1.0,0.375,0.01,0.0
688,2732.0,42.3624,1.0,0.375,0.01,0.0
689,2736.0,42.3624,1.0,0.375,0.01,0.0
690,2739.0,40.2026,1.0,0.375,0.01,0.0
691,2743.0,40.2026,1.0,0.375,0.01,0.0
692,2748.0,40.2026,1.0,0.375,0.01,0.0
693,2752.0,40.2026,1.0,0.375,0.01,0.0
694,2757.0,40.2026,1.0,0.375,0.01,0.0
695,2761.0,40.2026,1.0,0.375,0.01,0.0
696,2765.0,40.2026,1.0,0.375,0.01,0.0
697,2769.0,40.2026,1.0,0.375,0.01,0.0
698,2773.0,40.2026,1.0,0.375,0.01,0.0
699,2777.0,40.2026,1.0,0.375,0.01,0.0
700,2781.0,38.4354,1.0,0.375,0.01,0.0
701,2785.0,38.4354,1.0,0.375,0.01,0.0
702,2789.0,38.4354,1.0,0.375,0.01,0.0
703,2793.0,38.4354,1.0,0.375,0.01,0.0
704,2799.0,38.4354,1.0,0.375,0.01,0.0
705,2803.0,38.4354,1.0,0.375,0.01,0.0
706,2807.0,38.4354,1.0,0.375,0.01,0.0
707,2811.0,38.4354,1.0,0.375,0.01,0.0
708,2815.0,38.4354,1.0,0.375,0.01,0.0
709,2819.0,38.4354,1.0,0.375,0.01,0.0
710,2823.0,36.1774,1.0,0.375,0.01,0.0
711,2827.0,36.1774,1.0,0.375,0.01,0.0
712,2832.0,36.1774,1.0,0.375,0.01,0.0
713,2836.0,36.1774,1.0,0.375,0.01,0.0
714,2841.0,36.1774,1.0,0.375,0.01,0.0
715,2845.0,36.1774,1.0,0.375,0.01,0.0
716,2850.0,36.1774,1.0,0.375,0.01,0.0
717,2854.0,36.1774,1.0,0.375,0.01,0.0
718,2858.0,36.1774,1.0,0.375,0.01,0.0
719,2863.0,36.1774,1.0,0.375,0.01,0.0
720,2867.0,34.0666,1.0,0.375,0.01,0.0
721,2871.0,34.0666,1.0,0.375,0.01,0.0
722,2875.0,34.0666,1.0,0.375,0.01,0.0
723,2879.0,34.0666,1.0,0.375,0.01,0.0
724,2884.0,34.0666,1.0,0.375,0.01,0.0
725,2889.0,34.0666,1.0,0.375,0.01,0.0
726,2893.0,34.0666,1.0,0.375,0.01,0.0
727,2898.0,34.0666,1.0,0.375,0.01,0.0
728,2902.0,34.0666,1.0,0.375,0.01,0.0
729,2906.0,34.0666,1.0,0.375,0.01,0.0
730,2910.0,31.9559,1.0,0.375,0.01,0.0
731,2915.0,31.9559,1.0,0.375,0.01,0.0
732,2919.0,31.9559,1.0,0.375,0.01,0.0
733,2924.0,31.9559,1.0,0.375,0.01,0.0
734,2928.0,31.9559,1.0,0.375,0.01,0.0
735,2932.0,31.9559,1.0,0.375,0.01,0.0
736,2936.0,31.9559,1.0,0.375,0.01,0.0
737,2940.0,31.9559,1.0,0.375,0.01,0.0
738,2944.0,31.9559,1.0,0.375,0.01,0.0
739,2948.0,31.9559,1.0,0.375,0.01,0.0
740,2952.0,29.9433,1.0,0.375,0.01,0.0
741,2956.0,29.9433,1.0,0.375,0.01,0.0
742,2960.0,29.9433,1.0,0.375,0.01,0.0
743,2966.0,29.9433,1.0,0.375,0.01,0.0
744,2970.0,29.9433,1.0,0.375,0.01,0.0
745,2974.0,29.9433,1.0,0.375,0.01,0.0
746,2978.0,29.9433,1.0,0.375,0.01,0.0
747,2982.0,29.9433,1.0,0.375,0.01,0.0
748,2986.0,29.9433,1.0,0.375,0.01,0.0
749,2990.0,29.9433,1.0,0.375,0.01,0.0
750,2994.0,27.8817,1.0,0.375,0.01,0.0
751,2999.0,27.8817,1.0,0.375,0.01,0.0
752,3004.0,27.8817,1.0,0.375,0.01,0.0
753,3008.0,27.8817,1.0,0.375,0.01,0.0
754,3012.0,27.8817,1.0,0.375,0.01,0.0
755,3016.0,27.8817,1.0,0.375,0.01,0.0
756,3020.0,27.8817,1.0,0.375,0.01,0.0
757,3024.0,27.8817,1.0,0.375,0.01,0.0
758,3028.0,27.8817,1.0,0.375,0.01,0.0
759,3032.0,27.8817,1.0,0.375,0.01,0.0
760,3036.0,25.7218,1.0,0.375,0.01,0.0
761,3040.0,25.7218,1.0,0.375,0.01,0.0
762,3044.0,25.7218,1.0,0.375,0.01,0.0
763,3049.0,25.7218,1.0,0.375,0.01,0.0
764,3053.0,25.7218,1.0,0.375,0.01,0.0
765,3057.0,25.7218,1.0,0.375,0.01,0.0
766,3062.0,25.7218,1.0,0.375,0.01,0.0
767,3066.0,25.7218,1.0,0.375,0.01,0.0
768,3070.0,25.7218,1.0,0.375,0.01,0.0
769,3074.0,25.7218,1.0,0.375,0.01,0.0
770,3079.0,23.7092,1.0,0.375,0.01,0.0
771,3084.0,23.7092,1.0,0.375,0.01,0.0
772,3089.0,23.7092,1.0,0.375,0.01,0.0
773,3093.0,23.7092,1.0,0.375,0.01,0.0
774,3098.0,23.7092,1.0,0.375,0.01,0.0
775,3102.0,23.7092,1.0,0.375,0.01,0.0
776,3106.0,23.7092,1.0,0.375,0.01,0.0
777,3110.0,23.7092,1.0,0.375,0.01,0.0
778,3114.0,23.7092,1.0,0.375,0.01,0.0
779,3118.0,23.7092,1.0,0.375,0.01,0.0
780,3123.0,21.4512,1.0,0.375,0.01,0.0
781,3127.0,21.4512,1.0,0.375,0.01,0.0
782,3132.0,21.4512,1.0,0.375,0.01,0.0
783,3136.0,21.4512,1.0,0.375,0.01,0.0
784,3141.0,21.4512,1.0,0.375,0.01,0.0
785,3145.0,21.4512,1.0,0.375,0.01,0.0
786,3149.0,21.4512,1.0,0.375,0.01,0.0
787,3153.0,21.4512,1.0,0.375,0.01,0.0
788,3157.0,21.4512,1.0,0.375,0.01,0.0
789,3161.0,21.4512,1.0,0.375,0.01,0.0
790,3166.0,19.3895,1.0,0.375,0.01,0.0
791,3170.0,19.3895,1.0,0.375,0.01,0.0
792,3174.0,19.3895,1.0,0.375,0.01,0.0
793,3178.0,19.3895,1.0,0.375,0.01,0.0
794,3183.0,19.3895,1.0,0.375,0.01,0.0
795,3187.0,19.3895,1.0,0.375,0.01,0.0
796,3191.0,19.3895,1.0,0.375,0.01,0.0
797,3196.0,19.3895,1.0,0.375,0.01,0.0
798,3200.0,19.3895,1.0,0.375,0.01,0.0
799,3205.0,19.3895,1.0,0.375,0.01,0.0
800,3209.0,17.2788,1.0,0.375,0.01,0.0
801,3213.0,17.2788,1.0,0.375,0.01,0.0
802,3217.0,17.2788,1.0,0.375,0.01,0.0
803,3221.0,17.2788,1.0,0.375,0.01,0.0
804,3225.0,17.2788,1.0,0.375,0.01,0.0
805,3229.0,17.2788,1.0,0.375,0.01,0.0
806,3233.0,17.2788,1.0,0.375,0.01,0.0
807,3238.0,17.2788,1.0,0.375,0.01,0.0
808,3242.0,17.2788,1.0,0.375,0.01,0.0
809,3247.0,17.2788,1.0,0.375,0.01,0.0
810,3252.0,15.168,1.0,0.375,0.01,0.0
811,3256.0,15.168,1.0,0.375,0.01,0.0
812,3260.0,15.168,1.0,0.375,0.01,0.0
813,3265.0,15.168,1.0,0.375,0.01,0.0
814,3269.0,15.168,1.0,0.375,0.01,0.0
815,3273.0,15.168,1.0,0.375,0.01,0.0
816,3277.0,15.168,1.0,0.375,0.01,0.0
817,3283.0,15.168,1.0,0.375,0.01,0.0
818,3287.0,15.168,1.0,0.375,0.01,0.0
819,3292.0,15.168,1.0,0.375,0.01,0.0
820,3296.0,12.9591,1.0,0.375,0.01,0.0
821,3300.0,12.9591,1.0,0.375,0.01,0.0
822,3304.0,12.9591,1.0,0.375,0.01,0.0
823,3308.0,12.9591,1.0,0.375,0.01,0.0
824,3312.0,12.9591,1.0,0.375,0.01,0.0
825,3316.0,12.9591,1.0,0.375,0.01,0.0
826,3321.0,12.9591,1.0,0.375,0.01,0.0
827,3325.0,12.9591,1.0,0.375,0.01,0.0
828,3329.0,12.9591,1.0,0.375,0.01,0.0
829,3333.0,12.9591,1.0,0.375,0.01,0.0
830,3337.0,11.0938,1.0,0.375,0.01,0.0
831,3341.0,11.0938,1.0,0.375,0.01,0.0
832,3345.0,11.0938,1.0,0.375,0.01,0.0
833,3349.0,11.0938,1.0,0.375,0.01,0.0
834,3353.0,11.0938,1.0,0.375,0.01,0.0
835,3357.0,11.0938,1.0,0.375,0.01,0.0
836,3361.0,11.0938,1.0,0.375,0.01,0.0
837,3366.0,11.0938,1.0,0.375,0.01,0.0
838,3370.0,11.0938,1.0,0.375,0.01,0.0
839,3374.0,11.0938,1.0,0.375,0.01,0.0
840,3378.0,9.0812,1.0,0.375,0.01,0.0
841,3382.0,9.0812,1.0,0.375,0.01,0.0
842,3386.0,9.0812,1.0,0.375,0.01,0.0
843,3389.0,9.0812,1.0,0.375,0.01,0.0
844,3393.0,9.0812,1.0,0.375,0.01,0.0
845,3397.0,9.0812,1.0,0.375,0.01,0.0
846,3401.0,9.0812,1.0,0.375,0.01,0.0
847,3405.0,9.0812,1.0,0.375,0.01,0.0
848,3409.0,9.0812,1.0,0.375,0.01,0.0
849,3413.0,9.0812,1.0,0.375,0.01,0.0
850,3417.0,7.2649,1.0,0.375,0.01,0.0
851,3421.0,7.2649,1.0,0.375,0.01,0.0
852,3424.0,7.2649,1.0,0.375,0.01,0.0
853,3428.0,7.2649,1.0,0.375,0.01,0.0
854,3432.0,7.2649,1.0,0.375,0.01,0.0
855,3435.0,7.2649,1.0,0.375,0.01,0.0
856,3439.0,7.2649,1.0,0.375,0.01,0.0
857,3442.0,7.2649,1.0,0.375,0.01,0.0
858,3446.0,7.2649,1.0,0.375,0.01,0.0
859,3450.0,7.2649,1.0,0.375,0.01,0.0
860,3453.0,5.5469,1.0,0.375,0.01,0.0
861,3457.0,5.5469,1.0,0.375,0.01,0.0
862,3460.0,5.5469,1.0,0.375,0.01,0.0
863,3463.0,5.5469,1.0,0.375,0.01,0.0
864,3467.0,5.5469,1.0,0.375,0.01,0.0
865,3470.0,5.5469,1.0,0.375,0.01,0.0
866,3473.0,5.5469,1.0,0.375,0.01,0.0
867,3476.0,5.5469,1.0,0.375,0.01,0.0
868,3480.0,5.5469,1.0,0.375,0.01,0.0
869,3483.0,5.5469,1.0,0.375,0.01,0.0
870,3486.0,4.1233,1.0,0.375,0.01,0.0
871,3489.0,4.1233,1.0,0.375,0.01,0.0
872,3492.0,4.1233,1.0,0.375,0.01,0.0
873,3494.0,4.1233,1.0,0.375,0.01,0.0
874,3497.0,4.1233,1.0,0.375,0.01,0.0
875,3500.0,4.1233,1.0,0.375,0.01,0.0
876,3503.0,4.1233,1.0,0.375,0.01,0.0
877,3506.0,4.1233,1.0,0.375,0.01,0.0
878,3509.0,4.1233,1.0,0.375,0.01,0.0
879,3511.0,4.1233,1.0,0.375,0.01,0.0
880,3514.0,2.9943,1.0,0.375,0.01,0.0
881,3516.0,2.9943,1.0,0.375,0.01,0.0
882,3519.0,2.9943,1.0,0.375,0.01,0.0
883,3521.0,2.9943,1.0,0.375,0.01,0.0
884,3524.0,2.9943,1.0,0.375,0.01,0.0
885,3526.0,2.9943,1.0,0.375,0.01,0.0
886,3529.0,2.9943,1.0,0.375,0.01,0.0
887,3531.0,2.9943,1.0,0.375,0.01,0.0
888,3533.0,2.9943,1.0,0.375,0.01,0.0
889,3535.0,2.9943,1.0,0.375,0.01,0.0
890,3537.0,2.0126,1.0,0.375,0.01,0.0
891,3540.0,2.0126,1.0,0.375,0.01,0.0
892,3542.0,2.0126,1.0,0.375,0.01,0.0
893,3544.0,2.0126,1.0,0.375,0.01,0.0
894,3546.0,2.0126,1.0,0.375,0.01,0.0
895,3547.0,2.0126,1.0,0.375,0.01,0.0
896,3549.0,2.0126,1.0,0.375,0.01,0.0
897,3551.0,2.0126,1.0,0.375,0.01,0.0
898,3553.0,2.0126,1.0,0.375,0.01,0.0
899,3555.0,2.0126,1.0,0.375,0.01,0.0
900,3557.0,1.2272,1.0,0.375,0.01,0.0
901,3558.0,1.2272,1.0,0.375,0.01,0.0
902,3560.0,1.2272,1.0,0.375,0.01,0.0
903,3561.0,1.2272,1.0,0.375,0.01,0.0
904,3563.0,1.2272,1.0,0.375,0.01,0.0
905,3564.0,1.2272,1.0,0.375,0.01,0.0
906,3566.0,1.2272,1.0,0.375,0.01,0.0
907,3567.0,1.2272,1.0,0.375,0.01,0.0
908,3569.0,1.2272,1.0,0.375,0.01,0.0
909,3570.0,1.2272,1.0,0.375,0.01,0.0
910,3571.0,0.7363,1.0,0.375,0.01,0.0
911,3572.0,0.7363,1.0,0.375,0.01,0.0
912,3574.0,0.7363,1.0,0.375,0.01,0.0
913,3575.0,0.7363,1.0,0.375,0.01,0.0
914,3576.0,0.7363,1.0,0.375,0.01,0.0
915,3577.0,0.7363,1.0,0.375,0.01,0.0
916,3578.0,0.7363,1.0,0.375,0.01,0.0
917,3579.0,0.7363,1.0,0.375,0.01,0.0
918,3580.0,0.7363,1.0,0.375,0.01,0.0
919,3581.0,0.7363,1.0,0.375,0.01,0.0
920,3582.0,0.3927,1.0,0.375,0.01,0.0
921,3583.0,0.3927,1.0,0.375,0.01,0.0
922,3584.0,0.3927,1.0,0.375,0.01,0.0
923,3585.0,0.3927,1.0,0.375,0.01,0.0
924,3585.0,0.3927,1.0,0.375,0.01,0.0
925,3586.0,0.3927,1.0,0.375,0.01,0.0
926,3587.0,0.3927,1.0,0.375,0.01,0.0
927,3588.0,0.3927,1.0,0.375,0.01,0.0
928,3588.0,0.3927,1.0,0.375,0.01,0.0
929,3589.0,0.3927,1.0,0.375,0.01,0.0
930,3590.0,0.1473,1.0,0.375,0.01,0.0
931,3590.0,0.1473,1.0,0.375,0.01,0.0
932,3591.0,0.1473,1.0,0.375,0.01,0.0
933,3591.0,0.1473,1.0,0.375,0.01,0.0
934,3592.0,0.1473,1.0,0.375,0.01,0.0
935,3592.0,0.1473,1.0,0.375,0.01,0.0
936,3593.0,0.1473,1.0,0.375,0.01,0.0
937,3593.0,0.1473,1.0,0.375,0.01,0.0
938,3594.0,0.1473,1.0,0.375,0.01,0.0
939,3594.0,0.1473,1.0,0.375,0.01,0.0
940,3595.0,0.0491,1.0,0.375,0.01,0.0
941,3595.0,0.0491,1.0,0.375,0.01,0.0
942,3595.0,0.0491,1.0,0.375,0.01,0.0
943,3596.0,0.0491,1.0,0.375,0.01,0.0
944,3596.0,0.0491,1.0,0.375,0.01,0.0
945,3596.0,0.0491,1.0,0.375,0.01,0.0
946,3597.0,0.0491,1.0,0.375,0.01,0.0
947,3597.0,0.0491,1.0,0.375,0.01,0.0
948,3597.0,0.0491,1.0,0.375,0.01,0.0
949,3597.0,0.0491,1.0,0.375,0.01,0.0
950,3598.0,0.0,1.0,0.375,0.01,0.0
951,3598.0,0.0,1.0,0.375,0.01,0.0
952,3598.0,0.0,1.0,0.375,0.01,0.0
953,3598.0,0.0,1.0,0.375,0.01,0.0
954,3599.0,0.0,1.0,0.375,0.01,0.0
955,3599.0,0.0,1.0,0.375,0.01,0.0
956,3599.0,0.0,1.0,0.375,0.01,0.0
957,3599.0,0.0,1.0,0.375,0.01,0.0
958,3599.0,0.0,1.0,0.375,0.01,0.0
959,3599.0,0.0,1.0,0.375,0.01,0.0
960,3599.0,-0.0491,1.0,0.375,0.01,0.0
961,3600.0,-0.0491,1.0,0.375,0.01,0.0
962,3600.0,-0.0491,1.0,0.375,0.01,0.0
963,3600.0,-0.0491,1.0,0.375,0.01,0.0
964,3600.0,-0.0491,1.0,0.375,0.01,0.0
965,3600.0,-0.0491,1.0,0.375,0.01,0.0
966,3600.0,-0.0491,1.0,0.375,0.01,0.0
967,3600.0,-0.0491,1.0,0.375,0.01,0.0
968,3600.0,-0.0491,1.0,0.375,0.01,0.0
969,3601.0,-0.0491,1.0,0.375,0.01,0.0
970,3601.0,-0.1473,1.0,0.375,0.01,0.0
971,3601.0,-0.1473,1.0,0.375,0.01,0.0
972,3601.0,-0.1473,1.0,0.375,0.01,0.0
973,3601.0,-0.1473,1.0,0.375,0.01,0.0
974,3601.0,-0.1473,1.0,0.375,0.01,0.0
975,3601.0,-0.1473,1.0,0.375,0.01,0.0
976,3601.0,-0.1473,1.0,0.375,0.01,0.0
977,3601.0,-0.1473,1.0,0.375,0.01,0.0
978,3601.0,-0.1473,1.0,0.375,0.01,0.0
979,3601.0,-0.1473,1.0,0.375,0.01,0.0
980,3602.0,-0.0491,1.0,0.375,0.01,0.0
981,3602.0,-0.0491,1.0,0.375,0.01,0.0
982,3602.0,-0.0491,1.0,0.375,0.01,0.0
983,3602.0,-0.0491,1.0,0.375,0.01,0.0
984,3602.0,-0.0491,1.0,0.375,0.01,0.0
985,3602.0,-0.0491,1.0,0.375,0.01,0.0
986,3602.0,-0.0491,1.0,0.375,0.01,0.0
987,3602.0,-0.0491,1.0,0.375,0.01,0.0
988,3602.0,-0.0491,1.0,0.375,0.01,0.0
989,3602.0,-0.0491,1.0,0.375,0.01,0.0
990,3602.0,-0.1473,1.0,0.375,0.01,0.0
991,3602.0,-0.1473,1.0,0.375,0.01,0.0
992,3602.0,-0.1473,1.0,0.375,0.01,0.0
993,3602.0,-0.1473,1.0,0.375,0.01,0.0
994,3602.0,-0.1473,1.0,0.375,0.01,0.0
995,3602.0,-0.1473,1.0,0.375,0.01,0.0
996,3602.0,-0.1473,1.0,0.375,0.01,0.0
997,3602.0,-0.1473,1.0,0.375,0.01,0.0
998,3602.0,-0.1473,1.0,0.375,0.01,0.0
999,3602.0,-0.1473,1.0,0.375,0.01,0.0
1000,3601.0,-0.0982,1.0,0.375,0.01,0.0
1001,3601.0,-0.0982,1.0,0.375,0.01,0.0
1002,3601.0,-0.0982,1.0,0.375,0.01,0.0
1003,3601.0,-0.0982,1.0,0.375,0.01,0.0
1004,3601.0,-0.0982,1.0,0.375,0.01,0.0
1005,3601.0,-0.0982,1.0,0.375,0.01,0.0
1006,3601.0,-0.0982,1.0,0.375,0.01,0.0
1007,3601.0,-0.0982,1.0,0.375,0.01,0.0
1008,3601.0,-0.0982,1.0,0.375,0.01,0.0
1009,3601.0,-0.0982,1.0,0.375,0.01,0.0
