TIME,PULSES,CONTROLLERVOLTAGE,CONTROLLER,KP,TAUD,TAUI 
0,-3,-13.2535,1,2.5,0.0125,0.0
1,-7,-13.2535,1,2.5,0.0125,0.0
2,-12,-13.2535,1,2.5,0.0125,0.0
3,-16,-13.2535,1,2.5,0.0125,0.0
4,-21,-13.2535,1,2.5,0.0125,0.0
5,-25,-13.2535,1,2.5,0.0125,0.0
6,-30,-13.2535,1,2.5,0.0125,0.0
7,-34,-13.2535,1,2.5,0.0125,0.0
8,-38,-13.2535,1,2.5,0.0125,0.0
9,-43,-13.2535,1,2.5,0.0125,0.0
10,-47,2686.062,1,2.5,0.0125,0.0
11,-49,2686.062,1,2.5,0.0125,0.0
12,-53,2686.062,1,2.5,0.0125,0.0
13,-57,2686.062,1,2.5,0.0125,0.0
14,-61,2686.062,1,2.5,0.0125,0.0
15,-64,2686.062,1,2.5,0.0125,0.0
16,-68,2686.062,1,2.5,0.0125,0.0
17,-71,2686.062,1,2.5,0.0125,0.0
18,-74,2686.062,1,2.5,0.0125,0.0
19,-76,2686.062,1,2.5,0.0125,0.0
20,-79,1217.2036,1,2.5,0.0125,0.0
21,-81,1217.2036,1,2.5,0.0125,0.0
22,-83,1217.2036,1,2.5,0.0125,0.0
23,-85,1217.2036,1,2.5,0.0125,0.0
24,-87,1217.2036,1,2.5,0.0125,0.0
25,-89,1217.2036,1,2.5,0.0125,0.0
26,-90,1217.2036,1,2.5,0.0125,0.0
27,-91,1217.2036,1,2.5,0.0125,0.0
28,-92,1217.2036,1,2.5,0.0125,0.0
29,-93,1217.2036,1,2.5,0.0125,0.0
30,-94,1215.0765,1,2.5,0.0125,0.0
31,-94,1215.0765,1,2.5,0.0125,0.0
32,-94,1215.0765,1,2.5,0.0125,0.0
33,-94,1215.0765,1,2.5,0.0125,0.0
34,-94,1215.0765,1,2.5,0.0125,0.0
35,-94,1215.0765,1,2.5,0.0125,0.0
36,-94,1215.0765,1,2.5,0.0125,0.0
37,-94,1215.0765,1,2.5,0.0125,0.0
38,-93,1215.0765,1,2.5,0.0125,0.0
39,-92,1215.0765,1,2.5,0.0125,0.0
40,-91,1207.7952,1,2.5,0.0125,0.0
41,-90,1207.7952,1,2.5,0.0125,0.0
42,-89,1207.7952,1,2.5,0.0125,0.0
43,-88,1207.7952,1,2.5,0.0125,0.0
44,-86,1207.7952,1,2.5,0.0125,0.0
45,-85,1207.7952,1,2.5,0.0125,0.0
46,-83,1207.7952,1,2.5,0.0125,0.0
47,-82,1207.7952,1,2.5,0.0125,0.0
48,-80,1207.7952,1,2.5,0.0125,0.0
49,-78,1207.7952,1,2.5,0.0125,0.0
50,-76,1197.896,1,2.5,0.0125,0.0
51,-74,1197.896,1,2.5,0.0125,0.0
52,-72,1197.896,1,2.5,0.0125,0.0
53,-70,1197.896,1,2.5,0.0125,0.0
54,-68,1197.896,1,2.5,0.0125,0.0
55,-65,1197.896,1,2.5,0.0125,0.0
56,-63,1197.896,1,2.5,0.0125,0.0
57,-60,1197.896,1,2.5,0.0125,0.0
58,-58,1197.896,1,2.5,0.0125,0.0
59,-55,1197.896,1,2.5,0.0125,0.0
60,-53,1186.6876,1,2.5,0.0125,0.0
61,-50,1186.6876,1,2.5,0.0125,0.0
62,-47,1186.6876,1,2.5,0.0125,0.0
63,-44,1186.6876,1,2.5,0.0125,0.0
64,-42,1186.6876,1,2.5,0.0125,0.0
65,-39,1186.6876,1,2.5,0.0125,0.0
66,-36,1186.6876,1,2.5,0.0125,0.0
67,-33,1186.6876,1,2.5,0.0125,0.0
68,-30,1186.6876,1,2.5,0.0125,0.0
69,-27,1186.6876,1,2.5,0.0125,0.0
70,-24,1175.4794,1,2.5,0.0125,0.0
71,-21,1175.4794,1,2.5,0.0125,0.0
72,-17,1175.4794,1,2.5,0.0125,0.0
73,-14,1175.4794,1,2.5,0.0125,0.0
74,-11,1175.4794,1,2.5,0.0125,0.0
75,-7,1175.4794,1,2.5,0.0125,0.0
76,-4,1175.4794,1,2.5,0.0125,0.0
77,-1,1175.4794,1,2.5,0.0125,0.0
78,3,1175.4794,1,2.5,0.0125,0.0
79,6,1175.4794,1,2.5,0.0125,0.0
80,10,1162.6348,1,2.5,0.0125,0.0
81,13,1162.6348,1,2.5,0.0125,0.0
82,17,1162.6348,1,2.5,0.0125,0.0
83,20,1162.6348,1,2.5,0.0125,0.0
84,24,1162.6348,1,2.5,0.0125,0.0
85,27,1162.6348,1,2.5,0.0125,0.0
86,31,1162.6348,1,2.5,0.0125,0.0
87,36,1162.6348,1,2.5,0.0125,0.0
88,39,1162.6348,1,2.5,0.0125,0.0
89,43,1162.6348,1,2.5,0.0125,0.0
90,47,1148.8904,1,2.5,0.0125,0.0
91,50,1148.8904,1,2.5,0.0125,0.0
92,54,1148.8904,1,2.5,0.0125,0.0
93,58,1148.8904,1,2.5,0.0125,0.0
94,62,1148.8904,1,2.5,0.0125,0.0
95,66,1148.8904,1,2.5,0.0125,0.0
96,69,1148.8904,1,2.5,0.0125,0.0
97,73,1148.8904,1,2.5,0.0125,0.0
98,77,1148.8904,1,2.5,0.0125,0.0
99,82,1148.8904,1,2.5,0.0125,0.0
100,86,1135.3096,1,2.5,0.0125,0.0
101,90,1135.3096,1,2.5,0.0125,0.0
102,94,1135.3096,1,2.5,0.0125,0.0
103,98,1135.3096,1,2.5,0.0125,0.0
104,102,1135.3096,1,2.5,0.0125,0.0
105,106,1135.3096,1,2.5,0.0125,0.0
106,110,1135.3096,1,2.5,0.0125,0.0
107,114,1135.3096,1,2.5,0.0125,0.0
108,118,1135.3096,1,2.5,0.0125,0.0
109,122,1135.3096,1,2.5,0.0125,0.0
110,126,1121.8104,1,2.5,0.0125,0.0
111,130,1121.8104,1,2.5,0.0125,0.0
112,135,1121.8104,1,2.5,0.0125,0.0
113,139,1121.8104,1,2.5,0.0125,0.0
114,143,1121.8104,1,2.5,0.0125,0.0
115,147,1121.8104,1,2.5,0.0125,0.0
116,152,1121.8104,1,2.5,0.0125,0.0
117,156,1121.8104,1,2.5,0.0125,0.0
118,160,1121.8104,1,2.5,0.0125,0.0
119,164,1121.8104,1,2.5,0.0125,0.0
120,168,1107.2479,1,2.5,0.0125,0.0
121,172,1107.2479,1,2.5,0.0125,0.0
122,176,1107.2479,1,2.5,0.0125,0.0
123,181,1107.2479,1,2.5,0.0125,0.0
124,185,1107.2479,1,2.5,0.0125,0.0
125,189,1107.2479,1,2.5,0.0125,0.0
126,193,1107.2479,1,2.5,0.0125,0.0
127,199,1107.2479,1,2.5,0.0125,0.0
128,203,1107.2479,1,2.5,0.0125,0.0
129,207,1107.2479,1,2.5,0.0125,0.0
130,211,1092.7671,1,2.5,0.0125,0.0
131,216,1092.7671,1,2.5,0.0125,0.0
132,221,1092.7671,1,2.5,0.0125,0.0
133,225,1092.7671,1,2.5,0.0125,0.0
134,229,1092.7671,1,2.5,0.0125,0.0
135,233,1092.7671,1,2.5,0.0125,0.0
136,238,1092.7671,1,2.5,0.0125,0.0
137,242,1092.7671,1,2.5,0.0125,0.0
138,246,1092.7671,1,2.5,0.0125,0.0
139,251,1092.7671,1,2.5,0.0125,0.0
140,255,1077.9591,1,2.5,0.0125,0.0
141,259,1077.9591,1,2.5,0.0125,0.0
142,263,1077.9591,1,2.5,0.0125,0.0
143,268,1077.9591,1,2.5,0.0125,0.0
144,272,1077.9591,1,2.5,0.0125,0.0
145,276,1077.9591,1,2.5,0.0125,0.0
146,281,1077.9591,1,2.5,0.0125,0.0
147,285,1077.9591,1,2.5,0.0125,0.0
148,289,1077.9591,1,2.5,0.0125,0.0
149,294,1077.9591,1,2.5,0.0125,0.0
150,298,1064.2965,1,2.5,0.0125,0.0
151,302,1064.2965,1,2.5,0.0125,0.0
152,307,1064.2965,1,2.5,0.0125,0.0
153,312,1064.2965,1,2.5,0.0125,0.0
154,316,1064.2965,1,2.5,0.0125,0.0
155,321,1064.2965,1,2.5,0.0125,0.0
156,325,1064.2965,1,2.5,0.0125,0.0
157,329,1064.2965,1,2.5,0.0125,0.0
158,334,1064.2965,1,2.5,0.0125,0.0
159,338,1064.2965,1,2.5,0.0125,0.0
160,342,1049.4884,1,2.5,0.0125,0.0
161,347,1049.4884,1,2.5,0.0125,0.0
162,351,1049.4884,1,2.5,0.0125,0.0
163,355,1049.4884,1,2.5,0.0125,0.0
164,360,1049.4884,1,2.5,0.0125,0.0
165,364,1049.4884,1,2.5,0.0125,0.0
166,369,1049.4884,1,2.5,0.0125,0.0
167,373,1049.4884,1,2.5,0.0125,0.0
168,377,1049.4884,1,2.5,0.0125,0.0
169,382,1049.4884,1,2.5,0.0125,0.0
170,386,1035.0895,1,2.5,0.0125,0.0
171,391,1035.0895,1,2.5,0.0125,0.0
172,395,1035.0895,1,2.5,0.0125,0.0
173,399,1035.0895,1,2.5,0.0125,0.0
174,404,1035.0895,1,2.5,0.0125,0.0
175,408,1035.0895,1,2.5,0.0125,0.0
176,412,1035.0895,1,2.5,0.0125,0.0
177,417,1035.0895,1,2.5,0.0125,0.0
178,421,1035.0895,1,2.5,0.0125,0.0
179,426,1035.0895,1,2.5,0.0125,0.0
180,430,1020.6904,1,2.5,0.0125,0.0
181,435,1020.6904,1,2.5,0.0125,0.0
182,439,1020.6904,1,2.5,0.0125,0.0
183,443,1020.6904,1,2.5,0.0125,0.0
184,448,1020.6904,1,2.5,0.0125,0.0
185,452,1020.6904,1,2.5,0.0125,0.0
186,456,1020.6904,1,2.5,0.0125,0.0
187,461,1020.6904,1,2.5,0.0125,0.0
188,465,1020.6904,1,2.5,0.0125,0.0
189,470,1020.6904,1,2.5,0.0125,0.0
190,474,1006.2914,1,2.5,0.0125,0.0
191,479,1006.2914,1,2.5,0.0125,0.0
192,483,1006.2914,1,2.5,0.0125,0.0
193,487,1006.2914,1,2.5,0.0125,0.0
194,492,1006.2914,1,2.5,0.0125,0.0
195,496,1006.2914,1,2.5,0.0125,0.0
196,501,1006.2914,1,2.5,0.0125,0.0
197,505,1006.2914,1,2.5,0.0125,0.0
198,509,1006.2914,1,2.5,0.0125,0.0
199,514,1006.2914,1,2.5,0.0125,0.0
200,518,991.8925,1,2.5,0.0125,0.0
201,523,991.8925,1,2.5,0.0125,0.0
202,527,991.8925,1,2.5,0.0125,0.0
203,532,991.8925,1,2.5,0.0125,0.0
204,536,991.8925,1,2.5,0.0125,0.0
205,540,991.8925,1,2.5,0.0125,0.0
206,545,991.8925,1,2.5,0.0125,0.0
207,549,991.8925,1,2.5,0.0125,0.0
208,554,991.8925,1,2.5,0.0125,0.0
209,558,991.8925,1,2.5,0.0125,0.0
210,562,977.4935,1,2.5,0.0125,0.0
211,567,977.4935,1,2.5,0.0125,0.0
212,571,977.4935,1,2.5,0.0125,0.0
213,576,977.4935,1,2.5,0.0125,0.0
214,580,977.4935,1,2.5,0.0125,0.0
215,585,977.4935,1,2.5,0.0125,0.0
216,589,977.4935,1,2.5,0.0125,0.0
217,593,977.4935,1,2.5,0.0125,0.0
218,598,977.4935,1,2.5,0.0125,0.0
219,602,977.4935,1,2.5,0.0125,0.0
220,607,962.3582,1,2.5,0.0125,0.0
221,611,962.3582,1,2.5,0.0125,0.0
222,616,962.3582,1,2.5,0.0125,0.0
223,620,962.3582,1,2.5,0.0125,0.0
224,625,962.3582,1,2.5,0.0125,0.0
225,629,962.3582,1,2.5,0.0125,0.0
226,633,962.3582,1,2.5,0.0125,0.0
227,638,962.3582,1,2.5,0.0125,0.0
228,642,962.3582,1,2.5,0.0125,0.0
229,647,962.3582,1,2.5,0.0125,0.0
230,651,948.3683,1,2.5,0.0125,0.0
231,656,948.3683,1,2.5,0.0125,0.0
232,660,948.3683,1,2.5,0.0125,0.0
233,665,948.3683,1,2.5,0.0125,0.0
234,669,948.3683,1,2.5,0.0125,0.0
235,673,948.3683,1,2.5,0.0125,0.0
236,678,948.3683,1,2.5,0.0125,0.0
237,682,948.3683,1,2.5,0.0125,0.0
238,687,948.3683,1,2.5,0.0125,0.0
239,691,948.3683,1,2.5,0.0125,0.0
240,696,933.9694,1,2.5,0.0125,0.0
241,700,933.9694,1,2.5,0.0125,0.0
242,704,933.9694,1,2.5,0.0125,0.0
243,709,933.9694,1,2.5,0.0125,0.0
244,713,933.9694,1,2.5,0.0125,0.0
245,718,933.9694,1,2.5,0.0125,0.0
246,722,933.9694,1,2.5,0.0125,0.0
247,728,933.9694,1,2.5,0.0125,0.0
248,732,933.9694,1,2.5,0.0125,0.0
249,737,933.9694,1,2.5,0.0125,0.0
250,741,918.0978,1,2.5,0.0125,0.0
251,745,918.0978,1,2.5,0.0125,0.0
252,750,918.0978,1,2.5,0.0125,0.0
253,754,918.0978,1,2.5,0.0125,0.0
254,759,918.0978,1,2.5,0.0125,0.0
255,763,918.0978,1,2.5,0.0125,0.0
256,768,918.0978,1,2.5,0.0125,0.0
257,772,918.0978,1,2.5,0.0125,0.0
258,777,918.0978,1,2.5,0.0125,0.0
259,781,918.0978,1,2.5,0.0125,0.0
260,785,904.5169,1,2.5,0.0125,0.0
261,790,904.5169,1,2.5,0.0125,0.0
262,794,904.5169,1,2.5,0.0125,0.0
263,799,904.5169,1,2.5,0.0125,0.0
264,803,904.5169,1,2.5,0.0125,0.0
265,808,904.5169,1,2.5,0.0125,0.0
266,812,904.5169,1,2.5,0.0125,0.0
267,817,904.5169,1,2.5,0.0125,0.0
268,821,904.5169,1,2.5,0.0125,0.0
269,825,904.5169,1,2.5,0.0125,0.0
270,830,889.3817,1,2.5,0.0125,0.0
271,834,889.3817,1,2.5,0.0125,0.0
272,839,889.3817,1,2.5,0.0125,0.0
273,843,889.3817,1,2.5,0.0125,0.0
274,848,889.3817,1,2.5,0.0125,0.0
275,852,889.3817,1,2.5,0.0125,0.0
276,856,889.3817,1,2.5,0.0125,0.0
277,861,889.3817,1,2.5,0.0125,0.0
278,866,889.3817,1,2.5,0.0125,0.0
279,871,889.3817,1,2.5,0.0125,0.0
280,875,874.6555,1,2.5,0.0125,0.0
281,880,874.6555,1,2.5,0.0125,0.0
282,884,874.6555,1,2.5,0.0125,0.0
283,888,874.6555,1,2.5,0.0125,0.0
284,893,874.6555,1,2.5,0.0125,0.0
285,897,874.6555,1,2.5,0.0125,0.0
286,902,874.6555,1,2.5,0.0125,0.0
287,906,874.6555,1,2.5,0.0125,0.0
288,911,874.6555,1,2.5,0.0125,0.0
289,916,874.6555,1,2.5,0.0125,0.0
290,921,859.1929,1,2.5,0.0125,0.0
291,925,859.1929,1,2.5,0.0125,0.0
292,929,859.1929,1,2.5,0.0125,0.0
293,934,859.1929,1,2.5,0.0125,0.0
294,938,859.1929,1,2.5,0.0125,0.0
295,943,859.1929,1,2.5,0.0125,0.0
296,947,859.1929,1,2.5,0.0125,0.0
297,952,859.1929,1,2.5,0.0125,0.0
298,956,859.1929,1,2.5,0.0125,0.0
299,961,859.1929,1,2.5,0.0125,0.0
300,965,845.6121,1,2.5,0.0125,0.0
301,969,845.6121,1,2.5,0.0125,0.0
302,974,845.6121,1,2.5,0.0125,0.0
303,978,845.6121,1,2.5,0.0125,0.0
304,983,845.6121,1,2.5,0.0125,0.0
305,988,845.6121,1,2.5,0.0125,0.0
306,993,845.6121,1,2.5,0.0125,0.0
307,997,845.6121,1,2.5,0.0125,0.0
308,1002,845.6121,1,2.5,0.0125,0.0
309,1006,845.6121,1,2.5,0.0125,0.0
310,1010,830.4768,1,2.5,0.0125,0.0
311,1015,830.4768,1,2.5,0.0125,0.0
312,1019,830.4768,1,2.5,0.0125,0.0
313,1024,830.4768,1,2.5,0.0125,0.0
314,1028,830.4768,1,2.5,0.0125,0.0
315,1033,830.4768,1,2.5,0.0125,0.0
316,1037,830.4768,1,2.5,0.0125,0.0
317,1042,830.4768,1,2.5,0.0125,0.0
318,1046,830.4768,1,2.5,0.0125,0.0
319,1050,830.4768,1,2.5,0.0125,0.0
320,1055,815.7505,1,2.5,0.0125,0.0
321,1059,815.7505,1,2.5,0.0125,0.0
322,1064,815.7505,1,2.5,0.0125,0.0
323,1068,815.7505,1,2.5,0.0125,0.0
324,1073,815.7505,1,2.5,0.0125,0.0
325,1077,815.7505,1,2.5,0.0125,0.0
326,1081,815.7505,1,2.5,0.0125,0.0
327,1086,815.7505,1,2.5,0.0125,0.0
328,1090,815.7505,1,2.5,0.0125,0.0
329,1095,815.7505,1,2.5,0.0125,0.0
330,1099,801.7607,1,2.5,0.0125,0.0
331,1104,801.7607,1,2.5,0.0125,0.0
332,1108,801.7607,1,2.5,0.0125,0.0
333,1113,801.7607,1,2.5,0.0125,0.0
334,1118,801.7607,1,2.5,0.0125,0.0
335,1123,801.7607,1,2.5,0.0125,0.0
336,1127,801.7607,1,2.5,0.0125,0.0
337,1131,801.7607,1,2.5,0.0125,0.0
338,1136,801.7607,1,2.5,0.0125,0.0
339,1140,801.7607,1,2.5,0.0125,0.0
340,1145,785.8891,1,2.5,0.0125,0.0
341,1149,785.8891,1,2.5,0.0125,0.0
342,1154,785.8891,1,2.5,0.0125,0.0
343,1158,785.8891,1,2.5,0.0125,0.0
344,1163,785.8891,1,2.5,0.0125,0.0
345,1167,785.8891,1,2.5,0.0125,0.0
346,1171,785.8891,1,2.5,0.0125,0.0
347,1176,785.8891,1,2.5,0.0125,0.0
348,1180,785.8891,1,2.5,0.0125,0.0
349,1185,785.8891,1,2.5,0.0125,0.0
350,1189,772.3083,1,2.5,0.0125,0.0
351,1194,772.3083,1,2.5,0.0125,0.0
352,1198,772.3083,1,2.5,0.0125,0.0
353,1203,772.3083,1,2.5,0.0125,0.0
354,1207,772.3083,1,2.5,0.0125,0.0
355,1212,772.3083,1,2.5,0.0125,0.0
356,1216,772.3083,1,2.5,0.0125,0.0
357,1220,772.3083,1,2.5,0.0125,0.0
358,1225,772.3083,1,2.5,0.0125,0.0
359,1229,772.3083,1,2.5,0.0125,0.0
360,1234,757.173,1,2.5,0.0125,0.0
361,1238,757.173,1,2.5,0.0125,0.0
362,1243,757.173,1,2.5,0.0125,0.0
363,1247,757.173,1,2.5,0.0125,0.0
364,1252,757.173,1,2.5,0.0125,0.0
365,1256,757.173,1,2.5,0.0125,0.0
366,1261,757.173,1,2.5,0.0125,0.0
367,1265,757.173,1,2.5,0.0125,0.0
368,1269,757.173,1,2.5,0.0125,0.0
369,1274,757.173,1,2.5,0.0125,0.0
370,1278,743.183,1,2.5,0.0125,0.0
371,1283,743.183,1,2.5,0.0125,0.0
372,1287,743.183,1,2.5,0.0125,0.0
373,1292,743.183,1,2.5,0.0125,0.0
374,1296,743.183,1,2.5,0.0125,0.0
375,1302,743.183,1,2.5,0.0125,0.0
376,1306,743.183,1,2.5,0.0125,0.0
377,1311,743.183,1,2.5,0.0125,0.0
378,1315,743.183,1,2.5,0.0125,0.0
379,1319,743.183,1,2.5,0.0125,0.0
380,1324,727.3115,1,2.5,0.0125,0.0
381,1328,727.3115,1,2.5,0.0125,0.0
382,1333,727.3115,1,2.5,0.0125,0.0
383,1337,727.3115,1,2.5,0.0125,0.0
384,1342,727.3115,1,2.5,0.0125,0.0
385,1346,727.3115,1,2.5,0.0125,0.0
386,1351,727.3115,1,2.5,0.0125,0.0
387,1355,727.3115,1,2.5,0.0125,0.0
388,1359,727.3115,1,2.5,0.0125,0.0
389,1364,727.3115,1,2.5,0.0125,0.0
390,1368,713.7307,1,2.5,0.0125,0.0
391,1374,713.7307,1,2.5,0.0125,0.0
392,1378,713.7307,1,2.5,0.0125,0.0
393,1383,713.7307,1,2.5,0.0125,0.0
394,1387,713.7307,1,2.5,0.0125,0.0
395,1392,713.7307,1,2.5,0.0125,0.0
396,1396,713.7307,1,2.5,0.0125,0.0
397,1401,713.7307,1,2.5,0.0125,0.0
398,1405,713.7307,1,2.5,0.0125,0.0
399,1409,713.7307,1,2.5,0.0125,0.0
400,1414,697.8591,1,2.5,0.0125,0.0
401,1418,697.8591,1,2.5,0.0125,0.0
402,1423,697.8591,1,2.5,0.0125,0.0
403,1427,697.8591,1,2.5,0.0125,0.0
404,1432,697.8591,1,2.5,0.0125,0.0
405,1436,697.8591,1,2.5,0.0125,0.0
406,1441,697.8591,1,2.5,0.0125,0.0
407,1445,697.8591,1,2.5,0.0125,0.0
408,1449,697.8591,1,2.5,0.0125,0.0
409,1454,697.8591,1,2.5,0.0125,0.0
410,1458,684.2782,1,2.5,0.0125,0.0
411,1463,684.2782,1,2.5,0.0125,0.0
412,1467,684.2782,1,2.5,0.0125,0.0
413,1472,684.2782,1,2.5,0.0125,0.0
414,1476,684.2782,1,2.5,0.0125,0.0
415,1480,684.2782,1,2.5,0.0125,0.0
416,1485,684.2782,1,2.5,0.0125,0.0
417,1489,684.2782,1,2.5,0.0125,0.0
418,1494,684.2782,1,2.5,0.0125,0.0
419,1498,684.2782,1,2.5,0.0125,0.0
420,1503,669.1429,1,2.5,0.0125,0.0
421,1507,669.1429,1,2.5,0.0125,0.0
422,1512,669.1429,1,2.5,0.0125,0.0
423,1516,669.1429,1,2.5,0.0125,0.0
424,1521,669.1429,1,2.5,0.0125,0.0
425,1525,669.1429,1,2.5,0.0125,0.0
426,1529,669.1429,1,2.5,0.0125,0.0
427,1534,669.1429,1,2.5,0.0125,0.0
428,1538,669.1429,1,2.5,0.0125,0.0
429,1543,669.1429,1,2.5,0.0125,0.0
430,1547,655.153,1,2.5,0.0125,0.0
431,1552,655.153,1,2.5,0.0125,0.0
432,1556,655.153,1,2.5,0.0125,0.0
433,1561,655.153,1,2.5,0.0125,0.0
434,1565,655.153,1,2.5,0.0125,0.0
435,1570,655.153,1,2.5,0.0125,0.0
436,1575,655.153,1,2.5,0.0125,0.0
437,1579,655.153,1,2.5,0.0125,0.0
438,1584,655.153,1,2.5,0.0125,0.0
439,1588,655.153,1,2.5,0.0125,0.0
440,1593,639.2814,1,2.5,0.0125,0.0
441,1597,639.2814,1,2.5,0.0125,0.0
442,1602,639.2814,1,2.5,0.0125,0.0
443,1606,639.2814,1,2.5,0.0125,0.0
444,1610,639.2814,1,2.5,0.0125,0.0
445,1615,639.2814,1,2.5,0.0125,0.0
446,1619,639.2814,1,2.5,0.0125,0.0
447,1624,639.2814,1,2.5,0.0125,0.0
448,1628,639.2814,1,2.5,0.0125,0.0
449,1633,639.2814,1,2.5,0.0125,0.0
450,1637,625.7006,1,2.5,0.0125,0.0
451,1643,625.7006,1,2.5,0.0125,0.0
452,1647,625.7006,1,2.5,0.0125,0.0
453,1652,625.7006,1,2.5,0.0125,0.0
454,1656,625.7006,1,2.5,0.0125,0.0
455,1660,625.7006,1,2.5,0.0125,0.0
456,1665,625.7006,1,2.5,0.0125,0.0
457,1669,625.7006,1,2.5,0.0125,0.0
458,1673,625.7006,1,2.5,0.0125,0.0
459,1677,625.7006,1,2.5,0.0125,0.0
460,1682,610.5653,1,2.5,0.0125,0.0
461,1686,610.5653,1,2.5,0.0125,0.0
462,1691,610.5653,1,2.5,0.0125,0.0
463,1695,610.5653,1,2.5,0.0125,0.0
464,1699,610.5653,1,2.5,0.0125,0.0
465,1704,610.5653,1,2.5,0.0125,0.0
466,1708,610.5653,1,2.5,0.0125,0.0
467,1713,610.5653,1,2.5,0.0125,0.0
468,1717,610.5653,1,2.5,0.0125,0.0
469,1722,610.5653,1,2.5,0.0125,0.0
470,1726,596.5754,1,2.5,0.0125,0.0
471,1731,596.5754,1,2.5,0.0125,0.0
472,1735,596.5754,1,2.5,0.0125,0.0
473,1739,596.5754,1,2.5,0.0125,0.0
474,1744,596.5754,1,2.5,0.0125,0.0
475,1748,596.5754,1,2.5,0.0125,0.0
476,1753,596.5754,1,2.5,0.0125,0.0
477,1757,596.5754,1,2.5,0.0125,0.0
478,1762,596.5754,1,2.5,0.0125,0.0
479,1766,596.5754,1,2.5,0.0125,0.0
480,1770,582.1765,1,2.5,0.0125,0.0
481,1775,582.1765,1,2.5,0.0125,0.0
482,1779,582.1765,1,2.5,0.0125,0.0
483,1784,582.1765,1,2.5,0.0125,0.0
484,1788,582.1765,1,2.5,0.0125,0.0
485,1793,582.1765,1,2.5,0.0125,0.0
486,1797,582.1765,1,2.5,0.0125,0.0
487,1802,582.1765,1,2.5,0.0125,0.0
488,1806,582.1765,1,2.5,0.0125,0.0
489,1810,582.1765,1,2.5,0.0125,0.0
490,1816,567.0412,1,2.5,0.0125,0.0
491,1820,567.0412,1,2.5,0.0125,0.0
492,1825,567.0412,1,2.5,0.0125,0.0
493,1829,567.0412,1,2.5,0.0125,0.0
494,1834,567.0412,1,2.5,0.0125,0.0
495,1838,567.0412,1,2.5,0.0125,0.0
496,1843,567.0412,1,2.5,0.0125,0.0
497,1847,567.0412,1,2.5,0.0125,0.0
498,1851,567.0412,1,2.5,0.0125,0.0
499,1857,567.0412,1,2.5,0.0125,0.0
500,1861,551.5786,1,2.5,0.0125,0.0
501,1866,551.5786,1,2.5,0.0125,0.0
502,1870,551.5786,1,2.5,0.0125,0.0
503,1875,551.5786,1,2.5,0.0125,0.0
504,1879,551.5786,1,2.5,0.0125,0.0
505,1884,551.5786,1,2.5,0.0125,0.0
506,1888,551.5786,1,2.5,0.0125,0.0
507,1893,551.5786,1,2.5,0.0125,0.0
508,1897,551.5786,1,2.5,0.0125,0.0
509,1901,551.5786,1,2.5,0.0125,0.0
510,1907,537.2615,1,2.5,0.0125,0.0
511,1911,537.2615,1,2.5,0.0125,0.0
512,1916,537.2615,1,2.5,0.0125,0.0
513,1920,537.2615,1,2.5,0.0125,0.0
514,1925,537.2615,1,2.5,0.0125,0.0
515,1929,537.2615,1,2.5,0.0125,0.0
516,1934,537.2615,1,2.5,0.0125,0.0
517,1938,537.2615,1,2.5,0.0125,0.0
518,1942,537.2615,1,2.5,0.0125,0.0
519,1947,537.2615,1,2.5,0.0125,0.0
520,1951,522.5353,1,2.5,0.0125,0.0
521,1957,522.5353,1,2.5,0.0125,0.0
522,1961,522.5353,1,2.5,0.0125,0.0
523,1966,522.5353,1,2.5,0.0125,0.0
524,1970,522.5353,1,2.5,0.0125,0.0
525,1975,522.5353,1,2.5,0.0125,0.0
526,1979,522.5353,1,2.5,0.0125,0.0
527,1983,522.5353,1,2.5,0.0125,0.0
528,1988,522.5353,1,2.5,0.0125,0.0
529,1992,522.5353,1,2.5,0.0125,0.0
530,1997,507.0728,1,2.5,0.0125,0.0
531,2001,507.0728,1,2.5,0.0125,0.0
532,2006,507.0728,1,2.5,0.0125,0.0
533,2010,507.0728,1,2.5,0.0125,0.0
534,2014,507.0728,1,2.5,0.0125,0.0
535,2019,507.0728,1,2.5,0.0125,0.0
536,2023,507.0728,1,2.5,0.0125,0.0
537,2028,507.0728,1,2.5,0.0125,0.0
538,2032,507.0728,1,2.5,0.0125,0.0
539,2037,507.0728,1,2.5,0.0125,0.0
540,2041,493.4919,1,2.5,0.0125,0.0
541,2046,493.4919,1,2.5,0.0125,0.0
542,2050,493.4919,1,2.5,0.0125,0.0
543,2054,493.4919,1,2.5,0.0125,0.0
544,2059,493.4919,1,2.5,0.0125,0.0
545,2063,493.4919,1,2.5,0.0125,0.0
546,2068,493.4919,1,2.5,0.0125,0.0
547,2072,493.4919,1,2.5,0.0125,0.0
548,2077,493.4919,1,2.5,0.0125,0.0
549,2081,493.4919,1,2.5,0.0125,0.0
550,2086,478.3566,1,2.5,0.0125,0.0
551,2090,478.3566,1,2.5,0.0125,0.0
552,2094,478.3566,1,2.5,0.0125,0.0
553,2099,478.3566,1,2.5,0.0125,0.0
554,2103,478.3566,1,2.5,0.0125,0.0
555,2108,478.3566,1,2.5,0.0125,0.0
556,2112,478.3566,1,2.5,0.0125,0.0
557,2117,478.3566,1,2.5,0.0125,0.0
558,2121,478.3566,1,2.5,0.0125,0.0
559,2126,478.3566,1,2.5,0.0125,0.0
560,2130,464.3667,1,2.5,0.0125,0.0
561,2134,464.3667,1,2.5,0.0125,0.0
562,2139,464.3667,1,2.5,0.0125,0.0
563,2143,464.3667,1,2.5,0.0125,0.0
564,2148,464.3667,1,2.5,0.0125,0.0
565,2152,464.3667,1,2.5,0.0125,0.0
566,2157,464.3667,1,2.5,0.0125,0.0
567,2161,464.3667,1,2.5,0.0125,0.0
568,2166,464.3667,1,2.5,0.0125,0.0
569,2170,464.3667,1,2.5,0.0125,0.0
570,2174,449.9678,1,2.5,0.0125,0.0
571,2179,449.9678,1,2.5,0.0125,0.0
572,2183,449.9678,1,2.5,0.0125,0.0
573,2188,449.9678,1,2.5,0.0125,0.0
574,2192,449.9678,1,2.5,0.0125,0.0
575,2197,449.9678,1,2.5,0.0125,0.0
576,2201,449.9678,1,2.5,0.0125,0.0
577,2205,449.9678,1,2.5,0.0125,0.0
578,2210,449.9678,1,2.5,0.0125,0.0
579,2214,449.9678,1,2.5,0.0125,0.0
580,2219,434.8326,1,2.5,0.0125,0.0
581,2223,434.8326,1,2.5,0.0125,0.0
582,2228,434.8326,1,2.5,0.0125,0.0
583,2232,434.8326,1,2.5,0.0125,0.0
584,2237,434.8326,1,2.5,0.0125,0.0
585,2241,434.8326,1,2.5,0.0125,0.0
586,2245,434.8326,1,2.5,0.0125,0.0
587,2250,434.8326,1,2.5,0.0125,0.0
588,2254,434.8326,1,2.5,0.0125,0.0
589,2259,434.8326,1,2.5,0.0125,0.0
590,2263,420.8425,1,2.5,0.0125,0.0
591,2268,420.8425,1,2.5,0.0125,0.0
592,2272,420.8425,1,2.5,0.0125,0.0
593,2277,420.8425,1,2.5,0.0125,0.0
594,2281,420.8425,1,2.5,0.0125,0.0
595,2285,420.8425,1,2.5,0.0125,0.0
596,2290,420.8425,1,2.5,0.0125,0.0
597,2294,420.8425,1,2.5,0.0125,0.0
598,2299,420.8425,1,2.5,0.0125,0.0
599,2303,420.8425,1,2.5,0.0125,0.0
600,2308,405.7073,1,2.5,0.0125,0.0
601,2312,405.7073,1,2.5,0.0125,0.0
602,2317,405.7073,1,2.5,0.0125,0.0
603,2321,405.7073,1,2.5,0.0125,0.0
604,2325,405.7073,1,2.5,0.0125,0.0
605,2330,405.7073,1,2.5,0.0125,0.0
606,2334,405.7073,1,2.5,0.0125,0.0
607,2339,405.7073,1,2.5,0.0125,0.0
608,2343,405.7073,1,2.5,0.0125,0.0
609,2348,405.7073,1,2.5,0.0125,0.0
610,2352,391.7174,1,2.5,0.0125,0.0
611,2357,391.7174,1,2.5,0.0125,0.0
612,2361,391.7174,1,2.5,0.0125,0.0
613,2367,391.7174,1,2.5,0.0125,0.0
614,2371,391.7174,1,2.5,0.0125,0.0
615,2376,391.7174,1,2.5,0.0125,0.0
616,2381,391.7174,1,2.5,0.0125,0.0
617,2385,391.7174,1,2.5,0.0125,0.0
618,2390,391.7174,1,2.5,0.0125,0.0
619,2394,391.7174,1,2.5,0.0125,0.0
620,2398,375.8458,1,2.5,0.0125,0.0
621,2403,375.8458,1,2.5,0.0125,0.0
622,2408,375.8458,1,2.5,0.0125,0.0
623,2412,375.8458,1,2.5,0.0125,0.0
624,2416,375.8458,1,2.5,0.0125,0.0
625,2421,375.8458,1,2.5,0.0125,0.0
626,2425,375.8458,1,2.5,0.0125,0.0
627,2430,375.8458,1,2.5,0.0125,0.0
628,2434,375.8458,1,2.5,0.0125,0.0
629,2438,375.8458,1,2.5,0.0125,0.0
630,2443,361.5287,1,2.5,0.0125,0.0
631,2447,361.5287,1,2.5,0.0125,0.0
632,2452,361.5287,1,2.5,0.0125,0.0
633,2456,361.5287,1,2.5,0.0125,0.0
634,2461,361.5287,1,2.5,0.0125,0.0
635,2465,361.5287,1,2.5,0.0125,0.0
636,2470,361.5287,1,2.5,0.0125,0.0
637,2474,361.5287,1,2.5,0.0125,0.0
638,2479,361.5287,1,2.5,0.0125,0.0
639,2483,361.5287,1,2.5,0.0125,0.0
640,2487,347.5388,1,2.5,0.0125,0.0
641,2492,347.5388,1,2.5,0.0125,0.0
642,2496,347.5388,1,2.5,0.0125,0.0
643,2501,347.5388,1,2.5,0.0125,0.0
644,2505,347.5388,1,2.5,0.0125,0.0
645,2510,347.5388,1,2.5,0.0125,0.0
646,2514,347.5388,1,2.5,0.0125,0.0
647,2520,347.5388,1,2.5,0.0125,0.0
648,2524,347.5388,1,2.5,0.0125,0.0
649,2528,347.5388,1,2.5,0.0125,0.0
650,2533,331.6671,1,2.5,0.0125,0.0
651,2537,331.6671,1,2.5,0.0125,0.0
652,2542,331.6671,1,2.5,0.0125,0.0
653,2546,331.6671,1,2.5,0.0125,0.0
654,2551,331.6671,1,2.5,0.0125,0.0
655,2555,331.6671,1,2.5,0.0125,0.0
656,2560,331.6671,1,2.5,0.0125,0.0
657,2564,331.6671,1,2.5,0.0125,0.0
658,2568,331.6671,1,2.5,0.0125,0.0
659,2573,331.6671,1,2.5,0.0125,0.0
660,2577,318.0864,1,2.5,0.0125,0.0
661,2582,318.0864,1,2.5,0.0125,0.0
662,2586,318.0864,1,2.5,0.0125,0.0
663,2590,318.0864,1,2.5,0.0125,0.0
664,2595,318.0864,1,2.5,0.0125,0.0
665,2599,318.0864,1,2.5,0.0125,0.0
666,2604,318.0864,1,2.5,0.0125,0.0
667,2608,318.0864,1,2.5,0.0125,0.0
668,2613,318.0864,1,2.5,0.0125,0.0
669,2618,318.0864,1,2.5,0.0125,0.0
670,2623,302.2147,1,2.5,0.0125,0.0
671,2627,302.2147,1,2.5,0.0125,0.0
672,2631,302.2147,1,2.5,0.0125,0.0
673,2636,302.2147,1,2.5,0.0125,0.0
674,2640,302.2147,1,2.5,0.0125,0.0
675,2645,302.2147,1,2.5,0.0125,0.0
676,2649,302.2147,1,2.5,0.0125,0.0
677,2654,302.2147,1,2.5,0.0125,0.0
678,2658,302.2147,1,2.5,0.0125,0.0
679,2663,302.2147,1,2.5,0.0125,0.0
680,2667,288.6339,1,2.5,0.0125,0.0
681,2671,288.6339,1,2.5,0.0125,0.0
682,2676,288.6339,1,2.5,0.0125,0.0
683,2680,288.6339,1,2.5,0.0125,0.0
684,2685,288.6339,1,2.5,0.0125,0.0
685,2689,288.6339,1,2.5,0.0125,0.0
686,2694,288.6339,1,2.5,0.0125,0.0
687,2698,288.6339,1,2.5,0.0125,0.0
688,2703,288.6339,1,2.5,0.0125,0.0
689,2707,288.6339,1,2.5,0.0125,0.0
690,2712,274.235,1,2.5,0.0125,0.0
691,2716,274.235,1,2.5,0.0125,0.0
692,2720,274.235,1,2.5,0.0125,0.0
693,2725,274.235,1,2.5,0.0125,0.0
694,2730,274.235,1,2.5,0.0125,0.0
695,2735,274.235,1,2.5,0.0125,0.0
696,2739,274.235,1,2.5,0.0125,0.0
697,2744,274.235,1,2.5,0.0125,0.0
698,2748,274.235,1,2.5,0.0125,0.0
699,2752,274.235,1,2.5,0.0125,0.0
700,2757,258.3633,1,2.5,0.0125,0.0
701,2761,258.3633,1,2.5,0.0125,0.0
702,2766,258.3633,1,2.5,0.0125,0.0
703,2770,258.3633,1,2.5,0.0125,0.0
704,2775,258.3633,1,2.5,0.0125,0.0
705,2779,258.3633,1,2.5,0.0125,0.0
706,2783,258.3633,1,2.5,0.0125,0.0
707,2788,258.3633,1,2.5,0.0125,0.0
708,2792,258.3633,1,2.5,0.0125,0.0
709,2797,258.3633,1,2.5,0.0125,0.0
710,2801,244.7825,1,2.5,0.0125,0.0
711,2806,244.7825,1,2.5,0.0125,0.0
712,2811,244.7825,1,2.5,0.0125,0.0
713,2816,244.7825,1,2.5,0.0125,0.0
714,2820,244.7825,1,2.5,0.0125,0.0
715,2824,244.7825,1,2.5,0.0125,0.0
716,2829,244.7825,1,2.5,0.0125,0.0
717,2833,244.7825,1,2.5,0.0125,0.0
718,2838,244.7825,1,2.5,0.0125,0.0
719,2842,244.7825,1,2.5,0.0125,0.0
720,2847,228.9109,1,2.5,0.0125,0.0
721,2851,228.9109,1,2.5,0.0125,0.0
722,2855,228.9109,1,2.5,0.0125,0.0
723,2860,228.9109,1,2.5,0.0125,0.0
724,2864,228.9109,1,2.5,0.0125,0.0
725,2869,228.9109,1,2.5,0.0125,0.0
726,2873,228.9109,1,2.5,0.0125,0.0
727,2878,228.9109,1,2.5,0.0125,0.0
728,2882,228.9109,1,2.5,0.0125,0.0
729,2887,228.9109,1,2.5,0.0125,0.0
730,2891,215.3301,1,2.5,0.0125,0.0
731,2896,215.3301,1,2.5,0.0125,0.0
732,2900,215.3301,1,2.5,0.0125,0.0
733,2904,215.3301,1,2.5,0.0125,0.0
734,2909,215.3301,1,2.5,0.0125,0.0
735,2913,215.3301,1,2.5,0.0125,0.0
736,2918,215.3301,1,2.5,0.0125,0.0
737,2922,215.3301,1,2.5,0.0125,0.0
738,2926,215.3301,1,2.5,0.0125,0.0
739,2931,215.3301,1,2.5,0.0125,0.0
740,2935,200.9311,1,2.5,0.0125,0.0
741,2940,200.9311,1,2.5,0.0125,0.0
742,2944,200.9311,1,2.5,0.0125,0.0
743,2949,200.9311,1,2.5,0.0125,0.0
744,2953,200.9311,1,2.5,0.0125,0.0
745,2958,200.9311,1,2.5,0.0125,0.0
746,2962,200.9311,1,2.5,0.0125,0.0
747,2966,200.9311,1,2.5,0.0125,0.0
748,2971,200.9311,1,2.5,0.0125,0.0
749,2975,200.9311,1,2.5,0.0125,0.0
750,2980,185.7957,1,2.5,0.0125,0.0
751,2984,185.7957,1,2.5,0.0125,0.0
752,2989,185.7957,1,2.5,0.0125,0.0
753,2993,185.7957,1,2.5,0.0125,0.0
754,2998,185.7957,1,2.5,0.0125,0.0
755,3002,185.7957,1,2.5,0.0125,0.0
756,3006,185.7957,1,2.5,0.0125,0.0
757,3011,185.7957,1,2.5,0.0125,0.0
758,3015,185.7957,1,2.5,0.0125,0.0
759,3020,185.7957,1,2.5,0.0125,0.0
760,3024,171.8059,1,2.5,0.0125,0.0
761,3028,171.8059,1,2.5,0.0125,0.0
762,3033,171.8059,1,2.5,0.0125,0.0
763,3037,171.8059,1,2.5,0.0125,0.0
764,3042,171.8059,1,2.5,0.0125,0.0
765,3046,171.8059,1,2.5,0.0125,0.0
766,3051,171.8059,1,2.5,0.0125,0.0
767,3055,171.8059,1,2.5,0.0125,0.0
768,3060,171.8059,1,2.5,0.0125,0.0
769,3064,171.8059,1,2.5,0.0125,0.0
770,3068,157.407,1,2.5,0.0125,0.0
771,3073,157.407,1,2.5,0.0125,0.0
772,3077,157.407,1,2.5,0.0125,0.0
773,3082,157.407,1,2.5,0.0125,0.0
774,3086,157.407,1,2.5,0.0125,0.0
775,3091,157.407,1,2.5,0.0125,0.0
776,3095,157.407,1,2.5,0.0125,0.0
777,3100,157.407,1,2.5,0.0125,0.0
778,3104,157.407,1,2.5,0.0125,0.0
779,3108,157.407,1,2.5,0.0125,0.0
780,3113,142.2716,1,2.5,0.0125,0.0
781,3117,142.2716,1,2.5,0.0125,0.0
782,3122,142.2716,1,2.5,0.0125,0.0
783,3126,142.2716,1,2.5,0.0125,0.0
784,3131,142.2716,1,2.5,0.0125,0.0
785,3135,142.2716,1,2.5,0.0125,0.0
786,3140,142.2716,1,2.5,0.0125,0.0
787,3144,142.2716,1,2.5,0.0125,0.0
788,3148,142.2716,1,2.5,0.0125,0.0
789,3153,142.2716,1,2.5,0.0125,0.0
790,3157,128.2817,1,2.5,0.0125,0.0
791,3162,128.2817,1,2.5,0.0125,0.0
792,3166,128.2817,1,2.5,0.0125,0.0
793,3170,128.2817,1,2.5,0.0125,0.0
794,3175,128.2817,1,2.5,0.0125,0.0
795,3179,128.2817,1,2.5,0.0125,0.0
796,3184,128.2817,1,2.5,0.0125,0.0
797,3188,128.2817,1,2.5,0.0125,0.0
798,3193,128.2817,1,2.5,0.0125,0.0
799,3197,128.2817,1,2.5,0.0125,0.0
800,3202,113.1465,1,2.5,0.0125,0.0
801,3206,113.1465,1,2.5,0.0125,0.0
802,3211,113.1465,1,2.5,0.0125,0.0
803,3216,113.1465,1,2.5,0.0125,0.0
804,3220,113.1465,1,2.5,0.0125,0.0
805,3225,113.1465,1,2.5,0.0125,0.0
806,3229,113.1465,1,2.5,0.0125,0.0
807,3234,113.1465,1,2.5,0.0125,0.0
808,3238,113.1465,1,2.5,0.0125,0.0
809,3244,113.1465,1,2.5,0.0125,0.0
810,3248,97.6839,1,2.5,0.0125,0.0
811,3252,97.6839,1,2.5,0.0125,0.0
812,3257,97.6839,1,2.5,0.0125,0.0
813,3261,97.6839,1,2.5,0.0125,0.0
814,3266,97.6839,1,2.5,0.0125,0.0
815,3270,97.6839,1,2.5,0.0125,0.0
816,3275,97.6839,1,2.5,0.0125,0.0
817,3279,97.6839,1,2.5,0.0125,0.0
818,3283,97.6839,1,2.5,0.0125,0.0
819,3288,97.6839,1,2.5,0.0125,0.0
820,3293,84.1031,1,2.5,0.0125,0.0
821,3298,84.1031,1,2.5,0.0125,0.0
822,3302,84.1031,1,2.5,0.0125,0.0
823,3306,84.1031,1,2.5,0.0125,0.0
824,3311,84.1031,1,2.5,0.0125,0.0
825,3315,84.1031,1,2.5,0.0125,0.0
826,3320,84.1031,1,2.5,0.0125,0.0
827,3324,84.1031,1,2.5,0.0125,0.0
828,3329,84.1031,1,2.5,0.0125,0.0
829,3333,84.1031,1,2.5,0.0125,0.0
830,3338,68.2315,1,2.5,0.0125,0.0
831,3342,68.2315,1,2.5,0.0125,0.0
832,3346,68.2315,1,2.5,0.0125,0.0
833,3351,68.2315,1,2.5,0.0125,0.0
834,3355,68.2315,1,2.5,0.0125,0.0
835,3360,68.2315,1,2.5,0.0125,0.0
836,3364,68.2315,1,2.5,0.0125,0.0
837,3369,68.2315,1,2.5,0.0125,0.0
838,3373,68.2315,1,2.5,0.0125,0.0
839,3378,68.2315,1,2.5,0.0125,0.0
840,3382,54.6507,1,2.5,0.0125,0.0
841,3386,54.6507,1,2.5,0.0125,0.0
842,3391,54.6507,1,2.5,0.0125,0.0
843,3395,54.6507,1,2.5,0.0125,0.0
844,3400,54.6507,1,2.5,0.0125,0.0
845,3404,54.6507,1,2.5,0.0125,0.0
846,3408,54.6507,1,2.5,0.0125,0.0
847,3413,54.6507,1,2.5,0.0125,0.0
848,3417,54.6507,1,2.5,0.0125,0.0
849,3422,54.6507,1,2.5,0.0125,0.0
850,3426,40.2517,1,2.5,0.0125,0.0
851,3431,40.2517,1,2.5,0.0125,0.0
852,3435,40.2517,1,2.5,0.0125,0.0
853,3440,40.2517,1,2.5,0.0125,0.0
854,3444,40.2517,1,2.5,0.0125,0.0
855,3448,40.2517,1,2.5,0.0125,0.0
856,3453,40.2517,1,2.5,0.0125,0.0
857,3457,40.2517,1,2.5,0.0125,0.0
858,3462,40.2517,1,2.5,0.0125,0.0
859,3466,40.2517,1,2.5,0.0125,0.0
860,3471,25.1165,1,2.5,0.0125,0.0
861,3475,25.1165,1,2.5,0.0125,0.0
862,3480,25.1165,1,2.5,0.0125,0.0
863,3484,25.1165,1,2.5,0.0125,0.0
864,3488,25.1165,1,2.5,0.0125,0.0
865,3493,25.1165,1,2.5,0.0125,0.0
866,3497,25.1165,1,2.5,0.0125,0.0
867,3502,25.1165,1,2.5,0.0125,0.0
868,3506,25.1165,1,2.5,0.0125,0.0
869,3510,25.1165,1,2.5,0.0125,0.0
870,3515,11.1264,1,2.5,0.0125,0.0
871,3519,11.1264,1,2.5,0.0125,0.0
872,3524,11.1264,1,2.5,0.0125,0.0
873,3528,11.1264,1,2.5,0.0125,0.0
874,3533,11.1264,1,2.5,0.0125,0.0
875,3537,11.1264,1,2.5,0.0125,0.0
876,3541,11.1264,1,2.5,0.0125,0.0
877,3546,11.1264,1,2.5,0.0125,0.0
878,3550,11.1264,1,2.5,0.0125,0.0
879,3555,11.1264,1,2.5,0.0125,0.0
880,3559,-3.2724,1,2.5,0.0125,0.0
881,3563,-3.2724,1,2.5,0.0125,0.0
882,3567,-3.2724,1,2.5,0.0125,0.0
883,3571,-3.2724,1,2.5,0.0125,0.0
884,3575,-3.2724,1,2.5,0.0125,0.0
885,3579,-3.2724,1,2.5,0.0125,0.0
886,3583,-3.2724,1,2.5,0.0125,0.0
887,3586,-3.2724,1,2.5,0.0125,0.0
888,3589,-3.2724,1,2.5,0.0125,0.0
889,3593,-3.2724,1,2.5,0.0125,0.0
890,3596,-13.2535,1,2.5,0.0125,0.0
891,3599,-13.2535,1,2.5,0.0125,0.0
892,3601,-13.2535,1,2.5,0.0125,0.0
893,3604,-13.2535,1,2.5,0.0125,0.0
894,3606,-13.2535,1,2.5,0.0125,0.0
895,3609,-13.2535,1,2.5,0.0125,0.0
896,3611,-13.2535,1,2.5,0.0125,0.0
897,3612,-13.2535,1,2.5,0.0125,0.0
898,3614,-13.2535,1,2.5,0.0125,0.0
899,3616,-13.2535,1,2.5,0.0125,0.0
900,3617,-14.6443,1,2.5,0.0125,0.0
901,3618,-14.6443,1,2.5,0.0125,0.0
902,3619,-14.6443,1,2.5,0.0125,0.0
903,3620,-14.6443,1,2.5,0.0125,0.0
904,3620,-14.6443,1,2.5,0.0125,0.0
905,3621,-14.6443,1,2.5,0.0125,0.0
906,3621,-14.6443,1,2.5,0.0125,0.0
907,3621,-14.6443,1,2.5,0.0125,0.0
908,3621,-14.6443,1,2.5,0.0125,0.0
909,3621,-14.6443,1,2.5,0.0125,0.0
910,3621,-8.9175,1,2.5,0.0125,0.0
911,3621,-8.9175,1,2.5,0.0125,0.0
912,3620,-8.9175,1,2.5,0.0125,0.0
913,3619,-8.9175,1,2.5,0.0125,0.0
914,3619,-8.9175,1,2.5,0.0125,0.0
915,3618,-8.9175,1,2.5,0.0125,0.0
916,3617,-8.9175,1,2.5,0.0125,0.0
917,3616,-8.9175,1,2.5,0.0125,0.0
918,3616,-8.9175,1,2.5,0.0125,0.0
919,3615,-8.9175,1,2.5,0.0125,0.0
920,3613,-1.718,1,2.5,0.0125,0.0
921,3612,-1.718,1,2.5,0.0125,0.0
922,3611,-1.718,1,2.5,0.0125,0.0
923,3610,-1.718,1,2.5,0.0125,0.0
924,3609,-1.718,1,2.5,0.0125,0.0
925,3607,-1.718,1,2.5,0.0125,0.0
926,3606,-1.718,1,2.5,0.0125,0.0
927,3605,-1.718,1,2.5,0.0125,0.0
928,3604,-1.718,1,2.5,0.0125,0.0
929,3603,-1.718,1,2.5,0.0125,0.0
930,3602,3.518,1,2.5,0.0125,0.0
931,3601,3.518,1,2.5,0.0125,0.0
932,3600,3.518,1,2.5,0.0125,0.0
933,3599,3.518,1,2.5,0.0125,0.0
934,3599,3.518,1,2.5,0.0125,0.0
935,3598,3.518,1,2.5,0.0125,0.0
936,3597,3.518,1,2.5,0.0125,0.0
937,3597,3.518,1,2.5,0.0125,0.0
938,3596,3.518,1,2.5,0.0125,0.0
939,3596,3.518,1,2.5,0.0125,0.0
940,3596,4.1725,1,2.5,0.0125,0.0
941,3595,4.1725,1,2.5,0.0125,0.0
942,3595,4.1725,1,2.5,0.0125,0.0
943,3595,4.1725,1,2.5,0.0125,0.0
944,3595,4.1725,1,2.5,0.0125,0.0
945,3595,4.1725,1,2.5,0.0125,0.0
946,3595,4.1725,1,2.5,0.0125,0.0
947,3595,4.1725,1,2.5,0.0125,0.0
948,3595,4.1725,1,2.5,0.0125,0.0
949,3595,4.1725,1,2.5,0.0125,0.0
950,3595,2.0453,1,2.5,0.0125,0.0
951,3595,2.0453,1,2.5,0.0125,0.0
952,3595,2.0453,1,2.5,0.0125,0.0
953,3595,2.0453,1,2.5,0.0125,0.0
954,3596,2.0453,1,2.5,0.0125,0.0
955,3596,2.0453,1,2.5,0.0125,0.0
956,3596,2.0453,1,2.5,0.0125,0.0
957,3596,2.0453,1,2.5,0.0125,0.0
958,3597,2.0453,1,2.5,0.0125,0.0
959,3597,2.0453,1,2.5,0.0125,0.0
960,3597,0.1638,1,2.5,0.0125,0.0
961,3598,0.1638,1,2.5,0.0125,0.0
962,3598,0.1638,1,2.5,0.0125,0.0
963,3598,0.1638,1,2.5,0.0125,0.0
964,3598,0.1638,1,2.5,0.0125,0.0
965,3599,0.1638,1,2.5,0.0125,0.0
966,3599,0.1638,1,2.5,0.0125,0.0
967,3599,0.1638,1,2.5,0.0125,0.0
968,3599,0.1638,1,2.5,0.0125,0.0
969,3600,0.1638,1,2.5,0.0125,0.0
970,3600,-1.2271,1,2.5,0.0125,0.0
971,3600,-1.2271,1,2.5,0.0125,0.0
972,3600,-1.2271,1,2.5,0.0125,0.0
973,3600,-1.2271,1,2.5,0.0125,0.0
974,3600,-1.2271,1,2.5,0.0125,0.0
975,3600,-1.2271,1,2.5,0.0125,0.0
976,3600,-1.2271,1,2.5,0.0125,0.0
977,3600,-1.2271,1,2.5,0.0125,0.0
978,3600,-1.2271,1,2.5,0.0125,0.0
979,3600,-1.2271,1,2.5,0.0125,0.0
980,3600,0.0001,1,2.5,0.0125,0.0
981,3600,0.0001,1,2.5,0.0125,0.0
982,3600,0.0001,1,2.5,0.0125,0.0
983,3600,0.0001,1,2.5,0.0125,0.0
984,3600,0.0001,1,2.5,0.0125,0.0
985,3600,0.0001,1,2.5,0.0125,0.0
986,3600,0.0001,1,2.5,0.0125,0.0
987,3600,0.0001,1,2.5,0.0125,0.0
988,3600,0.0001,1,2.5,0.0125,0.0
989,3600,0.0001,1,2.5,0.0125,0.0
990,3600,0.0001,1,2.5,0.0125,0.0
991,3600,0.0001,1,2.5,0.0125,0.0
992,3600,0.0001,1,2.5,0.0125,0.0
993,3600,0.0001,1,2.5,0.0125,0.0
994,3600,0.0001,1,2.5,0.0125,0.0
995,3600,0.0001,1,2.5,0.0125,0.0
996,3600,0.0001,1,2.5,0.0125,0.0
997,3600,0.0001,1,2.5,0.0125,0.0
998,3600,0.0001,1,2.5,0.0125,0.0
999,3600,0.0001,1,2.5,0.0125,0.0
1000,3600,0.0001,1,2.5,0.0125,0.0
1001,3600,0.0001,1,2.5,0.0125,0.0
1002,3600,0.0001,1,2.5,0.0125,0.0
1003,3600,0.0001,1,2.5,0.0125,0.0
1004,3600,0.0001,1,2.5,0.0125,0.0
1005,3600,0.0001,1,2.5,0.0125,0.0
1006,3600,0.0001,1,2.5,0.0125,0.0
1007,3600,0.0001,1,2.5,0.0125,0.0
1008,3600,0.0001,1,2.5,0.0125,0.0
1009,3600,0.0001,1,2.5,0.0125,0.0
