TIME,PULSES,CONTROLLERVOLTAGE,CONTROLLER,KP,TAUD,TAUI 
0,3,10.6358,1,5.0,0.00625,0.0
1,7,10.6358,1,5.0,0.00625,0.0
2,11,10.6358,1,5.0,0.00625,0.0
3,15,10.6358,1,5.0,0.00625,0.0
4,19,10.6358,1,5.0,0.00625,0.0
5,23,10.6358,1,5.0,0.00625,0.0
6,27,10.6358,1,5.0,0.00625,0.0
7,31,10.6358,1,5.0,0.00625,0.0
8,35,10.6358,1,5.0,0.00625,0.0
9,39,10.6358,1,5.0,0.00625,0.0
10,43,3783.2466,1,5.0,0.00625,0.0
11,47,3783.2466,1,5.0,0.00625,0.0
12,51,3783.2466,1,5.0,0.00625,0.0
13,55,3783.2466,1,5.0,0.00625,0.0
14,59,3783.2466,1,5.0,0.00625,0.0
15,63,3783.2466,1,5.0,0.00625,0.0
16,67,3783.2466,1,5.0,0.00625,0.0
17,71,3783.2466,1,5.0,0.00625,0.0
18,75,3783.2466,1,5.0,0.00625,0.0
19,79,3783.2466,1,5.0,0.00625,0.0
20,83,2288.1267,1,5.0,0.00625,0.0
21,87,2288.1267,1,5.0,0.00625,0.0
22,91,2288.1267,1,5.0,0.00625,0.0
23,95,2288.1267,1,5.0,0.00625,0.0
24,99,2288.1267,1,5.0,0.00625,0.0
25,104,2288.1267,1,5.0,0.00625,0.0
26,108,2288.1267,1,5.0,0.00625,0.0
27,113,2288.1267,1,5.0,0.00625,0.0
28,117,2288.1267,1,5.0,0.00625,0.0
29,121,2288.1267,1,5.0,0.00625,0.0
30,125,2259.8196,1,5.0,0.00625,0.0
31,130,2259.8196,1,5.0,0.00625,0.0
32,134,2259.8196,1,5.0,0.00625,0.0
33,138,2259.8196,1,5.0,0.00625,0.0
34,142,2259.8196,1,5.0,0.00625,0.0
35,146,2259.8196,1,5.0,0.00625,0.0
36,151,2259.8196,1,5.0,0.00625,0.0
37,155,2259.8196,1,5.0,0.00625,0.0
38,159,2259.8196,1,5.0,0.00625,0.0
39,163,2259.8196,1,5.0,0.00625,0.0
40,168,2231.2673,1,5.0,0.00625,0.0
41,172,2231.2673,1,5.0,0.00625,0.0
42,176,2231.2673,1,5.0,0.00625,0.0
43,180,2231.2673,1,5.0,0.00625,0.0
44,185,2231.2673,1,5.0,0.00625,0.0
45,189,2231.2673,1,5.0,0.00625,0.0
46,193,2231.2673,1,5.0,0.00625,0.0
47,198,2231.2673,1,5.0,0.00625,0.0
48,202,2231.2673,1,5.0,0.00625,0.0
49,206,2231.2673,1,5.0,0.00625,0.0
50,210,2204.1873,1,5.0,0.00625,0.0
51,215,2204.1873,1,5.0,0.00625,0.0
52,219,2204.1873,1,5.0,0.00625,0.0
53,223,2204.1873,1,5.0,0.00625,0.0
54,228,2204.1873,1,5.0,0.00625,0.0
55,232,2204.1873,1,5.0,0.00625,0.0
56,236,2204.1873,1,5.0,0.00625,0.0
57,241,2204.1873,1,5.0,0.00625,0.0
58,245,2204.1873,1,5.0,0.00625,0.0
59,249,2204.1873,1,5.0,0.00625,0.0
60,254,2174.5713,1,5.0,0.00625,0.0
61,258,2174.5713,1,5.0,0.00625,0.0
62,262,2174.5713,1,5.0,0.00625,0.0
63,267,2174.5713,1,5.0,0.00625,0.0
64,271,2174.5713,1,5.0,0.00625,0.0
65,276,2174.5713,1,5.0,0.00625,0.0
66,280,2174.5713,1,5.0,0.00625,0.0
67,283,2174.5713,1,5.0,0.00625,0.0
68,288,2174.5713,1,5.0,0.00625,0.0
69,292,2174.5713,1,5.0,0.00625,0.0
70,296,2147.9004,1,5.0,0.00625,0.0
71,301,2147.9004,1,5.0,0.00625,0.0
72,305,2147.9004,1,5.0,0.00625,0.0
73,310,2147.9004,1,5.0,0.00625,0.0
74,314,2147.9004,1,5.0,0.00625,0.0
75,318,2147.9004,1,5.0,0.00625,0.0
76,323,2147.9004,1,5.0,0.00625,0.0
77,326,2147.9004,1,5.0,0.00625,0.0
78,331,2147.9004,1,5.0,0.00625,0.0
79,335,2147.9004,1,5.0,0.00625,0.0
80,340,2119.3479,1,5.0,0.00625,0.0
81,344,2119.3479,1,5.0,0.00625,0.0
82,348,2119.3479,1,5.0,0.00625,0.0
83,353,2119.3479,1,5.0,0.00625,0.0
84,357,2119.3479,1,5.0,0.00625,0.0
85,361,2119.3479,1,5.0,0.00625,0.0
86,366,2119.3479,1,5.0,0.00625,0.0
87,370,2119.3479,1,5.0,0.00625,0.0
88,375,2119.3479,1,5.0,0.00625,0.0
89,379,2119.3479,1,5.0,0.00625,0.0
90,384,2089.0774,1,5.0,0.00625,0.0
91,388,2089.0774,1,5.0,0.00625,0.0
92,393,2089.0774,1,5.0,0.00625,0.0
93,397,2089.0774,1,5.0,0.00625,0.0
94,401,2089.0774,1,5.0,0.00625,0.0
95,406,2089.0774,1,5.0,0.00625,0.0
96,410,2089.0774,1,5.0,0.00625,0.0
97,415,2089.0774,1,5.0,0.00625,0.0
98,419,2089.0774,1,5.0,0.00625,0.0
99,424,2089.0774,1,5.0,0.00625,0.0
100,428,2060.6885,1,5.0,0.00625,0.0
101,433,2060.6885,1,5.0,0.00625,0.0
102,437,2060.6885,1,5.0,0.00625,0.0
103,441,2060.6885,1,5.0,0.00625,0.0
104,446,2060.6885,1,5.0,0.00625,0.0
105,451,2060.6885,1,5.0,0.00625,0.0
106,456,2060.6885,1,5.0,0.00625,0.0
107,460,2060.6885,1,5.0,0.00625,0.0
108,465,2060.6885,1,5.0,0.00625,0.0
109,469,2060.6885,1,5.0,0.00625,0.0
110,475,2030.8271,1,5.0,0.00625,0.0
111,479,2030.8271,1,5.0,0.00625,0.0
112,483,2030.8271,1,5.0,0.00625,0.0
113,488,2030.8271,1,5.0,0.00625,0.0
114,492,2030.8271,1,5.0,0.00625,0.0
115,497,2030.8271,1,5.0,0.00625,0.0
116,501,2030.8271,1,5.0,0.00625,0.0
117,506,2030.8271,1,5.0,0.00625,0.0
118,510,2030.8271,1,5.0,0.00625,0.0
119,515,2030.8271,1,5.0,0.00625,0.0
120,519,2000.3109,1,5.0,0.00625,0.0
121,523,2000.3109,1,5.0,0.00625,0.0
122,527,2000.3109,1,5.0,0.00625,0.0
123,531,2000.3109,1,5.0,0.00625,0.0
124,536,2000.3109,1,5.0,0.00625,0.0
125,540,2000.3109,1,5.0,0.00625,0.0
126,545,2000.3109,1,5.0,0.00625,0.0
127,549,2000.3109,1,5.0,0.00625,0.0
128,554,2000.3109,1,5.0,0.00625,0.0
129,558,2000.3109,1,5.0,0.00625,0.0
130,563,1973.3949,1,5.0,0.00625,0.0
131,567,1973.3949,1,5.0,0.00625,0.0
132,572,1973.3949,1,5.0,0.00625,0.0
133,576,1973.3949,1,5.0,0.00625,0.0
134,580,1973.3949,1,5.0,0.00625,0.0
135,585,1973.3949,1,5.0,0.00625,0.0
136,589,1973.3949,1,5.0,0.00625,0.0
137,594,1973.3949,1,5.0,0.00625,0.0
138,598,1973.3949,1,5.0,0.00625,0.0
139,603,1973.3949,1,5.0,0.00625,0.0
140,607,1943.1243,1,5.0,0.00625,0.0
141,612,1943.1243,1,5.0,0.00625,0.0
142,617,1943.1243,1,5.0,0.00625,0.0
143,622,1943.1243,1,5.0,0.00625,0.0
144,626,1943.1243,1,5.0,0.00625,0.0
145,631,1943.1243,1,5.0,0.00625,0.0
146,634,1943.1243,1,5.0,0.00625,0.0
147,638,1943.1243,1,5.0,0.00625,0.0
148,643,1943.1243,1,5.0,0.00625,0.0
149,647,1943.1243,1,5.0,0.00625,0.0
150,652,1913.6719,1,5.0,0.00625,0.0
151,656,1913.6719,1,5.0,0.00625,0.0
152,661,1913.6719,1,5.0,0.00625,0.0
153,665,1913.6719,1,5.0,0.00625,0.0
154,670,1913.6719,1,5.0,0.00625,0.0
155,674,1913.6719,1,5.0,0.00625,0.0
156,679,1913.6719,1,5.0,0.00625,0.0
157,683,1913.6719,1,5.0,0.00625,0.0
158,688,1913.6719,1,5.0,0.00625,0.0
159,692,1913.6719,1,5.0,0.00625,0.0
160,698,1885.283,1,5.0,0.00625,0.0
161,702,1885.283,1,5.0,0.00625,0.0
162,707,1885.283,1,5.0,0.00625,0.0
163,711,1885.283,1,5.0,0.00625,0.0
164,716,1885.283,1,5.0,0.00625,0.0
165,720,1885.283,1,5.0,0.00625,0.0
166,725,1885.283,1,5.0,0.00625,0.0
167,729,1885.283,1,5.0,0.00625,0.0
168,733,1885.283,1,5.0,0.00625,0.0
169,738,1885.283,1,5.0,0.00625,0.0
170,742,1854.358,1,5.0,0.00625,0.0
171,747,1854.358,1,5.0,0.00625,0.0
172,751,1854.358,1,5.0,0.00625,0.0
173,756,1854.358,1,5.0,0.00625,0.0
174,760,1854.358,1,5.0,0.00625,0.0
175,765,1854.358,1,5.0,0.00625,0.0
176,769,1854.358,1,5.0,0.00625,0.0
177,774,1854.358,1,5.0,0.00625,0.0
178,778,1854.358,1,5.0,0.00625,0.0
179,783,1854.358,1,5.0,0.00625,0.0
180,787,1825.3145,1,5.0,0.00625,0.0
181,792,1825.3145,1,5.0,0.00625,0.0
182,796,1825.3145,1,5.0,0.00625,0.0
183,801,1825.3145,1,5.0,0.00625,0.0
184,805,1825.3145,1,5.0,0.00625,0.0
185,810,1825.3145,1,5.0,0.00625,0.0
186,814,1825.3145,1,5.0,0.00625,0.0
187,819,1825.3145,1,5.0,0.00625,0.0
188,823,1825.3145,1,5.0,0.00625,0.0
189,827,1825.3145,1,5.0,0.00625,0.0
190,832,1795.8622,1,5.0,0.00625,0.0
191,836,1795.8622,1,5.0,0.00625,0.0
192,841,1795.8622,1,5.0,0.00625,0.0
193,845,1795.8622,1,5.0,0.00625,0.0
194,850,1795.8622,1,5.0,0.00625,0.0
195,854,1795.8622,1,5.0,0.00625,0.0
196,860,1795.8622,1,5.0,0.00625,0.0
197,864,1795.8622,1,5.0,0.00625,0.0
198,869,1795.8622,1,5.0,0.00625,0.0
199,873,1795.8622,1,5.0,0.00625,0.0
200,878,1765.3461,1,5.0,0.00625,0.0
201,882,1765.3461,1,5.0,0.00625,0.0
202,887,1765.3461,1,5.0,0.00625,0.0
203,891,1765.3461,1,5.0,0.00625,0.0
204,896,1765.3461,1,5.0,0.00625,0.0
205,900,1765.3461,1,5.0,0.00625,0.0
206,905,1765.3461,1,5.0,0.00625,0.0
207,910,1765.3461,1,5.0,0.00625,0.0
208,915,1765.3461,1,5.0,0.00625,0.0
209,919,1765.3461,1,5.0,0.00625,0.0
210,923,1736.3029,1,5.0,0.00625,0.0
211,928,1736.3029,1,5.0,0.00625,0.0
212,933,1736.3029,1,5.0,0.00625,0.0
213,938,1736.3029,1,5.0,0.00625,0.0
214,942,1736.3029,1,5.0,0.00625,0.0
215,947,1736.3029,1,5.0,0.00625,0.0
216,951,1736.3029,1,5.0,0.00625,0.0
217,956,1736.3029,1,5.0,0.00625,0.0
218,960,1736.3029,1,5.0,0.00625,0.0
219,965,1736.3029,1,5.0,0.00625,0.0
220,969,1705.7867,1,5.0,0.00625,0.0
221,974,1705.7867,1,5.0,0.00625,0.0
222,978,1705.7867,1,5.0,0.00625,0.0
223,983,1705.7867,1,5.0,0.00625,0.0
224,987,1705.7867,1,5.0,0.00625,0.0
225,993,1705.7867,1,5.0,0.00625,0.0
226,997,1705.7867,1,5.0,0.00625,0.0
227,1002,1705.7867,1,5.0,0.00625,0.0
228,1006,1705.7867,1,5.0,0.00625,0.0
229,1011,1705.7867,1,5.0,0.00625,0.0
230,1015,1675.6801,1,5.0,0.00625,0.0
231,1019,1675.6801,1,5.0,0.00625,0.0
232,1024,1675.6801,1,5.0,0.00625,0.0
233,1028,1675.6801,1,5.0,0.00625,0.0
234,1033,1675.6801,1,5.0,0.00625,0.0
235,1037,1675.6801,1,5.0,0.00625,0.0
236,1042,1675.6801,1,5.0,0.00625,0.0
237,1046,1675.6801,1,5.0,0.00625,0.0
238,1051,1675.6801,1,5.0,0.00625,0.0
239,1054,1675.6801,1,5.0,0.00625,0.0
240,1059,1647.7,1,5.0,0.00625,0.0
241,1063,1647.7,1,5.0,0.00625,0.0
242,1068,1647.7,1,5.0,0.00625,0.0
243,1072,1647.7,1,5.0,0.00625,0.0
244,1077,1647.7,1,5.0,0.00625,0.0
245,1081,1647.7,1,5.0,0.00625,0.0
246,1087,1647.7,1,5.0,0.00625,0.0
247,1091,1647.7,1,5.0,0.00625,0.0
248,1096,1647.7,1,5.0,0.00625,0.0
249,1100,1647.7,1,5.0,0.00625,0.0
250,1104,1617.8386,1,5.0,0.00625,0.0
251,1108,1617.8386,1,5.0,0.00625,0.0
252,1113,1617.8386,1,5.0,0.00625,0.0
253,1117,1617.8386,1,5.0,0.00625,0.0
254,1121,1617.8386,1,5.0,0.00625,0.0
255,1126,1617.8386,1,5.0,0.00625,0.0
256,1130,1617.8386,1,5.0,0.00625,0.0
257,1135,1617.8386,1,5.0,0.00625,0.0
258,1139,1617.8386,1,5.0,0.00625,0.0
259,1144,1617.8386,1,5.0,0.00625,0.0
260,1148,1589.4498,1,5.0,0.00625,0.0
261,1153,1589.4498,1,5.0,0.00625,0.0
262,1157,1589.4498,1,5.0,0.00625,0.0
263,1162,1589.4498,1,5.0,0.00625,0.0
264,1166,1589.4498,1,5.0,0.00625,0.0
265,1171,1589.4498,1,5.0,0.00625,0.0
266,1175,1589.4498,1,5.0,0.00625,0.0
267,1181,1589.4498,1,5.0,0.00625,0.0
268,1185,1589.4498,1,5.0,0.00625,0.0
269,1190,1589.4498,1,5.0,0.00625,0.0
270,1194,1558.5247,1,5.0,0.00625,0.0
271,1198,1558.5247,1,5.0,0.00625,0.0
272,1202,1558.5247,1,5.0,0.00625,0.0
273,1207,1558.5247,1,5.0,0.00625,0.0
274,1211,1558.5247,1,5.0,0.00625,0.0
275,1215,1558.5247,1,5.0,0.00625,0.0
276,1220,1558.5247,1,5.0,0.00625,0.0
277,1224,1558.5247,1,5.0,0.00625,0.0
278,1229,1558.5247,1,5.0,0.00625,0.0
279,1233,1558.5247,1,5.0,0.00625,0.0
280,1238,1530.5447,1,5.0,0.00625,0.0
281,1242,1530.5447,1,5.0,0.00625,0.0
282,1246,1530.5447,1,5.0,0.00625,0.0
283,1250,1530.5447,1,5.0,0.00625,0.0
284,1255,1530.5447,1,5.0,0.00625,0.0
285,1259,1530.5447,1,5.0,0.00625,0.0
286,1264,1530.5447,1,5.0,0.00625,0.0
287,1268,1530.5447,1,5.0,0.00625,0.0
288,1273,1530.5447,1,5.0,0.00625,0.0
289,1278,1530.5447,1,5.0,0.00625,0.0
290,1283,1501.7468,1,5.0,0.00625,0.0
291,1287,1501.7468,1,5.0,0.00625,0.0
292,1292,1501.7468,1,5.0,0.00625,0.0
293,1296,1501.7468,1,5.0,0.00625,0.0
294,1301,1501.7468,1,5.0,0.00625,0.0
295,1305,1501.7468,1,5.0,0.00625,0.0
296,1310,1501.7468,1,5.0,0.00625,0.0
297,1314,1501.7468,1,5.0,0.00625,0.0
298,1318,1501.7468,1,5.0,0.00625,0.0
299,1323,1501.7468,1,5.0,0.00625,0.0
300,1327,1471.8854,1,5.0,0.00625,0.0
301,1332,1471.8854,1,5.0,0.00625,0.0
302,1336,1471.8854,1,5.0,0.00625,0.0
303,1340,1471.8854,1,5.0,0.00625,0.0
304,1344,1471.8854,1,5.0,0.00625,0.0
305,1349,1471.8854,1,5.0,0.00625,0.0
306,1353,1471.8854,1,5.0,0.00625,0.0
307,1358,1471.8854,1,5.0,0.00625,0.0
308,1362,1471.8854,1,5.0,0.00625,0.0
309,1367,1471.8854,1,5.0,0.00625,0.0
310,1371,1443.4966,1,5.0,0.00625,0.0
311,1376,1443.4966,1,5.0,0.00625,0.0
312,1380,1443.4966,1,5.0,0.00625,0.0
313,1385,1443.4966,1,5.0,0.00625,0.0
314,1389,1443.4966,1,5.0,0.00625,0.0
315,1394,1443.4966,1,5.0,0.00625,0.0
316,1398,1443.4966,1,5.0,0.00625,0.0
317,1403,1443.4966,1,5.0,0.00625,0.0
318,1408,1443.4966,1,5.0,0.00625,0.0
319,1412,1443.4966,1,5.0,0.00625,0.0
320,1417,1412.5713,1,5.0,0.00625,0.0
321,1421,1412.5713,1,5.0,0.00625,0.0
322,1426,1412.5713,1,5.0,0.00625,0.0
323,1430,1412.5713,1,5.0,0.00625,0.0
324,1435,1412.5713,1,5.0,0.00625,0.0
325,1439,1412.5713,1,5.0,0.00625,0.0
326,1444,1412.5713,1,5.0,0.00625,0.0
327,1448,1412.5713,1,5.0,0.00625,0.0
328,1453,1412.5713,1,5.0,0.00625,0.0
329,1457,1412.5713,1,5.0,0.00625,0.0
330,1462,1383.5281,1,5.0,0.00625,0.0
331,1466,1383.5281,1,5.0,0.00625,0.0
332,1472,1383.5281,1,5.0,0.00625,0.0
333,1476,1383.5281,1,5.0,0.00625,0.0
334,1481,1383.5281,1,5.0,0.00625,0.0
335,1486,1383.5281,1,5.0,0.00625,0.0
336,1491,1383.5281,1,5.0,0.00625,0.0
337,1495,1383.5281,1,5.0,0.00625,0.0
338,1500,1383.5281,1,5.0,0.00625,0.0
339,1504,1383.5281,1,5.0,0.00625,0.0
340,1508,1353.0121,1,5.0,0.00625,0.0
341,1513,1353.0121,1,5.0,0.00625,0.0
342,1517,1353.0121,1,5.0,0.00625,0.0
343,1522,1353.0121,1,5.0,0.00625,0.0
344,1526,1353.0121,1,5.0,0.00625,0.0
345,1531,1353.0121,1,5.0,0.00625,0.0
346,1534,1353.0121,1,5.0,0.00625,0.0
347,1539,1353.0121,1,5.0,0.00625,0.0
348,1543,1353.0121,1,5.0,0.00625,0.0
349,1548,1353.0121,1,5.0,0.00625,0.0
350,1552,1325.0323,1,5.0,0.00625,0.0
351,1557,1325.0323,1,5.0,0.00625,0.0
352,1561,1325.0323,1,5.0,0.00625,0.0
353,1566,1325.0323,1,5.0,0.00625,0.0
354,1570,1325.0323,1,5.0,0.00625,0.0
355,1575,1325.0323,1,5.0,0.00625,0.0
356,1579,1325.0323,1,5.0,0.00625,0.0
357,1583,1325.0323,1,5.0,0.00625,0.0
358,1587,1325.0323,1,5.0,0.00625,0.0
359,1592,1325.0323,1,5.0,0.00625,0.0
360,1596,1296.2344,1,5.0,0.00625,0.0
361,1600,1296.2344,1,5.0,0.00625,0.0
362,1605,1296.2344,1,5.0,0.00625,0.0
363,1609,1296.2344,1,5.0,0.00625,0.0
364,1614,1296.2344,1,5.0,0.00625,0.0
365,1618,1296.2344,1,5.0,0.00625,0.0
366,1623,1296.2344,1,5.0,0.00625,0.0
367,1628,1296.2344,1,5.0,0.00625,0.0
368,1632,1296.2344,1,5.0,0.00625,0.0
369,1636,1296.2344,1,5.0,0.00625,0.0
370,1641,1266.3728,1,5.0,0.00625,0.0
371,1645,1266.3728,1,5.0,0.00625,0.0
372,1650,1266.3728,1,5.0,0.00625,0.0
373,1654,1266.3728,1,5.0,0.00625,0.0
374,1659,1266.3728,1,5.0,0.00625,0.0
375,1663,1266.3728,1,5.0,0.00625,0.0
376,1668,1266.3728,1,5.0,0.00625,0.0
377,1672,1266.3728,1,5.0,0.00625,0.0
378,1678,1266.3728,1,5.0,0.00625,0.0
379,1682,1266.3728,1,5.0,0.00625,0.0
380,1687,1235.8569,1,5.0,0.00625,0.0
381,1691,1235.8569,1,5.0,0.00625,0.0
382,1697,1235.8569,1,5.0,0.00625,0.0
383,1701,1235.8569,1,5.0,0.00625,0.0
384,1705,1235.8569,1,5.0,0.00625,0.0
385,1710,1235.8569,1,5.0,0.00625,0.0
386,1714,1235.8569,1,5.0,0.00625,0.0
387,1719,1235.8569,1,5.0,0.00625,0.0
388,1723,1235.8569,1,5.0,0.00625,0.0
389,1728,1235.8569,1,5.0,0.00625,0.0
390,1732,1206.8135,1,5.0,0.00625,0.0
391,1737,1206.8135,1,5.0,0.00625,0.0
392,1741,1206.8135,1,5.0,0.00625,0.0
393,1746,1206.8135,1,5.0,0.00625,0.0
394,1750,1206.8135,1,5.0,0.00625,0.0
395,1755,1206.8135,1,5.0,0.00625,0.0
396,1759,1206.8135,1,5.0,0.00625,0.0
397,1764,1206.8135,1,5.0,0.00625,0.0
398,1768,1206.8135,1,5.0,0.00625,0.0
399,1773,1206.8135,1,5.0,0.00625,0.0
400,1778,1177.3611,1,5.0,0.00625,0.0
401,1783,1177.3611,1,5.0,0.00625,0.0
402,1787,1177.3611,1,5.0,0.00625,0.0
403,1792,1177.3611,1,5.0,0.00625,0.0
404,1796,1177.3611,1,5.0,0.00625,0.0
405,1800,1177.3611,1,5.0,0.00625,0.0
406,1805,1177.3611,1,5.0,0.00625,0.0
407,1809,1177.3611,1,5.0,0.00625,0.0
408,1814,1177.3611,1,5.0,0.00625,0.0
409,1819,1177.3611,1,5.0,0.00625,0.0
410,1823,1146.8451,1,5.0,0.00625,0.0
411,1827,1146.8451,1,5.0,0.00625,0.0
412,1832,1146.8451,1,5.0,0.00625,0.0
413,1836,1146.8451,1,5.0,0.00625,0.0
414,1841,1146.8451,1,5.0,0.00625,0.0
415,1845,1146.8451,1,5.0,0.00625,0.0
416,1850,1146.8451,1,5.0,0.00625,0.0
417,1854,1146.8451,1,5.0,0.00625,0.0
418,1859,1146.8451,1,5.0,0.00625,0.0
419,1863,1146.8451,1,5.0,0.00625,0.0
420,1868,1117.8018,1,5.0,0.00625,0.0
421,1871,1117.8018,1,5.0,0.00625,0.0
422,1876,1117.8018,1,5.0,0.00625,0.0
423,1880,1117.8018,1,5.0,0.00625,0.0
424,1885,1117.8018,1,5.0,0.00625,0.0
425,1889,1117.8018,1,5.0,0.00625,0.0
426,1893,1117.8018,1,5.0,0.00625,0.0
427,1898,1117.8018,1,5.0,0.00625,0.0
428,1902,1117.8018,1,5.0,0.00625,0.0
429,1907,1117.8018,1,5.0,0.00625,0.0
430,1911,1090.4763,1,5.0,0.00625,0.0
431,1916,1090.4763,1,5.0,0.00625,0.0
432,1921,1090.4763,1,5.0,0.00625,0.0
433,1926,1090.4763,1,5.0,0.00625,0.0
434,1930,1090.4763,1,5.0,0.00625,0.0
435,1935,1090.4763,1,5.0,0.00625,0.0
436,1939,1090.4763,1,5.0,0.00625,0.0
437,1944,1090.4763,1,5.0,0.00625,0.0
438,1948,1090.4763,1,5.0,0.00625,0.0
439,1953,1090.4763,1,5.0,0.00625,0.0
440,1957,1059.1423,1,5.0,0.00625,0.0
441,1962,1059.1423,1,5.0,0.00625,0.0
442,1965,1059.1423,1,5.0,0.00625,0.0
443,1970,1059.1423,1,5.0,0.00625,0.0
444,1974,1059.1423,1,5.0,0.00625,0.0
445,1979,1059.1423,1,5.0,0.00625,0.0
446,1982,1059.1423,1,5.0,0.00625,0.0
447,1986,1059.1423,1,5.0,0.00625,0.0
448,1991,1059.1423,1,5.0,0.00625,0.0
449,1995,1059.1423,1,5.0,0.00625,0.0
450,2000,1032.226,1,5.0,0.00625,0.0
451,2004,1032.226,1,5.0,0.00625,0.0
452,2009,1032.226,1,5.0,0.00625,0.0
453,2013,1032.226,1,5.0,0.00625,0.0
454,2018,1032.226,1,5.0,0.00625,0.0
455,2022,1032.226,1,5.0,0.00625,0.0
456,2027,1032.226,1,5.0,0.00625,0.0
457,2031,1032.226,1,5.0,0.00625,0.0
458,2036,1032.226,1,5.0,0.00625,0.0
459,2040,1032.226,1,5.0,0.00625,0.0
460,2045,1003.019,1,5.0,0.00625,0.0
461,2049,1003.019,1,5.0,0.00625,0.0
462,2054,1003.019,1,5.0,0.00625,0.0
463,2058,1003.019,1,5.0,0.00625,0.0
464,2064,1003.019,1,5.0,0.00625,0.0
465,2068,1003.019,1,5.0,0.00625,0.0
466,2073,1003.019,1,5.0,0.00625,0.0
467,2077,1003.019,1,5.0,0.00625,0.0
468,2082,1003.019,1,5.0,0.00625,0.0
469,2087,1003.019,1,5.0,0.00625,0.0
470,2091,971.0305,1,5.0,0.00625,0.0
471,2096,971.0305,1,5.0,0.00625,0.0
472,2100,971.0305,1,5.0,0.00625,0.0
473,2105,971.0305,1,5.0,0.00625,0.0
474,2109,971.0305,1,5.0,0.00625,0.0
475,2115,971.0305,1,5.0,0.00625,0.0
476,2119,971.0305,1,5.0,0.00625,0.0
477,2124,971.0305,1,5.0,0.00625,0.0
478,2129,971.0305,1,5.0,0.00625,0.0
479,2134,971.0305,1,5.0,0.00625,0.0
480,2138,940.269,1,5.0,0.00625,0.0
481,2143,940.269,1,5.0,0.00625,0.0
482,2147,940.269,1,5.0,0.00625,0.0
483,2152,940.269,1,5.0,0.00625,0.0
484,2156,940.269,1,5.0,0.00625,0.0
485,2161,940.269,1,5.0,0.00625,0.0
486,2165,940.269,1,5.0,0.00625,0.0
487,2169,940.269,1,5.0,0.00625,0.0
488,2174,940.269,1,5.0,0.00625,0.0
489,2178,940.269,1,5.0,0.00625,0.0
490,2183,911.6346,1,5.0,0.00625,0.0
491,2187,911.6346,1,5.0,0.00625,0.0
492,2192,911.6346,1,5.0,0.00625,0.0
493,2196,911.6346,1,5.0,0.00625,0.0
494,2201,911.6346,1,5.0,0.00625,0.0
495,2205,911.6346,1,5.0,0.00625,0.0
496,2211,911.6346,1,5.0,0.00625,0.0
497,2215,911.6346,1,5.0,0.00625,0.0
498,2220,911.6346,1,5.0,0.00625,0.0
499,2224,911.6346,1,5.0,0.00625,0.0
500,2229,882.1824,1,5.0,0.00625,0.0
501,2233,882.1824,1,5.0,0.00625,0.0
502,2237,882.1824,1,5.0,0.00625,0.0
503,2242,882.1824,1,5.0,0.00625,0.0
504,2246,882.1824,1,5.0,0.00625,0.0
505,2251,882.1824,1,5.0,0.00625,0.0
506,2255,882.1824,1,5.0,0.00625,0.0
507,2261,882.1824,1,5.0,0.00625,0.0
508,2265,882.1824,1,5.0,0.00625,0.0
509,2270,882.1824,1,5.0,0.00625,0.0
510,2275,851.6663,1,5.0,0.00625,0.0
511,2280,851.6663,1,5.0,0.00625,0.0
512,2284,851.6663,1,5.0,0.00625,0.0
513,2289,851.6663,1,5.0,0.00625,0.0
514,2293,851.6663,1,5.0,0.00625,0.0
515,2298,851.6663,1,5.0,0.00625,0.0
516,2302,851.6663,1,5.0,0.00625,0.0
517,2307,851.6663,1,5.0,0.00625,0.0
518,2310,851.6663,1,5.0,0.00625,0.0
519,2315,851.6663,1,5.0,0.00625,0.0
520,2319,822.6227,1,5.0,0.00625,0.0
521,2323,822.6227,1,5.0,0.00625,0.0
522,2328,822.6227,1,5.0,0.00625,0.0
523,2332,822.6227,1,5.0,0.00625,0.0
524,2337,822.6227,1,5.0,0.00625,0.0
525,2341,822.6227,1,5.0,0.00625,0.0
526,2346,822.6227,1,5.0,0.00625,0.0
527,2350,822.6227,1,5.0,0.00625,0.0
528,2354,822.6227,1,5.0,0.00625,0.0
529,2358,822.6227,1,5.0,0.00625,0.0
530,2363,794.2339,1,5.0,0.00625,0.0
531,2367,794.2339,1,5.0,0.00625,0.0
532,2372,794.2339,1,5.0,0.00625,0.0
533,2376,794.2339,1,5.0,0.00625,0.0
534,2381,794.2339,1,5.0,0.00625,0.0
535,2385,794.2339,1,5.0,0.00625,0.0
536,2389,794.2339,1,5.0,0.00625,0.0
537,2394,794.2339,1,5.0,0.00625,0.0
538,2398,794.2339,1,5.0,0.00625,0.0
539,2403,794.2339,1,5.0,0.00625,0.0
540,2407,765.436,1,5.0,0.00625,0.0
541,2412,765.436,1,5.0,0.00625,0.0
542,2416,765.436,1,5.0,0.00625,0.0
543,2421,765.436,1,5.0,0.00625,0.0
544,2425,765.436,1,5.0,0.00625,0.0
545,2430,765.436,1,5.0,0.00625,0.0
546,2434,765.436,1,5.0,0.00625,0.0
547,2439,765.436,1,5.0,0.00625,0.0
548,2443,765.436,1,5.0,0.00625,0.0
549,2448,765.436,1,5.0,0.00625,0.0
550,2452,735.5747,1,5.0,0.00625,0.0
551,2456,735.5747,1,5.0,0.00625,0.0
552,2461,735.5747,1,5.0,0.00625,0.0
553,2465,735.5747,1,5.0,0.00625,0.0
554,2470,735.5747,1,5.0,0.00625,0.0
555,2474,735.5747,1,5.0,0.00625,0.0
556,2479,735.5747,1,5.0,0.00625,0.0
557,2483,735.5747,1,5.0,0.00625,0.0
558,2488,735.5747,1,5.0,0.00625,0.0
559,2492,735.5747,1,5.0,0.00625,0.0
560,2497,706.1221,1,5.0,0.00625,0.0
561,2501,706.1221,1,5.0,0.00625,0.0
562,2506,706.1221,1,5.0,0.00625,0.0
563,2510,706.1221,1,5.0,0.00625,0.0
564,2516,706.1221,1,5.0,0.00625,0.0
565,2520,706.1221,1,5.0,0.00625,0.0
566,2524,706.1221,1,5.0,0.00625,0.0
567,2529,706.1221,1,5.0,0.00625,0.0
568,2533,706.1221,1,5.0,0.00625,0.0
569,2538,706.1221,1,5.0,0.00625,0.0
570,2542,676.6698,1,5.0,0.00625,0.0
571,2547,676.6698,1,5.0,0.00625,0.0
572,2551,676.6698,1,5.0,0.00625,0.0
573,2556,676.6698,1,5.0,0.00625,0.0
574,2560,676.6698,1,5.0,0.00625,0.0
575,2565,676.6698,1,5.0,0.00625,0.0
576,2569,676.6698,1,5.0,0.00625,0.0
577,2574,676.6698,1,5.0,0.00625,0.0
578,2578,676.6698,1,5.0,0.00625,0.0
579,2582,676.6698,1,5.0,0.00625,0.0
580,2587,647.2172,1,5.0,0.00625,0.0
581,2592,647.2172,1,5.0,0.00625,0.0
582,2597,647.2172,1,5.0,0.00625,0.0
583,2601,647.2172,1,5.0,0.00625,0.0
584,2606,647.2172,1,5.0,0.00625,0.0
585,2610,647.2172,1,5.0,0.00625,0.0
586,2616,647.2172,1,5.0,0.00625,0.0
587,2620,647.2172,1,5.0,0.00625,0.0
588,2625,647.2172,1,5.0,0.00625,0.0
589,2629,647.2172,1,5.0,0.00625,0.0
590,2634,616.7014,1,5.0,0.00625,0.0
591,2638,616.7014,1,5.0,0.00625,0.0
592,2643,616.7014,1,5.0,0.00625,0.0
593,2648,616.7014,1,5.0,0.00625,0.0
594,2653,616.7014,1,5.0,0.00625,0.0
595,2657,616.7014,1,5.0,0.00625,0.0
596,2661,616.7014,1,5.0,0.00625,0.0
597,2666,616.7014,1,5.0,0.00625,0.0
598,2670,616.7014,1,5.0,0.00625,0.0
599,2675,616.7014,1,5.0,0.00625,0.0
600,2679,586.5944,1,5.0,0.00625,0.0
601,2684,586.5944,1,5.0,0.00625,0.0
602,2688,586.5944,1,5.0,0.00625,0.0
603,2693,586.5944,1,5.0,0.00625,0.0
604,2697,586.5944,1,5.0,0.00625,0.0
605,2702,586.5944,1,5.0,0.00625,0.0
606,2706,586.5944,1,5.0,0.00625,0.0
607,2711,586.5944,1,5.0,0.00625,0.0
608,2715,586.5944,1,5.0,0.00625,0.0
609,2720,586.5944,1,5.0,0.00625,0.0
610,2724,557.5509,1,5.0,0.00625,0.0
611,2728,557.5509,1,5.0,0.00625,0.0
612,2733,557.5509,1,5.0,0.00625,0.0
613,2738,557.5509,1,5.0,0.00625,0.0
614,2741,557.5509,1,5.0,0.00625,0.0
615,2745,557.5509,1,5.0,0.00625,0.0
616,2750,557.5509,1,5.0,0.00625,0.0
617,2754,557.5509,1,5.0,0.00625,0.0
618,2760,557.5509,1,5.0,0.00625,0.0
619,2764,557.5509,1,5.0,0.00625,0.0
620,2769,528.0986,1,5.0,0.00625,0.0
621,2773,528.0986,1,5.0,0.00625,0.0
622,2778,528.0986,1,5.0,0.00625,0.0
623,2782,528.0986,1,5.0,0.00625,0.0
624,2787,528.0986,1,5.0,0.00625,0.0
625,2791,528.0986,1,5.0,0.00625,0.0
626,2796,528.0986,1,5.0,0.00625,0.0
627,2800,528.0986,1,5.0,0.00625,0.0
628,2804,528.0986,1,5.0,0.00625,0.0
629,2809,528.0986,1,5.0,0.00625,0.0
630,2813,499.7097,1,5.0,0.00625,0.0
631,2818,499.7097,1,5.0,0.00625,0.0
632,2822,499.7097,1,5.0,0.00625,0.0
633,2827,499.7097,1,5.0,0.00625,0.0
634,2831,499.7097,1,5.0,0.00625,0.0
635,2836,499.7097,1,5.0,0.00625,0.0
636,2839,499.7097,1,5.0,0.00625,0.0
637,2844,499.7097,1,5.0,0.00625,0.0
638,2848,499.7097,1,5.0,0.00625,0.0
639,2853,499.7097,1,5.0,0.00625,0.0
640,2857,470.9118,1,5.0,0.00625,0.0
641,2861,470.9118,1,5.0,0.00625,0.0
642,2866,470.9118,1,5.0,0.00625,0.0
643,2870,470.9118,1,5.0,0.00625,0.0
644,2875,470.9118,1,5.0,0.00625,0.0
645,2879,470.9118,1,5.0,0.00625,0.0
646,2884,470.9118,1,5.0,0.00625,0.0
647,2888,470.9118,1,5.0,0.00625,0.0
648,2893,470.9118,1,5.0,0.00625,0.0
649,2897,470.9118,1,5.0,0.00625,0.0
650,2902,441.0502,1,5.0,0.00625,0.0
651,2906,441.0502,1,5.0,0.00625,0.0
652,2911,441.0502,1,5.0,0.00625,0.0
653,2915,441.0502,1,5.0,0.00625,0.0
654,2919,441.0502,1,5.0,0.00625,0.0
655,2924,441.0502,1,5.0,0.00625,0.0
656,2929,441.0502,1,5.0,0.00625,0.0
657,2933,441.0502,1,5.0,0.00625,0.0
658,2937,441.0502,1,5.0,0.00625,0.0
659,2942,441.0502,1,5.0,0.00625,0.0
660,2946,412.6614,1,5.0,0.00625,0.0
661,2952,412.6614,1,5.0,0.00625,0.0
662,2956,412.6614,1,5.0,0.00625,0.0
663,2961,412.6614,1,5.0,0.00625,0.0
664,2965,412.6614,1,5.0,0.00625,0.0
665,2970,412.6614,1,5.0,0.00625,0.0
666,2974,412.6614,1,5.0,0.00625,0.0
667,2979,412.6614,1,5.0,0.00625,0.0
668,2983,412.6614,1,5.0,0.00625,0.0
669,2988,412.6614,1,5.0,0.00625,0.0
670,2992,381.7363,1,5.0,0.00625,0.0
671,2996,381.7363,1,5.0,0.00625,0.0
672,3001,381.7363,1,5.0,0.00625,0.0
673,3005,381.7363,1,5.0,0.00625,0.0
674,3010,381.7363,1,5.0,0.00625,0.0
675,3014,381.7363,1,5.0,0.00625,0.0
676,3019,381.7363,1,5.0,0.00625,0.0
677,3023,381.7363,1,5.0,0.00625,0.0
678,3028,381.7363,1,5.0,0.00625,0.0
679,3032,381.7363,1,5.0,0.00625,0.0
680,3037,352.6931,1,5.0,0.00625,0.0
681,3041,352.6931,1,5.0,0.00625,0.0
682,3045,352.6931,1,5.0,0.00625,0.0
683,3050,352.6931,1,5.0,0.00625,0.0
684,3054,352.6931,1,5.0,0.00625,0.0
685,3059,352.6931,1,5.0,0.00625,0.0
686,3063,352.6931,1,5.0,0.00625,0.0
687,3068,352.6931,1,5.0,0.00625,0.0
688,3072,352.6931,1,5.0,0.00625,0.0
689,3077,352.6931,1,5.0,0.00625,0.0
690,3081,324.3042,1,5.0,0.00625,0.0
691,3086,324.3042,1,5.0,0.00625,0.0
692,3090,324.3042,1,5.0,0.00625,0.0
693,3095,324.3042,1,5.0,0.00625,0.0
694,3099,324.3042,1,5.0,0.00625,0.0
695,3103,324.3042,1,5.0,0.00625,0.0
696,3108,324.3042,1,5.0,0.00625,0.0
697,3112,324.3042,1,5.0,0.00625,0.0
698,3117,324.3042,1,5.0,0.00625,0.0
699,3121,324.3042,1,5.0,0.00625,0.0
700,3126,294.4425,1,5.0,0.00625,0.0
701,3130,294.4425,1,5.0,0.00625,0.0
702,3135,294.4425,1,5.0,0.00625,0.0
703,3139,294.4425,1,5.0,0.00625,0.0
704,3144,294.4425,1,5.0,0.00625,0.0
705,3148,294.4425,1,5.0,0.00625,0.0
706,3153,294.4425,1,5.0,0.00625,0.0
707,3157,294.4425,1,5.0,0.00625,0.0
708,3161,294.4425,1,5.0,0.00625,0.0
709,3166,294.4425,1,5.0,0.00625,0.0
710,3170,266.0537,1,5.0,0.00625,0.0
711,3174,266.0537,1,5.0,0.00625,0.0
712,3178,266.0537,1,5.0,0.00625,0.0
713,3183,266.0537,1,5.0,0.00625,0.0
714,3187,266.0537,1,5.0,0.00625,0.0
715,3192,266.0537,1,5.0,0.00625,0.0
716,3197,266.0537,1,5.0,0.00625,0.0
717,3202,266.0537,1,5.0,0.00625,0.0
718,3206,266.0537,1,5.0,0.00625,0.0
719,3211,266.0537,1,5.0,0.00625,0.0
720,3215,236.1923,1,5.0,0.00625,0.0
721,3220,236.1923,1,5.0,0.00625,0.0
722,3224,236.1923,1,5.0,0.00625,0.0
723,3228,236.1923,1,5.0,0.00625,0.0
724,3233,236.1923,1,5.0,0.00625,0.0
725,3237,236.1923,1,5.0,0.00625,0.0
726,3242,236.1923,1,5.0,0.00625,0.0
727,3246,236.1923,1,5.0,0.00625,0.0
728,3251,236.1923,1,5.0,0.00625,0.0
729,3255,236.1923,1,5.0,0.00625,0.0
730,3260,207.8035,1,5.0,0.00625,0.0
731,3264,207.8035,1,5.0,0.00625,0.0
732,3269,207.8035,1,5.0,0.00625,0.0
733,3273,207.8035,1,5.0,0.00625,0.0
734,3277,207.8035,1,5.0,0.00625,0.0
735,3282,207.8035,1,5.0,0.00625,0.0
736,3286,207.8035,1,5.0,0.00625,0.0
737,3291,207.8035,1,5.0,0.00625,0.0
738,3295,207.8035,1,5.0,0.00625,0.0
739,3300,207.8035,1,5.0,0.00625,0.0
740,3304,177.9418,1,5.0,0.00625,0.0
741,3309,177.9418,1,5.0,0.00625,0.0
742,3313,177.9418,1,5.0,0.00625,0.0
743,3319,177.9418,1,5.0,0.00625,0.0
744,3323,177.9418,1,5.0,0.00625,0.0
745,3328,177.9418,1,5.0,0.00625,0.0
746,3332,177.9418,1,5.0,0.00625,0.0
747,3336,177.9418,1,5.0,0.00625,0.0
748,3341,177.9418,1,5.0,0.00625,0.0
749,3345,177.9418,1,5.0,0.00625,0.0
750,3350,147.4258,1,5.0,0.00625,0.0
751,3354,147.4258,1,5.0,0.00625,0.0
752,3359,147.4258,1,5.0,0.00625,0.0
753,3363,147.4258,1,5.0,0.00625,0.0
754,3369,147.4258,1,5.0,0.00625,0.0
755,3373,147.4258,1,5.0,0.00625,0.0
756,3378,147.4258,1,5.0,0.00625,0.0
757,3382,147.4258,1,5.0,0.00625,0.0
758,3386,147.4258,1,5.0,0.00625,0.0
759,3391,147.4258,1,5.0,0.00625,0.0
760,3395,118.3826,1,5.0,0.00625,0.0
761,3400,118.3826,1,5.0,0.00625,0.0
762,3404,118.3826,1,5.0,0.00625,0.0
763,3409,118.3826,1,5.0,0.00625,0.0
764,3413,118.3826,1,5.0,0.00625,0.0
765,3417,118.3826,1,5.0,0.00625,0.0
766,3421,118.3826,1,5.0,0.00625,0.0
767,3426,118.3826,1,5.0,0.00625,0.0
768,3430,118.3826,1,5.0,0.00625,0.0
769,3435,118.3826,1,5.0,0.00625,0.0
770,3439,89.9937,1,5.0,0.00625,0.0
771,3443,89.9937,1,5.0,0.00625,0.0
772,3448,89.9937,1,5.0,0.00625,0.0
773,3452,89.9937,1,5.0,0.00625,0.0
774,3457,89.9937,1,5.0,0.00625,0.0
775,3461,89.9937,1,5.0,0.00625,0.0
776,3467,89.9937,1,5.0,0.00625,0.0
777,3471,89.9937,1,5.0,0.00625,0.0
778,3476,89.9937,1,5.0,0.00625,0.0
779,3479,89.9937,1,5.0,0.00625,0.0
780,3484,61.1958,1,5.0,0.00625,0.0
781,3488,61.1958,1,5.0,0.00625,0.0
782,3492,61.1958,1,5.0,0.00625,0.0
783,3497,61.1958,1,5.0,0.00625,0.0
784,3502,61.1958,1,5.0,0.00625,0.0
785,3506,61.1958,1,5.0,0.00625,0.0
786,3510,61.1958,1,5.0,0.00625,0.0
787,3515,61.1958,1,5.0,0.00625,0.0
788,3519,61.1958,1,5.0,0.00625,0.0
789,3524,61.1958,1,5.0,0.00625,0.0
790,3527,31.3342,1,5.0,0.00625,0.0
791,3532,31.3342,1,5.0,0.00625,0.0
792,3536,31.3342,1,5.0,0.00625,0.0
793,3541,31.3342,1,5.0,0.00625,0.0
794,3545,31.3342,1,5.0,0.00625,0.0
795,3550,31.3342,1,5.0,0.00625,0.0
796,3554,31.3342,1,5.0,0.00625,0.0
797,3559,31.3342,1,5.0,0.00625,0.0
798,3563,31.3342,1,5.0,0.00625,0.0
799,3567,31.3342,1,5.0,0.00625,0.0
800,3572,2.9454,1,5.0,0.00625,0.0
801,3576,2.9454,1,5.0,0.00625,0.0
802,3581,2.9454,1,5.0,0.00625,0.0
803,3585,2.9454,1,5.0,0.00625,0.0
804,3589,2.9454,1,5.0,0.00625,0.0
805,3593,2.9454,1,5.0,0.00625,0.0
806,3597,2.9454,1,5.0,0.00625,0.0
807,3601,2.9454,1,5.0,0.00625,0.0
808,3605,2.9454,1,5.0,0.00625,0.0
809,3609,2.9454,1,5.0,0.00625,0.0
810,3613,-22.6619,1,5.0,0.00625,0.0
811,3616,-22.6619,1,5.0,0.00625,0.0
812,3620,-22.6619,1,5.0,0.00625,0.0
813,3623,-22.6619,1,5.0,0.00625,0.0
814,3626,-22.6619,1,5.0,0.00625,0.0
815,3628,-22.6619,1,5.0,0.00625,0.0
816,3631,-22.6619,1,5.0,0.00625,0.0
817,3634,-22.6619,1,5.0,0.00625,0.0
818,3636,-22.6619,1,5.0,0.00625,0.0
819,3638,-22.6619,1,5.0,0.00625,0.0
820,3640,-36.7335,1,5.0,0.00625,0.0
821,3641,-36.7335,1,5.0,0.00625,0.0
822,3643,-36.7335,1,5.0,0.00625,0.0
823,3644,-36.7335,1,5.0,0.00625,0.0
824,3645,-36.7335,1,5.0,0.00625,0.0
825,3646,-36.7335,1,5.0,0.00625,0.0
826,3647,-36.7335,1,5.0,0.00625,0.0
827,3648,-36.7335,1,5.0,0.00625,0.0
828,3648,-36.7335,1,5.0,0.00625,0.0
829,3649,-36.7335,1,5.0,0.00625,0.0
830,3649,-36.57,1,5.0,0.00625,0.0
831,3649,-36.57,1,5.0,0.00625,0.0
832,3649,-36.57,1,5.0,0.00625,0.0
833,3648,-36.57,1,5.0,0.00625,0.0
834,3648,-36.57,1,5.0,0.00625,0.0
835,3647,-36.57,1,5.0,0.00625,0.0
836,3646,-36.57,1,5.0,0.00625,0.0
837,3645,-36.57,1,5.0,0.00625,0.0
838,3644,-36.57,1,5.0,0.00625,0.0
839,3643,-36.57,1,5.0,0.00625,0.0
840,3642,-25.6889,1,5.0,0.00625,0.0
841,3641,-25.6889,1,5.0,0.00625,0.0
842,3640,-25.6889,1,5.0,0.00625,0.0
843,3638,-25.6889,1,5.0,0.00625,0.0
844,3637,-25.6889,1,5.0,0.00625,0.0
845,3635,-25.6889,1,5.0,0.00625,0.0
846,3633,-25.6889,1,5.0,0.00625,0.0
847,3631,-25.6889,1,5.0,0.00625,0.0
848,3629,-25.6889,1,5.0,0.00625,0.0
849,3627,-25.6889,1,5.0,0.00625,0.0
850,3625,-11.1264,1,5.0,0.00625,0.0
851,3623,-11.1264,1,5.0,0.00625,0.0
852,3621,-11.1264,1,5.0,0.00625,0.0
853,3619,-11.1264,1,5.0,0.00625,0.0
854,3616,-11.1264,1,5.0,0.00625,0.0
855,3614,-11.1264,1,5.0,0.00625,0.0
856,3612,-11.1264,1,5.0,0.00625,0.0
857,3609,-11.1264,1,5.0,0.00625,0.0
858,3607,-11.1264,1,5.0,0.00625,0.0
859,3604,-11.1264,1,5.0,0.00625,0.0
860,3601,6.7907,1,5.0,0.00625,0.0
861,3599,6.7907,1,5.0,0.00625,0.0
862,3596,6.7907,1,5.0,0.00625,0.0
863,3594,6.7907,1,5.0,0.00625,0.0
864,3592,6.7907,1,5.0,0.00625,0.0
865,3590,6.7907,1,5.0,0.00625,0.0
866,3588,6.7907,1,5.0,0.00625,0.0
867,3586,6.7907,1,5.0,0.00625,0.0
868,3584,6.7907,1,5.0,0.00625,0.0
869,3583,6.7907,1,5.0,0.00625,0.0
870,3582,19.7168,1,5.0,0.00625,0.0
871,3580,19.7168,1,5.0,0.00625,0.0
872,3579,19.7168,1,5.0,0.00625,0.0
873,3578,19.7168,1,5.0,0.00625,0.0
874,3578,19.7168,1,5.0,0.00625,0.0
875,3577,19.7168,1,5.0,0.00625,0.0
876,3577,19.7168,1,5.0,0.00625,0.0
877,3577,19.7168,1,5.0,0.00625,0.0
878,3577,19.7168,1,5.0,0.00625,0.0
879,3577,19.7168,1,5.0,0.00625,0.0
880,3577,17.5079,1,5.0,0.00625,0.0
881,3578,17.5079,1,5.0,0.00625,0.0
882,3578,17.5079,1,5.0,0.00625,0.0
883,3579,17.5079,1,5.0,0.00625,0.0
884,3580,17.5079,1,5.0,0.00625,0.0
885,3581,17.5079,1,5.0,0.00625,0.0
886,3582,17.5079,1,5.0,0.00625,0.0
887,3583,17.5079,1,5.0,0.00625,0.0
888,3585,17.5079,1,5.0,0.00625,0.0
889,3586,17.5079,1,5.0,0.00625,0.0
890,3587,5.4815,1,5.0,0.00625,0.0
891,3589,5.4815,1,5.0,0.00625,0.0
892,3591,5.4815,1,5.0,0.00625,0.0
893,3592,5.4815,1,5.0,0.00625,0.0
894,3594,5.4815,1,5.0,0.00625,0.0
895,3596,5.4815,1,5.0,0.00625,0.0
896,3598,5.4815,1,5.0,0.00625,0.0
897,3599,5.4815,1,5.0,0.00625,0.0
898,3601,5.4815,1,5.0,0.00625,0.0
899,3603,5.4815,1,5.0,0.00625,0.0
900,3604,-8.9174,1,5.0,0.00625,0.0
901,3606,-8.9174,1,5.0,0.00625,0.0
902,3608,-8.9174,1,5.0,0.00625,0.0
903,3609,-8.9174,1,5.0,0.00625,0.0
904,3610,-8.9174,1,5.0,0.00625,0.0
905,3611,-8.9174,1,5.0,0.00625,0.0
906,3612,-8.9174,1,5.0,0.00625,0.0
907,3613,-8.9174,1,5.0,0.00625,0.0
908,3614,-8.9174,1,5.0,0.00625,0.0
909,3615,-8.9174,1,5.0,0.00625,0.0
910,3615,-14.7261,1,5.0,0.00625,0.0
911,3615,-14.7261,1,5.0,0.00625,0.0
912,3615,-14.7261,1,5.0,0.00625,0.0
913,3616,-14.7261,1,5.0,0.00625,0.0
914,3615,-14.7261,1,5.0,0.00625,0.0
915,3615,-14.7261,1,5.0,0.00625,0.0
916,3615,-14.7261,1,5.0,0.00625,0.0
917,3614,-14.7261,1,5.0,0.00625,0.0
918,3613,-14.7261,1,5.0,0.00625,0.0
919,3613,-14.7261,1,5.0,0.00625,0.0
920,3612,-7.6901,1,5.0,0.00625,0.0
921,3611,-7.6901,1,5.0,0.00625,0.0
922,3610,-7.6901,1,5.0,0.00625,0.0
923,3609,-7.6901,1,5.0,0.00625,0.0
924,3608,-7.6901,1,5.0,0.00625,0.0
925,3607,-7.6901,1,5.0,0.00625,0.0
926,3605,-7.6901,1,5.0,0.00625,0.0
927,3604,-7.6901,1,5.0,0.00625,0.0
928,3603,-7.6901,1,5.0,0.00625,0.0
929,3601,-7.6901,1,5.0,0.00625,0.0
930,3600,4.2542,1,5.0,0.00625,0.0
931,3598,4.2542,1,5.0,0.00625,0.0
932,3597,4.2542,1,5.0,0.00625,0.0
933,3596,4.2542,1,5.0,0.00625,0.0
934,3594,4.2542,1,5.0,0.00625,0.0
935,3593,4.2542,1,5.0,0.00625,0.0
936,3592,4.2542,1,5.0,0.00625,0.0
937,3591,4.2542,1,5.0,0.00625,0.0
938,3590,4.2542,1,5.0,0.00625,0.0
939,3590,4.2542,1,5.0,0.00625,0.0
940,3589,11.0448,1,5.0,0.00625,0.0
941,3588,11.0448,1,5.0,0.00625,0.0
942,3588,11.0448,1,5.0,0.00625,0.0
943,3588,11.0448,1,5.0,0.00625,0.0
944,3587,11.0448,1,5.0,0.00625,0.0
945,3587,11.0448,1,5.0,0.00625,0.0
946,3587,11.0448,1,5.0,0.00625,0.0
947,3588,11.0448,1,5.0,0.00625,0.0
948,3588,11.0448,1,5.0,0.00625,0.0
949,3589,11.0448,1,5.0,0.00625,0.0
950,3589,7.6086,1,5.0,0.00625,0.0
951,3590,7.6086,1,5.0,0.00625,0.0
952,3590,7.6086,1,5.0,0.00625,0.0
953,3591,7.6086,1,5.0,0.00625,0.0
954,3592,7.6086,1,5.0,0.00625,0.0
955,3593,7.6086,1,5.0,0.00625,0.0
956,3594,7.6086,1,5.0,0.00625,0.0
957,3595,7.6086,1,5.0,0.00625,0.0
958,3596,7.6086,1,5.0,0.00625,0.0
959,3598,7.6086,1,5.0,0.00625,0.0
960,3599,-2.3725,1,5.0,0.00625,0.0
961,3600,-2.3725,1,5.0,0.00625,0.0
962,3601,-2.3725,1,5.0,0.00625,0.0
963,3602,-2.3725,1,5.0,0.00625,0.0
964,3603,-2.3725,1,5.0,0.00625,0.0
965,3604,-2.3725,1,5.0,0.00625,0.0
966,3605,-2.3725,1,5.0,0.00625,0.0
967,3606,-2.3725,1,5.0,0.00625,0.0
968,3607,-2.3725,1,5.0,0.00625,0.0
969,3608,-2.3725,1,5.0,0.00625,0.0
970,3608,-9.3265,1,5.0,0.00625,0.0
971,3609,-9.3265,1,5.0,0.00625,0.0
972,3609,-9.3265,1,5.0,0.00625,0.0
973,3610,-9.3265,1,5.0,0.00625,0.0
974,3610,-9.3265,1,5.0,0.00625,0.0
975,3610,-9.3265,1,5.0,0.00625,0.0
976,3610,-9.3265,1,5.0,0.00625,0.0
977,3610,-9.3265,1,5.0,0.00625,0.0
978,3609,-9.3265,1,5.0,0.00625,0.0
979,3609,-9.3265,1,5.0,0.00625,0.0
980,3608,-6.2994,1,5.0,0.00625,0.0
981,3607,-6.2994,1,5.0,0.00625,0.0
982,3607,-6.2994,1,5.0,0.00625,0.0
983,3606,-6.2994,1,5.0,0.00625,0.0
984,3605,-6.2994,1,5.0,0.00625,0.0
985,3604,-6.2994,1,5.0,0.00625,0.0
986,3603,-6.2994,1,5.0,0.00625,0.0
987,3602,-6.2994,1,5.0,0.00625,0.0
988,3601,-6.2994,1,5.0,0.00625,0.0
989,3600,-6.2994,1,5.0,0.00625,0.0
990,3599,3.6817,1,5.0,0.00625,0.0
991,3598,3.6817,1,5.0,0.00625,0.0
992,3597,3.6817,1,5.0,0.00625,0.0
993,3596,3.6817,1,5.0,0.00625,0.0
994,3595,3.6817,1,5.0,0.00625,0.0
995,3594,3.6817,1,5.0,0.00625,0.0
996,3593,3.6817,1,5.0,0.00625,0.0
997,3592,3.6817,1,5.0,0.00625,0.0
998,3592,3.6817,1,5.0,0.00625,0.0
999,3591,3.6817,1,5.0,0.00625,0.0
1000,3591,9.5722,1,5.0,0.00625,0.0
1001,3590,9.5722,1,5.0,0.00625,0.0
1002,3590,9.5722,1,5.0,0.00625,0.0
1003,3590,9.5722,1,5.0,0.00625,0.0
1004,3590,9.5722,1,5.0,0.00625,0.0
1005,3590,9.5722,1,5.0,0.00625,0.0
1006,3590,9.5722,1,5.0,0.00625,0.0
1007,3590,9.5722,1,5.0,0.00625,0.0
1008,3591,9.5722,1,5.0,0.00625,0.0
1009,3591,9.5722,1,5.0,0.00625,0.0
1010,3592,5.8907,1,5.0,0.00625,0.0
1011,3592,5.8907,1,5.0,0.00625,0.0
1012,3593,5.8907,1,5.0,0.00625,0.0
1013,3594,5.8907,1,5.0,0.00625,0.0
1014,3595,5.8907,1,5.0,0.00625,0.0
1015,3596,5.8907,1,5.0,0.00625,0.0
1016,3597,5.8907,1,5.0,0.00625,0.0
1017,3598,5.8907,1,5.0,0.00625,0.0
1018,3599,5.8907,1,5.0,0.00625,0.0
1019,3600,5.8907,1,5.0,0.00625,0.0
1020,3601,-3.6814,1,5.0,0.00625,0.0
1021,3602,-3.6814,1,5.0,0.00625,0.0
1022,3603,-3.6814,1,5.0,0.00625,0.0
1023,3604,-3.6814,1,5.0,0.00625,0.0
1024,3605,-3.6814,1,5.0,0.00625,0.0
1025,3606,-3.6814,1,5.0,0.00625,0.0
1026,3607,-3.6814,1,5.0,0.00625,0.0
1027,3608,-3.6814,1,5.0,0.00625,0.0
1028,3608,-3.6814,1,5.0,0.00625,0.0
1029,3609,-3.6814,1,5.0,0.00625,0.0
1030,3609,-9.5719,1,5.0,0.00625,0.0
1031,3609,-9.5719,1,5.0,0.00625,0.0
1032,3610,-9.5719,1,5.0,0.00625,0.0
1033,3610,-9.5719,1,5.0,0.00625,0.0
1034,3610,-9.5719,1,5.0,0.00625,0.0
1035,3610,-9.5719,1,5.0,0.00625,0.0
1036,3609,-9.5719,1,5.0,0.00625,0.0
1037,3609,-9.5719,1,5.0,0.00625,0.0
1038,3608,-9.5719,1,5.0,0.00625,0.0
1039,3608,-9.5719,1,5.0,0.00625,0.0
1040,3607,-4.8269,1,5.0,0.00625,0.0
1041,3606,-4.8269,1,5.0,0.00625,0.0
1042,3605,-4.8269,1,5.0,0.00625,0.0
1043,3604,-4.8269,1,5.0,0.00625,0.0
1044,3603,-4.8269,1,5.0,0.00625,0.0
1045,3602,-4.8269,1,5.0,0.00625,0.0
1046,3601,-4.8269,1,5.0,0.00625,0.0
1047,3600,-4.8269,1,5.0,0.00625,0.0
1048,3599,-4.8269,1,5.0,0.00625,0.0
1049,3598,-4.8269,1,5.0,0.00625,0.0
1050,3597,5.3996,1,5.0,0.00625,0.0
1051,3596,5.3996,1,5.0,0.00625,0.0
1052,3595,5.3996,1,5.0,0.00625,0.0
1053,3594,5.3996,1,5.0,0.00625,0.0
1054,3593,5.3996,1,5.0,0.00625,0.0
1055,3592,5.3996,1,5.0,0.00625,0.0
1056,3592,5.3996,1,5.0,0.00625,0.0
1057,3591,5.3996,1,5.0,0.00625,0.0
1058,3591,5.3996,1,5.0,0.00625,0.0
1059,3591,5.3996,1,5.0,0.00625,0.0
1060,3590,8.7542,1,5.0,0.00625,0.0
1061,3590,8.7542,1,5.0,0.00625,0.0
1062,3590,8.7542,1,5.0,0.00625,0.0
1063,3590,8.7542,1,5.0,0.00625,0.0
1064,3590,8.7542,1,5.0,0.00625,0.0
1065,3591,8.7542,1,5.0,0.00625,0.0
1066,3591,8.7542,1,5.0,0.00625,0.0
1067,3591,8.7542,1,5.0,0.00625,0.0
1068,3592,8.7542,1,5.0,0.00625,0.0
1069,3593,8.7542,1,5.0,0.00625,0.0
1070,3593,3.7634,1,5.0,0.00625,0.0
1071,3594,3.7634,1,5.0,0.00625,0.0
1072,3595,3.7634,1,5.0,0.00625,0.0
1073,3596,3.7634,1,5.0,0.00625,0.0
1074,3597,3.7634,1,5.0,0.00625,0.0
1075,3598,3.7634,1,5.0,0.00625,0.0
1076,3599,3.7634,1,5.0,0.00625,0.0
1077,3600,3.7634,1,5.0,0.00625,0.0
1078,3601,3.7634,1,5.0,0.00625,0.0
1079,3602,3.7634,1,5.0,0.00625,0.0
1080,3603,-4.9905,1,5.0,0.00625,0.0
1081,3604,-4.9905,1,5.0,0.00625,0.0
1082,3605,-4.9905,1,5.0,0.00625,0.0
1083,3606,-4.9905,1,5.0,0.00625,0.0
1084,3607,-4.9905,1,5.0,0.00625,0.0
1085,3607,-4.9905,1,5.0,0.00625,0.0
1086,3608,-4.9905,1,5.0,0.00625,0.0
1087,3608,-4.9905,1,5.0,0.00625,0.0
1088,3609,-4.9905,1,5.0,0.00625,0.0
1089,3609,-4.9905,1,5.0,0.00625,0.0
1090,3609,-8.7538,1,5.0,0.00625,0.0
1091,3609,-8.7538,1,5.0,0.00625,0.0
1092,3609,-8.7538,1,5.0,0.00625,0.0
1093,3609,-8.7538,1,5.0,0.00625,0.0
1094,3609,-8.7538,1,5.0,0.00625,0.0
1095,3609,-8.7538,1,5.0,0.00625,0.0
1096,3608,-8.7538,1,5.0,0.00625,0.0
1097,3608,-8.7538,1,5.0,0.00625,0.0
1098,3607,-8.7538,1,5.0,0.00625,0.0
1099,3606,-8.7538,1,5.0,0.00625,0.0
1100,3605,-2.6997,1,5.0,0.00625,0.0
1101,3605,-2.6997,1,5.0,0.00625,0.0
1102,3604,-2.6997,1,5.0,0.00625,0.0
1103,3603,-2.6997,1,5.0,0.00625,0.0
1104,3602,-2.6997,1,5.0,0.00625,0.0
1105,3601,-2.6997,1,5.0,0.00625,0.0
1106,3600,-2.6997,1,5.0,0.00625,0.0
1107,3599,-2.6997,1,5.0,0.00625,0.0
1108,3598,-2.6997,1,5.0,0.00625,0.0
1109,3597,-2.6997,1,5.0,0.00625,0.0
1110,3596,5.6452,1,5.0,0.00625,0.0
1111,3595,5.6452,1,5.0,0.00625,0.0
1112,3595,5.6452,1,5.0,0.00625,0.0
1113,3594,5.6452,1,5.0,0.00625,0.0
1114,3593,5.6452,1,5.0,0.00625,0.0
1115,3593,5.6452,1,5.0,0.00625,0.0
1116,3592,5.6452,1,5.0,0.00625,0.0
1117,3592,5.6452,1,5.0,0.00625,0.0
1118,3592,5.6452,1,5.0,0.00625,0.0
1119,3592,5.6452,1,5.0,0.00625,0.0
1120,3592,7.2813,1,5.0,0.00625,0.0
1121,3592,7.2813,1,5.0,0.00625,0.0
1122,3592,7.2813,1,5.0,0.00625,0.0
1123,3592,7.2813,1,5.0,0.00625,0.0
1124,3593,7.2813,1,5.0,0.00625,0.0
1125,3593,7.2813,1,5.0,0.00625,0.0
1126,3594,7.2813,1,5.0,0.00625,0.0
1127,3595,7.2813,1,5.0,0.00625,0.0
1128,3595,7.2813,1,5.0,0.00625,0.0
1129,3596,7.2813,1,5.0,0.00625,0.0
1130,3597,0.9819,1,5.0,0.00625,0.0
1131,3598,0.9819,1,5.0,0.00625,0.0
1132,3599,0.9819,1,5.0,0.00625,0.0
1133,3600,0.9819,1,5.0,0.00625,0.0
1134,3601,0.9819,1,5.0,0.00625,0.0
1135,3601,0.9819,1,5.0,0.00625,0.0
1136,3602,0.9819,1,5.0,0.00625,0.0
1137,3603,0.9819,1,5.0,0.00625,0.0
1138,3604,0.9819,1,5.0,0.00625,0.0
1139,3604,0.9819,1,5.0,0.00625,0.0
1140,3605,-6.954,1,5.0,0.00625,0.0
1141,3606,-6.954,1,5.0,0.00625,0.0
1142,3606,-6.954,1,5.0,0.00625,0.0
1143,3607,-6.954,1,5.0,0.00625,0.0
1144,3607,-6.954,1,5.0,0.00625,0.0
1145,3608,-6.954,1,5.0,0.00625,0.0
1146,3608,-6.954,1,5.0,0.00625,0.0
1147,3608,-6.954,1,5.0,0.00625,0.0
1148,3608,-6.954,1,5.0,0.00625,0.0
1149,3608,-6.954,1,5.0,0.00625,0.0
1150,3608,-6.4631,1,5.0,0.00625,0.0
1151,3607,-6.4631,1,5.0,0.00625,0.0
1152,3607,-6.4631,1,5.0,0.00625,0.0
1153,3607,-6.4631,1,5.0,0.00625,0.0
1154,3606,-6.4631,1,5.0,0.00625,0.0
1155,3605,-6.4631,1,5.0,0.00625,0.0
1156,3605,-6.4631,1,5.0,0.00625,0.0
1157,3604,-6.4631,1,5.0,0.00625,0.0
1158,3603,-6.4631,1,5.0,0.00625,0.0
1159,3602,-6.4631,1,5.0,0.00625,0.0
1160,3602,1.1455,1,5.0,0.00625,0.0
1161,3601,1.1455,1,5.0,0.00625,0.0
1162,3600,1.1455,1,5.0,0.00625,0.0
1163,3599,1.1455,1,5.0,0.00625,0.0
1164,3598,1.1455,1,5.0,0.00625,0.0
1165,3598,1.1455,1,5.0,0.00625,0.0
1166,3597,1.1455,1,5.0,0.00625,0.0
1167,3596,1.1455,1,5.0,0.00625,0.0
1168,3596,1.1455,1,5.0,0.00625,0.0
1169,3595,1.1455,1,5.0,0.00625,0.0
1170,3595,6.136,1,5.0,0.00625,0.0
1171,3594,6.136,1,5.0,0.00625,0.0
1172,3594,6.136,1,5.0,0.00625,0.0
1173,3593,6.136,1,5.0,0.00625,0.0
1174,3593,6.136,1,5.0,0.00625,0.0
1175,3593,6.136,1,5.0,0.00625,0.0
1176,3593,6.136,1,5.0,0.00625,0.0
1177,3593,6.136,1,5.0,0.00625,0.0
1178,3593,6.136,1,5.0,0.00625,0.0
1179,3594,6.136,1,5.0,0.00625,0.0
1180,3594,4.3363,1,5.0,0.00625,0.0
1181,3595,4.3363,1,5.0,0.00625,0.0
1182,3595,4.3363,1,5.0,0.00625,0.0
1183,3596,4.3363,1,5.0,0.00625,0.0
1184,3596,4.3363,1,5.0,0.00625,0.0
1185,3597,4.3363,1,5.0,0.00625,0.0
1186,3597,4.3363,1,5.0,0.00625,0.0
1187,3598,4.3363,1,5.0,0.00625,0.0
1188,3599,4.3363,1,5.0,0.00625,0.0
1189,3600,4.3363,1,5.0,0.00625,0.0
1190,3600,-2.4542,1,5.0,0.00625,0.0
1191,3601,-2.4542,1,5.0,0.00625,0.0
1192,3602,-2.4542,1,5.0,0.00625,0.0
1193,3602,-2.4542,1,5.0,0.00625,0.0
1194,3603,-2.4542,1,5.0,0.00625,0.0
1195,3603,-2.4542,1,5.0,0.00625,0.0
1196,3604,-2.4542,1,5.0,0.00625,0.0
1197,3604,-2.4542,1,5.0,0.00625,0.0
1198,3605,-2.4542,1,5.0,0.00625,0.0
1199,3605,-2.4542,1,5.0,0.00625,0.0
1200,3605,-5.3177,1,5.0,0.00625,0.0
1201,3606,-5.3177,1,5.0,0.00625,0.0
1202,3606,-5.3177,1,5.0,0.00625,0.0
1203,3606,-5.3177,1,5.0,0.00625,0.0
1204,3606,-5.3177,1,5.0,0.00625,0.0
1205,3606,-5.3177,1,5.0,0.00625,0.0
1206,3606,-5.3177,1,5.0,0.00625,0.0
1207,3606,-5.3177,1,5.0,0.00625,0.0
1208,3606,-5.3177,1,5.0,0.00625,0.0
1209,3606,-5.3177,1,5.0,0.00625,0.0
1210,3605,-4.3359,1,5.0,0.00625,0.0
1211,3605,-4.3359,1,5.0,0.00625,0.0
1212,3605,-4.3359,1,5.0,0.00625,0.0
1213,3604,-4.3359,1,5.0,0.00625,0.0
1214,3604,-4.3359,1,5.0,0.00625,0.0
1215,3603,-4.3359,1,5.0,0.00625,0.0
1216,3603,-4.3359,1,5.0,0.00625,0.0
1217,3602,-4.3359,1,5.0,0.00625,0.0
1218,3602,-4.3359,1,5.0,0.00625,0.0
1219,3601,-4.3359,1,5.0,0.00625,0.0
1220,3600,1.3908,1,5.0,0.00625,0.0
1221,3600,1.3908,1,5.0,0.00625,0.0
1222,3599,1.3908,1,5.0,0.00625,0.0
1223,3598,1.3908,1,5.0,0.00625,0.0
1224,3598,1.3908,1,5.0,0.00625,0.0
1225,3597,1.3908,1,5.0,0.00625,0.0
1226,3597,1.3908,1,5.0,0.00625,0.0
1227,3596,1.3908,1,5.0,0.00625,0.0
1228,3596,1.3908,1,5.0,0.00625,0.0
1229,3596,1.3908,1,5.0,0.00625,0.0
1230,3595,5.7269,1,5.0,0.00625,0.0
1231,3595,5.7269,1,5.0,0.00625,0.0
1232,3595,5.7269,1,5.0,0.00625,0.0
1233,3594,5.7269,1,5.0,0.00625,0.0
1234,3594,5.7269,1,5.0,0.00625,0.0
1235,3594,5.7269,1,5.0,0.00625,0.0
1236,3595,5.7269,1,5.0,0.00625,0.0
1237,3595,5.7269,1,5.0,0.00625,0.0
1238,3595,5.7269,1,5.0,0.00625,0.0
1239,3595,5.7269,1,5.0,0.00625,0.0
1240,3596,3.2726,1,5.0,0.00625,0.0
1241,3596,3.2726,1,5.0,0.00625,0.0
1242,3597,3.2726,1,5.0,0.00625,0.0
1243,3597,3.2726,1,5.0,0.00625,0.0
1244,3598,3.2726,1,5.0,0.00625,0.0
1245,3598,3.2726,1,5.0,0.00625,0.0
1246,3599,3.2726,1,5.0,0.00625,0.0
1247,3600,3.2726,1,5.0,0.00625,0.0
1248,3600,3.2726,1,5.0,0.00625,0.0
1249,3601,3.2726,1,5.0,0.00625,0.0
1250,3601,-3.1088,1,5.0,0.00625,0.0
1251,3602,-3.1088,1,5.0,0.00625,0.0
1252,3603,-3.1088,1,5.0,0.00625,0.0
1253,3603,-3.1088,1,5.0,0.00625,0.0
1254,3604,-3.1088,1,5.0,0.00625,0.0
1255,3604,-3.1088,1,5.0,0.00625,0.0
1256,3604,-3.1088,1,5.0,0.00625,0.0
1257,3605,-3.1088,1,5.0,0.00625,0.0
1258,3605,-3.1088,1,5.0,0.00625,0.0
1259,3605,-3.1088,1,5.0,0.00625,0.0
1260,3605,-4.9086,1,5.0,0.00625,0.0
1261,3606,-4.9086,1,5.0,0.00625,0.0
1262,3606,-4.9086,1,5.0,0.00625,0.0
1263,3606,-4.9086,1,5.0,0.00625,0.0
1264,3606,-4.9086,1,5.0,0.00625,0.0
1265,3606,-4.9086,1,5.0,0.00625,0.0
1266,3606,-4.9086,1,5.0,0.00625,0.0
1267,3605,-4.9086,1,5.0,0.00625,0.0
1268,3605,-4.9086,1,5.0,0.00625,0.0
1269,3605,-4.9086,1,5.0,0.00625,0.0
1270,3605,-3.2724,1,5.0,0.00625,0.0
1271,3604,-3.2724,1,5.0,0.00625,0.0
1272,3604,-3.2724,1,5.0,0.00625,0.0
1273,3603,-3.2724,1,5.0,0.00625,0.0
1274,3603,-3.2724,1,5.0,0.00625,0.0
1275,3603,-3.2724,1,5.0,0.00625,0.0
1276,3602,-3.2724,1,5.0,0.00625,0.0
1277,3602,-3.2724,1,5.0,0.00625,0.0
1278,3601,-3.2724,1,5.0,0.00625,0.0
1279,3601,-3.2724,1,5.0,0.00625,0.0
1280,3600,0.9818,1,5.0,0.00625,0.0
1281,3599,0.9818,1,5.0,0.00625,0.0
1282,3599,0.9818,1,5.0,0.00625,0.0
1283,3598,0.9818,1,5.0,0.00625,0.0
1284,3598,0.9818,1,5.0,0.00625,0.0
1285,3597,0.9818,1,5.0,0.00625,0.0
1286,3597,0.9818,1,5.0,0.00625,0.0
1287,3597,0.9818,1,5.0,0.00625,0.0
1288,3596,0.9818,1,5.0,0.00625,0.0
1289,3596,0.9818,1,5.0,0.00625,0.0
1290,3595,4.6634,1,5.0,0.00625,0.0
1291,3595,4.6634,1,5.0,0.00625,0.0
1292,3595,4.6634,1,5.0,0.00625,0.0
1293,3595,4.6634,1,5.0,0.00625,0.0
1294,3595,4.6634,1,5.0,0.00625,0.0
1295,3595,4.6634,1,5.0,0.00625,0.0
1296,3595,4.6634,1,5.0,0.00625,0.0
1297,3595,4.6634,1,5.0,0.00625,0.0
1298,3595,4.6634,1,5.0,0.00625,0.0
1299,3595,4.6634,1,5.0,0.00625,0.0
1300,3596,3.6816,1,5.0,0.00625,0.0
1301,3596,3.6816,1,5.0,0.00625,0.0
1302,3596,3.6816,1,5.0,0.00625,0.0
1303,3597,3.6816,1,5.0,0.00625,0.0
1304,3597,3.6816,1,5.0,0.00625,0.0
1305,3598,3.6816,1,5.0,0.00625,0.0
1306,3598,3.6816,1,5.0,0.00625,0.0
1307,3599,3.6816,1,5.0,0.00625,0.0
1308,3599,3.6816,1,5.0,0.00625,0.0
1309,3600,3.6816,1,5.0,0.00625,0.0
1310,3601,-2.0451,1,5.0,0.00625,0.0
1311,3601,-2.0451,1,5.0,0.00625,0.0
1312,3602,-2.0451,1,5.0,0.00625,0.0
1313,3602,-2.0451,1,5.0,0.00625,0.0
1314,3603,-2.0451,1,5.0,0.00625,0.0
1315,3603,-2.0451,1,5.0,0.00625,0.0
1316,3604,-2.0451,1,5.0,0.00625,0.0
1317,3604,-2.0451,1,5.0,0.00625,0.0
1318,3604,-2.0451,1,5.0,0.00625,0.0
1319,3605,-2.0451,1,5.0,0.00625,0.0
1320,3605,-5.3177,1,5.0,0.00625,0.0
1321,3605,-5.3177,1,5.0,0.00625,0.0
1322,3605,-5.3177,1,5.0,0.00625,0.0
1323,3605,-5.3177,1,5.0,0.00625,0.0
1324,3605,-5.3177,1,5.0,0.00625,0.0
1325,3605,-5.3177,1,5.0,0.00625,0.0
1326,3605,-5.3177,1,5.0,0.00625,0.0
1327,3605,-5.3177,1,5.0,0.00625,0.0
1328,3605,-5.3177,1,5.0,0.00625,0.0
1329,3605,-5.3177,1,5.0,0.00625,0.0
1330,3604,-3.2724,1,5.0,0.00625,0.0
1331,3604,-3.2724,1,5.0,0.00625,0.0
1332,3604,-3.2724,1,5.0,0.00625,0.0
1333,3603,-3.2724,1,5.0,0.00625,0.0
1334,3603,-3.2724,1,5.0,0.00625,0.0
1335,3603,-3.2724,1,5.0,0.00625,0.0
1336,3602,-3.2724,1,5.0,0.00625,0.0
1337,3602,-3.2724,1,5.0,0.00625,0.0
1338,3601,-3.2724,1,5.0,0.00625,0.0
1339,3601,-3.2724,1,5.0,0.00625,0.0
1340,3600,0.9818,1,5.0,0.00625,0.0
1341,3599,0.9818,1,5.0,0.00625,0.0
1342,3599,0.9818,1,5.0,0.00625,0.0
1343,3598,0.9818,1,5.0,0.00625,0.0
1344,3598,0.9818,1,5.0,0.00625,0.0
1345,3597,0.9818,1,5.0,0.00625,0.0
1346,3597,0.9818,1,5.0,0.00625,0.0
1347,3597,0.9818,1,5.0,0.00625,0.0
1348,3596,0.9818,1,5.0,0.00625,0.0
1349,3596,0.9818,1,5.0,0.00625,0.0
1350,3596,4.6634,1,5.0,0.00625,0.0
1351,3595,4.6634,1,5.0,0.00625,0.0
1352,3595,4.6634,1,5.0,0.00625,0.0
1353,3595,4.6634,1,5.0,0.00625,0.0
1354,3595,4.6634,1,5.0,0.00625,0.0
1355,3595,4.6634,1,5.0,0.00625,0.0
1356,3595,4.6634,1,5.0,0.00625,0.0
1357,3595,4.6634,1,5.0,0.00625,0.0
1358,3595,4.6634,1,5.0,0.00625,0.0
1359,3595,4.6634,1,5.0,0.00625,0.0
1360,3596,3.6816,1,5.0,0.00625,0.0
1361,3596,3.6816,1,5.0,0.00625,0.0
1362,3597,3.6816,1,5.0,0.00625,0.0
1363,3597,3.6816,1,5.0,0.00625,0.0
1364,3597,3.6816,1,5.0,0.00625,0.0
1365,3598,3.6816,1,5.0,0.00625,0.0
1366,3598,3.6816,1,5.0,0.00625,0.0
1367,3599,3.6816,1,5.0,0.00625,0.0
1368,3600,3.6816,1,5.0,0.00625,0.0
1369,3600,3.6816,1,5.0,0.00625,0.0
1370,3601,-2.0451,1,5.0,0.00625,0.0
1371,3601,-2.0451,1,5.0,0.00625,0.0
1372,3602,-2.0451,1,5.0,0.00625,0.0
1373,3602,-2.0451,1,5.0,0.00625,0.0
1374,3603,-2.0451,1,5.0,0.00625,0.0
1375,3603,-2.0451,1,5.0,0.00625,0.0
1376,3604,-2.0451,1,5.0,0.00625,0.0
1377,3604,-2.0451,1,5.0,0.00625,0.0
1378,3604,-2.0451,1,5.0,0.00625,0.0
1379,3605,-2.0451,1,5.0,0.00625,0.0
1380,3605,-5.3177,1,5.0,0.00625,0.0
1381,3605,-5.3177,1,5.0,0.00625,0.0
1382,3605,-5.3177,1,5.0,0.00625,0.0
1383,3605,-5.3177,1,5.0,0.00625,0.0
1384,3605,-5.3177,1,5.0,0.00625,0.0
1385,3605,-5.3177,1,5.0,0.00625,0.0
1386,3605,-5.3177,1,5.0,0.00625,0.0
1387,3605,-5.3177,1,5.0,0.00625,0.0
1388,3605,-5.3177,1,5.0,0.00625,0.0
1389,3605,-5.3177,1,5.0,0.00625,0.0
1390,3605,-3.2724,1,5.0,0.00625,0.0
1391,3604,-3.2724,1,5.0,0.00625,0.0
1392,3604,-3.2724,1,5.0,0.00625,0.0
1393,3603,-3.2724,1,5.0,0.00625,0.0
1394,3603,-3.2724,1,5.0,0.00625,0.0
1395,3603,-3.2724,1,5.0,0.00625,0.0
1396,3602,-3.2724,1,5.0,0.00625,0.0
1397,3602,-3.2724,1,5.0,0.00625,0.0
1398,3601,-3.2724,1,5.0,0.00625,0.0
1399,3601,-3.2724,1,5.0,0.00625,0.0
1400,3600,0.9818,1,5.0,0.00625,0.0
1401,3600,0.9818,1,5.0,0.00625,0.0
1402,3599,0.9818,1,5.0,0.00625,0.0
1403,3599,0.9818,1,5.0,0.00625,0.0
1404,3598,0.9818,1,5.0,0.00625,0.0
1405,3598,0.9818,1,5.0,0.00625,0.0
1406,3597,0.9818,1,5.0,0.00625,0.0
1407,3597,0.9818,1,5.0,0.00625,0.0
1408,3596,0.9818,1,5.0,0.00625,0.0
1409,3596,0.9818,1,5.0,0.00625,0.0
1410,3596,4.6634,1,5.0,0.00625,0.0
1411,3595,4.6634,1,5.0,0.00625,0.0
1412,3595,4.6634,1,5.0,0.00625,0.0
1413,3595,4.6634,1,5.0,0.00625,0.0
1414,3595,4.6634,1,5.0,0.00625,0.0
1415,3595,4.6634,1,5.0,0.00625,0.0
1416,3595,4.6634,1,5.0,0.00625,0.0
1417,3595,4.6634,1,5.0,0.00625,0.0
1418,3595,4.6634,1,5.0,0.00625,0.0
1419,3596,4.6634,1,5.0,0.00625,0.0
1420,3596,2.6181,1,5.0,0.00625,0.0
1421,3596,2.6181,1,5.0,0.00625,0.0
1422,3597,2.6181,1,5.0,0.00625,0.0
1423,3597,2.6181,1,5.0,0.00625,0.0
1424,3597,2.6181,1,5.0,0.00625,0.0
1425,3598,2.6181,1,5.0,0.00625,0.0
1426,3598,2.6181,1,5.0,0.00625,0.0
1427,3599,2.6181,1,5.0,0.00625,0.0
1428,3599,2.6181,1,5.0,0.00625,0.0
1429,3600,2.6181,1,5.0,0.00625,0.0
1430,3600,-1.6361,1,5.0,0.00625,0.0
1431,3601,-1.6361,1,5.0,0.00625,0.0
1432,3601,-1.6361,1,5.0,0.00625,0.0
1433,3602,-1.6361,1,5.0,0.00625,0.0
1434,3602,-1.6361,1,5.0,0.00625,0.0
1435,3602,-1.6361,1,5.0,0.00625,0.0
1436,3603,-1.6361,1,5.0,0.00625,0.0
1437,3603,-1.6361,1,5.0,0.00625,0.0
1438,3603,-1.6361,1,5.0,0.00625,0.0
1439,3603,-1.6361,1,5.0,0.00625,0.0
1440,3603,-3.1905,1,5.0,0.00625,0.0
1441,3604,-3.1905,1,5.0,0.00625,0.0
1442,3604,-3.1905,1,5.0,0.00625,0.0
1443,3604,-3.1905,1,5.0,0.00625,0.0
1444,3604,-3.1905,1,5.0,0.00625,0.0
1445,3604,-3.1905,1,5.0,0.00625,0.0
1446,3604,-3.1905,1,5.0,0.00625,0.0
1447,3604,-3.1905,1,5.0,0.00625,0.0
1448,3603,-3.1905,1,5.0,0.00625,0.0
1449,3603,-3.1905,1,5.0,0.00625,0.0
1450,3603,-1.9633,1,5.0,0.00625,0.0
1451,3603,-1.9633,1,5.0,0.00625,0.0
1452,3603,-1.9633,1,5.0,0.00625,0.0
1453,3602,-1.9633,1,5.0,0.00625,0.0
1454,3602,-1.9633,1,5.0,0.00625,0.0
1455,3602,-1.9633,1,5.0,0.00625,0.0
1456,3601,-1.9633,1,5.0,0.00625,0.0
1457,3601,-1.9633,1,5.0,0.00625,0.0
1458,3601,-1.9633,1,5.0,0.00625,0.0
1459,3600,-1.9633,1,5.0,0.00625,0.0
1460,3600,1.2273,1,5.0,0.00625,0.0
1461,3600,1.2273,1,5.0,0.00625,0.0
1462,3599,1.2273,1,5.0,0.00625,0.0
1463,3599,1.2273,1,5.0,0.00625,0.0
1464,3599,1.2273,1,5.0,0.00625,0.0
1465,3598,1.2273,1,5.0,0.00625,0.0
1466,3598,1.2273,1,5.0,0.00625,0.0
1467,3598,1.2273,1,5.0,0.00625,0.0
1468,3598,1.2273,1,5.0,0.00625,0.0
1469,3598,1.2273,1,5.0,0.00625,0.0
1470,3597,2.1271,1,5.0,0.00625,0.0
1471,3597,2.1271,1,5.0,0.00625,0.0
1472,3597,2.1271,1,5.0,0.00625,0.0
1473,3597,2.1271,1,5.0,0.00625,0.0
1474,3597,2.1271,1,5.0,0.00625,0.0
1475,3597,2.1271,1,5.0,0.00625,0.0
1476,3597,2.1271,1,5.0,0.00625,0.0
1477,3597,2.1271,1,5.0,0.00625,0.0
1478,3597,2.1271,1,5.0,0.00625,0.0
1479,3597,2.1271,1,5.0,0.00625,0.0
1480,3597,2.3728,1,5.0,0.00625,0.0
1481,3597,2.3728,1,5.0,0.00625,0.0
1482,3597,2.3728,1,5.0,0.00625,0.0
1483,3598,2.3728,1,5.0,0.00625,0.0
1484,3598,2.3728,1,5.0,0.00625,0.0
1485,3598,2.3728,1,5.0,0.00625,0.0
1486,3598,2.3728,1,5.0,0.00625,0.0
1487,3598,2.3728,1,5.0,0.00625,0.0
1488,3599,2.3728,1,5.0,0.00625,0.0
1489,3599,2.3728,1,5.0,0.00625,0.0
1490,3599,-0.1636,1,5.0,0.00625,0.0
1491,3600,-0.1636,1,5.0,0.00625,0.0
1492,3600,-0.1636,1,5.0,0.00625,0.0
1493,3600,-0.1636,1,5.0,0.00625,0.0
1494,3600,-0.1636,1,5.0,0.00625,0.0
1495,3601,-0.1636,1,5.0,0.00625,0.0
1496,3601,-0.1636,1,5.0,0.00625,0.0
1497,3601,-0.1636,1,5.0,0.00625,0.0
1498,3601,-0.1636,1,5.0,0.00625,0.0
1499,3601,-0.1636,1,5.0,0.00625,0.0
1500,3601,-1.4726,1,5.0,0.00625,0.0
1501,3602,-1.4726,1,5.0,0.00625,0.0
1502,3602,-1.4726,1,5.0,0.00625,0.0
1503,3602,-1.4726,1,5.0,0.00625,0.0
1504,3602,-1.4726,1,5.0,0.00625,0.0
1505,3602,-1.4726,1,5.0,0.00625,0.0
1506,3602,-1.4726,1,5.0,0.00625,0.0
1507,3602,-1.4726,1,5.0,0.00625,0.0
1508,3602,-1.4726,1,5.0,0.00625,0.0
1509,3602,-1.4726,1,5.0,0.00625,0.0
1510,3602,-1.7179,1,5.0,0.00625,0.0
1511,3602,-1.7179,1,5.0,0.00625,0.0
1512,3602,-1.7179,1,5.0,0.00625,0.0
1513,3602,-1.7179,1,5.0,0.00625,0.0
1514,3602,-1.7179,1,5.0,0.00625,0.0
1515,3601,-1.7179,1,5.0,0.00625,0.0
1516,3601,-1.7179,1,5.0,0.00625,0.0
1517,3601,-1.7179,1,5.0,0.00625,0.0
1518,3601,-1.7179,1,5.0,0.00625,0.0
1519,3601,-1.7179,1,5.0,0.00625,0.0
