TIME,PULSES,CONTROLLERVOLTAGE,CONTROLLER,KP,TAUD,TAUI 
0,0,-0.3272,0,1.25,0.0,0.0
1,0,-0.3272,0,1.25,0.0,0.0
2,0,-0.3272,0,1.25,0.0,0.0
3,0,-0.3272,0,1.25,0.0,0.0
4,0,-0.3272,0,1.25,0.0,0.0
5,0,-0.3272,0,1.25,0.0,0.0
6,0,-0.3272,0,1.25,0.0,0.0
7,0,-0.3272,0,1.25,0.0,0.0
8,0,-0.3272,0,1.25,0.0,0.0
9,0,-0.3272,0,1.25,0.0,0.0
10,0,589.0486,0,1.25,0.0,0.0
11,0,589.0486,0,1.25,0.0,0.0
12,0,589.0486,0,1.25,0.0,0.0
13,0,589.0486,0,1.25,0.0,0.0
14,1,589.0486,0,1.25,0.0,0.0
15,1,589.0486,0,1.25,0.0,0.0
16,2,589.0486,0,1.25,0.0,0.0
17,3,589.0486,0,1.25,0.0,0.0
18,4,589.0486,0,1.25,0.0,0.0
19,5,589.0486,0,1.25,0.0,0.0
20,6,588.2305,0,1.25,0.0,0.0
21,8,588.2305,0,1.25,0.0,0.0
22,9,588.2305,0,1.25,0.0,0.0
23,11,588.2305,0,1.25,0.0,0.0
24,12,588.2305,0,1.25,0.0,0.0
25,14,588.2305,0,1.25,0.0,0.0
26,16,588.2305,0,1.25,0.0,0.0
27,17,588.2305,0,1.25,0.0,0.0
28,19,588.2305,0,1.25,0.0,0.0
29,21,588.2305,0,1.25,0.0,0.0
30,24,585.4489,0,1.25,0.0,0.0
31,26,585.4489,0,1.25,0.0,0.0
32,28,585.4489,0,1.25,0.0,0.0
33,30,585.4489,0,1.25,0.0,0.0
34,33,585.4489,0,1.25,0.0,0.0
35,35,585.4489,0,1.25,0.0,0.0
36,38,585.4489,0,1.25,0.0,0.0
37,40,585.4489,0,1.25,0.0,0.0
38,43,585.4489,0,1.25,0.0,0.0
39,46,585.4489,0,1.25,0.0,0.0
40,49,581.5219,0,1.25,0.0,0.0
41,51,581.5219,0,1.25,0.0,0.0
42,54,581.5219,0,1.25,0.0,0.0
43,57,581.5219,0,1.25,0.0,0.0
44,60,581.5219,0,1.25,0.0,0.0
45,63,581.5219,0,1.25,0.0,0.0
46,66,581.5219,0,1.25,0.0,0.0
47,69,581.5219,0,1.25,0.0,0.0
48,72,581.5219,0,1.25,0.0,0.0
49,75,581.5219,0,1.25,0.0,0.0
50,78,576.7768,0,1.25,0.0,0.0
51,82,576.7768,0,1.25,0.0,0.0
52,85,576.7768,0,1.25,0.0,0.0
53,87,576.7768,0,1.25,0.0,0.0
54,91,576.7768,0,1.25,0.0,0.0
55,94,576.7768,0,1.25,0.0,0.0
56,97,576.7768,0,1.25,0.0,0.0
57,101,576.7768,0,1.25,0.0,0.0
58,104,576.7768,0,1.25,0.0,0.0
59,108,576.7768,0,1.25,0.0,0.0
60,111,571.3772,0,1.25,0.0,0.0
61,115,571.3772,0,1.25,0.0,0.0
62,118,571.3772,0,1.25,0.0,0.0
63,122,571.3772,0,1.25,0.0,0.0
64,125,571.3772,0,1.25,0.0,0.0
65,129,571.3772,0,1.25,0.0,0.0
66,133,571.3772,0,1.25,0.0,0.0
67,137,571.3772,0,1.25,0.0,0.0
68,140,571.3772,0,1.25,0.0,0.0
69,144,571.3772,0,1.25,0.0,0.0
70,148,565.4867,0,1.25,0.0,0.0
71,151,565.4867,0,1.25,0.0,0.0
72,155,565.4867,0,1.25,0.0,0.0
73,159,565.4867,0,1.25,0.0,0.0
74,163,565.4867,0,1.25,0.0,0.0
75,167,565.4867,0,1.25,0.0,0.0
76,170,565.4867,0,1.25,0.0,0.0
77,174,565.4867,0,1.25,0.0,0.0
78,178,565.4867,0,1.25,0.0,0.0
79,181,565.4867,0,1.25,0.0,0.0
80,185,559.269,0,1.25,0.0,0.0
81,189,559.269,0,1.25,0.0,0.0
82,193,559.269,0,1.25,0.0,0.0
83,197,559.269,0,1.25,0.0,0.0
84,201,559.269,0,1.25,0.0,0.0
85,205,559.269,0,1.25,0.0,0.0
86,209,559.269,0,1.25,0.0,0.0
87,213,559.269,0,1.25,0.0,0.0
88,217,559.269,0,1.25,0.0,0.0
89,221,559.269,0,1.25,0.0,0.0
90,225,552.8876,0,1.25,0.0,0.0
91,229,552.8876,0,1.25,0.0,0.0
92,233,552.8876,0,1.25,0.0,0.0
93,237,552.8876,0,1.25,0.0,0.0
94,241,552.8876,0,1.25,0.0,0.0
95,246,552.8876,0,1.25,0.0,0.0
96,250,552.8876,0,1.25,0.0,0.0
97,254,552.8876,0,1.25,0.0,0.0
98,258,552.8876,0,1.25,0.0,0.0
99,263,552.8876,0,1.25,0.0,0.0
100,267,546.0154,0,1.25,0.0,0.0
101,271,546.0154,0,1.25,0.0,0.0
102,275,546.0154,0,1.25,0.0,0.0
103,279,546.0154,0,1.25,0.0,0.0
104,283,546.0154,0,1.25,0.0,0.0
105,288,546.0154,0,1.25,0.0,0.0
106,292,546.0154,0,1.25,0.0,0.0
107,296,546.0154,0,1.25,0.0,0.0
108,300,546.0154,0,1.25,0.0,0.0
109,304,546.0154,0,1.25,0.0,0.0
110,308,539.3068,0,1.25,0.0,0.0
111,312,539.3068,0,1.25,0.0,0.0
112,317,539.3068,0,1.25,0.0,0.0
113,321,539.3068,0,1.25,0.0,0.0
114,325,539.3068,0,1.25,0.0,0.0
115,329,539.3068,0,1.25,0.0,0.0
116,334,539.3068,0,1.25,0.0,0.0
117,338,539.3068,0,1.25,0.0,0.0
118,342,539.3068,0,1.25,0.0,0.0
119,346,539.3068,0,1.25,0.0,0.0
120,350,532.4346,0,1.25,0.0,0.0
121,354,532.4346,0,1.25,0.0,0.0
122,359,532.4346,0,1.25,0.0,0.0
123,363,532.4346,0,1.25,0.0,0.0
124,367,532.4346,0,1.25,0.0,0.0
125,372,532.4346,0,1.25,0.0,0.0
126,376,532.4346,0,1.25,0.0,0.0
127,380,532.4346,0,1.25,0.0,0.0
128,384,532.4346,0,1.25,0.0,0.0
129,388,532.4346,0,1.25,0.0,0.0
130,393,525.3987,0,1.25,0.0,0.0
131,397,525.3987,0,1.25,0.0,0.0
132,401,525.3987,0,1.25,0.0,0.0
133,405,525.3987,0,1.25,0.0,0.0
134,410,525.3987,0,1.25,0.0,0.0
135,414,525.3987,0,1.25,0.0,0.0
136,418,525.3987,0,1.25,0.0,0.0
137,423,525.3987,0,1.25,0.0,0.0
138,427,525.3987,0,1.25,0.0,0.0
139,431,525.3987,0,1.25,0.0,0.0
140,435,518.3628,0,1.25,0.0,0.0
141,441,518.3628,0,1.25,0.0,0.0
142,445,518.3628,0,1.25,0.0,0.0
143,449,518.3628,0,1.25,0.0,0.0
144,453,518.3628,0,1.25,0.0,0.0
145,458,518.3628,0,1.25,0.0,0.0
146,462,518.3628,0,1.25,0.0,0.0
147,466,518.3628,0,1.25,0.0,0.0
148,471,518.3628,0,1.25,0.0,0.0
149,475,518.3628,0,1.25,0.0,0.0
150,479,511.327,0,1.25,0.0,0.0
151,484,511.327,0,1.25,0.0,0.0
152,488,511.327,0,1.25,0.0,0.0
153,492,511.327,0,1.25,0.0,0.0
154,496,511.327,0,1.25,0.0,0.0
155,501,511.327,0,1.25,0.0,0.0
156,505,511.327,0,1.25,0.0,0.0
157,509,511.327,0,1.25,0.0,0.0
158,514,511.327,0,1.25,0.0,0.0
159,519,511.327,0,1.25,0.0,0.0
160,523,504.1275,0,1.25,0.0,0.0
161,528,504.1275,0,1.25,0.0,0.0
162,532,504.1275,0,1.25,0.0,0.0
163,536,504.1275,0,1.25,0.0,0.0
164,541,504.1275,0,1.25,0.0,0.0
165,545,504.1275,0,1.25,0.0,0.0
166,549,504.1275,0,1.25,0.0,0.0
167,553,504.1275,0,1.25,0.0,0.0
168,558,504.1275,0,1.25,0.0,0.0
169,562,504.1275,0,1.25,0.0,0.0
170,566,497.0916,0,1.25,0.0,0.0
171,571,497.0916,0,1.25,0.0,0.0
172,575,497.0916,0,1.25,0.0,0.0
173,579,497.0916,0,1.25,0.0,0.0
174,584,497.0916,0,1.25,0.0,0.0
175,588,497.0916,0,1.25,0.0,0.0
176,592,497.0916,0,1.25,0.0,0.0
177,597,497.0916,0,1.25,0.0,0.0
178,601,497.0916,0,1.25,0.0,0.0
179,605,497.0916,0,1.25,0.0,0.0
180,610,489.8921,0,1.25,0.0,0.0
181,614,489.8921,0,1.25,0.0,0.0
182,618,489.8921,0,1.25,0.0,0.0
183,623,489.8921,0,1.25,0.0,0.0
184,627,489.8921,0,1.25,0.0,0.0
185,631,489.8921,0,1.25,0.0,0.0
186,636,489.8921,0,1.25,0.0,0.0
187,640,489.8921,0,1.25,0.0,0.0
188,644,489.8921,0,1.25,0.0,0.0
189,650,489.8921,0,1.25,0.0,0.0
190,654,482.6926,0,1.25,0.0,0.0
191,658,482.6926,0,1.25,0.0,0.0
192,663,482.6926,0,1.25,0.0,0.0
193,668,482.6926,0,1.25,0.0,0.0
194,672,482.6926,0,1.25,0.0,0.0
195,677,482.6926,0,1.25,0.0,0.0
196,681,482.6926,0,1.25,0.0,0.0
197,685,482.6926,0,1.25,0.0,0.0
198,690,482.6926,0,1.25,0.0,0.0
199,694,482.6926,0,1.25,0.0,0.0
200,698,475.4932,0,1.25,0.0,0.0
201,703,475.4932,0,1.25,0.0,0.0
202,707,475.4932,0,1.25,0.0,0.0
203,711,475.4932,0,1.25,0.0,0.0
204,716,475.4932,0,1.25,0.0,0.0
205,720,475.4932,0,1.25,0.0,0.0
206,724,475.4932,0,1.25,0.0,0.0
207,729,475.4932,0,1.25,0.0,0.0
208,733,475.4932,0,1.25,0.0,0.0
209,737,475.4932,0,1.25,0.0,0.0
210,742,468.2937,0,1.25,0.0,0.0
211,746,468.2937,0,1.25,0.0,0.0
212,750,468.2937,0,1.25,0.0,0.0
213,755,468.2937,0,1.25,0.0,0.0
214,759,468.2937,0,1.25,0.0,0.0
215,764,468.2937,0,1.25,0.0,0.0
216,768,468.2937,0,1.25,0.0,0.0
217,772,468.2937,0,1.25,0.0,0.0
218,777,468.2937,0,1.25,0.0,0.0
219,781,468.2937,0,1.25,0.0,0.0
220,785,461.2578,0,1.25,0.0,0.0
221,790,461.2578,0,1.25,0.0,0.0
222,794,461.2578,0,1.25,0.0,0.0
223,798,461.2578,0,1.25,0.0,0.0
224,803,461.2578,0,1.25,0.0,0.0
225,807,461.2578,0,1.25,0.0,0.0
226,811,461.2578,0,1.25,0.0,0.0
227,816,461.2578,0,1.25,0.0,0.0
228,820,461.2578,0,1.25,0.0,0.0
229,824,461.2578,0,1.25,0.0,0.0
230,829,454.0583,0,1.25,0.0,0.0
231,833,454.0583,0,1.25,0.0,0.0
232,837,454.0583,0,1.25,0.0,0.0
233,842,454.0583,0,1.25,0.0,0.0
234,846,454.0583,0,1.25,0.0,0.0
235,850,454.0583,0,1.25,0.0,0.0
236,855,454.0583,0,1.25,0.0,0.0
237,859,454.0583,0,1.25,0.0,0.0
238,864,454.0583,0,1.25,0.0,0.0
239,868,454.0583,0,1.25,0.0,0.0
240,872,447.0225,0,1.25,0.0,0.0
241,877,447.0225,0,1.25,0.0,0.0
242,881,447.0225,0,1.25,0.0,0.0
243,885,447.0225,0,1.25,0.0,0.0
244,890,447.0225,0,1.25,0.0,0.0
245,894,447.0225,0,1.25,0.0,0.0
246,898,447.0225,0,1.25,0.0,0.0
247,903,447.0225,0,1.25,0.0,0.0
248,907,447.0225,0,1.25,0.0,0.0
249,911,447.0225,0,1.25,0.0,0.0
250,916,439.823,0,1.25,0.0,0.0
251,920,439.823,0,1.25,0.0,0.0
252,924,439.823,0,1.25,0.0,0.0
253,930,439.823,0,1.25,0.0,0.0
254,934,439.823,0,1.25,0.0,0.0
255,938,439.823,0,1.25,0.0,0.0
256,943,439.823,0,1.25,0.0,0.0
257,947,439.823,0,1.25,0.0,0.0
258,952,439.823,0,1.25,0.0,0.0
259,956,439.823,0,1.25,0.0,0.0
260,960,432.6235,0,1.25,0.0,0.0
261,965,432.6235,0,1.25,0.0,0.0
262,969,432.6235,0,1.25,0.0,0.0
263,973,432.6235,0,1.25,0.0,0.0
264,978,432.6235,0,1.25,0.0,0.0
265,982,432.6235,0,1.25,0.0,0.0
266,986,432.6235,0,1.25,0.0,0.0
267,991,432.6235,0,1.25,0.0,0.0
268,995,432.6235,0,1.25,0.0,0.0
269,999,432.6235,0,1.25,0.0,0.0
270,1005,425.424,0,1.25,0.0,0.0
271,1009,425.424,0,1.25,0.0,0.0
272,1014,425.424,0,1.25,0.0,0.0
273,1018,425.424,0,1.25,0.0,0.0
274,1023,425.424,0,1.25,0.0,0.0
275,1028,425.424,0,1.25,0.0,0.0
276,1032,425.424,0,1.25,0.0,0.0
277,1036,425.424,0,1.25,0.0,0.0
278,1041,425.424,0,1.25,0.0,0.0
279,1045,425.424,0,1.25,0.0,0.0
280,1049,418.0609,0,1.25,0.0,0.0
281,1054,418.0609,0,1.25,0.0,0.0
282,1058,418.0609,0,1.25,0.0,0.0
283,1062,418.0609,0,1.25,0.0,0.0
284,1067,418.0609,0,1.25,0.0,0.0
285,1071,418.0609,0,1.25,0.0,0.0
286,1075,418.0609,0,1.25,0.0,0.0
287,1080,418.0609,0,1.25,0.0,0.0
288,1084,418.0609,0,1.25,0.0,0.0
289,1088,418.0609,0,1.25,0.0,0.0
290,1093,410.8615,0,1.25,0.0,0.0
291,1097,410.8615,0,1.25,0.0,0.0
292,1102,410.8615,0,1.25,0.0,0.0
293,1106,410.8615,0,1.25,0.0,0.0
294,1110,410.8615,0,1.25,0.0,0.0
295,1115,410.8615,0,1.25,0.0,0.0
296,1119,410.8615,0,1.25,0.0,0.0
297,1124,410.8615,0,1.25,0.0,0.0
298,1129,410.8615,0,1.25,0.0,0.0
299,1133,410.8615,0,1.25,0.0,0.0
300,1137,403.662,0,1.25,0.0,0.0
301,1142,403.662,0,1.25,0.0,0.0
302,1146,403.662,0,1.25,0.0,0.0
303,1151,403.662,0,1.25,0.0,0.0
304,1155,403.662,0,1.25,0.0,0.0
305,1159,403.662,0,1.25,0.0,0.0
306,1164,403.662,0,1.25,0.0,0.0
307,1168,403.662,0,1.25,0.0,0.0
308,1173,403.662,0,1.25,0.0,0.0
309,1178,403.662,0,1.25,0.0,0.0
310,1182,396.2988,0,1.25,0.0,0.0
311,1186,396.2988,0,1.25,0.0,0.0
312,1191,396.2988,0,1.25,0.0,0.0
313,1195,396.2988,0,1.25,0.0,0.0
314,1200,396.2988,0,1.25,0.0,0.0
315,1204,396.2988,0,1.25,0.0,0.0
316,1208,396.2988,0,1.25,0.0,0.0
317,1213,396.2988,0,1.25,0.0,0.0
318,1217,396.2988,0,1.25,0.0,0.0
319,1221,396.2988,0,1.25,0.0,0.0
320,1226,389.0994,0,1.25,0.0,0.0
321,1230,389.0994,0,1.25,0.0,0.0
322,1234,389.0994,0,1.25,0.0,0.0
323,1239,389.0994,0,1.25,0.0,0.0
324,1243,389.0994,0,1.25,0.0,0.0
325,1248,389.0994,0,1.25,0.0,0.0
326,1253,389.0994,0,1.25,0.0,0.0
327,1257,389.0994,0,1.25,0.0,0.0
328,1261,389.0994,0,1.25,0.0,0.0
329,1266,389.0994,0,1.25,0.0,0.0
330,1269,381.8999,0,1.25,0.0,0.0
331,1273,381.8999,0,1.25,0.0,0.0
332,1278,381.8999,0,1.25,0.0,0.0
333,1282,381.8999,0,1.25,0.0,0.0
334,1287,381.8999,0,1.25,0.0,0.0
335,1291,381.8999,0,1.25,0.0,0.0
336,1296,381.8999,0,1.25,0.0,0.0
337,1301,381.8999,0,1.25,0.0,0.0
338,1305,381.8999,0,1.25,0.0,0.0
339,1309,381.8999,0,1.25,0.0,0.0
340,1314,374.7004,0,1.25,0.0,0.0
341,1318,374.7004,0,1.25,0.0,0.0
342,1322,374.7004,0,1.25,0.0,0.0
343,1327,374.7004,0,1.25,0.0,0.0
344,1331,374.7004,0,1.25,0.0,0.0
345,1336,374.7004,0,1.25,0.0,0.0
346,1340,374.7004,0,1.25,0.0,0.0
347,1344,374.7004,0,1.25,0.0,0.0
348,1349,374.7004,0,1.25,0.0,0.0
349,1353,374.7004,0,1.25,0.0,0.0
350,1357,367.6646,0,1.25,0.0,0.0
351,1362,367.6646,0,1.25,0.0,0.0
352,1366,367.6646,0,1.25,0.0,0.0
353,1371,367.6646,0,1.25,0.0,0.0
354,1376,367.6646,0,1.25,0.0,0.0
355,1380,367.6646,0,1.25,0.0,0.0
356,1384,367.6646,0,1.25,0.0,0.0
357,1389,367.6646,0,1.25,0.0,0.0
358,1393,367.6646,0,1.25,0.0,0.0
359,1398,367.6646,0,1.25,0.0,0.0
360,1402,360.3015,0,1.25,0.0,0.0
361,1406,360.3015,0,1.25,0.0,0.0
362,1411,360.3015,0,1.25,0.0,0.0
363,1415,360.3015,0,1.25,0.0,0.0
364,1419,360.3015,0,1.25,0.0,0.0
365,1424,360.3015,0,1.25,0.0,0.0
366,1428,360.3015,0,1.25,0.0,0.0
367,1432,360.3015,0,1.25,0.0,0.0
368,1437,360.3015,0,1.25,0.0,0.0
369,1441,360.3015,0,1.25,0.0,0.0
370,1446,353.102,0,1.25,0.0,0.0
371,1450,353.102,0,1.25,0.0,0.0
372,1454,353.102,0,1.25,0.0,0.0
373,1459,353.102,0,1.25,0.0,0.0
374,1463,353.102,0,1.25,0.0,0.0
375,1467,353.102,0,1.25,0.0,0.0
376,1472,353.102,0,1.25,0.0,0.0
377,1476,353.102,0,1.25,0.0,0.0
378,1480,353.102,0,1.25,0.0,0.0
379,1485,353.102,0,1.25,0.0,0.0
380,1489,346.0661,0,1.25,0.0,0.0
381,1494,346.0661,0,1.25,0.0,0.0
382,1498,346.0661,0,1.25,0.0,0.0
383,1502,346.0661,0,1.25,0.0,0.0
384,1507,346.0661,0,1.25,0.0,0.0
385,1511,346.0661,0,1.25,0.0,0.0
386,1515,346.0661,0,1.25,0.0,0.0
387,1520,346.0661,0,1.25,0.0,0.0
388,1524,346.0661,0,1.25,0.0,0.0
389,1528,346.0661,0,1.25,0.0,0.0
390,1533,338.8666,0,1.25,0.0,0.0
391,1537,338.8666,0,1.25,0.0,0.0
392,1542,338.8666,0,1.25,0.0,0.0
393,1546,338.8666,0,1.25,0.0,0.0
394,1550,338.8666,0,1.25,0.0,0.0
395,1555,338.8666,0,1.25,0.0,0.0
396,1559,338.8666,0,1.25,0.0,0.0
397,1563,338.8666,0,1.25,0.0,0.0
398,1568,338.8666,0,1.25,0.0,0.0
399,1572,338.8666,0,1.25,0.0,0.0
400,1576,331.8307,0,1.25,0.0,0.0
401,1581,331.8307,0,1.25,0.0,0.0
402,1585,331.8307,0,1.25,0.0,0.0
403,1590,331.8307,0,1.25,0.0,0.0
404,1594,331.8307,0,1.25,0.0,0.0
405,1598,331.8307,0,1.25,0.0,0.0
406,1603,331.8307,0,1.25,0.0,0.0
407,1607,331.8307,0,1.25,0.0,0.0
408,1611,331.8307,0,1.25,0.0,0.0
409,1616,331.8307,0,1.25,0.0,0.0
410,1620,324.6313,0,1.25,0.0,0.0
411,1624,324.6313,0,1.25,0.0,0.0
412,1629,324.6313,0,1.25,0.0,0.0
413,1634,324.6313,0,1.25,0.0,0.0
414,1639,324.6313,0,1.25,0.0,0.0
415,1643,324.6313,0,1.25,0.0,0.0
416,1647,324.6313,0,1.25,0.0,0.0
417,1652,324.6313,0,1.25,0.0,0.0
418,1656,324.6313,0,1.25,0.0,0.0
419,1660,324.6313,0,1.25,0.0,0.0
420,1665,317.2682,0,1.25,0.0,0.0
421,1669,317.2682,0,1.25,0.0,0.0
422,1673,317.2682,0,1.25,0.0,0.0
423,1678,317.2682,0,1.25,0.0,0.0
424,1682,317.2682,0,1.25,0.0,0.0
425,1687,317.2682,0,1.25,0.0,0.0
426,1691,317.2682,0,1.25,0.0,0.0
427,1695,317.2682,0,1.25,0.0,0.0
428,1700,317.2682,0,1.25,0.0,0.0
429,1704,317.2682,0,1.25,0.0,0.0
430,1709,310.0687,0,1.25,0.0,0.0
431,1714,310.0687,0,1.25,0.0,0.0
432,1718,310.0687,0,1.25,0.0,0.0
433,1722,310.0687,0,1.25,0.0,0.0
434,1727,310.0687,0,1.25,0.0,0.0
435,1732,310.0687,0,1.25,0.0,0.0
436,1737,310.0687,0,1.25,0.0,0.0
437,1741,310.0687,0,1.25,0.0,0.0
438,1745,310.0687,0,1.25,0.0,0.0
439,1750,310.0687,0,1.25,0.0,0.0
440,1754,302.7056,0,1.25,0.0,0.0
441,1759,302.7056,0,1.25,0.0,0.0
442,1764,302.7056,0,1.25,0.0,0.0
443,1768,302.7056,0,1.25,0.0,0.0
444,1772,302.7056,0,1.25,0.0,0.0
445,1777,302.7056,0,1.25,0.0,0.0
446,1781,302.7056,0,1.25,0.0,0.0
447,1786,302.7056,0,1.25,0.0,0.0
448,1790,302.7056,0,1.25,0.0,0.0
449,1794,302.7056,0,1.25,0.0,0.0
450,1799,295.3425,0,1.25,0.0,0.0
451,1803,295.3425,0,1.25,0.0,0.0
452,1807,295.3425,0,1.25,0.0,0.0
453,1812,295.3425,0,1.25,0.0,0.0
454,1816,295.3425,0,1.25,0.0,0.0
455,1820,295.3425,0,1.25,0.0,0.0
456,1825,295.3425,0,1.25,0.0,0.0
457,1829,295.3425,0,1.25,0.0,0.0
458,1834,295.3425,0,1.25,0.0,0.0
459,1838,295.3425,0,1.25,0.0,0.0
460,1842,288.3066,0,1.25,0.0,0.0
461,1847,288.3066,0,1.25,0.0,0.0
462,1851,288.3066,0,1.25,0.0,0.0
463,1855,288.3066,0,1.25,0.0,0.0
464,1860,288.3066,0,1.25,0.0,0.0
465,1864,288.3066,0,1.25,0.0,0.0
466,1868,288.3066,0,1.25,0.0,0.0
467,1873,288.3066,0,1.25,0.0,0.0
468,1877,288.3066,0,1.25,0.0,0.0
469,1882,288.3066,0,1.25,0.0,0.0
470,1886,281.1071,0,1.25,0.0,0.0
471,1890,281.1071,0,1.25,0.0,0.0
472,1895,281.1071,0,1.25,0.0,0.0
473,1899,281.1071,0,1.25,0.0,0.0
474,1903,281.1071,0,1.25,0.0,0.0
475,1908,281.1071,0,1.25,0.0,0.0
476,1912,281.1071,0,1.25,0.0,0.0
477,1917,281.1071,0,1.25,0.0,0.0
478,1921,281.1071,0,1.25,0.0,0.0
479,1925,281.1071,0,1.25,0.0,0.0
480,1930,273.9077,0,1.25,0.0,0.0
481,1934,273.9077,0,1.25,0.0,0.0
482,1938,273.9077,0,1.25,0.0,0.0
483,1943,273.9077,0,1.25,0.0,0.0
484,1947,273.9077,0,1.25,0.0,0.0
485,1952,273.9077,0,1.25,0.0,0.0
486,1957,273.9077,0,1.25,0.0,0.0
487,1961,273.9077,0,1.25,0.0,0.0
488,1966,273.9077,0,1.25,0.0,0.0
489,1970,273.9077,0,1.25,0.0,0.0
490,1974,266.7081,0,1.25,0.0,0.0
491,1979,266.7081,0,1.25,0.0,0.0
492,1983,266.7081,0,1.25,0.0,0.0
493,1987,266.7081,0,1.25,0.0,0.0
494,1992,266.7081,0,1.25,0.0,0.0
495,1996,266.7081,0,1.25,0.0,0.0
496,2001,266.7081,0,1.25,0.0,0.0
497,2006,266.7081,0,1.25,0.0,0.0
498,2010,266.7081,0,1.25,0.0,0.0
499,2015,266.7081,0,1.25,0.0,0.0
500,2019,259.3451,0,1.25,0.0,0.0
501,2023,259.3451,0,1.25,0.0,0.0
502,2028,259.3451,0,1.25,0.0,0.0
503,2033,259.3451,0,1.25,0.0,0.0
504,2037,259.3451,0,1.25,0.0,0.0
505,2042,259.3451,0,1.25,0.0,0.0
506,2046,259.3451,0,1.25,0.0,0.0
507,2051,259.3451,0,1.25,0.0,0.0
508,2056,259.3451,0,1.25,0.0,0.0
509,2060,259.3451,0,1.25,0.0,0.0
510,2065,251.9819,0,1.25,0.0,0.0
511,2069,251.9819,0,1.25,0.0,0.0
512,2073,251.9819,0,1.25,0.0,0.0
513,2078,251.9819,0,1.25,0.0,0.0
514,2082,251.9819,0,1.25,0.0,0.0
515,2086,251.9819,0,1.25,0.0,0.0
516,2091,251.9819,0,1.25,0.0,0.0
517,2095,251.9819,0,1.25,0.0,0.0
518,2099,251.9819,0,1.25,0.0,0.0
519,2104,251.9819,0,1.25,0.0,0.0
520,2108,244.7824,0,1.25,0.0,0.0
521,2112,244.7824,0,1.25,0.0,0.0
522,2117,244.7824,0,1.25,0.0,0.0
523,2121,244.7824,0,1.25,0.0,0.0
524,2126,244.7824,0,1.25,0.0,0.0
525,2130,244.7824,0,1.25,0.0,0.0
526,2134,244.7824,0,1.25,0.0,0.0
527,2139,244.7824,0,1.25,0.0,0.0
528,2143,244.7824,0,1.25,0.0,0.0
529,2149,244.7824,0,1.25,0.0,0.0
530,2154,237.2557,0,1.25,0.0,0.0
531,2158,237.2557,0,1.25,0.0,0.0
532,2162,237.2557,0,1.25,0.0,0.0
533,2167,237.2557,0,1.25,0.0,0.0
534,2171,237.2557,0,1.25,0.0,0.0
535,2176,237.2557,0,1.25,0.0,0.0
536,2180,237.2557,0,1.25,0.0,0.0
537,2184,237.2557,0,1.25,0.0,0.0
538,2189,237.2557,0,1.25,0.0,0.0
539,2193,237.2557,0,1.25,0.0,0.0
540,2197,230.2199,0,1.25,0.0,0.0
541,2202,230.2199,0,1.25,0.0,0.0
542,2206,230.2199,0,1.25,0.0,0.0
543,2210,230.2199,0,1.25,0.0,0.0
544,2215,230.2199,0,1.25,0.0,0.0
545,2219,230.2199,0,1.25,0.0,0.0
546,2224,230.2199,0,1.25,0.0,0.0
547,2229,230.2199,0,1.25,0.0,0.0
548,2233,230.2199,0,1.25,0.0,0.0
549,2238,230.2199,0,1.25,0.0,0.0
550,2242,222.8568,0,1.25,0.0,0.0
551,2247,222.8568,0,1.25,0.0,0.0
552,2252,222.8568,0,1.25,0.0,0.0
553,2256,222.8568,0,1.25,0.0,0.0
554,2260,222.8568,0,1.25,0.0,0.0
555,2265,222.8568,0,1.25,0.0,0.0
556,2269,222.8568,0,1.25,0.0,0.0
557,2274,222.8568,0,1.25,0.0,0.0
558,2278,222.8568,0,1.25,0.0,0.0
559,2282,222.8568,0,1.25,0.0,0.0
560,2287,215.4937,0,1.25,0.0,0.0
561,2291,215.4937,0,1.25,0.0,0.0
562,2296,215.4937,0,1.25,0.0,0.0
563,2301,215.4937,0,1.25,0.0,0.0
564,2305,215.4937,0,1.25,0.0,0.0
565,2309,215.4937,0,1.25,0.0,0.0
566,2314,215.4937,0,1.25,0.0,0.0
567,2319,215.4937,0,1.25,0.0,0.0
568,2324,215.4937,0,1.25,0.0,0.0
569,2328,215.4937,0,1.25,0.0,0.0
570,2332,208.1305,0,1.25,0.0,0.0
571,2337,208.1305,0,1.25,0.0,0.0
572,2341,208.1305,0,1.25,0.0,0.0
573,2347,208.1305,0,1.25,0.0,0.0
574,2352,208.1305,0,1.25,0.0,0.0
575,2356,208.1305,0,1.25,0.0,0.0
576,2360,208.1305,0,1.25,0.0,0.0
577,2365,208.1305,0,1.25,0.0,0.0
578,2369,208.1305,0,1.25,0.0,0.0
579,2374,208.1305,0,1.25,0.0,0.0
580,2378,200.6038,0,1.25,0.0,0.0
581,2382,200.6038,0,1.25,0.0,0.0
582,2387,200.6038,0,1.25,0.0,0.0
583,2391,200.6038,0,1.25,0.0,0.0
584,2395,200.6038,0,1.25,0.0,0.0
585,2400,200.6038,0,1.25,0.0,0.0
586,2404,200.6038,0,1.25,0.0,0.0
587,2408,200.6038,0,1.25,0.0,0.0
588,2413,200.6038,0,1.25,0.0,0.0
589,2417,200.6038,0,1.25,0.0,0.0
590,2422,193.4043,0,1.25,0.0,0.0
591,2426,193.4043,0,1.25,0.0,0.0
592,2430,193.4043,0,1.25,0.0,0.0
593,2435,193.4043,0,1.25,0.0,0.0
594,2439,193.4043,0,1.25,0.0,0.0
595,2444,193.4043,0,1.25,0.0,0.0
596,2449,193.4043,0,1.25,0.0,0.0
597,2453,193.4043,0,1.25,0.0,0.0
598,2457,193.4043,0,1.25,0.0,0.0
599,2462,193.4043,0,1.25,0.0,0.0
600,2466,186.2048,0,1.25,0.0,0.0
601,2470,186.2048,0,1.25,0.0,0.0
602,2475,186.2048,0,1.25,0.0,0.0
603,2479,186.2048,0,1.25,0.0,0.0
604,2484,186.2048,0,1.25,0.0,0.0
605,2488,186.2048,0,1.25,0.0,0.0
606,2491,186.2048,0,1.25,0.0,0.0
607,2496,186.2048,0,1.25,0.0,0.0
608,2500,186.2048,0,1.25,0.0,0.0
609,2504,186.2048,0,1.25,0.0,0.0
610,2509,179.169,0,1.25,0.0,0.0
611,2513,179.169,0,1.25,0.0,0.0
612,2517,179.169,0,1.25,0.0,0.0
613,2522,179.169,0,1.25,0.0,0.0
614,2526,179.169,0,1.25,0.0,0.0
615,2530,179.169,0,1.25,0.0,0.0
616,2535,179.169,0,1.25,0.0,0.0
617,2541,179.169,0,1.25,0.0,0.0
618,2546,179.169,0,1.25,0.0,0.0
619,2551,179.169,0,1.25,0.0,0.0
620,2555,171.6423,0,1.25,0.0,0.0
621,2560,171.6423,0,1.25,0.0,0.0
622,2564,171.6423,0,1.25,0.0,0.0
623,2568,171.6423,0,1.25,0.0,0.0
624,2573,171.6423,0,1.25,0.0,0.0
625,2577,171.6423,0,1.25,0.0,0.0
626,2581,171.6423,0,1.25,0.0,0.0
627,2586,171.6423,0,1.25,0.0,0.0
628,2591,171.6423,0,1.25,0.0,0.0
629,2596,171.6423,0,1.25,0.0,0.0
630,2601,164.1155,0,1.25,0.0,0.0
631,2605,164.1155,0,1.25,0.0,0.0
632,2609,164.1155,0,1.25,0.0,0.0
633,2614,164.1155,0,1.25,0.0,0.0
634,2618,164.1155,0,1.25,0.0,0.0
635,2623,164.1155,0,1.25,0.0,0.0
636,2627,164.1155,0,1.25,0.0,0.0
637,2631,164.1155,0,1.25,0.0,0.0
638,2636,164.1155,0,1.25,0.0,0.0
639,2640,164.1155,0,1.25,0.0,0.0
640,2644,157.0797,0,1.25,0.0,0.0
641,2649,157.0797,0,1.25,0.0,0.0
642,2653,157.0797,0,1.25,0.0,0.0
643,2657,157.0797,0,1.25,0.0,0.0
644,2662,157.0797,0,1.25,0.0,0.0
645,2666,157.0797,0,1.25,0.0,0.0
646,2670,157.0797,0,1.25,0.0,0.0
647,2675,157.0797,0,1.25,0.0,0.0
648,2679,157.0797,0,1.25,0.0,0.0
649,2683,157.0797,0,1.25,0.0,0.0
650,2687,149.8802,0,1.25,0.0,0.0
651,2691,149.8802,0,1.25,0.0,0.0
652,2695,149.8802,0,1.25,0.0,0.0
653,2700,149.8802,0,1.25,0.0,0.0
654,2704,149.8802,0,1.25,0.0,0.0
655,2709,149.8802,0,1.25,0.0,0.0
656,2713,149.8802,0,1.25,0.0,0.0
657,2717,149.8802,0,1.25,0.0,0.0
658,2722,149.8802,0,1.25,0.0,0.0
659,2726,149.8802,0,1.25,0.0,0.0
660,2730,143.0079,0,1.25,0.0,0.0
661,2735,143.0079,0,1.25,0.0,0.0
662,2739,143.0079,0,1.25,0.0,0.0
663,2744,143.0079,0,1.25,0.0,0.0
664,2749,143.0079,0,1.25,0.0,0.0
665,2753,143.0079,0,1.25,0.0,0.0
666,2758,143.0079,0,1.25,0.0,0.0
667,2762,143.0079,0,1.25,0.0,0.0
668,2766,143.0079,0,1.25,0.0,0.0
669,2771,143.0079,0,1.25,0.0,0.0
670,2775,135.6448,0,1.25,0.0,0.0
671,2779,135.6448,0,1.25,0.0,0.0
672,2784,135.6448,0,1.25,0.0,0.0
673,2788,135.6448,0,1.25,0.0,0.0
674,2792,135.6448,0,1.25,0.0,0.0
675,2797,135.6448,0,1.25,0.0,0.0
676,2801,135.6448,0,1.25,0.0,0.0
677,2805,135.6448,0,1.25,0.0,0.0
678,2810,135.6448,0,1.25,0.0,0.0
679,2814,135.6448,0,1.25,0.0,0.0
680,2819,128.4454,0,1.25,0.0,0.0
681,2823,128.4454,0,1.25,0.0,0.0
682,2827,128.4454,0,1.25,0.0,0.0
683,2831,128.4454,0,1.25,0.0,0.0
684,2836,128.4454,0,1.25,0.0,0.0
685,2840,128.4454,0,1.25,0.0,0.0
686,2845,128.4454,0,1.25,0.0,0.0
687,2849,128.4454,0,1.25,0.0,0.0
688,2853,128.4454,0,1.25,0.0,0.0
689,2858,128.4454,0,1.25,0.0,0.0
690,2862,121.4095,0,1.25,0.0,0.0
691,2866,121.4095,0,1.25,0.0,0.0
692,2871,121.4095,0,1.25,0.0,0.0
693,2875,121.4095,0,1.25,0.0,0.0
694,2879,121.4095,0,1.25,0.0,0.0
695,2884,121.4095,0,1.25,0.0,0.0
696,2889,121.4095,0,1.25,0.0,0.0
697,2894,121.4095,0,1.25,0.0,0.0
698,2898,121.4095,0,1.25,0.0,0.0
699,2903,121.4095,0,1.25,0.0,0.0
700,2908,113.8828,0,1.25,0.0,0.0
701,2912,113.8828,0,1.25,0.0,0.0
702,2916,113.8828,0,1.25,0.0,0.0
703,2921,113.8828,0,1.25,0.0,0.0
704,2925,113.8828,0,1.25,0.0,0.0
705,2931,113.8828,0,1.25,0.0,0.0
706,2936,113.8828,0,1.25,0.0,0.0
707,2940,113.8828,0,1.25,0.0,0.0
708,2944,113.8828,0,1.25,0.0,0.0
709,2949,113.8828,0,1.25,0.0,0.0
710,2953,106.5197,0,1.25,0.0,0.0
711,2958,106.5197,0,1.25,0.0,0.0
712,2962,106.5197,0,1.25,0.0,0.0
713,2966,106.5197,0,1.25,0.0,0.0
714,2971,106.5197,0,1.25,0.0,0.0
715,2975,106.5197,0,1.25,0.0,0.0
716,2980,106.5197,0,1.25,0.0,0.0
717,2985,106.5197,0,1.25,0.0,0.0
718,2989,106.5197,0,1.25,0.0,0.0
719,2993,106.5197,0,1.25,0.0,0.0
720,2998,99.1565,0,1.25,0.0,0.0
721,3002,99.1565,0,1.25,0.0,0.0
722,3006,99.1565,0,1.25,0.0,0.0
723,3011,99.1565,0,1.25,0.0,0.0
724,3015,99.1565,0,1.25,0.0,0.0
725,3020,99.1565,0,1.25,0.0,0.0
726,3024,99.1565,0,1.25,0.0,0.0
727,3029,99.1565,0,1.25,0.0,0.0
728,3034,99.1565,0,1.25,0.0,0.0
729,3038,99.1565,0,1.25,0.0,0.0
730,3042,91.9571,0,1.25,0.0,0.0
731,3047,91.9571,0,1.25,0.0,0.0
732,3051,91.9571,0,1.25,0.0,0.0
733,3055,91.9571,0,1.25,0.0,0.0
734,3060,91.9571,0,1.25,0.0,0.0
735,3064,91.9571,0,1.25,0.0,0.0
736,3068,91.9571,0,1.25,0.0,0.0
737,3073,91.9571,0,1.25,0.0,0.0
738,3078,91.9571,0,1.25,0.0,0.0
739,3082,91.9571,0,1.25,0.0,0.0
740,3087,84.594,0,1.25,0.0,0.0
741,3091,84.594,0,1.25,0.0,0.0
742,3095,84.594,0,1.25,0.0,0.0
743,3100,84.594,0,1.25,0.0,0.0
744,3104,84.594,0,1.25,0.0,0.0
745,3109,84.594,0,1.25,0.0,0.0
746,3113,84.594,0,1.25,0.0,0.0
747,3117,84.594,0,1.25,0.0,0.0
748,3122,84.594,0,1.25,0.0,0.0
749,3125,84.594,0,1.25,0.0,0.0
750,3129,77.7217,0,1.25,0.0,0.0
751,3134,77.7217,0,1.25,0.0,0.0
752,3138,77.7217,0,1.25,0.0,0.0
753,3142,77.7217,0,1.25,0.0,0.0
754,3147,77.7217,0,1.25,0.0,0.0
755,3151,77.7217,0,1.25,0.0,0.0
756,3156,77.7217,0,1.25,0.0,0.0
757,3160,77.7217,0,1.25,0.0,0.0
758,3164,77.7217,0,1.25,0.0,0.0
759,3169,77.7217,0,1.25,0.0,0.0
760,3173,70.5222,0,1.25,0.0,0.0
761,3177,70.5222,0,1.25,0.0,0.0
762,3183,70.5222,0,1.25,0.0,0.0
763,3187,70.5222,0,1.25,0.0,0.0
764,3191,70.5222,0,1.25,0.0,0.0
765,3196,70.5222,0,1.25,0.0,0.0
766,3200,70.5222,0,1.25,0.0,0.0
767,3205,70.5222,0,1.25,0.0,0.0
768,3209,70.5222,0,1.25,0.0,0.0
769,3213,70.5222,0,1.25,0.0,0.0
770,3218,63.1591,0,1.25,0.0,0.0
771,3223,63.1591,0,1.25,0.0,0.0
772,3227,63.1591,0,1.25,0.0,0.0
773,3232,63.1591,0,1.25,0.0,0.0
774,3236,63.1591,0,1.25,0.0,0.0
775,3240,63.1591,0,1.25,0.0,0.0
776,3245,63.1591,0,1.25,0.0,0.0
777,3249,63.1591,0,1.25,0.0,0.0
778,3253,63.1591,0,1.25,0.0,0.0
779,3258,63.1591,0,1.25,0.0,0.0
780,3262,55.9597,0,1.25,0.0,0.0
781,3267,55.9597,0,1.25,0.0,0.0
782,3272,55.9597,0,1.25,0.0,0.0
783,3276,55.9597,0,1.25,0.0,0.0
784,3281,55.9597,0,1.25,0.0,0.0
785,3285,55.9597,0,1.25,0.0,0.0
786,3289,55.9597,0,1.25,0.0,0.0
787,3294,55.9597,0,1.25,0.0,0.0
788,3298,55.9597,0,1.25,0.0,0.0
789,3302,55.9597,0,1.25,0.0,0.0
790,3307,48.5965,0,1.25,0.0,0.0
791,3311,48.5965,0,1.25,0.0,0.0
792,3315,48.5965,0,1.25,0.0,0.0
793,3320,48.5965,0,1.25,0.0,0.0
794,3324,48.5965,0,1.25,0.0,0.0
795,3328,48.5965,0,1.25,0.0,0.0
796,3333,48.5965,0,1.25,0.0,0.0
797,3337,48.5965,0,1.25,0.0,0.0
798,3342,48.5965,0,1.25,0.0,0.0
799,3346,48.5965,0,1.25,0.0,0.0
800,3350,41.5607,0,1.25,0.0,0.0
801,3355,41.5607,0,1.25,0.0,0.0
802,3359,41.5607,0,1.25,0.0,0.0
803,3363,41.5607,0,1.25,0.0,0.0
804,3368,41.5607,0,1.25,0.0,0.0
805,3372,41.5607,0,1.25,0.0,0.0
806,3376,41.5607,0,1.25,0.0,0.0
807,3381,41.5607,0,1.25,0.0,0.0
808,3385,41.5607,0,1.25,0.0,0.0
809,3389,41.5607,0,1.25,0.0,0.0
810,3394,34.3612,0,1.25,0.0,0.0
811,3398,34.3612,0,1.25,0.0,0.0
812,3402,34.3612,0,1.25,0.0,0.0
813,3407,34.3612,0,1.25,0.0,0.0
814,3411,34.3612,0,1.25,0.0,0.0
815,3415,34.3612,0,1.25,0.0,0.0
816,3419,34.3612,0,1.25,0.0,0.0
817,3424,34.3612,0,1.25,0.0,0.0
818,3429,34.3612,0,1.25,0.0,0.0
819,3433,34.3612,0,1.25,0.0,0.0
820,3437,27.3253,0,1.25,0.0,0.0
821,3442,27.3253,0,1.25,0.0,0.0
822,3446,27.3253,0,1.25,0.0,0.0
823,3450,27.3253,0,1.25,0.0,0.0
824,3455,27.3253,0,1.25,0.0,0.0
825,3459,27.3253,0,1.25,0.0,0.0
826,3463,27.3253,0,1.25,0.0,0.0
827,3468,27.3253,0,1.25,0.0,0.0
828,3473,27.3253,0,1.25,0.0,0.0
829,3478,27.3253,0,1.25,0.0,0.0
830,3482,19.9622,0,1.25,0.0,0.0
831,3486,19.9622,0,1.25,0.0,0.0
832,3491,19.9622,0,1.25,0.0,0.0
833,3495,19.9622,0,1.25,0.0,0.0
834,3499,19.9622,0,1.25,0.0,0.0
835,3504,19.9622,0,1.25,0.0,0.0
836,3508,19.9622,0,1.25,0.0,0.0
837,3515,19.9622,0,1.25,0.0,0.0
838,3520,19.9622,0,1.25,0.0,0.0
839,3524,19.9622,0,1.25,0.0,0.0
840,3528,12.4355,0,1.25,0.0,0.0
841,3533,12.4355,0,1.25,0.0,0.0
842,3537,12.4355,0,1.25,0.0,0.0
843,3541,12.4355,0,1.25,0.0,0.0
844,3546,12.4355,0,1.25,0.0,0.0
845,3550,12.4355,0,1.25,0.0,0.0
846,3555,12.4355,0,1.25,0.0,0.0
847,3559,12.4355,0,1.25,0.0,0.0
848,3563,12.4355,0,1.25,0.0,0.0
849,3567,12.4355,0,1.25,0.0,0.0
850,3572,5.236,0,1.25,0.0,0.0
851,3576,5.236,0,1.25,0.0,0.0
852,3580,5.236,0,1.25,0.0,0.0
853,3585,5.236,0,1.25,0.0,0.0
854,3589,5.236,0,1.25,0.0,0.0
855,3593,5.236,0,1.25,0.0,0.0
856,3597,5.236,0,1.25,0.0,0.0
857,3601,5.236,0,1.25,0.0,0.0
858,3605,5.236,0,1.25,0.0,0.0
859,3609,5.236,0,1.25,0.0,0.0
860,3613,-1.4726,0,1.25,0.0,0.0
861,3616,-1.4726,0,1.25,0.0,0.0
862,3620,-1.4726,0,1.25,0.0,0.0
863,3623,-1.4726,0,1.25,0.0,0.0
864,3627,-1.4726,0,1.25,0.0,0.0
865,3630,-1.4726,0,1.25,0.0,0.0
866,3632,-1.4726,0,1.25,0.0,0.0
867,3636,-1.4726,0,1.25,0.0,0.0
868,3638,-1.4726,0,1.25,0.0,0.0
869,3641,-1.4726,0,1.25,0.0,0.0
870,3644,-6.8722,0,1.25,0.0,0.0
871,3647,-6.8722,0,1.25,0.0,0.0
872,3649,-6.8722,0,1.25,0.0,0.0
873,3652,-6.8722,0,1.25,0.0,0.0
874,3654,-6.8722,0,1.25,0.0,0.0
875,3656,-6.8722,0,1.25,0.0,0.0
876,3658,-6.8722,0,1.25,0.0,0.0
877,3660,-6.8722,0,1.25,0.0,0.0
878,3661,-6.8722,0,1.25,0.0,0.0
879,3663,-6.8722,0,1.25,0.0,0.0
880,3664,-10.3083,0,1.25,0.0,0.0
881,3666,-10.3083,0,1.25,0.0,0.0
882,3667,-10.3083,0,1.25,0.0,0.0
883,3668,-10.3083,0,1.25,0.0,0.0
884,3669,-10.3083,0,1.25,0.0,0.0
885,3669,-10.3083,0,1.25,0.0,0.0
886,3670,-10.3083,0,1.25,0.0,0.0
887,3670,-10.3083,0,1.25,0.0,0.0
888,3670,-10.3083,0,1.25,0.0,0.0
889,3670,-10.3083,0,1.25,0.0,0.0
890,3670,-11.4537,0,1.25,0.0,0.0
891,3670,-11.4537,0,1.25,0.0,0.0
892,3669,-11.4537,0,1.25,0.0,0.0
893,3669,-11.4537,0,1.25,0.0,0.0
894,3668,-11.4537,0,1.25,0.0,0.0
895,3667,-11.4537,0,1.25,0.0,0.0
896,3666,-11.4537,0,1.25,0.0,0.0
897,3665,-11.4537,0,1.25,0.0,0.0
898,3664,-11.4537,0,1.25,0.0,0.0
899,3663,-11.4537,0,1.25,0.0,0.0
900,3661,-10.1447,0,1.25,0.0,0.0
901,3660,-10.1447,0,1.25,0.0,0.0
902,3658,-10.1447,0,1.25,0.0,0.0
903,3657,-10.1447,0,1.25,0.0,0.0
904,3655,-10.1447,0,1.25,0.0,0.0
905,3653,-10.1447,0,1.25,0.0,0.0
906,3651,-10.1447,0,1.25,0.0,0.0
907,3650,-10.1447,0,1.25,0.0,0.0
908,3648,-10.1447,0,1.25,0.0,0.0
909,3646,-10.1447,0,1.25,0.0,0.0
910,3644,-7.5267,0,1.25,0.0,0.0
911,3642,-7.5267,0,1.25,0.0,0.0
912,3640,-7.5267,0,1.25,0.0,0.0
913,3637,-7.5267,0,1.25,0.0,0.0
914,3635,-7.5267,0,1.25,0.0,0.0
915,3633,-7.5267,0,1.25,0.0,0.0
916,3631,-7.5267,0,1.25,0.0,0.0
917,3629,-7.5267,0,1.25,0.0,0.0
918,3626,-7.5267,0,1.25,0.0,0.0
919,3624,-7.5267,0,1.25,0.0,0.0
920,3622,-3.927,0,1.25,0.0,0.0
921,3620,-3.927,0,1.25,0.0,0.0
922,3617,-3.927,0,1.25,0.0,0.0
923,3615,-3.927,0,1.25,0.0,0.0
924,3613,-3.927,0,1.25,0.0,0.0
925,3611,-3.927,0,1.25,0.0,0.0
926,3609,-3.927,0,1.25,0.0,0.0
927,3607,-3.927,0,1.25,0.0,0.0
928,3605,-3.927,0,1.25,0.0,0.0
929,3603,-3.927,0,1.25,0.0,0.0
930,3601,-0.4908,0,1.25,0.0,0.0
931,3599,-0.4908,0,1.25,0.0,0.0
932,3597,-0.4908,0,1.25,0.0,0.0
933,3595,-0.4908,0,1.25,0.0,0.0
934,3593,-0.4908,0,1.25,0.0,0.0
935,3591,-0.4908,0,1.25,0.0,0.0
936,3589,-0.4908,0,1.25,0.0,0.0
937,3588,-0.4908,0,1.25,0.0,0.0
938,3586,-0.4908,0,1.25,0.0,0.0
939,3584,-0.4908,0,1.25,0.0,0.0
940,3583,2.618,0,1.25,0.0,0.0
941,3582,2.618,0,1.25,0.0,0.0
942,3580,2.618,0,1.25,0.0,0.0
943,3579,2.618,0,1.25,0.0,0.0
944,3577,2.618,0,1.25,0.0,0.0
945,3576,2.618,0,1.25,0.0,0.0
946,3575,2.618,0,1.25,0.0,0.0
947,3574,2.618,0,1.25,0.0,0.0
948,3573,2.618,0,1.25,0.0,0.0
949,3572,2.618,0,1.25,0.0,0.0
950,3572,4.5815,0,1.25,0.0,0.0
951,3571,4.5815,0,1.25,0.0,0.0
952,3570,4.5815,0,1.25,0.0,0.0
953,3570,4.5815,0,1.25,0.0,0.0
954,3569,4.5815,0,1.25,0.0,0.0
955,3569,4.5815,0,1.25,0.0,0.0
956,3569,4.5815,0,1.25,0.0,0.0
957,3568,4.5815,0,1.25,0.0,0.0
958,3568,4.5815,0,1.25,0.0,0.0
959,3568,4.5815,0,1.25,0.0,0.0
960,3568,5.236,0,1.25,0.0,0.0
961,3568,5.236,0,1.25,0.0,0.0
962,3568,5.236,0,1.25,0.0,0.0
963,3568,5.236,0,1.25,0.0,0.0
964,3568,5.236,0,1.25,0.0,0.0
965,3569,5.236,0,1.25,0.0,0.0
966,3569,5.236,0,1.25,0.0,0.0
967,3569,5.236,0,1.25,0.0,0.0
968,3570,5.236,0,1.25,0.0,0.0
969,3570,5.236,0,1.25,0.0,0.0
970,3571,4.9088,0,1.25,0.0,0.0
971,3571,4.9088,0,1.25,0.0,0.0
972,3572,4.9088,0,1.25,0.0,0.0
973,3572,4.9088,0,1.25,0.0,0.0
974,3573,4.9088,0,1.25,0.0,0.0
975,3574,4.9088,0,1.25,0.0,0.0
976,3574,4.9088,0,1.25,0.0,0.0
977,3575,4.9088,0,1.25,0.0,0.0
978,3576,4.9088,0,1.25,0.0,0.0
979,3577,4.9088,0,1.25,0.0,0.0
980,3578,3.7634,0,1.25,0.0,0.0
981,3579,3.7634,0,1.25,0.0,0.0
982,3580,3.7634,0,1.25,0.0,0.0
983,3581,3.7634,0,1.25,0.0,0.0
984,3582,3.7634,0,1.25,0.0,0.0
985,3583,3.7634,0,1.25,0.0,0.0
986,3584,3.7634,0,1.25,0.0,0.0
987,3585,3.7634,0,1.25,0.0,0.0
988,3586,3.7634,0,1.25,0.0,0.0
989,3587,3.7634,0,1.25,0.0,0.0
990,3588,2.1272,0,1.25,0.0,0.0
991,3589,2.1272,0,1.25,0.0,0.0
992,3590,2.1272,0,1.25,0.0,0.0
993,3591,2.1272,0,1.25,0.0,0.0
994,3592,2.1272,0,1.25,0.0,0.0
995,3593,2.1272,0,1.25,0.0,0.0
996,3594,2.1272,0,1.25,0.0,0.0
997,3595,2.1272,0,1.25,0.0,0.0
998,3596,2.1272,0,1.25,0.0,0.0
999,3597,2.1272,0,1.25,0.0,0.0
1000,3598,0.4909,0,1.25,0.0,0.0
1001,3599,0.4909,0,1.25,0.0,0.0
1002,3599,0.4909,0,1.25,0.0,0.0
1003,3600,0.4909,0,1.25,0.0,0.0
1004,3601,0.4909,0,1.25,0.0,0.0
1005,3602,0.4909,0,1.25,0.0,0.0
1006,3603,0.4909,0,1.25,0.0,0.0
1007,3604,0.4909,0,1.25,0.0,0.0
1008,3604,0.4909,0,1.25,0.0,0.0
1009,3605,0.4909,0,1.25,0.0,0.0
1010,3606,-0.8181,0,1.25,0.0,0.0
1011,3607,-0.8181,0,1.25,0.0,0.0
1012,3607,-0.8181,0,1.25,0.0,0.0
1013,3608,-0.8181,0,1.25,0.0,0.0
1014,3608,-0.8181,0,1.25,0.0,0.0
1015,3609,-0.8181,0,1.25,0.0,0.0
1016,3609,-0.8181,0,1.25,0.0,0.0
1017,3610,-0.8181,0,1.25,0.0,0.0
1018,3610,-0.8181,0,1.25,0.0,0.0
1019,3611,-0.8181,0,1.25,0.0,0.0
1020,3611,-1.7999,0,1.25,0.0,0.0
1021,3611,-1.7999,0,1.25,0.0,0.0
1022,3612,-1.7999,0,1.25,0.0,0.0
1023,3612,-1.7999,0,1.25,0.0,0.0
1024,3612,-1.7999,0,1.25,0.0,0.0
1025,3612,-1.7999,0,1.25,0.0,0.0
1026,3613,-1.7999,0,1.25,0.0,0.0
1027,3613,-1.7999,0,1.25,0.0,0.0
1028,3613,-1.7999,0,1.25,0.0,0.0
1029,3613,-1.7999,0,1.25,0.0,0.0
1030,3613,-2.1271,0,1.25,0.0,0.0
1031,3613,-2.1271,0,1.25,0.0,0.0
1032,3613,-2.1271,0,1.25,0.0,0.0
1033,3613,-2.1271,0,1.25,0.0,0.0
1034,3613,-2.1271,0,1.25,0.0,0.0
1035,3612,-2.1271,0,1.25,0.0,0.0
1036,3612,-2.1271,0,1.25,0.0,0.0
1037,3612,-2.1271,0,1.25,0.0,0.0
1038,3612,-2.1271,0,1.25,0.0,0.0
1039,3612,-2.1271,0,1.25,0.0,0.0
1040,3611,-1.9635,0,1.25,0.0,0.0
1041,3611,-1.9635,0,1.25,0.0,0.0
1042,3611,-1.9635,0,1.25,0.0,0.0
1043,3611,-1.9635,0,1.25,0.0,0.0
1044,3610,-1.9635,0,1.25,0.0,0.0
1045,3610,-1.9635,0,1.25,0.0,0.0
1046,3610,-1.9635,0,1.25,0.0,0.0
1047,3609,-1.9635,0,1.25,0.0,0.0
1048,3609,-1.9635,0,1.25,0.0,0.0
1049,3608,-1.9635,0,1.25,0.0,0.0
1050,3608,-1.309,0,1.25,0.0,0.0
1051,3608,-1.309,0,1.25,0.0,0.0
1052,3607,-1.309,0,1.25,0.0,0.0
1053,3607,-1.309,0,1.25,0.0,0.0
1054,3607,-1.309,0,1.25,0.0,0.0
1055,3606,-1.309,0,1.25,0.0,0.0
1056,3606,-1.309,0,1.25,0.0,0.0
1057,3605,-1.309,0,1.25,0.0,0.0
1058,3605,-1.309,0,1.25,0.0,0.0
1059,3605,-1.309,0,1.25,0.0,0.0
1060,3604,-0.6544,0,1.25,0.0,0.0
1061,3604,-0.6544,0,1.25,0.0,0.0
1062,3603,-0.6544,0,1.25,0.0,0.0
1063,3603,-0.6544,0,1.25,0.0,0.0
1064,3603,-0.6544,0,1.25,0.0,0.0
1065,3602,-0.6544,0,1.25,0.0,0.0
1066,3602,-0.6544,0,1.25,0.0,0.0
1067,3602,-0.6544,0,1.25,0.0,0.0
1068,3601,-0.6544,0,1.25,0.0,0.0
1069,3601,-0.6544,0,1.25,0.0,0.0
