TIME,PULSES,CONTROLLERVOLTAGE,CONTROLLER,KP,TAUD,TAUI 
0,0,-0.39,1,0.25,0.01,0.0
1,0,-0.39,1,0.25,0.01,0.0
2,0,-0.39,1,0.25,0.01,0.0
3,0,-0.39,1,0.25,0.01,0.0
4,0,-0.39,1,0.25,0.01,0.0
5,0,-0.39,1,0.25,0.01,0.0
6,0,-0.39,1,0.25,0.01,0.0
7,0,-0.39,1,0.25,0.01,0.0
8,0,-0.39,1,0.25,0.01,0.0
9,0,-0.39,1,0.25,0.01,0.0
10,0,235.82,1,0.25,0.01,0.0
11,0,235.82,1,0.25,0.01,0.0
12,0,235.82,1,0.25,0.01,0.0
13,1,235.82,1,0.25,0.01,0.0
14,1,235.82,1,0.25,0.01,0.0
15,2,235.82,1,0.25,0.01,0.0
16,2,235.82,1,0.25,0.01,0.0
17,3,235.82,1,0.25,0.01,0.0
18,4,235.82,1,0.25,0.01,0.0
19,5,235.82,1,0.25,0.01,0.0
20,6,117.48,1,0.25,0.01,0.0
21,7,117.48,1,0.25,0.01,0.0
22,8,117.48,1,0.25,0.01,0.0
23,10,117.48,1,0.25,0.01,0.0
24,11,117.48,1,0.25,0.01,0.0
25,13,117.48,1,0.25,0.01,0.0
26,15,117.48,1,0.25,0.01,0.0
27,17,117.48,1,0.25,0.01,0.0
28,19,117.48,1,0.25,0.01,0.0
29,21,117.48,1,0.25,0.01,0.0
30,23,116.6,1,0.25,0.01,0.0
31,25,116.6,1,0.25,0.01,0.0
32,27,116.6,1,0.25,0.01,0.0
33,29,116.6,1,0.25,0.01,0.0
34,32,116.6,1,0.25,0.01,0.0
35,34,116.6,1,0.25,0.01,0.0
36,37,116.6,1,0.25,0.01,0.0
37,39,116.6,1,0.25,0.01,0.0
38,42,116.6,1,0.25,0.01,0.0
39,44,116.6,1,0.25,0.01,0.0
40,47,115.55,1,0.25,0.01,0.0
41,50,115.55,1,0.25,0.01,0.0
42,53,115.55,1,0.25,0.01,0.0
43,55,115.55,1,0.25,0.01,0.0
44,58,115.55,1,0.25,0.01,0.0
45,61,115.55,1,0.25,0.01,0.0
46,64,115.55,1,0.25,0.01,0.0
47,67,115.55,1,0.25,0.01,0.0
48,70,115.55,1,0.25,0.01,0.0
49,73,115.55,1,0.25,0.01,0.0
50,77,114.44,1,0.25,0.01,0.0
51,80,114.44,1,0.25,0.01,0.0
52,83,114.44,1,0.25,0.01,0.0
53,86,114.44,1,0.25,0.01,0.0
54,89,114.44,1,0.25,0.01,0.0
55,93,114.44,1,0.25,0.01,0.0
56,96,114.44,1,0.25,0.01,0.0
57,99,114.44,1,0.25,0.01,0.0
58,103,114.44,1,0.25,0.01,0.0
59,106,114.44,1,0.25,0.01,0.0
60,109,113.29,1,0.25,0.01,0.0
61,113,113.29,1,0.25,0.01,0.0
62,116,113.29,1,0.25,0.01,0.0
63,120,113.29,1,0.25,0.01,0.0
64,124,113.29,1,0.25,0.01,0.0
65,127,113.29,1,0.25,0.01,0.0
66,131,113.29,1,0.25,0.01,0.0
67,134,113.29,1,0.25,0.01,0.0
68,138,113.29,1,0.25,0.01,0.0
69,141,113.29,1,0.25,0.01,0.0
70,145,111.98,1,0.25,0.01,0.0
71,149,111.98,1,0.25,0.01,0.0
72,152,111.98,1,0.25,0.01,0.0
73,156,111.98,1,0.25,0.01,0.0
74,160,111.98,1,0.25,0.01,0.0
75,163,111.98,1,0.25,0.01,0.0
76,167,111.98,1,0.25,0.01,0.0
77,171,111.98,1,0.25,0.01,0.0
78,175,111.98,1,0.25,0.01,0.0
79,179,111.98,1,0.25,0.01,0.0
80,182,110.74,1,0.25,0.01,0.0
81,186,110.74,1,0.25,0.01,0.0
82,190,110.74,1,0.25,0.01,0.0
83,194,110.74,1,0.25,0.01,0.0
84,198,110.74,1,0.25,0.01,0.0
85,201,110.74,1,0.25,0.01,0.0
86,205,110.74,1,0.25,0.01,0.0
87,209,110.74,1,0.25,0.01,0.0
88,213,110.74,1,0.25,0.01,0.0
89,217,110.74,1,0.25,0.01,0.0
90,221,109.46,1,0.25,0.01,0.0
91,225,109.46,1,0.25,0.01,0.0
92,229,109.46,1,0.25,0.01,0.0
93,233,109.46,1,0.25,0.01,0.0
94,237,109.46,1,0.25,0.01,0.0
95,241,109.46,1,0.25,0.01,0.0
96,244,109.46,1,0.25,0.01,0.0
97,248,109.46,1,0.25,0.01,0.0
98,252,109.46,1,0.25,0.01,0.0
99,256,109.46,1,0.25,0.01,0.0
100,260,108.09,1,0.25,0.01,0.0
101,264,108.09,1,0.25,0.01,0.0
102,268,108.09,1,0.25,0.01,0.0
103,273,108.09,1,0.25,0.01,0.0
104,277,108.09,1,0.25,0.01,0.0
105,280,108.09,1,0.25,0.01,0.0
106,284,108.09,1,0.25,0.01,0.0
107,288,108.09,1,0.25,0.01,0.0
108,292,108.09,1,0.25,0.01,0.0
109,296,108.09,1,0.25,0.01,0.0
110,301,106.78,1,0.25,0.01,0.0
111,305,106.78,1,0.25,0.01,0.0
112,309,106.78,1,0.25,0.01,0.0
113,313,106.78,1,0.25,0.01,0.0
114,317,106.78,1,0.25,0.01,0.0
115,321,106.78,1,0.25,0.01,0.0
116,325,106.78,1,0.25,0.01,0.0
117,329,106.78,1,0.25,0.01,0.0
118,333,106.78,1,0.25,0.01,0.0
119,337,106.78,1,0.25,0.01,0.0
120,341,105.47,1,0.25,0.01,0.0
121,345,105.47,1,0.25,0.01,0.0
122,349,105.47,1,0.25,0.01,0.0
123,353,105.47,1,0.25,0.01,0.0
124,357,105.47,1,0.25,0.01,0.0
125,362,105.47,1,0.25,0.01,0.0
126,366,105.47,1,0.25,0.01,0.0
127,370,105.47,1,0.25,0.01,0.0
128,374,105.47,1,0.25,0.01,0.0
129,378,105.47,1,0.25,0.01,0.0
130,382,104.1,1,0.25,0.01,0.0
131,386,104.1,1,0.25,0.01,0.0
132,390,104.1,1,0.25,0.01,0.0
133,394,104.1,1,0.25,0.01,0.0
134,398,104.1,1,0.25,0.01,0.0
135,403,104.1,1,0.25,0.01,0.0
136,407,104.1,1,0.25,0.01,0.0
137,411,104.1,1,0.25,0.01,0.0
138,415,104.1,1,0.25,0.01,0.0
139,419,104.1,1,0.25,0.01,0.0
140,423,102.69,1,0.25,0.01,0.0
141,427,102.69,1,0.25,0.01,0.0
142,432,102.69,1,0.25,0.01,0.0
143,436,102.69,1,0.25,0.01,0.0
144,440,102.69,1,0.25,0.01,0.0
145,444,102.69,1,0.25,0.01,0.0
146,448,102.69,1,0.25,0.01,0.0
147,452,102.69,1,0.25,0.01,0.0
148,456,102.69,1,0.25,0.01,0.0
149,461,102.69,1,0.25,0.01,0.0
150,465,101.38,1,0.25,0.01,0.0
151,469,101.38,1,0.25,0.01,0.0
152,473,101.38,1,0.25,0.01,0.0
153,478,101.38,1,0.25,0.01,0.0
154,482,101.38,1,0.25,0.01,0.0
155,486,101.38,1,0.25,0.01,0.0
156,490,101.38,1,0.25,0.01,0.0
157,495,101.38,1,0.25,0.01,0.0
158,499,101.38,1,0.25,0.01,0.0
159,503,101.38,1,0.25,0.01,0.0
160,507,99.97,1,0.25,0.01,0.0
161,511,99.97,1,0.25,0.01,0.0
162,516,99.97,1,0.25,0.01,0.0
163,520,99.97,1,0.25,0.01,0.0
164,524,99.97,1,0.25,0.01,0.0
165,528,99.97,1,0.25,0.01,0.0
166,532,99.97,1,0.25,0.01,0.0
167,536,99.97,1,0.25,0.01,0.0
168,540,99.97,1,0.25,0.01,0.0
169,544,99.97,1,0.25,0.01,0.0
170,549,98.6,1,0.25,0.01,0.0
171,553,98.6,1,0.25,0.01,0.0
172,557,98.6,1,0.25,0.01,0.0
173,561,98.6,1,0.25,0.01,0.0
174,565,98.6,1,0.25,0.01,0.0
175,570,98.6,1,0.25,0.01,0.0
176,574,98.6,1,0.25,0.01,0.0
177,578,98.6,1,0.25,0.01,0.0
178,582,98.6,1,0.25,0.01,0.0
179,586,98.6,1,0.25,0.01,0.0
180,590,97.29,1,0.25,0.01,0.0
181,595,97.29,1,0.25,0.01,0.0
182,599,97.29,1,0.25,0.01,0.0
183,603,97.29,1,0.25,0.01,0.0
184,607,97.29,1,0.25,0.01,0.0
185,611,97.29,1,0.25,0.01,0.0
186,615,97.29,1,0.25,0.01,0.0
187,620,97.29,1,0.25,0.01,0.0
188,624,97.29,1,0.25,0.01,0.0
189,628,97.29,1,0.25,0.01,0.0
190,632,95.88,1,0.25,0.01,0.0
191,637,95.88,1,0.25,0.01,0.0
192,641,95.88,1,0.25,0.01,0.0
193,645,95.88,1,0.25,0.01,0.0
194,650,95.88,1,0.25,0.01,0.0
195,654,95.88,1,0.25,0.01,0.0
196,658,95.88,1,0.25,0.01,0.0
197,662,95.88,1,0.25,0.01,0.0
198,666,95.88,1,0.25,0.01,0.0
199,671,95.88,1,0.25,0.01,0.0
200,675,94.44,1,0.25,0.01,0.0
201,679,94.44,1,0.25,0.01,0.0
202,683,94.44,1,0.25,0.01,0.0
203,687,94.44,1,0.25,0.01,0.0
204,691,94.44,1,0.25,0.01,0.0
205,696,94.44,1,0.25,0.01,0.0
206,700,94.44,1,0.25,0.01,0.0
207,704,94.44,1,0.25,0.01,0.0
208,708,94.44,1,0.25,0.01,0.0
209,712,94.44,1,0.25,0.01,0.0
210,717,93.1,1,0.25,0.01,0.0
211,721,93.1,1,0.25,0.01,0.0
212,725,93.1,1,0.25,0.01,0.0
213,729,93.1,1,0.25,0.01,0.0
214,734,93.1,1,0.25,0.01,0.0
215,738,93.1,1,0.25,0.01,0.0
216,743,93.1,1,0.25,0.01,0.0
217,747,93.1,1,0.25,0.01,0.0
218,751,93.1,1,0.25,0.01,0.0
219,755,93.1,1,0.25,0.01,0.0
220,759,91.66,1,0.25,0.01,0.0
221,763,91.66,1,0.25,0.01,0.0
222,768,91.66,1,0.25,0.01,0.0
223,772,91.66,1,0.25,0.01,0.0
224,776,91.66,1,0.25,0.01,0.0
225,780,91.66,1,0.25,0.01,0.0
226,784,91.66,1,0.25,0.01,0.0
227,789,91.66,1,0.25,0.01,0.0
228,793,91.66,1,0.25,0.01,0.0
229,797,91.66,1,0.25,0.01,0.0
230,801,90.39,1,0.25,0.01,0.0
231,805,90.39,1,0.25,0.01,0.0
232,810,90.39,1,0.25,0.01,0.0
233,814,90.39,1,0.25,0.01,0.0
234,818,90.39,1,0.25,0.01,0.0
235,822,90.39,1,0.25,0.01,0.0
236,826,90.39,1,0.25,0.01,0.0
237,830,90.39,1,0.25,0.01,0.0
238,834,90.39,1,0.25,0.01,0.0
239,839,90.39,1,0.25,0.01,0.0
240,843,88.98,1,0.25,0.01,0.0
241,847,88.98,1,0.25,0.01,0.0
242,851,88.98,1,0.25,0.01,0.0
243,856,88.98,1,0.25,0.01,0.0
244,860,88.98,1,0.25,0.01,0.0
245,864,88.98,1,0.25,0.01,0.0
246,868,88.98,1,0.25,0.01,0.0
247,872,88.98,1,0.25,0.01,0.0
248,876,88.98,1,0.25,0.01,0.0
249,881,88.98,1,0.25,0.01,0.0
250,885,87.6,1,0.25,0.01,0.0
251,889,87.6,1,0.25,0.01,0.0
252,893,87.6,1,0.25,0.01,0.0
253,897,87.6,1,0.25,0.01,0.0
254,902,87.6,1,0.25,0.01,0.0
255,906,87.6,1,0.25,0.01,0.0
256,910,87.6,1,0.25,0.01,0.0
257,914,87.6,1,0.25,0.01,0.0
258,919,87.6,1,0.25,0.01,0.0
259,923,87.6,1,0.25,0.01,0.0
260,929,86.16,1,0.25,0.01,0.0
261,933,86.16,1,0.25,0.01,0.0
262,937,86.16,1,0.25,0.01,0.0
263,941,86.16,1,0.25,0.01,0.0
264,945,86.16,1,0.25,0.01,0.0
265,950,86.16,1,0.25,0.01,0.0
266,954,86.16,1,0.25,0.01,0.0
267,958,86.16,1,0.25,0.01,0.0
268,962,86.16,1,0.25,0.01,0.0
269,966,86.16,1,0.25,0.01,0.0
270,970,84.76,1,0.25,0.01,0.0
271,975,84.76,1,0.25,0.01,0.0
272,979,84.76,1,0.25,0.01,0.0
273,983,84.76,1,0.25,0.01,0.0
274,987,84.76,1,0.25,0.01,0.0
275,991,84.76,1,0.25,0.01,0.0
276,996,84.76,1,0.25,0.01,0.0
277,1000,84.76,1,0.25,0.01,0.0
278,1004,84.76,1,0.25,0.01,0.0
279,1008,84.76,1,0.25,0.01,0.0
280,1012,83.48,1,0.25,0.01,0.0
281,1017,83.48,1,0.25,0.01,0.0
282,1022,83.48,1,0.25,0.01,0.0
283,1026,83.48,1,0.25,0.01,0.0
284,1030,83.48,1,0.25,0.01,0.0
285,1034,83.48,1,0.25,0.01,0.0
286,1038,83.48,1,0.25,0.01,0.0
287,1043,83.48,1,0.25,0.01,0.0
288,1047,83.48,1,0.25,0.01,0.0
289,1051,83.48,1,0.25,0.01,0.0
290,1055,82.01,1,0.25,0.01,0.0
291,1059,82.01,1,0.25,0.01,0.0
292,1063,82.01,1,0.25,0.01,0.0
293,1068,82.01,1,0.25,0.01,0.0
294,1072,82.01,1,0.25,0.01,0.0
295,1076,82.01,1,0.25,0.01,0.0
296,1080,82.01,1,0.25,0.01,0.0
297,1084,82.01,1,0.25,0.01,0.0
298,1089,82.01,1,0.25,0.01,0.0
299,1093,82.01,1,0.25,0.01,0.0
300,1097,80.67,1,0.25,0.01,0.0
301,1101,80.67,1,0.25,0.01,0.0
302,1105,80.67,1,0.25,0.01,0.0
303,1110,80.67,1,0.25,0.01,0.0
304,1114,80.67,1,0.25,0.01,0.0
305,1118,80.67,1,0.25,0.01,0.0
306,1122,80.67,1,0.25,0.01,0.0
307,1126,80.67,1,0.25,0.01,0.0
308,1130,80.67,1,0.25,0.01,0.0
309,1135,80.67,1,0.25,0.01,0.0
310,1139,79.29,1,0.25,0.01,0.0
311,1143,79.29,1,0.25,0.01,0.0
312,1147,79.29,1,0.25,0.01,0.0
313,1151,79.29,1,0.25,0.01,0.0
314,1156,79.29,1,0.25,0.01,0.0
315,1160,79.29,1,0.25,0.01,0.0
316,1164,79.29,1,0.25,0.01,0.0
317,1169,79.29,1,0.25,0.01,0.0
318,1173,79.29,1,0.25,0.01,0.0
319,1177,79.29,1,0.25,0.01,0.0
320,1182,77.85,1,0.25,0.01,0.0
321,1186,77.85,1,0.25,0.01,0.0
322,1190,77.85,1,0.25,0.01,0.0
323,1194,77.85,1,0.25,0.01,0.0
324,1199,77.85,1,0.25,0.01,0.0
325,1203,77.85,1,0.25,0.01,0.0
326,1207,77.85,1,0.25,0.01,0.0
327,1211,77.85,1,0.25,0.01,0.0
328,1215,77.85,1,0.25,0.01,0.0
329,1219,77.85,1,0.25,0.01,0.0
330,1224,76.51,1,0.25,0.01,0.0
331,1228,76.51,1,0.25,0.01,0.0
332,1232,76.51,1,0.25,0.01,0.0
333,1236,76.51,1,0.25,0.01,0.0
334,1240,76.51,1,0.25,0.01,0.0
335,1245,76.51,1,0.25,0.01,0.0
336,1249,76.51,1,0.25,0.01,0.0
337,1253,76.51,1,0.25,0.01,0.0
338,1257,76.51,1,0.25,0.01,0.0
339,1261,76.51,1,0.25,0.01,0.0
340,1266,75.14,1,0.25,0.01,0.0
341,1271,75.14,1,0.25,0.01,0.0
342,1275,75.14,1,0.25,0.01,0.0
343,1279,75.14,1,0.25,0.01,0.0
344,1283,75.14,1,0.25,0.01,0.0
345,1287,75.14,1,0.25,0.01,0.0
346,1292,75.14,1,0.25,0.01,0.0
347,1296,75.14,1,0.25,0.01,0.0
348,1300,75.14,1,0.25,0.01,0.0
349,1304,75.14,1,0.25,0.01,0.0
350,1308,73.76,1,0.25,0.01,0.0
351,1313,73.76,1,0.25,0.01,0.0
352,1318,73.76,1,0.25,0.01,0.0
353,1322,73.76,1,0.25,0.01,0.0
354,1326,73.76,1,0.25,0.01,0.0
355,1330,73.76,1,0.25,0.01,0.0
356,1335,73.76,1,0.25,0.01,0.0
357,1339,73.76,1,0.25,0.01,0.0
358,1343,73.76,1,0.25,0.01,0.0
359,1347,73.76,1,0.25,0.01,0.0
360,1351,72.32,1,0.25,0.01,0.0
361,1355,72.32,1,0.25,0.01,0.0
362,1360,72.32,1,0.25,0.01,0.0
363,1364,72.32,1,0.25,0.01,0.0
364,1368,72.32,1,0.25,0.01,0.0
365,1372,72.32,1,0.25,0.01,0.0
366,1376,72.32,1,0.25,0.01,0.0
367,1381,72.32,1,0.25,0.01,0.0
368,1385,72.32,1,0.25,0.01,0.0
369,1389,72.32,1,0.25,0.01,0.0
370,1393,70.98,1,0.25,0.01,0.0
371,1397,70.98,1,0.25,0.01,0.0
372,1402,70.98,1,0.25,0.01,0.0
373,1406,70.98,1,0.25,0.01,0.0
374,1410,70.98,1,0.25,0.01,0.0
375,1414,70.98,1,0.25,0.01,0.0
376,1418,70.98,1,0.25,0.01,0.0
377,1422,70.98,1,0.25,0.01,0.0
378,1427,70.98,1,0.25,0.01,0.0
379,1431,70.98,1,0.25,0.01,0.0
380,1435,69.61,1,0.25,0.01,0.0
381,1439,69.61,1,0.25,0.01,0.0
382,1444,69.61,1,0.25,0.01,0.0
383,1448,69.61,1,0.25,0.01,0.0
384,1452,69.61,1,0.25,0.01,0.0
385,1456,69.61,1,0.25,0.01,0.0
386,1460,69.61,1,0.25,0.01,0.0
387,1464,69.61,1,0.25,0.01,0.0
388,1469,69.61,1,0.25,0.01,0.0
389,1473,69.61,1,0.25,0.01,0.0
390,1477,68.23,1,0.25,0.01,0.0
391,1481,68.23,1,0.25,0.01,0.0
392,1486,68.23,1,0.25,0.01,0.0
393,1490,68.23,1,0.25,0.01,0.0
394,1494,68.23,1,0.25,0.01,0.0
395,1498,68.23,1,0.25,0.01,0.0
396,1502,68.23,1,0.25,0.01,0.0
397,1506,68.23,1,0.25,0.01,0.0
398,1511,68.23,1,0.25,0.01,0.0
399,1515,68.23,1,0.25,0.01,0.0
400,1519,66.86,1,0.25,0.01,0.0
401,1523,66.86,1,0.25,0.01,0.0
402,1527,66.86,1,0.25,0.01,0.0
403,1532,66.86,1,0.25,0.01,0.0
404,1536,66.86,1,0.25,0.01,0.0
405,1540,66.86,1,0.25,0.01,0.0
406,1544,66.86,1,0.25,0.01,0.0
407,1549,66.86,1,0.25,0.01,0.0
408,1553,66.86,1,0.25,0.01,0.0
409,1558,66.86,1,0.25,0.01,0.0
410,1562,65.42,1,0.25,0.01,0.0
411,1566,65.42,1,0.25,0.01,0.0
412,1570,65.42,1,0.25,0.01,0.0
413,1575,65.42,1,0.25,0.01,0.0
414,1579,65.42,1,0.25,0.01,0.0
415,1583,65.42,1,0.25,0.01,0.0
416,1587,65.42,1,0.25,0.01,0.0
417,1591,65.42,1,0.25,0.01,0.0
418,1595,65.42,1,0.25,0.01,0.0
419,1600,65.42,1,0.25,0.01,0.0
420,1604,64.08,1,0.25,0.01,0.0
421,1608,64.08,1,0.25,0.01,0.0
422,1612,64.08,1,0.25,0.01,0.0
423,1616,64.08,1,0.25,0.01,0.0
424,1621,64.08,1,0.25,0.01,0.0
425,1625,64.08,1,0.25,0.01,0.0
426,1629,64.08,1,0.25,0.01,0.0
427,1633,64.08,1,0.25,0.01,0.0
428,1637,64.08,1,0.25,0.01,0.0
429,1642,64.08,1,0.25,0.01,0.0
430,1647,62.7,1,0.25,0.01,0.0
431,1651,62.7,1,0.25,0.01,0.0
432,1655,62.7,1,0.25,0.01,0.0
433,1659,62.7,1,0.25,0.01,0.0
434,1663,62.7,1,0.25,0.01,0.0
435,1668,62.7,1,0.25,0.01,0.0
436,1672,62.7,1,0.25,0.01,0.0
437,1676,62.7,1,0.25,0.01,0.0
438,1680,62.7,1,0.25,0.01,0.0
439,1684,62.7,1,0.25,0.01,0.0
440,1689,61.26,1,0.25,0.01,0.0
441,1694,61.26,1,0.25,0.01,0.0
442,1698,61.26,1,0.25,0.01,0.0
443,1703,61.26,1,0.25,0.01,0.0
444,1707,61.26,1,0.25,0.01,0.0
445,1711,61.26,1,0.25,0.01,0.0
446,1716,61.26,1,0.25,0.01,0.0
447,1720,61.26,1,0.25,0.01,0.0
448,1724,61.26,1,0.25,0.01,0.0
449,1728,61.26,1,0.25,0.01,0.0
450,1733,59.79,1,0.25,0.01,0.0
451,1737,59.79,1,0.25,0.01,0.0
452,1741,59.79,1,0.25,0.01,0.0
453,1745,59.79,1,0.25,0.01,0.0
454,1749,59.79,1,0.25,0.01,0.0
455,1754,59.79,1,0.25,0.01,0.0
456,1759,59.79,1,0.25,0.01,0.0
457,1763,59.79,1,0.25,0.01,0.0
458,1767,59.79,1,0.25,0.01,0.0
459,1771,59.79,1,0.25,0.01,0.0
460,1775,58.41,1,0.25,0.01,0.0
461,1780,58.41,1,0.25,0.01,0.0
462,1784,58.41,1,0.25,0.01,0.0
463,1788,58.41,1,0.25,0.01,0.0
464,1792,58.41,1,0.25,0.01,0.0
465,1796,58.41,1,0.25,0.01,0.0
466,1800,58.41,1,0.25,0.01,0.0
467,1805,58.41,1,0.25,0.01,0.0
468,1809,58.41,1,0.25,0.01,0.0
469,1813,58.41,1,0.25,0.01,0.0
470,1817,57.14,1,0.25,0.01,0.0
471,1822,57.14,1,0.25,0.01,0.0
472,1826,57.14,1,0.25,0.01,0.0
473,1830,57.14,1,0.25,0.01,0.0
474,1834,57.14,1,0.25,0.01,0.0
475,1838,57.14,1,0.25,0.01,0.0
476,1843,57.14,1,0.25,0.01,0.0
477,1848,57.14,1,0.25,0.01,0.0
478,1852,57.14,1,0.25,0.01,0.0
479,1856,57.14,1,0.25,0.01,0.0
480,1860,55.67,1,0.25,0.01,0.0
481,1864,55.67,1,0.25,0.01,0.0
482,1869,55.67,1,0.25,0.01,0.0
483,1873,55.67,1,0.25,0.01,0.0
484,1877,55.67,1,0.25,0.01,0.0
485,1881,55.67,1,0.25,0.01,0.0
486,1885,55.67,1,0.25,0.01,0.0
487,1890,55.67,1,0.25,0.01,0.0
488,1894,55.67,1,0.25,0.01,0.0
489,1898,55.67,1,0.25,0.01,0.0
490,1902,54.32,1,0.25,0.01,0.0
491,1906,54.32,1,0.25,0.01,0.0
492,1911,54.32,1,0.25,0.01,0.0
493,1915,54.32,1,0.25,0.01,0.0
494,1919,54.32,1,0.25,0.01,0.0
495,1923,54.32,1,0.25,0.01,0.0
496,1927,54.32,1,0.25,0.01,0.0
497,1932,54.32,1,0.25,0.01,0.0
498,1936,54.32,1,0.25,0.01,0.0
499,1940,54.32,1,0.25,0.01,0.0
500,1944,52.95,1,0.25,0.01,0.0
501,1948,52.95,1,0.25,0.01,0.0
502,1952,52.95,1,0.25,0.01,0.0
503,1957,52.95,1,0.25,0.01,0.0
504,1961,52.95,1,0.25,0.01,0.0
505,1965,52.95,1,0.25,0.01,0.0
506,1969,52.95,1,0.25,0.01,0.0
507,1973,52.95,1,0.25,0.01,0.0
508,1978,52.95,1,0.25,0.01,0.0
509,1982,52.95,1,0.25,0.01,0.0
510,1985,51.57,1,0.25,0.01,0.0
511,1989,51.57,1,0.25,0.01,0.0
512,1994,51.57,1,0.25,0.01,0.0
513,1998,51.57,1,0.25,0.01,0.0
514,2003,51.57,1,0.25,0.01,0.0
515,2007,51.57,1,0.25,0.01,0.0
516,2011,51.57,1,0.25,0.01,0.0
517,2015,51.57,1,0.25,0.01,0.0
518,2020,51.57,1,0.25,0.01,0.0
519,2024,51.57,1,0.25,0.01,0.0
520,2028,50.2,1,0.25,0.01,0.0
521,2032,50.2,1,0.25,0.01,0.0
522,2036,50.2,1,0.25,0.01,0.0
523,2040,50.2,1,0.25,0.01,0.0
524,2045,50.2,1,0.25,0.01,0.0
525,2049,50.2,1,0.25,0.01,0.0
526,2053,50.2,1,0.25,0.01,0.0
527,2057,50.2,1,0.25,0.01,0.0
528,2061,50.2,1,0.25,0.01,0.0
529,2066,50.2,1,0.25,0.01,0.0
530,2070,48.83,1,0.25,0.01,0.0
531,2074,48.83,1,0.25,0.01,0.0
532,2078,48.83,1,0.25,0.01,0.0
533,2082,48.83,1,0.25,0.01,0.0
534,2087,48.83,1,0.25,0.01,0.0
535,2092,48.83,1,0.25,0.01,0.0
536,2096,48.83,1,0.25,0.01,0.0
537,2100,48.83,1,0.25,0.01,0.0
538,2104,48.83,1,0.25,0.01,0.0
539,2109,48.83,1,0.25,0.01,0.0
540,2113,47.39,1,0.25,0.01,0.0
541,2117,47.39,1,0.25,0.01,0.0
542,2121,47.39,1,0.25,0.01,0.0
543,2125,47.39,1,0.25,0.01,0.0
544,2130,47.39,1,0.25,0.01,0.0
545,2134,47.39,1,0.25,0.01,0.0
546,2139,47.39,1,0.25,0.01,0.0
547,2143,47.39,1,0.25,0.01,0.0
548,2147,47.39,1,0.25,0.01,0.0
549,2152,47.39,1,0.25,0.01,0.0
550,2156,45.98,1,0.25,0.01,0.0
551,2160,45.98,1,0.25,0.01,0.0
552,2164,45.98,1,0.25,0.01,0.0
553,2168,45.98,1,0.25,0.01,0.0
554,2173,45.98,1,0.25,0.01,0.0
555,2177,45.98,1,0.25,0.01,0.0
556,2180,45.98,1,0.25,0.01,0.0
557,2184,45.98,1,0.25,0.01,0.0
558,2189,45.98,1,0.25,0.01,0.0
559,2194,45.98,1,0.25,0.01,0.0
560,2198,44.64,1,0.25,0.01,0.0
561,2202,44.64,1,0.25,0.01,0.0
562,2206,44.64,1,0.25,0.01,0.0
563,2210,44.64,1,0.25,0.01,0.0
564,2215,44.64,1,0.25,0.01,0.0
565,2219,44.64,1,0.25,0.01,0.0
566,2223,44.64,1,0.25,0.01,0.0
567,2228,44.64,1,0.25,0.01,0.0
568,2232,44.64,1,0.25,0.01,0.0
569,2236,44.64,1,0.25,0.01,0.0
570,2241,43.2,1,0.25,0.01,0.0
571,2245,43.2,1,0.25,0.01,0.0
572,2249,43.2,1,0.25,0.01,0.0
573,2253,43.2,1,0.25,0.01,0.0
574,2257,43.2,1,0.25,0.01,0.0
575,2262,43.2,1,0.25,0.01,0.0
576,2266,43.2,1,0.25,0.01,0.0
577,2270,43.2,1,0.25,0.01,0.0
578,2274,43.2,1,0.25,0.01,0.0
579,2278,43.2,1,0.25,0.01,0.0
580,2282,41.86,1,0.25,0.01,0.0
581,2288,41.86,1,0.25,0.01,0.0
582,2292,41.86,1,0.25,0.01,0.0
583,2296,41.86,1,0.25,0.01,0.0
584,2300,41.86,1,0.25,0.01,0.0
585,2305,41.86,1,0.25,0.01,0.0
586,2309,41.86,1,0.25,0.01,0.0
587,2313,41.86,1,0.25,0.01,0.0
588,2317,41.86,1,0.25,0.01,0.0
589,2321,41.86,1,0.25,0.01,0.0
590,2325,40.42,1,0.25,0.01,0.0
591,2330,40.42,1,0.25,0.01,0.0
592,2334,40.42,1,0.25,0.01,0.0
593,2338,40.42,1,0.25,0.01,0.0
594,2342,40.42,1,0.25,0.01,0.0
595,2346,40.42,1,0.25,0.01,0.0
596,2351,40.42,1,0.25,0.01,0.0
597,2355,40.42,1,0.25,0.01,0.0
598,2359,40.42,1,0.25,0.01,0.0
599,2363,40.42,1,0.25,0.01,0.0
600,2367,39.14,1,0.25,0.01,0.0
601,2372,39.14,1,0.25,0.01,0.0
602,2377,39.14,1,0.25,0.01,0.0
603,2381,39.14,1,0.25,0.01,0.0
604,2386,39.14,1,0.25,0.01,0.0
605,2390,39.14,1,0.25,0.01,0.0
606,2394,39.14,1,0.25,0.01,0.0
607,2399,39.14,1,0.25,0.01,0.0
608,2403,39.14,1,0.25,0.01,0.0
609,2407,39.14,1,0.25,0.01,0.0
610,2411,37.54,1,0.25,0.01,0.0
611,2416,37.54,1,0.25,0.01,0.0
612,2420,37.54,1,0.25,0.01,0.0
613,2425,37.54,1,0.25,0.01,0.0
614,2429,37.54,1,0.25,0.01,0.0
615,2433,37.54,1,0.25,0.01,0.0
616,2437,37.54,1,0.25,0.01,0.0
617,2442,37.54,1,0.25,0.01,0.0
618,2446,37.54,1,0.25,0.01,0.0
619,2450,37.54,1,0.25,0.01,0.0
620,2454,36.26,1,0.25,0.01,0.0
621,2459,36.26,1,0.25,0.01,0.0
622,2463,36.26,1,0.25,0.01,0.0
623,2467,36.26,1,0.25,0.01,0.0
624,2471,36.26,1,0.25,0.01,0.0
625,2476,36.26,1,0.25,0.01,0.0
626,2481,36.26,1,0.25,0.01,0.0
627,2486,36.26,1,0.25,0.01,0.0
628,2490,36.26,1,0.25,0.01,0.0
629,2494,36.26,1,0.25,0.01,0.0
630,2498,34.75,1,0.25,0.01,0.0
631,2502,34.75,1,0.25,0.01,0.0
632,2507,34.75,1,0.25,0.01,0.0
633,2511,34.75,1,0.25,0.01,0.0
634,2515,34.75,1,0.25,0.01,0.0
635,2519,34.75,1,0.25,0.01,0.0
636,2523,34.75,1,0.25,0.01,0.0
637,2527,34.75,1,0.25,0.01,0.0
638,2533,34.75,1,0.25,0.01,0.0
639,2537,34.75,1,0.25,0.01,0.0
640,2541,33.38,1,0.25,0.01,0.0
641,2545,33.38,1,0.25,0.01,0.0
642,2550,33.38,1,0.25,0.01,0.0
643,2554,33.38,1,0.25,0.01,0.0
644,2558,33.38,1,0.25,0.01,0.0
645,2562,33.38,1,0.25,0.01,0.0
646,2566,33.38,1,0.25,0.01,0.0
647,2570,33.38,1,0.25,0.01,0.0
648,2575,33.38,1,0.25,0.01,0.0
649,2580,33.38,1,0.25,0.01,0.0
650,2584,31.97,1,0.25,0.01,0.0
651,2588,31.97,1,0.25,0.01,0.0
652,2592,31.97,1,0.25,0.01,0.0
653,2597,31.97,1,0.25,0.01,0.0
654,2601,31.97,1,0.25,0.01,0.0
655,2605,31.97,1,0.25,0.01,0.0
656,2609,31.97,1,0.25,0.01,0.0
657,2614,31.97,1,0.25,0.01,0.0
658,2618,31.97,1,0.25,0.01,0.0
659,2622,31.97,1,0.25,0.01,0.0
660,2626,30.63,1,0.25,0.01,0.0
661,2630,30.63,1,0.25,0.01,0.0
662,2634,30.63,1,0.25,0.01,0.0
663,2639,30.63,1,0.25,0.01,0.0
664,2643,30.63,1,0.25,0.01,0.0
665,2647,30.63,1,0.25,0.01,0.0
666,2651,30.63,1,0.25,0.01,0.0
667,2655,30.63,1,0.25,0.01,0.0
668,2660,30.63,1,0.25,0.01,0.0
669,2664,30.63,1,0.25,0.01,0.0
670,2668,29.26,1,0.25,0.01,0.0
671,2672,29.26,1,0.25,0.01,0.0
672,2676,29.26,1,0.25,0.01,0.0
673,2680,29.26,1,0.25,0.01,0.0
674,2685,29.26,1,0.25,0.01,0.0
675,2689,29.26,1,0.25,0.01,0.0
676,2693,29.26,1,0.25,0.01,0.0
677,2697,29.26,1,0.25,0.01,0.0
678,2702,29.26,1,0.25,0.01,0.0
679,2706,29.26,1,0.25,0.01,0.0
680,2710,27.88,1,0.25,0.01,0.0
681,2714,27.88,1,0.25,0.01,0.0
682,2717,27.88,1,0.25,0.01,0.0
683,2721,27.88,1,0.25,0.01,0.0
684,2726,27.88,1,0.25,0.01,0.0
685,2730,27.88,1,0.25,0.01,0.0
686,2734,27.88,1,0.25,0.01,0.0
687,2738,27.88,1,0.25,0.01,0.0
688,2742,27.88,1,0.25,0.01,0.0
689,2747,27.88,1,0.25,0.01,0.0
690,2751,26.57,1,0.25,0.01,0.0
691,2755,26.57,1,0.25,0.01,0.0
692,2759,26.57,1,0.25,0.01,0.0
693,2763,26.57,1,0.25,0.01,0.0
694,2768,26.57,1,0.25,0.01,0.0
695,2772,26.57,1,0.25,0.01,0.0
696,2776,26.57,1,0.25,0.01,0.0
697,2780,26.57,1,0.25,0.01,0.0
698,2784,26.57,1,0.25,0.01,0.0
699,2789,26.57,1,0.25,0.01,0.0
700,2793,25.17,1,0.25,0.01,0.0
701,2797,25.17,1,0.25,0.01,0.0
702,2801,25.17,1,0.25,0.01,0.0
703,2805,25.17,1,0.25,0.01,0.0
704,2809,25.17,1,0.25,0.01,0.0
705,2814,25.17,1,0.25,0.01,0.0
706,2818,25.17,1,0.25,0.01,0.0
707,2822,25.17,1,0.25,0.01,0.0
708,2826,25.17,1,0.25,0.01,0.0
709,2830,25.17,1,0.25,0.01,0.0
710,2835,23.79,1,0.25,0.01,0.0
711,2839,23.79,1,0.25,0.01,0.0
712,2843,23.79,1,0.25,0.01,0.0
713,2847,23.79,1,0.25,0.01,0.0
714,2851,23.79,1,0.25,0.01,0.0
715,2856,23.79,1,0.25,0.01,0.0
716,2860,23.79,1,0.25,0.01,0.0
717,2864,23.79,1,0.25,0.01,0.0
718,2869,23.79,1,0.25,0.01,0.0
719,2873,23.79,1,0.25,0.01,0.0
720,2878,22.35,1,0.25,0.01,0.0
721,2882,22.35,1,0.25,0.01,0.0
722,2886,22.35,1,0.25,0.01,0.0
723,2890,22.35,1,0.25,0.01,0.0
724,2894,22.35,1,0.25,0.01,0.0
725,2899,22.35,1,0.25,0.01,0.0
726,2903,22.35,1,0.25,0.01,0.0
727,2907,22.35,1,0.25,0.01,0.0
728,2910,22.35,1,0.25,0.01,0.0
729,2914,22.35,1,0.25,0.01,0.0
730,2918,21.07,1,0.25,0.01,0.0
731,2923,21.07,1,0.25,0.01,0.0
732,2927,21.07,1,0.25,0.01,0.0
733,2931,21.07,1,0.25,0.01,0.0
734,2935,21.07,1,0.25,0.01,0.0
735,2940,21.07,1,0.25,0.01,0.0
736,2944,21.07,1,0.25,0.01,0.0
737,2948,21.07,1,0.25,0.01,0.0
738,2952,21.07,1,0.25,0.01,0.0
739,2957,21.07,1,0.25,0.01,0.0
740,2961,19.6,1,0.25,0.01,0.0
741,2966,19.6,1,0.25,0.01,0.0
742,2970,19.6,1,0.25,0.01,0.0
743,2974,19.6,1,0.25,0.01,0.0
744,2978,19.6,1,0.25,0.01,0.0
745,2982,19.6,1,0.25,0.01,0.0
746,2987,19.6,1,0.25,0.01,0.0
747,2991,19.6,1,0.25,0.01,0.0
748,2995,19.6,1,0.25,0.01,0.0
749,2999,19.6,1,0.25,0.01,0.0
750,3003,18.33,1,0.25,0.01,0.0
751,3008,18.33,1,0.25,0.01,0.0
752,3013,18.33,1,0.25,0.01,0.0
753,3017,18.33,1,0.25,0.01,0.0
754,3021,18.33,1,0.25,0.01,0.0
755,3025,18.33,1,0.25,0.01,0.0
756,3030,18.33,1,0.25,0.01,0.0
757,3034,18.33,1,0.25,0.01,0.0
758,3038,18.33,1,0.25,0.01,0.0
759,3042,18.33,1,0.25,0.01,0.0
760,3046,16.85,1,0.25,0.01,0.0
761,3051,16.85,1,0.25,0.01,0.0
762,3054,16.85,1,0.25,0.01,0.0
763,3058,16.85,1,0.25,0.01,0.0
764,3062,16.85,1,0.25,0.01,0.0
765,3066,16.85,1,0.25,0.01,0.0
766,3070,16.85,1,0.25,0.01,0.0
767,3075,16.85,1,0.25,0.01,0.0
768,3079,16.85,1,0.25,0.01,0.0
769,3083,16.85,1,0.25,0.01,0.0
770,3087,15.58,1,0.25,0.01,0.0
771,3091,15.58,1,0.25,0.01,0.0
772,3096,15.58,1,0.25,0.01,0.0
773,3099,15.58,1,0.25,0.01,0.0
774,3103,15.58,1,0.25,0.01,0.0
775,3108,15.58,1,0.25,0.01,0.0
776,3112,15.58,1,0.25,0.01,0.0
777,3116,15.58,1,0.25,0.01,0.0
778,3121,15.58,1,0.25,0.01,0.0
779,3125,15.58,1,0.25,0.01,0.0
780,3129,14.17,1,0.25,0.01,0.0
781,3133,14.17,1,0.25,0.01,0.0
782,3138,14.17,1,0.25,0.01,0.0
783,3142,14.17,1,0.25,0.01,0.0
784,3146,14.17,1,0.25,0.01,0.0
785,3150,14.17,1,0.25,0.01,0.0
786,3154,14.17,1,0.25,0.01,0.0
787,3158,14.17,1,0.25,0.01,0.0
788,3163,14.17,1,0.25,0.01,0.0
789,3167,14.17,1,0.25,0.01,0.0
790,3171,12.8,1,0.25,0.01,0.0
791,3175,12.8,1,0.25,0.01,0.0
792,3179,12.8,1,0.25,0.01,0.0
793,3184,12.8,1,0.25,0.01,0.0
794,3188,12.8,1,0.25,0.01,0.0
795,3192,12.8,1,0.25,0.01,0.0
796,3196,12.8,1,0.25,0.01,0.0
797,3200,12.8,1,0.25,0.01,0.0
798,3205,12.8,1,0.25,0.01,0.0
799,3210,12.8,1,0.25,0.01,0.0
800,3214,11.36,1,0.25,0.01,0.0
801,3218,11.36,1,0.25,0.01,0.0
802,3222,11.36,1,0.25,0.01,0.0
803,3226,11.36,1,0.25,0.01,0.0
804,3231,11.36,1,0.25,0.01,0.0
805,3235,11.36,1,0.25,0.01,0.0
806,3239,11.36,1,0.25,0.01,0.0
807,3243,11.36,1,0.25,0.01,0.0
808,3247,11.36,1,0.25,0.01,0.0
809,3251,11.36,1,0.25,0.01,0.0
810,3255,10.01,1,0.25,0.01,0.0
811,3260,10.01,1,0.25,0.01,0.0
812,3264,10.01,1,0.25,0.01,0.0
813,3268,10.01,1,0.25,0.01,0.0
814,3272,10.01,1,0.25,0.01,0.0
815,3276,10.01,1,0.25,0.01,0.0
816,3280,10.01,1,0.25,0.01,0.0
817,3284,10.01,1,0.25,0.01,0.0
818,3288,10.01,1,0.25,0.01,0.0
819,3292,10.01,1,0.25,0.01,0.0
820,3296,8.77,1,0.25,0.01,0.0
821,3300,8.77,1,0.25,0.01,0.0
822,3304,8.77,1,0.25,0.01,0.0
823,3308,8.77,1,0.25,0.01,0.0
824,3312,8.77,1,0.25,0.01,0.0
825,3316,8.77,1,0.25,0.01,0.0
826,3319,8.77,1,0.25,0.01,0.0
827,3323,8.77,1,0.25,0.01,0.0
828,3327,8.77,1,0.25,0.01,0.0
829,3331,8.77,1,0.25,0.01,0.0
830,3334,7.53,1,0.25,0.01,0.0
831,3338,7.53,1,0.25,0.01,0.0
832,3342,7.53,1,0.25,0.01,0.0
833,3345,7.53,1,0.25,0.01,0.0
834,3349,7.53,1,0.25,0.01,0.0
835,3353,7.53,1,0.25,0.01,0.0
836,3356,7.53,1,0.25,0.01,0.0
837,3360,7.53,1,0.25,0.01,0.0
838,3363,7.53,1,0.25,0.01,0.0
839,3367,7.53,1,0.25,0.01,0.0
840,3370,6.45,1,0.25,0.01,0.0
841,3374,6.45,1,0.25,0.01,0.0
842,3377,6.45,1,0.25,0.01,0.0
843,3380,6.45,1,0.25,0.01,0.0
844,3384,6.45,1,0.25,0.01,0.0
845,3387,6.45,1,0.25,0.01,0.0
846,3390,6.45,1,0.25,0.01,0.0
847,3393,6.45,1,0.25,0.01,0.0
848,3396,6.45,1,0.25,0.01,0.0
849,3400,6.45,1,0.25,0.01,0.0
850,3403,5.47,1,0.25,0.01,0.0
851,3406,5.47,1,0.25,0.01,0.0
852,3409,5.47,1,0.25,0.01,0.0
853,3412,5.47,1,0.25,0.01,0.0
854,3415,5.47,1,0.25,0.01,0.0
855,3418,5.47,1,0.25,0.01,0.0
856,3421,5.47,1,0.25,0.01,0.0
857,3424,5.47,1,0.25,0.01,0.0
858,3427,5.47,1,0.25,0.01,0.0
859,3429,5.47,1,0.25,0.01,0.0
860,3432,4.58,1,0.25,0.01,0.0
861,3435,4.58,1,0.25,0.01,0.0
862,3438,4.58,1,0.25,0.01,0.0
863,3440,4.58,1,0.25,0.01,0.0
864,3443,4.58,1,0.25,0.01,0.0
865,3445,4.58,1,0.25,0.01,0.0
866,3448,4.58,1,0.25,0.01,0.0
867,3451,4.58,1,0.25,0.01,0.0
868,3453,4.58,1,0.25,0.01,0.0
869,3456,4.58,1,0.25,0.01,0.0
870,3458,3.86,1,0.25,0.01,0.0
871,3460,3.86,1,0.25,0.01,0.0
872,3463,3.86,1,0.25,0.01,0.0
873,3465,3.86,1,0.25,0.01,0.0
874,3468,3.86,1,0.25,0.01,0.0
875,3470,3.86,1,0.25,0.01,0.0
876,3472,3.86,1,0.25,0.01,0.0
877,3474,3.86,1,0.25,0.01,0.0
878,3476,3.86,1,0.25,0.01,0.0
879,3479,3.86,1,0.25,0.01,0.0
880,3481,3.21,1,0.25,0.01,0.0
881,3483,3.21,1,0.25,0.01,0.0
882,3485,3.21,1,0.25,0.01,0.0
883,3487,3.21,1,0.25,0.01,0.0
884,3489,3.21,1,0.25,0.01,0.0
885,3491,3.21,1,0.25,0.01,0.0
886,3492,3.21,1,0.25,0.01,0.0
887,3494,3.21,1,0.25,0.01,0.0
888,3496,3.21,1,0.25,0.01,0.0
889,3498,3.21,1,0.25,0.01,0.0
890,3500,2.72,1,0.25,0.01,0.0
891,3502,2.72,1,0.25,0.01,0.0
892,3503,2.72,1,0.25,0.01,0.0
893,3505,2.72,1,0.25,0.01,0.0
894,3507,2.72,1,0.25,0.01,0.0
895,3508,2.72,1,0.25,0.01,0.0
896,3510,2.72,1,0.25,0.01,0.0
897,3512,2.72,1,0.25,0.01,0.0
898,3513,2.72,1,0.25,0.01,0.0
899,3515,2.72,1,0.25,0.01,0.0
900,3516,2.23,1,0.25,0.01,0.0
901,3518,2.23,1,0.25,0.01,0.0
902,3519,2.23,1,0.25,0.01,0.0
903,3521,2.23,1,0.25,0.01,0.0
904,3522,2.23,1,0.25,0.01,0.0
905,3523,2.23,1,0.25,0.01,0.0
906,3525,2.23,1,0.25,0.01,0.0
907,3526,2.23,1,0.25,0.01,0.0
908,3527,2.23,1,0.25,0.01,0.0
909,3529,2.23,1,0.25,0.01,0.0
910,3530,1.87,1,0.25,0.01,0.0
911,3531,1.87,1,0.25,0.01,0.0
912,3532,1.87,1,0.25,0.01,0.0
913,3534,1.87,1,0.25,0.01,0.0
914,3535,1.87,1,0.25,0.01,0.0
915,3536,1.87,1,0.25,0.01,0.0
916,3537,1.87,1,0.25,0.01,0.0
917,3538,1.87,1,0.25,0.01,0.0
918,3539,1.87,1,0.25,0.01,0.0
919,3540,1.87,1,0.25,0.01,0.0
920,3541,1.6,1,0.25,0.01,0.0
921,3542,1.6,1,0.25,0.01,0.0
922,3543,1.6,1,0.25,0.01,0.0
923,3544,1.6,1,0.25,0.01,0.0
924,3545,1.6,1,0.25,0.01,0.0
925,3546,1.6,1,0.25,0.01,0.0
926,3547,1.6,1,0.25,0.01,0.0
927,3548,1.6,1,0.25,0.01,0.0
928,3549,1.6,1,0.25,0.01,0.0
929,3550,1.6,1,0.25,0.01,0.0
930,3551,1.31,1,0.25,0.01,0.0
931,3552,1.31,1,0.25,0.01,0.0
932,3553,1.31,1,0.25,0.01,0.0
933,3553,1.31,1,0.25,0.01,0.0
934,3554,1.31,1,0.25,0.01,0.0
935,3555,1.31,1,0.25,0.01,0.0
936,3556,1.31,1,0.25,0.01,0.0
937,3557,1.31,1,0.25,0.01,0.0
938,3557,1.31,1,0.25,0.01,0.0
939,3558,1.31,1,0.25,0.01,0.0
940,3559,1.11,1,0.25,0.01,0.0
941,3559,1.11,1,0.25,0.01,0.0
942,3560,1.11,1,0.25,0.01,0.0
943,3561,1.11,1,0.25,0.01,0.0
944,3561,1.11,1,0.25,0.01,0.0
945,3562,1.11,1,0.25,0.01,0.0
946,3563,1.11,1,0.25,0.01,0.0
947,3563,1.11,1,0.25,0.01,0.0
948,3564,1.11,1,0.25,0.01,0.0
949,3565,1.11,1,0.25,0.01,0.0
950,3565,0.92,1,0.25,0.01,0.0
951,3566,0.92,1,0.25,0.01,0.0
952,3566,0.92,1,0.25,0.01,0.0
953,3567,0.92,1,0.25,0.01,0.0
954,3567,0.92,1,0.25,0.01,0.0
955,3568,0.92,1,0.25,0.01,0.0
956,3568,0.92,1,0.25,0.01,0.0
957,3569,0.92,1,0.25,0.01,0.0
958,3569,0.92,1,0.25,0.01,0.0
959,3570,0.92,1,0.25,0.01,0.0
960,3570,0.82,1,0.25,0.01,0.0
961,3571,0.82,1,0.25,0.01,0.0
962,3571,0.82,1,0.25,0.01,0.0
963,3571,0.82,1,0.25,0.01,0.0
964,3572,0.82,1,0.25,0.01,0.0
965,3572,0.82,1,0.25,0.01,0.0
966,3573,0.82,1,0.25,0.01,0.0
967,3573,0.82,1,0.25,0.01,0.0
968,3574,0.82,1,0.25,0.01,0.0
969,3574,0.82,1,0.25,0.01,0.0
970,3574,0.72,1,0.25,0.01,0.0
971,3575,0.72,1,0.25,0.01,0.0
972,3575,0.72,1,0.25,0.01,0.0
973,3575,0.72,1,0.25,0.01,0.0
974,3576,0.72,1,0.25,0.01,0.0
975,3576,0.72,1,0.25,0.01,0.0
976,3576,0.72,1,0.25,0.01,0.0
977,3577,0.72,1,0.25,0.01,0.0
978,3577,0.72,1,0.25,0.01,0.0
979,3577,0.72,1,0.25,0.01,0.0
980,3578,0.65,1,0.25,0.01,0.0
981,3578,0.65,1,0.25,0.01,0.0
982,3578,0.65,1,0.25,0.01,0.0
983,3579,0.65,1,0.25,0.01,0.0
984,3579,0.65,1,0.25,0.01,0.0
985,3579,0.65,1,0.25,0.01,0.0
986,3579,0.65,1,0.25,0.01,0.0
987,3580,0.65,1,0.25,0.01,0.0
988,3580,0.65,1,0.25,0.01,0.0
989,3580,0.65,1,0.25,0.01,0.0
990,3580,0.56,1,0.25,0.01,0.0
991,3581,0.56,1,0.25,0.01,0.0
992,3581,0.56,1,0.25,0.01,0.0
993,3581,0.56,1,0.25,0.01,0.0
994,3581,0.56,1,0.25,0.01,0.0
995,3582,0.56,1,0.25,0.01,0.0
996,3582,0.56,1,0.25,0.01,0.0
997,3582,0.56,1,0.25,0.01,0.0
998,3582,0.56,1,0.25,0.01,0.0
999,3583,0.56,1,0.25,0.01,0.0
1000,3583,0.46,1,0.25,0.01,0.0
1001,3583,0.46,1,0.25,0.01,0.0
1002,3583,0.46,1,0.25,0.01,0.0
1003,3583,0.46,1,0.25,0.01,0.0
1004,3583,0.46,1,0.25,0.01,0.0
1005,3584,0.46,1,0.25,0.01,0.0
1006,3584,0.46,1,0.25,0.01,0.0
1007,3584,0.46,1,0.25,0.01,0.0
1008,3584,0.46,1,0.25,0.01,0.0
1009,3584,0.46,1,0.25,0.01,0.0
1010,3584,0.49,1,0.25,0.01,0.0
1011,3584,0.49,1,0.25,0.01,0.0
1012,3584,0.49,1,0.25,0.01,0.0
1013,3584,0.49,1,0.25,0.01,0.0
1014,3585,0.49,1,0.25,0.01,0.0
1015,3585,0.49,1,0.25,0.01,0.0
1016,3585,0.49,1,0.25,0.01,0.0
1017,3585,0.49,1,0.25,0.01,0.0
1018,3585,0.49,1,0.25,0.01,0.0
1019,3585,0.49,1,0.25,0.01,0.0
1020,3585,0.46,1,0.25,0.01,0.0
1021,3585,0.46,1,0.25,0.01,0.0
1022,3586,0.46,1,0.25,0.01,0.0
1023,3586,0.46,1,0.25,0.01,0.0
1024,3586,0.46,1,0.25,0.01,0.0
1025,3586,0.46,1,0.25,0.01,0.0
1026,3586,0.46,1,0.25,0.01,0.0
1027,3586,0.46,1,0.25,0.01,0.0
1028,3586,0.46,1,0.25,0.01,0.0
1029,3586,0.46,1,0.25,0.01,0.0
1030,3587,0.43,1,0.25,0.01,0.0
1031,3587,0.43,1,0.25,0.01,0.0
1032,3587,0.43,1,0.25,0.01,0.0
1033,3587,0.43,1,0.25,0.01,0.0
1034,3587,0.43,1,0.25,0.01,0.0
1035,3587,0.43,1,0.25,0.01,0.0
1036,3587,0.43,1,0.25,0.01,0.0
1037,3587,0.43,1,0.25,0.01,0.0
1038,3588,0.43,1,0.25,0.01,0.0
1039,3588,0.43,1,0.25,0.01,0.0
1040,3588,0.33,1,0.25,0.01,0.0
1041,3588,0.33,1,0.25,0.01,0.0
1042,3588,0.33,1,0.25,0.01,0.0
1043,3588,0.33,1,0.25,0.01,0.0
1044,3588,0.33,1,0.25,0.01,0.0
1045,3588,0.33,1,0.25,0.01,0.0
1046,3589,0.33,1,0.25,0.01,0.0
1047,3589,0.33,1,0.25,0.01,0.0
1048,3589,0.33,1,0.25,0.01,0.0
1049,3589,0.33,1,0.25,0.01,0.0
1050,3589,0.33,1,0.25,0.01,0.0
1051,3589,0.33,1,0.25,0.01,0.0
1052,3589,0.33,1,0.25,0.01,0.0
1053,3589,0.33,1,0.25,0.01,0.0
1054,3589,0.33,1,0.25,0.01,0.0
1055,3589,0.33,1,0.25,0.01,0.0
1056,3589,0.33,1,0.25,0.01,0.0
1057,3589,0.33,1,0.25,0.01,0.0
1058,3589,0.33,1,0.25,0.01,0.0
1059,3589,0.33,1,0.25,0.01,0.0
1060,3589,0.36,1,0.25,0.01,0.0
1061,3589,0.36,1,0.25,0.01,0.0
1062,3589,0.36,1,0.25,0.01,0.0
1063,3589,0.36,1,0.25,0.01,0.0
1064,3589,0.36,1,0.25,0.01,0.0
1065,3589,0.36,1,0.25,0.01,0.0
1066,3589,0.36,1,0.25,0.01,0.0
1067,3589,0.36,1,0.25,0.01,0.0
1068,3589,0.36,1,0.25,0.01,0.0
1069,3589,0.36,1,0.25,0.01,0.0
1070,3589,0.36,1,0.25,0.01,0.0
1071,3589,0.36,1,0.25,0.01,0.0
1072,3589,0.36,1,0.25,0.01,0.0
1073,3589,0.36,1,0.25,0.01,0.0
1074,3589,0.36,1,0.25,0.01,0.0
1075,3589,0.36,1,0.25,0.01,0.0
1076,3589,0.36,1,0.25,0.01,0.0
1077,3589,0.36,1,0.25,0.01,0.0
1078,3589,0.36,1,0.25,0.01,0.0
1079,3589,0.36,1,0.25,0.01,0.0
1080,3589,0.36,1,0.25,0.01,0.0
1081,3589,0.36,1,0.25,0.01,0.0
1082,3589,0.36,1,0.25,0.01,0.0
1083,3589,0.36,1,0.25,0.01,0.0
1084,3589,0.36,1,0.25,0.01,0.0
1085,3589,0.36,1,0.25,0.01,0.0
1086,3589,0.36,1,0.25,0.01,0.0
