TIME,PULSES,CONTROLLERVOLTAGE,CONTROLLER,KP,TAUD,TAUI 
0,-1,0.0,0,2.0,0.0,0.0
1,-1,0.0,0,2.0,0.0,0.0
2,-1,0.0,0,2.0,0.0,0.0
3,-1,0.0,0,2.0,0.0,0.0
4,-1,0.0,0,2.0,0.0,0.0
5,-1,0.0,0,2.0,0.0,0.0
6,-1,0.0,0,2.0,0.0,0.0
7,-1,0.0,0,2.0,0.0,0.0
8,-1,0.0,0,2.0,0.0,0.0
9,-1,0.0,0,2.0,0.0,0.0
10,-1,942.74,0,2.0,0.0,0.0
11,-1,942.74,0,2.0,0.0,0.0
12,-1,942.74,0,2.0,0.0,0.0
13,-1,942.74,0,2.0,0.0,0.0
14,0,942.74,0,2.0,0.0,0.0
15,0,942.74,0,2.0,0.0,0.0
16,1,942.74,0,2.0,0.0,0.0
17,2,942.74,0,2.0,0.0,0.0
18,3,942.74,0,2.0,0.0,0.0
19,4,942.74,0,2.0,0.0,0.0
20,5,941.43,0,2.0,0.0,0.0
21,7,941.43,0,2.0,0.0,0.0
22,8,941.43,0,2.0,0.0,0.0
23,9,941.43,0,2.0,0.0,0.0
24,11,941.43,0,2.0,0.0,0.0
25,13,941.43,0,2.0,0.0,0.0
26,15,941.43,0,2.0,0.0,0.0
27,17,941.43,0,2.0,0.0,0.0
28,19,941.43,0,2.0,0.0,0.0
29,21,941.43,0,2.0,0.0,0.0
30,23,936.98,0,2.0,0.0,0.0
31,25,936.98,0,2.0,0.0,0.0
32,27,936.98,0,2.0,0.0,0.0
33,30,936.98,0,2.0,0.0,0.0
34,32,936.98,0,2.0,0.0,0.0
35,35,936.98,0,2.0,0.0,0.0
36,37,936.98,0,2.0,0.0,0.0
37,40,936.98,0,2.0,0.0,0.0
38,42,936.98,0,2.0,0.0,0.0
39,45,936.98,0,2.0,0.0,0.0
40,48,930.7,0,2.0,0.0,0.0
41,50,930.7,0,2.0,0.0,0.0
42,53,930.7,0,2.0,0.0,0.0
43,56,930.7,0,2.0,0.0,0.0
44,59,930.7,0,2.0,0.0,0.0
45,62,930.7,0,2.0,0.0,0.0
46,65,930.7,0,2.0,0.0,0.0
47,68,930.7,0,2.0,0.0,0.0
48,71,930.7,0,2.0,0.0,0.0
49,74,930.7,0,2.0,0.0,0.0
50,78,922.84,0,2.0,0.0,0.0
51,81,922.84,0,2.0,0.0,0.0
52,84,922.84,0,2.0,0.0,0.0
53,87,922.84,0,2.0,0.0,0.0
54,90,922.84,0,2.0,0.0,0.0
55,94,922.84,0,2.0,0.0,0.0
56,97,922.84,0,2.0,0.0,0.0
57,100,922.84,0,2.0,0.0,0.0
58,104,922.84,0,2.0,0.0,0.0
59,107,922.84,0,2.0,0.0,0.0
60,111,914.47,0,2.0,0.0,0.0
61,114,914.47,0,2.0,0.0,0.0
62,118,914.47,0,2.0,0.0,0.0
63,121,914.47,0,2.0,0.0,0.0
64,125,914.47,0,2.0,0.0,0.0
65,128,914.47,0,2.0,0.0,0.0
66,132,914.47,0,2.0,0.0,0.0
67,136,914.47,0,2.0,0.0,0.0
68,139,914.47,0,2.0,0.0,0.0
69,143,914.47,0,2.0,0.0,0.0
70,146,905.04,0,2.0,0.0,0.0
71,150,905.04,0,2.0,0.0,0.0
72,154,905.04,0,2.0,0.0,0.0
73,158,905.04,0,2.0,0.0,0.0
74,161,905.04,0,2.0,0.0,0.0
75,165,905.04,0,2.0,0.0,0.0
76,169,905.04,0,2.0,0.0,0.0
77,173,905.04,0,2.0,0.0,0.0
78,176,905.04,0,2.0,0.0,0.0
79,180,905.04,0,2.0,0.0,0.0
80,184,895.35,0,2.0,0.0,0.0
81,188,895.35,0,2.0,0.0,0.0
82,191,895.35,0,2.0,0.0,0.0
83,195,895.35,0,2.0,0.0,0.0
84,199,895.35,0,2.0,0.0,0.0
85,203,895.35,0,2.0,0.0,0.0
86,207,895.35,0,2.0,0.0,0.0
87,211,895.35,0,2.0,0.0,0.0
88,215,895.35,0,2.0,0.0,0.0
89,219,895.35,0,2.0,0.0,0.0
90,222,885.14,0,2.0,0.0,0.0
91,226,885.14,0,2.0,0.0,0.0
92,230,885.14,0,2.0,0.0,0.0
93,234,885.14,0,2.0,0.0,0.0
94,238,885.14,0,2.0,0.0,0.0
95,242,885.14,0,2.0,0.0,0.0
96,246,885.14,0,2.0,0.0,0.0
97,250,885.14,0,2.0,0.0,0.0
98,254,885.14,0,2.0,0.0,0.0
99,258,885.14,0,2.0,0.0,0.0
100,262,874.93,0,2.0,0.0,0.0
101,266,874.93,0,2.0,0.0,0.0
102,270,874.93,0,2.0,0.0,0.0
103,274,874.93,0,2.0,0.0,0.0
104,278,874.93,0,2.0,0.0,0.0
105,282,874.93,0,2.0,0.0,0.0
106,286,874.93,0,2.0,0.0,0.0
107,290,874.93,0,2.0,0.0,0.0
108,294,874.93,0,2.0,0.0,0.0
109,298,874.93,0,2.0,0.0,0.0
110,302,864.46,0,2.0,0.0,0.0
111,306,864.46,0,2.0,0.0,0.0
112,310,864.46,0,2.0,0.0,0.0
113,314,864.46,0,2.0,0.0,0.0
114,318,864.46,0,2.0,0.0,0.0
115,322,864.46,0,2.0,0.0,0.0
116,326,864.46,0,2.0,0.0,0.0
117,330,864.46,0,2.0,0.0,0.0
118,334,864.46,0,2.0,0.0,0.0
119,339,864.46,0,2.0,0.0,0.0
120,343,853.73,0,2.0,0.0,0.0
121,347,853.73,0,2.0,0.0,0.0
122,351,853.73,0,2.0,0.0,0.0
123,355,853.73,0,2.0,0.0,0.0
124,359,853.73,0,2.0,0.0,0.0
125,363,853.73,0,2.0,0.0,0.0
126,367,853.73,0,2.0,0.0,0.0
127,371,853.73,0,2.0,0.0,0.0
128,376,853.73,0,2.0,0.0,0.0
129,380,853.73,0,2.0,0.0,0.0
130,385,842.73,0,2.0,0.0,0.0
131,389,842.73,0,2.0,0.0,0.0
132,393,842.73,0,2.0,0.0,0.0
133,397,842.73,0,2.0,0.0,0.0
134,401,842.73,0,2.0,0.0,0.0
135,405,842.73,0,2.0,0.0,0.0
136,409,842.73,0,2.0,0.0,0.0
137,413,842.73,0,2.0,0.0,0.0
138,418,842.73,0,2.0,0.0,0.0
139,422,842.73,0,2.0,0.0,0.0
140,426,832.0,0,2.0,0.0,0.0
141,430,832.0,0,2.0,0.0,0.0
142,434,832.0,0,2.0,0.0,0.0
143,438,832.0,0,2.0,0.0,0.0
144,442,832.0,0,2.0,0.0,0.0
145,447,832.0,0,2.0,0.0,0.0
146,451,832.0,0,2.0,0.0,0.0
147,455,832.0,0,2.0,0.0,0.0
148,459,832.0,0,2.0,0.0,0.0
149,463,832.0,0,2.0,0.0,0.0
150,467,821.26,0,2.0,0.0,0.0
151,471,821.26,0,2.0,0.0,0.0
152,474,821.26,0,2.0,0.0,0.0
153,479,821.26,0,2.0,0.0,0.0
154,483,821.26,0,2.0,0.0,0.0
155,487,821.26,0,2.0,0.0,0.0
156,491,821.26,0,2.0,0.0,0.0
157,495,821.26,0,2.0,0.0,0.0
158,499,821.26,0,2.0,0.0,0.0
159,504,821.26,0,2.0,0.0,0.0
160,508,810.53,0,2.0,0.0,0.0
161,512,810.53,0,2.0,0.0,0.0
162,516,810.53,0,2.0,0.0,0.0
163,520,810.53,0,2.0,0.0,0.0
164,524,810.53,0,2.0,0.0,0.0
165,528,810.53,0,2.0,0.0,0.0
166,533,810.53,0,2.0,0.0,0.0
167,537,810.53,0,2.0,0.0,0.0
168,541,810.53,0,2.0,0.0,0.0
169,545,810.53,0,2.0,0.0,0.0
170,549,799.8,0,2.0,0.0,0.0
171,554,799.8,0,2.0,0.0,0.0
172,558,799.8,0,2.0,0.0,0.0
173,562,799.8,0,2.0,0.0,0.0
174,566,799.8,0,2.0,0.0,0.0
175,569,799.8,0,2.0,0.0,0.0
176,573,799.8,0,2.0,0.0,0.0
177,577,799.8,0,2.0,0.0,0.0
178,582,799.8,0,2.0,0.0,0.0
179,586,799.8,0,2.0,0.0,0.0
180,590,789.06,0,2.0,0.0,0.0
181,594,789.06,0,2.0,0.0,0.0
182,598,789.06,0,2.0,0.0,0.0
183,603,789.06,0,2.0,0.0,0.0
184,607,789.06,0,2.0,0.0,0.0
185,611,789.06,0,2.0,0.0,0.0
186,616,789.06,0,2.0,0.0,0.0
187,620,789.06,0,2.0,0.0,0.0
188,624,789.06,0,2.0,0.0,0.0
189,628,789.06,0,2.0,0.0,0.0
190,633,777.81,0,2.0,0.0,0.0
191,637,777.81,0,2.0,0.0,0.0
192,641,777.81,0,2.0,0.0,0.0
193,645,777.81,0,2.0,0.0,0.0
194,649,777.81,0,2.0,0.0,0.0
195,654,777.81,0,2.0,0.0,0.0
196,658,777.81,0,2.0,0.0,0.0
197,662,777.81,0,2.0,0.0,0.0
198,667,777.81,0,2.0,0.0,0.0
199,671,777.81,0,2.0,0.0,0.0
200,675,766.55,0,2.0,0.0,0.0
201,680,766.55,0,2.0,0.0,0.0
202,684,766.55,0,2.0,0.0,0.0
203,688,766.55,0,2.0,0.0,0.0
204,692,766.55,0,2.0,0.0,0.0
205,696,766.55,0,2.0,0.0,0.0
206,701,766.55,0,2.0,0.0,0.0
207,705,766.55,0,2.0,0.0,0.0
208,709,766.55,0,2.0,0.0,0.0
209,713,766.55,0,2.0,0.0,0.0
210,717,755.81,0,2.0,0.0,0.0
211,721,755.81,0,2.0,0.0,0.0
212,725,755.81,0,2.0,0.0,0.0
213,730,755.81,0,2.0,0.0,0.0
214,734,755.81,0,2.0,0.0,0.0
215,738,755.81,0,2.0,0.0,0.0
216,742,755.81,0,2.0,0.0,0.0
217,747,755.81,0,2.0,0.0,0.0
218,751,755.81,0,2.0,0.0,0.0
219,755,755.81,0,2.0,0.0,0.0
220,759,744.82,0,2.0,0.0,0.0
221,763,744.82,0,2.0,0.0,0.0
222,767,744.82,0,2.0,0.0,0.0
223,772,744.82,0,2.0,0.0,0.0
224,776,744.82,0,2.0,0.0,0.0
225,780,744.82,0,2.0,0.0,0.0
226,784,744.82,0,2.0,0.0,0.0
227,788,744.82,0,2.0,0.0,0.0
228,793,744.82,0,2.0,0.0,0.0
229,797,744.82,0,2.0,0.0,0.0
230,801,733.82,0,2.0,0.0,0.0
231,805,733.82,0,2.0,0.0,0.0
232,810,733.82,0,2.0,0.0,0.0
233,814,733.82,0,2.0,0.0,0.0
234,819,733.82,0,2.0,0.0,0.0
235,823,733.82,0,2.0,0.0,0.0
236,827,733.82,0,2.0,0.0,0.0
237,831,733.82,0,2.0,0.0,0.0
238,835,733.82,0,2.0,0.0,0.0
239,840,733.82,0,2.0,0.0,0.0
240,844,722.57,0,2.0,0.0,0.0
241,848,722.57,0,2.0,0.0,0.0
242,852,722.57,0,2.0,0.0,0.0
243,856,722.57,0,2.0,0.0,0.0
244,860,722.57,0,2.0,0.0,0.0
245,864,722.57,0,2.0,0.0,0.0
246,868,722.57,0,2.0,0.0,0.0
247,872,722.57,0,2.0,0.0,0.0
248,876,722.57,0,2.0,0.0,0.0
249,881,722.57,0,2.0,0.0,0.0
250,885,711.83,0,2.0,0.0,0.0
251,889,711.83,0,2.0,0.0,0.0
252,893,711.83,0,2.0,0.0,0.0
253,897,711.83,0,2.0,0.0,0.0
254,902,711.83,0,2.0,0.0,0.0
255,905,711.83,0,2.0,0.0,0.0
256,909,711.83,0,2.0,0.0,0.0
257,913,711.83,0,2.0,0.0,0.0
258,917,711.83,0,2.0,0.0,0.0
259,921,711.83,0,2.0,0.0,0.0
260,926,701.1,0,2.0,0.0,0.0
261,930,701.1,0,2.0,0.0,0.0
262,934,701.1,0,2.0,0.0,0.0
263,938,701.1,0,2.0,0.0,0.0
264,942,701.1,0,2.0,0.0,0.0
265,947,701.1,0,2.0,0.0,0.0
266,951,701.1,0,2.0,0.0,0.0
267,955,701.1,0,2.0,0.0,0.0
268,959,701.1,0,2.0,0.0,0.0
269,963,701.1,0,2.0,0.0,0.0
270,968,690.1,0,2.0,0.0,0.0
271,972,690.1,0,2.0,0.0,0.0
272,976,690.1,0,2.0,0.0,0.0
273,980,690.1,0,2.0,0.0,0.0
274,984,690.1,0,2.0,0.0,0.0
275,989,690.1,0,2.0,0.0,0.0
276,993,690.1,0,2.0,0.0,0.0
277,997,690.1,0,2.0,0.0,0.0
278,1002,690.1,0,2.0,0.0,0.0
279,1006,690.1,0,2.0,0.0,0.0
280,1011,678.85,0,2.0,0.0,0.0
281,1016,678.85,0,2.0,0.0,0.0
282,1020,678.85,0,2.0,0.0,0.0
283,1024,678.85,0,2.0,0.0,0.0
284,1028,678.85,0,2.0,0.0,0.0
285,1033,678.85,0,2.0,0.0,0.0
286,1037,678.85,0,2.0,0.0,0.0
287,1041,678.85,0,2.0,0.0,0.0
288,1045,678.85,0,2.0,0.0,0.0
289,1049,678.85,0,2.0,0.0,0.0
290,1053,667.85,0,2.0,0.0,0.0
291,1059,667.85,0,2.0,0.0,0.0
292,1063,667.85,0,2.0,0.0,0.0
293,1067,667.85,0,2.0,0.0,0.0
294,1071,667.85,0,2.0,0.0,0.0
295,1075,667.85,0,2.0,0.0,0.0
296,1080,667.85,0,2.0,0.0,0.0
297,1084,667.85,0,2.0,0.0,0.0
298,1088,667.85,0,2.0,0.0,0.0
299,1092,667.85,0,2.0,0.0,0.0
300,1096,656.33,0,2.0,0.0,0.0
301,1102,656.33,0,2.0,0.0,0.0
302,1106,656.33,0,2.0,0.0,0.0
303,1110,656.33,0,2.0,0.0,0.0
304,1114,656.33,0,2.0,0.0,0.0
305,1118,656.33,0,2.0,0.0,0.0
306,1123,656.33,0,2.0,0.0,0.0
307,1127,656.33,0,2.0,0.0,0.0
308,1131,656.33,0,2.0,0.0,0.0
309,1135,656.33,0,2.0,0.0,0.0
310,1139,645.07,0,2.0,0.0,0.0
311,1144,645.07,0,2.0,0.0,0.0
312,1148,645.07,0,2.0,0.0,0.0
313,1152,645.07,0,2.0,0.0,0.0
314,1157,645.07,0,2.0,0.0,0.0
315,1161,645.07,0,2.0,0.0,0.0
316,1165,645.07,0,2.0,0.0,0.0
317,1170,645.07,0,2.0,0.0,0.0
318,1174,645.07,0,2.0,0.0,0.0
319,1178,645.07,0,2.0,0.0,0.0
320,1182,634.08,0,2.0,0.0,0.0
321,1187,634.08,0,2.0,0.0,0.0
322,1191,634.08,0,2.0,0.0,0.0
323,1195,634.08,0,2.0,0.0,0.0
324,1199,634.08,0,2.0,0.0,0.0
325,1203,634.08,0,2.0,0.0,0.0
326,1207,634.08,0,2.0,0.0,0.0
327,1212,634.08,0,2.0,0.0,0.0
328,1216,634.08,0,2.0,0.0,0.0
329,1220,634.08,0,2.0,0.0,0.0
330,1224,623.08,0,2.0,0.0,0.0
331,1229,623.08,0,2.0,0.0,0.0
332,1233,623.08,0,2.0,0.0,0.0
333,1237,623.08,0,2.0,0.0,0.0
334,1241,623.08,0,2.0,0.0,0.0
335,1246,623.08,0,2.0,0.0,0.0
336,1250,623.08,0,2.0,0.0,0.0
337,1256,623.08,0,2.0,0.0,0.0
338,1260,623.08,0,2.0,0.0,0.0
339,1264,623.08,0,2.0,0.0,0.0
340,1268,611.56,0,2.0,0.0,0.0
341,1272,611.56,0,2.0,0.0,0.0
342,1277,611.56,0,2.0,0.0,0.0
343,1281,611.56,0,2.0,0.0,0.0
344,1285,611.56,0,2.0,0.0,0.0
345,1289,611.56,0,2.0,0.0,0.0
346,1293,611.56,0,2.0,0.0,0.0
347,1297,611.56,0,2.0,0.0,0.0
348,1302,611.56,0,2.0,0.0,0.0
349,1307,611.56,0,2.0,0.0,0.0
350,1311,600.31,0,2.0,0.0,0.0
351,1315,600.31,0,2.0,0.0,0.0
352,1319,600.31,0,2.0,0.0,0.0
353,1324,600.31,0,2.0,0.0,0.0
354,1328,600.31,0,2.0,0.0,0.0
355,1332,600.31,0,2.0,0.0,0.0
356,1336,600.31,0,2.0,0.0,0.0
357,1340,600.31,0,2.0,0.0,0.0
358,1345,600.31,0,2.0,0.0,0.0
359,1349,600.31,0,2.0,0.0,0.0
360,1354,589.31,0,2.0,0.0,0.0
361,1358,589.31,0,2.0,0.0,0.0
362,1362,589.31,0,2.0,0.0,0.0
363,1367,589.31,0,2.0,0.0,0.0
364,1371,589.31,0,2.0,0.0,0.0
365,1375,589.31,0,2.0,0.0,0.0
366,1379,589.31,0,2.0,0.0,0.0
367,1383,589.31,0,2.0,0.0,0.0
368,1388,589.31,0,2.0,0.0,0.0
369,1392,589.31,0,2.0,0.0,0.0
370,1397,578.05,0,2.0,0.0,0.0
371,1402,578.05,0,2.0,0.0,0.0
372,1406,578.05,0,2.0,0.0,0.0
373,1411,578.05,0,2.0,0.0,0.0
374,1415,578.05,0,2.0,0.0,0.0
375,1419,578.05,0,2.0,0.0,0.0
376,1423,578.05,0,2.0,0.0,0.0
377,1427,578.05,0,2.0,0.0,0.0
378,1432,578.05,0,2.0,0.0,0.0
379,1436,578.05,0,2.0,0.0,0.0
380,1440,566.53,0,2.0,0.0,0.0
381,1444,566.53,0,2.0,0.0,0.0
382,1448,566.53,0,2.0,0.0,0.0
383,1454,566.53,0,2.0,0.0,0.0
384,1458,566.53,0,2.0,0.0,0.0
385,1462,566.53,0,2.0,0.0,0.0
386,1466,566.53,0,2.0,0.0,0.0
387,1470,566.53,0,2.0,0.0,0.0
388,1475,566.53,0,2.0,0.0,0.0
389,1479,566.53,0,2.0,0.0,0.0
390,1483,555.28,0,2.0,0.0,0.0
391,1487,555.28,0,2.0,0.0,0.0
392,1491,555.28,0,2.0,0.0,0.0
393,1495,555.28,0,2.0,0.0,0.0
394,1500,555.28,0,2.0,0.0,0.0
395,1504,555.28,0,2.0,0.0,0.0
396,1508,555.28,0,2.0,0.0,0.0
397,1512,555.28,0,2.0,0.0,0.0
398,1517,555.28,0,2.0,0.0,0.0
399,1521,555.28,0,2.0,0.0,0.0
400,1525,544.28,0,2.0,0.0,0.0
401,1529,544.28,0,2.0,0.0,0.0
402,1533,544.28,0,2.0,0.0,0.0
403,1538,544.28,0,2.0,0.0,0.0
404,1543,544.28,0,2.0,0.0,0.0
405,1547,544.28,0,2.0,0.0,0.0
406,1552,544.28,0,2.0,0.0,0.0
407,1556,544.28,0,2.0,0.0,0.0
408,1560,544.28,0,2.0,0.0,0.0
409,1565,544.28,0,2.0,0.0,0.0
410,1569,532.76,0,2.0,0.0,0.0
411,1573,532.76,0,2.0,0.0,0.0
412,1577,532.76,0,2.0,0.0,0.0
413,1581,532.76,0,2.0,0.0,0.0
414,1586,532.76,0,2.0,0.0,0.0
415,1590,532.76,0,2.0,0.0,0.0
416,1594,532.76,0,2.0,0.0,0.0
417,1597,532.76,0,2.0,0.0,0.0
418,1601,532.76,0,2.0,0.0,0.0
419,1606,532.76,0,2.0,0.0,0.0
420,1610,522.03,0,2.0,0.0,0.0
421,1614,522.03,0,2.0,0.0,0.0
422,1618,522.03,0,2.0,0.0,0.0
423,1623,522.03,0,2.0,0.0,0.0
424,1627,522.03,0,2.0,0.0,0.0
425,1631,522.03,0,2.0,0.0,0.0
426,1635,522.03,0,2.0,0.0,0.0
427,1639,522.03,0,2.0,0.0,0.0
428,1643,522.03,0,2.0,0.0,0.0
429,1648,522.03,0,2.0,0.0,0.0
430,1652,511.03,0,2.0,0.0,0.0
431,1656,511.03,0,2.0,0.0,0.0
432,1660,511.03,0,2.0,0.0,0.0
433,1664,511.03,0,2.0,0.0,0.0
434,1669,511.03,0,2.0,0.0,0.0
435,1673,511.03,0,2.0,0.0,0.0
436,1677,511.03,0,2.0,0.0,0.0
437,1681,511.03,0,2.0,0.0,0.0
438,1685,511.03,0,2.0,0.0,0.0
439,1689,511.03,0,2.0,0.0,0.0
440,1695,500.04,0,2.0,0.0,0.0
441,1699,500.04,0,2.0,0.0,0.0
442,1703,500.04,0,2.0,0.0,0.0
443,1707,500.04,0,2.0,0.0,0.0
444,1712,500.04,0,2.0,0.0,0.0
445,1716,500.04,0,2.0,0.0,0.0
446,1720,500.04,0,2.0,0.0,0.0
447,1724,500.04,0,2.0,0.0,0.0
448,1728,500.04,0,2.0,0.0,0.0
449,1733,500.04,0,2.0,0.0,0.0
450,1738,488.78,0,2.0,0.0,0.0
451,1742,488.78,0,2.0,0.0,0.0
452,1747,488.78,0,2.0,0.0,0.0
453,1751,488.78,0,2.0,0.0,0.0
454,1755,488.78,0,2.0,0.0,0.0
455,1760,488.78,0,2.0,0.0,0.0
456,1764,488.78,0,2.0,0.0,0.0
457,1768,488.78,0,2.0,0.0,0.0
458,1772,488.78,0,2.0,0.0,0.0
459,1777,488.78,0,2.0,0.0,0.0
460,1781,477.26,0,2.0,0.0,0.0
461,1785,477.26,0,2.0,0.0,0.0
462,1789,477.26,0,2.0,0.0,0.0
463,1794,477.26,0,2.0,0.0,0.0
464,1798,477.26,0,2.0,0.0,0.0
465,1803,477.26,0,2.0,0.0,0.0
466,1807,477.26,0,2.0,0.0,0.0
467,1811,477.26,0,2.0,0.0,0.0
468,1815,477.26,0,2.0,0.0,0.0
469,1820,477.26,0,2.0,0.0,0.0
470,1824,466.0,0,2.0,0.0,0.0
471,1828,466.0,0,2.0,0.0,0.0
472,1832,466.0,0,2.0,0.0,0.0
473,1836,466.0,0,2.0,0.0,0.0
474,1841,466.0,0,2.0,0.0,0.0
475,1845,466.0,0,2.0,0.0,0.0
476,1849,466.0,0,2.0,0.0,0.0
477,1853,466.0,0,2.0,0.0,0.0
478,1857,466.0,0,2.0,0.0,0.0
479,1862,466.0,0,2.0,0.0,0.0
480,1866,455.01,0,2.0,0.0,0.0
481,1870,455.01,0,2.0,0.0,0.0
482,1874,455.01,0,2.0,0.0,0.0
483,1878,455.01,0,2.0,0.0,0.0
484,1883,455.01,0,2.0,0.0,0.0
485,1887,455.01,0,2.0,0.0,0.0
486,1892,455.01,0,2.0,0.0,0.0
487,1896,455.01,0,2.0,0.0,0.0
488,1900,455.01,0,2.0,0.0,0.0
489,1905,455.01,0,2.0,0.0,0.0
490,1909,443.75,0,2.0,0.0,0.0
491,1913,443.75,0,2.0,0.0,0.0
492,1917,443.75,0,2.0,0.0,0.0
493,1921,443.75,0,2.0,0.0,0.0
494,1926,443.75,0,2.0,0.0,0.0
495,1931,443.75,0,2.0,0.0,0.0
496,1935,443.75,0,2.0,0.0,0.0
497,1940,443.75,0,2.0,0.0,0.0
498,1944,443.75,0,2.0,0.0,0.0
499,1948,443.75,0,2.0,0.0,0.0
500,1953,432.23,0,2.0,0.0,0.0
501,1957,432.23,0,2.0,0.0,0.0
502,1961,432.23,0,2.0,0.0,0.0
503,1965,432.23,0,2.0,0.0,0.0
504,1970,432.23,0,2.0,0.0,0.0
505,1974,432.23,0,2.0,0.0,0.0
506,1978,432.23,0,2.0,0.0,0.0
507,1983,432.23,0,2.0,0.0,0.0
508,1987,432.23,0,2.0,0.0,0.0
509,1992,432.23,0,2.0,0.0,0.0
510,1996,420.97,0,2.0,0.0,0.0
511,2000,420.97,0,2.0,0.0,0.0
512,2004,420.97,0,2.0,0.0,0.0
513,2008,420.97,0,2.0,0.0,0.0
514,2013,420.97,0,2.0,0.0,0.0
515,2017,420.97,0,2.0,0.0,0.0
516,2021,420.97,0,2.0,0.0,0.0
517,2025,420.97,0,2.0,0.0,0.0
518,2029,420.97,0,2.0,0.0,0.0
519,2034,420.97,0,2.0,0.0,0.0
520,2039,409.98,0,2.0,0.0,0.0
521,2043,409.98,0,2.0,0.0,0.0
522,2047,409.98,0,2.0,0.0,0.0
523,2051,409.98,0,2.0,0.0,0.0
524,2056,409.98,0,2.0,0.0,0.0
525,2060,409.98,0,2.0,0.0,0.0
526,2064,409.98,0,2.0,0.0,0.0
527,2068,409.98,0,2.0,0.0,0.0
528,2072,409.98,0,2.0,0.0,0.0
529,2077,409.98,0,2.0,0.0,0.0
530,2081,398.72,0,2.0,0.0,0.0
531,2085,398.72,0,2.0,0.0,0.0
532,2090,398.72,0,2.0,0.0,0.0
533,2094,398.72,0,2.0,0.0,0.0
534,2099,398.72,0,2.0,0.0,0.0
535,2103,398.72,0,2.0,0.0,0.0
536,2107,398.72,0,2.0,0.0,0.0
537,2111,398.72,0,2.0,0.0,0.0
538,2115,398.72,0,2.0,0.0,0.0
539,2120,398.72,0,2.0,0.0,0.0
540,2124,387.46,0,2.0,0.0,0.0
541,2129,387.46,0,2.0,0.0,0.0
542,2133,387.46,0,2.0,0.0,0.0
543,2138,387.46,0,2.0,0.0,0.0
544,2143,387.46,0,2.0,0.0,0.0
545,2147,387.46,0,2.0,0.0,0.0
546,2151,387.46,0,2.0,0.0,0.0
547,2155,387.46,0,2.0,0.0,0.0
548,2160,387.46,0,2.0,0.0,0.0
549,2164,387.46,0,2.0,0.0,0.0
550,2168,375.94,0,2.0,0.0,0.0
551,2172,375.94,0,2.0,0.0,0.0
552,2176,375.94,0,2.0,0.0,0.0
553,2180,375.94,0,2.0,0.0,0.0
554,2185,375.94,0,2.0,0.0,0.0
555,2189,375.94,0,2.0,0.0,0.0
556,2193,375.94,0,2.0,0.0,0.0
557,2197,375.94,0,2.0,0.0,0.0
558,2202,375.94,0,2.0,0.0,0.0
559,2206,375.94,0,2.0,0.0,0.0
560,2210,364.95,0,2.0,0.0,0.0
561,2214,364.95,0,2.0,0.0,0.0
562,2218,364.95,0,2.0,0.0,0.0
563,2223,364.95,0,2.0,0.0,0.0
564,2227,364.95,0,2.0,0.0,0.0
565,2231,364.95,0,2.0,0.0,0.0
566,2236,364.95,0,2.0,0.0,0.0
567,2240,364.95,0,2.0,0.0,0.0
568,2244,364.95,0,2.0,0.0,0.0
569,2249,364.95,0,2.0,0.0,0.0
570,2254,353.69,0,2.0,0.0,0.0
571,2258,353.69,0,2.0,0.0,0.0
572,2262,353.69,0,2.0,0.0,0.0
573,2267,353.69,0,2.0,0.0,0.0
574,2271,353.69,0,2.0,0.0,0.0
575,2275,353.69,0,2.0,0.0,0.0
576,2279,353.69,0,2.0,0.0,0.0
577,2283,353.69,0,2.0,0.0,0.0
578,2287,353.69,0,2.0,0.0,0.0
579,2292,353.69,0,2.0,0.0,0.0
580,2296,342.43,0,2.0,0.0,0.0
581,2300,342.43,0,2.0,0.0,0.0
582,2304,342.43,0,2.0,0.0,0.0
583,2309,342.43,0,2.0,0.0,0.0
584,2313,342.43,0,2.0,0.0,0.0
585,2317,342.43,0,2.0,0.0,0.0
586,2321,342.43,0,2.0,0.0,0.0
587,2325,342.43,0,2.0,0.0,0.0
588,2330,342.43,0,2.0,0.0,0.0
589,2335,342.43,0,2.0,0.0,0.0
590,2339,331.18,0,2.0,0.0,0.0
591,2343,331.18,0,2.0,0.0,0.0
592,2347,331.18,0,2.0,0.0,0.0
593,2352,331.18,0,2.0,0.0,0.0
594,2356,331.18,0,2.0,0.0,0.0
595,2360,331.18,0,2.0,0.0,0.0
596,2364,331.18,0,2.0,0.0,0.0
597,2368,331.18,0,2.0,0.0,0.0
598,2374,331.18,0,2.0,0.0,0.0
599,2378,331.18,0,2.0,0.0,0.0
600,2381,319.92,0,2.0,0.0,0.0
601,2385,319.92,0,2.0,0.0,0.0
602,2389,319.92,0,2.0,0.0,0.0
603,2394,319.92,0,2.0,0.0,0.0
604,2398,319.92,0,2.0,0.0,0.0
605,2402,319.92,0,2.0,0.0,0.0
606,2406,319.92,0,2.0,0.0,0.0
607,2410,319.92,0,2.0,0.0,0.0
608,2415,319.92,0,2.0,0.0,0.0
609,2419,319.92,0,2.0,0.0,0.0
610,2423,309.19,0,2.0,0.0,0.0
611,2427,309.19,0,2.0,0.0,0.0
612,2431,309.19,0,2.0,0.0,0.0
613,2436,309.19,0,2.0,0.0,0.0
614,2440,309.19,0,2.0,0.0,0.0
615,2444,309.19,0,2.0,0.0,0.0
616,2448,309.19,0,2.0,0.0,0.0
617,2453,309.19,0,2.0,0.0,0.0
618,2457,309.19,0,2.0,0.0,0.0
619,2461,309.19,0,2.0,0.0,0.0
620,2465,298.19,0,2.0,0.0,0.0
621,2470,298.19,0,2.0,0.0,0.0
622,2474,298.19,0,2.0,0.0,0.0
623,2479,298.19,0,2.0,0.0,0.0
624,2483,298.19,0,2.0,0.0,0.0
625,2487,298.19,0,2.0,0.0,0.0
626,2491,298.19,0,2.0,0.0,0.0
627,2496,298.19,0,2.0,0.0,0.0
628,2500,298.19,0,2.0,0.0,0.0
629,2504,298.19,0,2.0,0.0,0.0
630,2508,286.93,0,2.0,0.0,0.0
631,2512,286.93,0,2.0,0.0,0.0
632,2518,286.93,0,2.0,0.0,0.0
633,2522,286.93,0,2.0,0.0,0.0
634,2526,286.93,0,2.0,0.0,0.0
635,2530,286.93,0,2.0,0.0,0.0
636,2534,286.93,0,2.0,0.0,0.0
637,2539,286.93,0,2.0,0.0,0.0
638,2543,286.93,0,2.0,0.0,0.0
639,2547,286.93,0,2.0,0.0,0.0
640,2551,275.67,0,2.0,0.0,0.0
641,2555,275.67,0,2.0,0.0,0.0
642,2560,275.67,0,2.0,0.0,0.0
643,2564,275.67,0,2.0,0.0,0.0
644,2568,275.67,0,2.0,0.0,0.0
645,2572,275.67,0,2.0,0.0,0.0
646,2576,275.67,0,2.0,0.0,0.0
647,2581,275.67,0,2.0,0.0,0.0
648,2585,275.67,0,2.0,0.0,0.0
649,2589,275.67,0,2.0,0.0,0.0
650,2593,264.68,0,2.0,0.0,0.0
651,2598,264.68,0,2.0,0.0,0.0
652,2602,264.68,0,2.0,0.0,0.0
653,2606,264.68,0,2.0,0.0,0.0
654,2610,264.68,0,2.0,0.0,0.0
655,2615,264.68,0,2.0,0.0,0.0
656,2619,264.68,0,2.0,0.0,0.0
657,2625,264.68,0,2.0,0.0,0.0
658,2629,264.68,0,2.0,0.0,0.0
659,2633,264.68,0,2.0,0.0,0.0
660,2637,253.16,0,2.0,0.0,0.0
661,2642,253.16,0,2.0,0.0,0.0
662,2646,253.16,0,2.0,0.0,0.0
663,2650,253.16,0,2.0,0.0,0.0
664,2654,253.16,0,2.0,0.0,0.0
665,2658,253.16,0,2.0,0.0,0.0
666,2663,253.16,0,2.0,0.0,0.0
667,2667,253.16,0,2.0,0.0,0.0
668,2671,253.16,0,2.0,0.0,0.0
669,2675,253.16,0,2.0,0.0,0.0
670,2679,242.16,0,2.0,0.0,0.0
671,2684,242.16,0,2.0,0.0,0.0
672,2688,242.16,0,2.0,0.0,0.0
673,2692,242.16,0,2.0,0.0,0.0
674,2696,242.16,0,2.0,0.0,0.0
675,2700,242.16,0,2.0,0.0,0.0
676,2705,242.16,0,2.0,0.0,0.0
677,2709,242.16,0,2.0,0.0,0.0
678,2713,242.16,0,2.0,0.0,0.0
679,2717,242.16,0,2.0,0.0,0.0
680,2721,230.91,0,2.0,0.0,0.0
681,2726,230.91,0,2.0,0.0,0.0
682,2730,230.91,0,2.0,0.0,0.0
683,2734,230.91,0,2.0,0.0,0.0
684,2738,230.91,0,2.0,0.0,0.0
685,2743,230.91,0,2.0,0.0,0.0
686,2747,230.91,0,2.0,0.0,0.0
687,2751,230.91,0,2.0,0.0,0.0
688,2755,230.91,0,2.0,0.0,0.0
689,2759,230.91,0,2.0,0.0,0.0
690,2763,219.91,0,2.0,0.0,0.0
691,2768,219.91,0,2.0,0.0,0.0
692,2772,219.91,0,2.0,0.0,0.0
693,2776,219.91,0,2.0,0.0,0.0
694,2780,219.91,0,2.0,0.0,0.0
695,2785,219.91,0,2.0,0.0,0.0
696,2789,219.91,0,2.0,0.0,0.0
697,2793,219.91,0,2.0,0.0,0.0
698,2797,219.91,0,2.0,0.0,0.0
699,2801,219.91,0,2.0,0.0,0.0
700,2806,208.92,0,2.0,0.0,0.0
701,2810,208.92,0,2.0,0.0,0.0
702,2814,208.92,0,2.0,0.0,0.0
703,2819,208.92,0,2.0,0.0,0.0
704,2823,208.92,0,2.0,0.0,0.0
705,2827,208.92,0,2.0,0.0,0.0
706,2832,208.92,0,2.0,0.0,0.0
707,2836,208.92,0,2.0,0.0,0.0
708,2840,208.92,0,2.0,0.0,0.0
709,2844,208.92,0,2.0,0.0,0.0
710,2849,197.66,0,2.0,0.0,0.0
711,2853,197.66,0,2.0,0.0,0.0
712,2857,197.66,0,2.0,0.0,0.0
713,2861,197.66,0,2.0,0.0,0.0
714,2865,197.66,0,2.0,0.0,0.0
715,2869,197.66,0,2.0,0.0,0.0
716,2874,197.66,0,2.0,0.0,0.0
717,2878,197.66,0,2.0,0.0,0.0
718,2882,197.66,0,2.0,0.0,0.0
719,2886,197.66,0,2.0,0.0,0.0
720,2891,186.66,0,2.0,0.0,0.0
721,2895,186.66,0,2.0,0.0,0.0
722,2899,186.66,0,2.0,0.0,0.0
723,2903,186.66,0,2.0,0.0,0.0
724,2908,186.66,0,2.0,0.0,0.0
725,2913,186.66,0,2.0,0.0,0.0
726,2917,186.66,0,2.0,0.0,0.0
727,2921,186.66,0,2.0,0.0,0.0
728,2925,186.66,0,2.0,0.0,0.0
729,2929,186.66,0,2.0,0.0,0.0
730,2934,175.41,0,2.0,0.0,0.0
731,2938,175.41,0,2.0,0.0,0.0
732,2942,175.41,0,2.0,0.0,0.0
733,2946,175.41,0,2.0,0.0,0.0
734,2950,175.41,0,2.0,0.0,0.0
735,2955,175.41,0,2.0,0.0,0.0
736,2959,175.41,0,2.0,0.0,0.0
737,2963,175.41,0,2.0,0.0,0.0
738,2967,175.41,0,2.0,0.0,0.0
739,2971,175.41,0,2.0,0.0,0.0
740,2976,164.41,0,2.0,0.0,0.0
741,2980,164.41,0,2.0,0.0,0.0
742,2984,164.41,0,2.0,0.0,0.0
743,2988,164.41,0,2.0,0.0,0.0
744,2992,164.41,0,2.0,0.0,0.0
745,2997,164.41,0,2.0,0.0,0.0
746,3001,164.41,0,2.0,0.0,0.0
747,3006,164.41,0,2.0,0.0,0.0
748,3010,164.41,0,2.0,0.0,0.0
749,3014,164.41,0,2.0,0.0,0.0
750,3019,153.15,0,2.0,0.0,0.0
751,3023,153.15,0,2.0,0.0,0.0
752,3027,153.15,0,2.0,0.0,0.0
753,3031,153.15,0,2.0,0.0,0.0
754,3036,153.15,0,2.0,0.0,0.0
755,3040,153.15,0,2.0,0.0,0.0
756,3044,153.15,0,2.0,0.0,0.0
757,3048,153.15,0,2.0,0.0,0.0
758,3051,153.15,0,2.0,0.0,0.0
759,3055,153.15,0,2.0,0.0,0.0
760,3061,142.42,0,2.0,0.0,0.0
761,3065,142.42,0,2.0,0.0,0.0
762,3069,142.42,0,2.0,0.0,0.0
763,3073,142.42,0,2.0,0.0,0.0
764,3078,142.42,0,2.0,0.0,0.0
765,3082,142.42,0,2.0,0.0,0.0
766,3086,142.42,0,2.0,0.0,0.0
767,3090,142.42,0,2.0,0.0,0.0
768,3094,142.42,0,2.0,0.0,0.0
769,3098,142.42,0,2.0,0.0,0.0
770,3103,131.16,0,2.0,0.0,0.0
771,3107,131.16,0,2.0,0.0,0.0
772,3111,131.16,0,2.0,0.0,0.0
773,3115,131.16,0,2.0,0.0,0.0
774,3120,131.16,0,2.0,0.0,0.0
775,3124,131.16,0,2.0,0.0,0.0
776,3128,131.16,0,2.0,0.0,0.0
777,3132,131.16,0,2.0,0.0,0.0
778,3136,131.16,0,2.0,0.0,0.0
779,3141,131.16,0,2.0,0.0,0.0
780,3145,120.17,0,2.0,0.0,0.0
781,3149,120.17,0,2.0,0.0,0.0
782,3153,120.17,0,2.0,0.0,0.0
783,3158,120.17,0,2.0,0.0,0.0
784,3163,120.17,0,2.0,0.0,0.0
785,3167,120.17,0,2.0,0.0,0.0
786,3171,120.17,0,2.0,0.0,0.0
787,3175,120.17,0,2.0,0.0,0.0
788,3179,120.17,0,2.0,0.0,0.0
789,3184,120.17,0,2.0,0.0,0.0
790,3188,108.91,0,2.0,0.0,0.0
791,3192,108.91,0,2.0,0.0,0.0
792,3196,108.91,0,2.0,0.0,0.0
793,3200,108.91,0,2.0,0.0,0.0
794,3205,108.91,0,2.0,0.0,0.0
795,3209,108.91,0,2.0,0.0,0.0
796,3213,108.91,0,2.0,0.0,0.0
797,3217,108.91,0,2.0,0.0,0.0
798,3222,108.91,0,2.0,0.0,0.0
799,3226,108.91,0,2.0,0.0,0.0
800,3230,97.91,0,2.0,0.0,0.0
801,3234,97.91,0,2.0,0.0,0.0
802,3238,97.91,0,2.0,0.0,0.0
803,3242,97.91,0,2.0,0.0,0.0
804,3247,97.91,0,2.0,0.0,0.0
805,3251,97.91,0,2.0,0.0,0.0
806,3255,97.91,0,2.0,0.0,0.0
807,3259,97.91,0,2.0,0.0,0.0
808,3263,97.91,0,2.0,0.0,0.0
809,3268,97.91,0,2.0,0.0,0.0
810,3272,86.92,0,2.0,0.0,0.0
811,3276,86.92,0,2.0,0.0,0.0
812,3280,86.92,0,2.0,0.0,0.0
813,3285,86.92,0,2.0,0.0,0.0
814,3289,86.92,0,2.0,0.0,0.0
815,3293,86.92,0,2.0,0.0,0.0
816,3297,86.92,0,2.0,0.0,0.0
817,3301,86.92,0,2.0,0.0,0.0
818,3305,86.92,0,2.0,0.0,0.0
819,3310,86.92,0,2.0,0.0,0.0
820,3314,75.92,0,2.0,0.0,0.0
821,3318,75.92,0,2.0,0.0,0.0
822,3323,75.92,0,2.0,0.0,0.0
823,3327,75.92,0,2.0,0.0,0.0
824,3331,75.92,0,2.0,0.0,0.0
825,3335,75.92,0,2.0,0.0,0.0
826,3339,75.92,0,2.0,0.0,0.0
827,3342,75.92,0,2.0,0.0,0.0
828,3348,75.92,0,2.0,0.0,0.0
829,3352,75.92,0,2.0,0.0,0.0
830,3356,64.93,0,2.0,0.0,0.0
831,3360,64.93,0,2.0,0.0,0.0
832,3364,64.93,0,2.0,0.0,0.0
833,3369,64.93,0,2.0,0.0,0.0
834,3373,64.93,0,2.0,0.0,0.0
835,3377,64.93,0,2.0,0.0,0.0
836,3382,64.93,0,2.0,0.0,0.0
837,3386,64.93,0,2.0,0.0,0.0
838,3391,64.93,0,2.0,0.0,0.0
839,3395,64.93,0,2.0,0.0,0.0
840,3400,53.67,0,2.0,0.0,0.0
841,3404,53.67,0,2.0,0.0,0.0
842,3408,53.67,0,2.0,0.0,0.0
843,3413,53.67,0,2.0,0.0,0.0
844,3417,53.67,0,2.0,0.0,0.0
845,3421,53.67,0,2.0,0.0,0.0
846,3425,53.67,0,2.0,0.0,0.0
847,3429,53.67,0,2.0,0.0,0.0
848,3434,53.67,0,2.0,0.0,0.0
849,3438,53.67,0,2.0,0.0,0.0
850,3442,42.41,0,2.0,0.0,0.0
851,3447,42.41,0,2.0,0.0,0.0
852,3451,42.41,0,2.0,0.0,0.0
853,3456,42.41,0,2.0,0.0,0.0
854,3460,42.41,0,2.0,0.0,0.0
855,3464,42.41,0,2.0,0.0,0.0
856,3468,42.41,0,2.0,0.0,0.0
857,3473,42.41,0,2.0,0.0,0.0
858,3477,42.41,0,2.0,0.0,0.0
859,3481,42.41,0,2.0,0.0,0.0
860,3485,31.15,0,2.0,0.0,0.0
861,3489,31.15,0,2.0,0.0,0.0
862,3493,31.15,0,2.0,0.0,0.0
863,3499,31.15,0,2.0,0.0,0.0
864,3503,31.15,0,2.0,0.0,0.0
865,3507,31.15,0,2.0,0.0,0.0
866,3511,31.15,0,2.0,0.0,0.0
867,3515,31.15,0,2.0,0.0,0.0
868,3520,31.15,0,2.0,0.0,0.0
869,3524,31.15,0,2.0,0.0,0.0
870,3528,19.9,0,2.0,0.0,0.0
871,3532,19.9,0,2.0,0.0,0.0
872,3536,19.9,0,2.0,0.0,0.0
873,3541,19.9,0,2.0,0.0,0.0
874,3546,19.9,0,2.0,0.0,0.0
875,3550,19.9,0,2.0,0.0,0.0
876,3554,19.9,0,2.0,0.0,0.0
877,3558,19.9,0,2.0,0.0,0.0
878,3563,19.9,0,2.0,0.0,0.0
879,3567,19.9,0,2.0,0.0,0.0
880,3571,8.64,0,2.0,0.0,0.0
881,3575,8.64,0,2.0,0.0,0.0
882,3579,8.64,0,2.0,0.0,0.0
883,3583,8.64,0,2.0,0.0,0.0
884,3587,8.64,0,2.0,0.0,0.0
885,3591,8.64,0,2.0,0.0,0.0
886,3596,8.64,0,2.0,0.0,0.0
887,3600,8.64,0,2.0,0.0,0.0
888,3603,8.64,0,2.0,0.0,0.0
889,3607,8.64,0,2.0,0.0,0.0
890,3611,-2.09,0,2.0,0.0,0.0
891,3615,-2.09,0,2.0,0.0,0.0
892,3619,-2.09,0,2.0,0.0,0.0
893,3622,-2.09,0,2.0,0.0,0.0
894,3626,-2.09,0,2.0,0.0,0.0
895,3629,-2.09,0,2.0,0.0,0.0
896,3632,-2.09,0,2.0,0.0,0.0
897,3635,-2.09,0,2.0,0.0,0.0
898,3638,-2.09,0,2.0,0.0,0.0
899,3641,-2.09,0,2.0,0.0,0.0
900,3644,-10.73,0,2.0,0.0,0.0
901,3646,-10.73,0,2.0,0.0,0.0
902,3649,-10.73,0,2.0,0.0,0.0
903,3651,-10.73,0,2.0,0.0,0.0
904,3653,-10.73,0,2.0,0.0,0.0
905,3655,-10.73,0,2.0,0.0,0.0
906,3656,-10.73,0,2.0,0.0,0.0
907,3658,-10.73,0,2.0,0.0,0.0
908,3659,-10.73,0,2.0,0.0,0.0
909,3660,-10.73,0,2.0,0.0,0.0
910,3661,-15.71,0,2.0,0.0,0.0
911,3662,-15.71,0,2.0,0.0,0.0
912,3662,-15.71,0,2.0,0.0,0.0
913,3662,-15.71,0,2.0,0.0,0.0
914,3663,-15.71,0,2.0,0.0,0.0
915,3663,-15.71,0,2.0,0.0,0.0
916,3662,-15.71,0,2.0,0.0,0.0
917,3662,-15.71,0,2.0,0.0,0.0
918,3661,-15.71,0,2.0,0.0,0.0
919,3661,-15.71,0,2.0,0.0,0.0
920,3660,-15.97,0,2.0,0.0,0.0
921,3659,-15.97,0,2.0,0.0,0.0
922,3658,-15.97,0,2.0,0.0,0.0
923,3656,-15.97,0,2.0,0.0,0.0
924,3655,-15.97,0,2.0,0.0,0.0
925,3654,-15.97,0,2.0,0.0,0.0
926,3652,-15.97,0,2.0,0.0,0.0
927,3650,-15.97,0,2.0,0.0,0.0
928,3649,-15.97,0,2.0,0.0,0.0
929,3647,-15.97,0,2.0,0.0,0.0
930,3645,-12.3,0,2.0,0.0,0.0
931,3643,-12.3,0,2.0,0.0,0.0
932,3641,-12.3,0,2.0,0.0,0.0
933,3639,-12.3,0,2.0,0.0,0.0
934,3636,-12.3,0,2.0,0.0,0.0
935,3634,-12.3,0,2.0,0.0,0.0
936,3632,-12.3,0,2.0,0.0,0.0
937,3629,-12.3,0,2.0,0.0,0.0
938,3627,-12.3,0,2.0,0.0,0.0
939,3624,-12.3,0,2.0,0.0,0.0
940,3622,-6.28,0,2.0,0.0,0.0
941,3619,-6.28,0,2.0,0.0,0.0
942,3616,-6.28,0,2.0,0.0,0.0
943,3614,-6.28,0,2.0,0.0,0.0
944,3611,-6.28,0,2.0,0.0,0.0
945,3609,-6.28,0,2.0,0.0,0.0
946,3606,-6.28,0,2.0,0.0,0.0
947,3603,-6.28,0,2.0,0.0,0.0
948,3601,-6.28,0,2.0,0.0,0.0
949,3598,-6.28,0,2.0,0.0,0.0
950,3596,0.52,0,2.0,0.0,0.0
951,3593,0.52,0,2.0,0.0,0.0
952,3591,0.52,0,2.0,0.0,0.0
953,3588,0.52,0,2.0,0.0,0.0
954,3586,0.52,0,2.0,0.0,0.0
955,3584,0.52,0,2.0,0.0,0.0
956,3582,0.52,0,2.0,0.0,0.0
957,3580,0.52,0,2.0,0.0,0.0
958,3578,0.52,0,2.0,0.0,0.0
959,3576,0.52,0,2.0,0.0,0.0
960,3575,6.28,0,2.0,0.0,0.0
961,3573,6.28,0,2.0,0.0,0.0
962,3572,6.28,0,2.0,0.0,0.0
963,3570,6.28,0,2.0,0.0,0.0
964,3569,6.28,0,2.0,0.0,0.0
965,3568,6.28,0,2.0,0.0,0.0
966,3567,6.28,0,2.0,0.0,0.0
967,3566,6.28,0,2.0,0.0,0.0
968,3565,6.28,0,2.0,0.0,0.0
969,3564,6.28,0,2.0,0.0,0.0
970,3564,9.42,0,2.0,0.0,0.0
971,3564,9.42,0,2.0,0.0,0.0
972,3563,9.42,0,2.0,0.0,0.0
973,3563,9.42,0,2.0,0.0,0.0
974,3563,9.42,0,2.0,0.0,0.0
975,3563,9.42,0,2.0,0.0,0.0
976,3564,9.42,0,2.0,0.0,0.0
977,3564,9.42,0,2.0,0.0,0.0
978,3565,9.42,0,2.0,0.0,0.0
979,3566,9.42,0,2.0,0.0,0.0
980,3567,8.9,0,2.0,0.0,0.0
981,3568,8.9,0,2.0,0.0,0.0
982,3569,8.9,0,2.0,0.0,0.0
983,3570,8.9,0,2.0,0.0,0.0
984,3571,8.9,0,2.0,0.0,0.0
985,3572,8.9,0,2.0,0.0,0.0
986,3573,8.9,0,2.0,0.0,0.0
987,3575,8.9,0,2.0,0.0,0.0
988,3576,8.9,0,2.0,0.0,0.0
989,3578,8.9,0,2.0,0.0,0.0
990,3579,5.76,0,2.0,0.0,0.0
991,3581,5.76,0,2.0,0.0,0.0
992,3583,5.76,0,2.0,0.0,0.0
993,3584,5.76,0,2.0,0.0,0.0
994,3586,5.76,0,2.0,0.0,0.0
995,3587,5.76,0,2.0,0.0,0.0
996,3589,5.76,0,2.0,0.0,0.0
997,3591,5.76,0,2.0,0.0,0.0
998,3592,5.76,0,2.0,0.0,0.0
999,3594,5.76,0,2.0,0.0,0.0
1000,3596,1.57,0,2.0,0.0,0.0
1001,3598,1.57,0,2.0,0.0,0.0
1002,3599,1.57,0,2.0,0.0,0.0
1003,3601,1.57,0,2.0,0.0,0.0
1004,3603,1.57,0,2.0,0.0,0.0
1005,3604,1.57,0,2.0,0.0,0.0
1006,3606,1.57,0,2.0,0.0,0.0
1007,3607,1.57,0,2.0,0.0,0.0
1008,3609,1.57,0,2.0,0.0,0.0
1009,3610,1.57,0,2.0,0.0,0.0
1010,3611,-2.62,0,2.0,0.0,0.0
1011,3613,-2.62,0,2.0,0.0,0.0
1012,3614,-2.62,0,2.0,0.0,0.0
1013,3615,-2.62,0,2.0,0.0,0.0
1014,3616,-2.62,0,2.0,0.0,0.0
1015,3617,-2.62,0,2.0,0.0,0.0
1016,3618,-2.62,0,2.0,0.0,0.0
1017,3619,-2.62,0,2.0,0.0,0.0
1018,3620,-2.62,0,2.0,0.0,0.0
1019,3621,-2.62,0,2.0,0.0,0.0
1020,3621,-5.5,0,2.0,0.0,0.0
1021,3622,-5.5,0,2.0,0.0,0.0
1022,3622,-5.5,0,2.0,0.0,0.0
1023,3622,-5.5,0,2.0,0.0,0.0
1024,3623,-5.5,0,2.0,0.0,0.0
1025,3623,-5.5,0,2.0,0.0,0.0
1026,3623,-5.5,0,2.0,0.0,0.0
1027,3623,-5.5,0,2.0,0.0,0.0
1028,3623,-5.5,0,2.0,0.0,0.0
1029,3623,-5.5,0,2.0,0.0,0.0
1030,3623,-6.02,0,2.0,0.0,0.0
1031,3622,-6.02,0,2.0,0.0,0.0
1032,3622,-6.02,0,2.0,0.0,0.0
1033,3622,-6.02,0,2.0,0.0,0.0
1034,3621,-6.02,0,2.0,0.0,0.0
1035,3621,-6.02,0,2.0,0.0,0.0
1036,3620,-6.02,0,2.0,0.0,0.0
1037,3619,-6.02,0,2.0,0.0,0.0
1038,3619,-6.02,0,2.0,0.0,0.0
1039,3618,-6.02,0,2.0,0.0,0.0
1040,3617,-4.71,0,2.0,0.0,0.0
1041,3616,-4.71,0,2.0,0.0,0.0
1042,3615,-4.71,0,2.0,0.0,0.0
1043,3614,-4.71,0,2.0,0.0,0.0
1044,3613,-4.71,0,2.0,0.0,0.0
1045,3612,-4.71,0,2.0,0.0,0.0
1046,3611,-4.71,0,2.0,0.0,0.0
1047,3610,-4.71,0,2.0,0.0,0.0
1048,3609,-4.71,0,2.0,0.0,0.0
1049,3608,-4.71,0,2.0,0.0,0.0
1050,3607,-2.09,0,2.0,0.0,0.0
1051,3606,-2.09,0,2.0,0.0,0.0
1052,3604,-2.09,0,2.0,0.0,0.0
1053,3603,-2.09,0,2.0,0.0,0.0
1054,3602,-2.09,0,2.0,0.0,0.0
1055,3601,-2.09,0,2.0,0.0,0.0
1056,3600,-2.09,0,2.0,0.0,0.0
1057,3599,-2.09,0,2.0,0.0,0.0
1058,3598,-2.09,0,2.0,0.0,0.0
1059,3597,-2.09,0,2.0,0.0,0.0
1060,3596,0.79,0,2.0,0.0,0.0
1061,3595,0.79,0,2.0,0.0,0.0
1062,3594,0.79,0,2.0,0.0,0.0
1063,3593,0.79,0,2.0,0.0,0.0
1064,3593,0.79,0,2.0,0.0,0.0
1065,3592,0.79,0,2.0,0.0,0.0
1066,3591,0.79,0,2.0,0.0,0.0
1067,3590,0.79,0,2.0,0.0,0.0
1068,3590,0.79,0,2.0,0.0,0.0
1069,3589,0.79,0,2.0,0.0,0.0
1070,3588,2.88,0,2.0,0.0,0.0
1071,3588,2.88,0,2.0,0.0,0.0
1072,3587,2.88,0,2.0,0.0,0.0
1073,3587,2.88,0,2.0,0.0,0.0
1074,3587,2.88,0,2.0,0.0,0.0
1075,3587,2.88,0,2.0,0.0,0.0
1076,3586,2.88,0,2.0,0.0,0.0
1077,3586,2.88,0,2.0,0.0,0.0
1078,3586,2.88,0,2.0,0.0,0.0
1079,3586,2.88,0,2.0,0.0,0.0
1080,3586,3.67,0,2.0,0.0,0.0
1081,3586,3.67,0,2.0,0.0,0.0
1082,3586,3.67,0,2.0,0.0,0.0
1083,3586,3.67,0,2.0,0.0,0.0
1084,3586,3.67,0,2.0,0.0,0.0
1085,3587,3.67,0,2.0,0.0,0.0
1086,3587,3.67,0,2.0,0.0,0.0
1087,3587,3.67,0,2.0,0.0,0.0
1088,3587,3.67,0,2.0,0.0,0.0
1089,3588,3.67,0,2.0,0.0,0.0
1090,3588,3.14,0,2.0,0.0,0.0
1091,3589,3.14,0,2.0,0.0,0.0
1092,3589,3.14,0,2.0,0.0,0.0
1093,3590,3.14,0,2.0,0.0,0.0
1094,3590,3.14,0,2.0,0.0,0.0
1095,3591,3.14,0,2.0,0.0,0.0
1096,3591,3.14,0,2.0,0.0,0.0
1097,3592,3.14,0,2.0,0.0,0.0
1098,3592,3.14,0,2.0,0.0,0.0
1099,3593,3.14,0,2.0,0.0,0.0
1100,3594,1.83,0,2.0,0.0,0.0
1101,3594,1.83,0,2.0,0.0,0.0
1102,3595,1.83,0,2.0,0.0,0.0
1103,3596,1.83,0,2.0,0.0,0.0
1104,3596,1.83,0,2.0,0.0,0.0
1105,3597,1.83,0,2.0,0.0,0.0
1106,3597,1.83,0,2.0,0.0,0.0
1107,3598,1.83,0,2.0,0.0,0.0
1108,3599,1.83,0,2.0,0.0,0.0
1109,3599,1.83,0,2.0,0.0,0.0
