TIME,PULSES,CONTROLLERVOLTAGE,CONTROLLER,KP,TAUD,TAUI 
0,4,19.4309,1,3.90625,0.01,0.0
1,8,19.4309,1,3.90625,0.01,0.0
2,13,19.4309,1,3.90625,0.01,0.0
3,17,19.4309,1,3.90625,0.01,0.0
4,22,19.4309,1,3.90625,0.01,0.0
5,26,19.4309,1,3.90625,0.01,0.0
6,30,19.4309,1,3.90625,0.01,0.0
7,35,19.4309,1,3.90625,0.01,0.0
8,39,19.4309,1,3.90625,0.01,0.0
9,44,19.4309,1,3.90625,0.01,0.0
10,48,3630.4214,1,3.90625,0.01,0.0
11,52,3630.4214,1,3.90625,0.01,0.0
12,57,3630.4214,1,3.90625,0.01,0.0
13,61,3630.4214,1,3.90625,0.01,0.0
14,66,3630.4214,1,3.90625,0.01,0.0
15,70,3630.4214,1,3.90625,0.01,0.0
16,74,3630.4214,1,3.90625,0.01,0.0
17,79,3630.4214,1,3.90625,0.01,0.0
18,83,3630.4214,1,3.90625,0.01,0.0
19,88,3630.4214,1,3.90625,0.01,0.0
20,92,1773.2819,1,3.90625,0.01,0.0
21,96,1773.2819,1,3.90625,0.01,0.0
22,101,1773.2819,1,3.90625,0.01,0.0
23,105,1773.2819,1,3.90625,0.01,0.0
24,110,1773.2819,1,3.90625,0.01,0.0
25,114,1773.2819,1,3.90625,0.01,0.0
26,119,1773.2819,1,3.90625,0.01,0.0
27,123,1773.2819,1,3.90625,0.01,0.0
28,127,1773.2819,1,3.90625,0.01,0.0
29,132,1773.2819,1,3.90625,0.01,0.0
30,136,1750.7836,1,3.90625,0.01,0.0
31,141,1750.7836,1,3.90625,0.01,0.0
32,145,1750.7836,1,3.90625,0.01,0.0
33,149,1750.7836,1,3.90625,0.01,0.0
34,154,1750.7836,1,3.90625,0.01,0.0
35,158,1750.7836,1,3.90625,0.01,0.0
36,163,1750.7836,1,3.90625,0.01,0.0
37,167,1750.7836,1,3.90625,0.01,0.0
38,171,1750.7836,1,3.90625,0.01,0.0
39,176,1750.7836,1,3.90625,0.01,0.0
40,180,1728.285,1,3.90625,0.01,0.0
41,185,1728.285,1,3.90625,0.01,0.0
42,189,1728.285,1,3.90625,0.01,0.0
43,193,1728.285,1,3.90625,0.01,0.0
44,199,1728.285,1,3.90625,0.01,0.0
45,203,1728.285,1,3.90625,0.01,0.0
46,208,1728.285,1,3.90625,0.01,0.0
47,212,1728.285,1,3.90625,0.01,0.0
48,217,1728.285,1,3.90625,0.01,0.0
49,221,1728.285,1,3.90625,0.01,0.0
50,225,1704.764,1,3.90625,0.01,0.0
51,230,1704.764,1,3.90625,0.01,0.0
52,234,1704.764,1,3.90625,0.01,0.0
53,239,1704.764,1,3.90625,0.01,0.0
54,243,1704.764,1,3.90625,0.01,0.0
55,247,1704.764,1,3.90625,0.01,0.0
56,252,1704.764,1,3.90625,0.01,0.0
57,256,1704.764,1,3.90625,0.01,0.0
58,261,1704.764,1,3.90625,0.01,0.0
59,265,1704.764,1,3.90625,0.01,0.0
60,269,1682.777,1,3.90625,0.01,0.0
61,274,1682.777,1,3.90625,0.01,0.0
62,278,1682.777,1,3.90625,0.01,0.0
63,283,1682.777,1,3.90625,0.01,0.0
64,287,1682.777,1,3.90625,0.01,0.0
65,292,1682.777,1,3.90625,0.01,0.0
66,296,1682.777,1,3.90625,0.01,0.0
67,300,1682.777,1,3.90625,0.01,0.0
68,305,1682.777,1,3.90625,0.01,0.0
69,309,1682.777,1,3.90625,0.01,0.0
70,314,1659.2559,1,3.90625,0.01,0.0
71,318,1659.2559,1,3.90625,0.01,0.0
72,322,1659.2559,1,3.90625,0.01,0.0
73,327,1659.2559,1,3.90625,0.01,0.0
74,331,1659.2559,1,3.90625,0.01,0.0
75,336,1659.2559,1,3.90625,0.01,0.0
76,340,1659.2559,1,3.90625,0.01,0.0
77,345,1659.2559,1,3.90625,0.01,0.0
78,349,1659.2559,1,3.90625,0.01,0.0
79,353,1659.2559,1,3.90625,0.01,0.0
80,358,1637.2688,1,3.90625,0.01,0.0
81,362,1637.2688,1,3.90625,0.01,0.0
82,367,1637.2688,1,3.90625,0.01,0.0
83,371,1637.2688,1,3.90625,0.01,0.0
84,375,1637.2688,1,3.90625,0.01,0.0
85,380,1637.2688,1,3.90625,0.01,0.0
86,384,1637.2688,1,3.90625,0.01,0.0
87,389,1637.2688,1,3.90625,0.01,0.0
88,393,1637.2688,1,3.90625,0.01,0.0
89,397,1637.2688,1,3.90625,0.01,0.0
90,402,1614.7705,1,3.90625,0.01,0.0
91,406,1614.7705,1,3.90625,0.01,0.0
92,411,1614.7705,1,3.90625,0.01,0.0
93,415,1614.7705,1,3.90625,0.01,0.0
94,419,1614.7705,1,3.90625,0.01,0.0
95,424,1614.7705,1,3.90625,0.01,0.0
96,428,1614.7705,1,3.90625,0.01,0.0
97,433,1614.7705,1,3.90625,0.01,0.0
98,437,1614.7705,1,3.90625,0.01,0.0
99,442,1614.7705,1,3.90625,0.01,0.0
100,446,1592.2721,1,3.90625,0.01,0.0
101,450,1592.2721,1,3.90625,0.01,0.0
102,455,1592.2721,1,3.90625,0.01,0.0
103,459,1592.2721,1,3.90625,0.01,0.0
104,464,1592.2721,1,3.90625,0.01,0.0
105,468,1592.2721,1,3.90625,0.01,0.0
106,472,1592.2721,1,3.90625,0.01,0.0
107,477,1592.2721,1,3.90625,0.01,0.0
108,481,1592.2721,1,3.90625,0.01,0.0
109,486,1592.2721,1,3.90625,0.01,0.0
110,490,1569.7738,1,3.90625,0.01,0.0
111,494,1569.7738,1,3.90625,0.01,0.0
112,499,1569.7738,1,3.90625,0.01,0.0
113,503,1569.7738,1,3.90625,0.01,0.0
114,508,1569.7738,1,3.90625,0.01,0.0
115,512,1569.7738,1,3.90625,0.01,0.0
116,516,1569.7738,1,3.90625,0.01,0.0
117,521,1569.7738,1,3.90625,0.01,0.0
118,525,1569.7738,1,3.90625,0.01,0.0
119,530,1569.7738,1,3.90625,0.01,0.0
120,534,1547.2754,1,3.90625,0.01,0.0
121,538,1547.2754,1,3.90625,0.01,0.0
122,543,1547.2754,1,3.90625,0.01,0.0
123,547,1547.2754,1,3.90625,0.01,0.0
124,552,1547.2754,1,3.90625,0.01,0.0
125,556,1547.2754,1,3.90625,0.01,0.0
126,560,1547.2754,1,3.90625,0.01,0.0
127,565,1547.2754,1,3.90625,0.01,0.0
128,569,1547.2754,1,3.90625,0.01,0.0
129,574,1547.2754,1,3.90625,0.01,0.0
130,578,1524.777,1,3.90625,0.01,0.0
131,583,1524.777,1,3.90625,0.01,0.0
132,587,1524.777,1,3.90625,0.01,0.0
133,591,1524.777,1,3.90625,0.01,0.0
134,596,1524.777,1,3.90625,0.01,0.0
135,600,1524.777,1,3.90625,0.01,0.0
136,605,1524.777,1,3.90625,0.01,0.0
137,609,1524.777,1,3.90625,0.01,0.0
138,613,1524.777,1,3.90625,0.01,0.0
139,618,1524.777,1,3.90625,0.01,0.0
140,622,1502.2786,1,3.90625,0.01,0.0
141,627,1502.2786,1,3.90625,0.01,0.0
142,631,1502.2786,1,3.90625,0.01,0.0
143,636,1502.2786,1,3.90625,0.01,0.0
144,640,1502.2786,1,3.90625,0.01,0.0
145,644,1502.2786,1,3.90625,0.01,0.0
146,649,1502.2786,1,3.90625,0.01,0.0
147,653,1502.2786,1,3.90625,0.01,0.0
148,657,1502.2786,1,3.90625,0.01,0.0
149,662,1502.2786,1,3.90625,0.01,0.0
150,666,1479.7802,1,3.90625,0.01,0.0
151,671,1479.7802,1,3.90625,0.01,0.0
152,675,1479.7802,1,3.90625,0.01,0.0
153,681,1479.7802,1,3.90625,0.01,0.0
154,685,1479.7802,1,3.90625,0.01,0.0
155,689,1479.7802,1,3.90625,0.01,0.0
156,694,1479.7802,1,3.90625,0.01,0.0
157,698,1479.7802,1,3.90625,0.01,0.0
158,703,1479.7802,1,3.90625,0.01,0.0
159,707,1479.7802,1,3.90625,0.01,0.0
160,711,1456.2592,1,3.90625,0.01,0.0
161,716,1456.2592,1,3.90625,0.01,0.0
162,720,1456.2592,1,3.90625,0.01,0.0
163,725,1456.2592,1,3.90625,0.01,0.0
164,729,1456.2592,1,3.90625,0.01,0.0
165,734,1456.2592,1,3.90625,0.01,0.0
166,738,1456.2592,1,3.90625,0.01,0.0
167,742,1456.2592,1,3.90625,0.01,0.0
168,747,1456.2592,1,3.90625,0.01,0.0
169,751,1456.2592,1,3.90625,0.01,0.0
170,755,1434.2721,1,3.90625,0.01,0.0
171,760,1434.2721,1,3.90625,0.01,0.0
172,764,1434.2721,1,3.90625,0.01,0.0
173,769,1434.2721,1,3.90625,0.01,0.0
174,773,1434.2721,1,3.90625,0.01,0.0
175,778,1434.2721,1,3.90625,0.01,0.0
176,782,1434.2721,1,3.90625,0.01,0.0
177,786,1434.2721,1,3.90625,0.01,0.0
178,791,1434.2721,1,3.90625,0.01,0.0
179,795,1434.2721,1,3.90625,0.01,0.0
180,800,1410.751,1,3.90625,0.01,0.0
181,804,1410.751,1,3.90625,0.01,0.0
182,808,1410.751,1,3.90625,0.01,0.0
183,813,1410.751,1,3.90625,0.01,0.0
184,817,1410.751,1,3.90625,0.01,0.0
185,822,1410.751,1,3.90625,0.01,0.0
186,826,1410.751,1,3.90625,0.01,0.0
187,831,1410.751,1,3.90625,0.01,0.0
188,835,1410.751,1,3.90625,0.01,0.0
189,839,1410.751,1,3.90625,0.01,0.0
190,844,1388.764,1,3.90625,0.01,0.0
191,848,1388.764,1,3.90625,0.01,0.0
192,852,1388.764,1,3.90625,0.01,0.0
193,857,1388.764,1,3.90625,0.01,0.0
194,861,1388.764,1,3.90625,0.01,0.0
195,866,1388.764,1,3.90625,0.01,0.0
196,870,1388.764,1,3.90625,0.01,0.0
197,875,1388.764,1,3.90625,0.01,0.0
198,879,1388.764,1,3.90625,0.01,0.0
199,883,1388.764,1,3.90625,0.01,0.0
200,888,1366.2656,1,3.90625,0.01,0.0
201,892,1366.2656,1,3.90625,0.01,0.0
202,897,1366.2656,1,3.90625,0.01,0.0
203,901,1366.2656,1,3.90625,0.01,0.0
204,905,1366.2656,1,3.90625,0.01,0.0
205,910,1366.2656,1,3.90625,0.01,0.0
206,914,1366.2656,1,3.90625,0.01,0.0
207,919,1366.2656,1,3.90625,0.01,0.0
208,923,1366.2656,1,3.90625,0.01,0.0
209,928,1366.2656,1,3.90625,0.01,0.0
210,932,1343.7672,1,3.90625,0.01,0.0
211,936,1343.7672,1,3.90625,0.01,0.0
212,941,1343.7672,1,3.90625,0.01,0.0
213,945,1343.7672,1,3.90625,0.01,0.0
214,949,1343.7672,1,3.90625,0.01,0.0
215,954,1343.7672,1,3.90625,0.01,0.0
216,958,1343.7672,1,3.90625,0.01,0.0
217,963,1343.7672,1,3.90625,0.01,0.0
218,968,1343.7672,1,3.90625,0.01,0.0
219,973,1343.7672,1,3.90625,0.01,0.0
220,977,1320.2462,1,3.90625,0.01,0.0
221,981,1320.2462,1,3.90625,0.01,0.0
222,986,1320.2462,1,3.90625,0.01,0.0
223,990,1320.2462,1,3.90625,0.01,0.0
224,995,1320.2462,1,3.90625,0.01,0.0
225,999,1320.2462,1,3.90625,0.01,0.0
226,1003,1320.2462,1,3.90625,0.01,0.0
227,1008,1320.2462,1,3.90625,0.01,0.0
228,1012,1320.2462,1,3.90625,0.01,0.0
229,1018,1320.2462,1,3.90625,0.01,0.0
230,1022,1297.2365,1,3.90625,0.01,0.0
231,1027,1297.2365,1,3.90625,0.01,0.0
232,1031,1297.2365,1,3.90625,0.01,0.0
233,1035,1297.2365,1,3.90625,0.01,0.0
234,1040,1297.2365,1,3.90625,0.01,0.0
235,1044,1297.2365,1,3.90625,0.01,0.0
236,1048,1297.2365,1,3.90625,0.01,0.0
237,1053,1297.2365,1,3.90625,0.01,0.0
238,1057,1297.2365,1,3.90625,0.01,0.0
239,1062,1297.2365,1,3.90625,0.01,0.0
240,1066,1275.2494,1,3.90625,0.01,0.0
241,1071,1275.2494,1,3.90625,0.01,0.0
242,1075,1275.2494,1,3.90625,0.01,0.0
243,1079,1275.2494,1,3.90625,0.01,0.0
244,1084,1275.2494,1,3.90625,0.01,0.0
245,1088,1275.2494,1,3.90625,0.01,0.0
246,1092,1275.2494,1,3.90625,0.01,0.0
247,1097,1275.2494,1,3.90625,0.01,0.0
248,1101,1275.2494,1,3.90625,0.01,0.0
249,1106,1275.2494,1,3.90625,0.01,0.0
250,1110,1252.7511,1,3.90625,0.01,0.0
251,1116,1252.7511,1,3.90625,0.01,0.0
252,1120,1252.7511,1,3.90625,0.01,0.0
253,1125,1252.7511,1,3.90625,0.01,0.0
254,1129,1252.7511,1,3.90625,0.01,0.0
255,1133,1252.7511,1,3.90625,0.01,0.0
256,1138,1252.7511,1,3.90625,0.01,0.0
257,1142,1252.7511,1,3.90625,0.01,0.0
258,1146,1252.7511,1,3.90625,0.01,0.0
259,1151,1252.7511,1,3.90625,0.01,0.0
260,1155,1229.23,1,3.90625,0.01,0.0
261,1160,1229.23,1,3.90625,0.01,0.0
262,1164,1229.23,1,3.90625,0.01,0.0
263,1169,1229.23,1,3.90625,0.01,0.0
264,1173,1229.23,1,3.90625,0.01,0.0
265,1177,1229.23,1,3.90625,0.01,0.0
266,1182,1229.23,1,3.90625,0.01,0.0
267,1186,1229.23,1,3.90625,0.01,0.0
268,1190,1229.23,1,3.90625,0.01,0.0
269,1195,1229.23,1,3.90625,0.01,0.0
270,1199,1207.2429,1,3.90625,0.01,0.0
271,1204,1207.2429,1,3.90625,0.01,0.0
272,1208,1207.2429,1,3.90625,0.01,0.0
273,1213,1207.2429,1,3.90625,0.01,0.0
274,1217,1207.2429,1,3.90625,0.01,0.0
275,1221,1207.2429,1,3.90625,0.01,0.0
276,1226,1207.2429,1,3.90625,0.01,0.0
277,1230,1207.2429,1,3.90625,0.01,0.0
278,1235,1207.2429,1,3.90625,0.01,0.0
279,1239,1207.2429,1,3.90625,0.01,0.0
280,1243,1184.7445,1,3.90625,0.01,0.0
281,1248,1184.7445,1,3.90625,0.01,0.0
282,1252,1184.7445,1,3.90625,0.01,0.0
283,1257,1184.7445,1,3.90625,0.01,0.0
284,1261,1184.7445,1,3.90625,0.01,0.0
285,1266,1184.7445,1,3.90625,0.01,0.0
286,1270,1184.7445,1,3.90625,0.01,0.0
287,1274,1184.7445,1,3.90625,0.01,0.0
288,1279,1184.7445,1,3.90625,0.01,0.0
289,1283,1184.7445,1,3.90625,0.01,0.0
290,1288,1161.2234,1,3.90625,0.01,0.0
291,1292,1161.2234,1,3.90625,0.01,0.0
292,1296,1161.2234,1,3.90625,0.01,0.0
293,1301,1161.2234,1,3.90625,0.01,0.0
294,1305,1161.2234,1,3.90625,0.01,0.0
295,1310,1161.2234,1,3.90625,0.01,0.0
296,1314,1161.2234,1,3.90625,0.01,0.0
297,1318,1161.2234,1,3.90625,0.01,0.0
298,1323,1161.2234,1,3.90625,0.01,0.0
299,1327,1161.2234,1,3.90625,0.01,0.0
300,1332,1139.2365,1,3.90625,0.01,0.0
301,1336,1139.2365,1,3.90625,0.01,0.0
302,1340,1139.2365,1,3.90625,0.01,0.0
303,1345,1139.2365,1,3.90625,0.01,0.0
304,1349,1139.2365,1,3.90625,0.01,0.0
305,1354,1139.2365,1,3.90625,0.01,0.0
306,1358,1139.2365,1,3.90625,0.01,0.0
307,1363,1139.2365,1,3.90625,0.01,0.0
308,1367,1139.2365,1,3.90625,0.01,0.0
309,1371,1139.2365,1,3.90625,0.01,0.0
310,1376,1116.738,1,3.90625,0.01,0.0
311,1380,1116.738,1,3.90625,0.01,0.0
312,1385,1116.738,1,3.90625,0.01,0.0
313,1389,1116.738,1,3.90625,0.01,0.0
314,1393,1116.738,1,3.90625,0.01,0.0
315,1398,1116.738,1,3.90625,0.01,0.0
316,1402,1116.738,1,3.90625,0.01,0.0
317,1407,1116.738,1,3.90625,0.01,0.0
318,1411,1116.738,1,3.90625,0.01,0.0
319,1416,1116.738,1,3.90625,0.01,0.0
320,1420,1094.2396,1,3.90625,0.01,0.0
321,1424,1094.2396,1,3.90625,0.01,0.0
322,1429,1094.2396,1,3.90625,0.01,0.0
323,1433,1094.2396,1,3.90625,0.01,0.0
324,1437,1094.2396,1,3.90625,0.01,0.0
325,1442,1094.2396,1,3.90625,0.01,0.0
326,1446,1094.2396,1,3.90625,0.01,0.0
327,1451,1094.2396,1,3.90625,0.01,0.0
328,1455,1094.2396,1,3.90625,0.01,0.0
329,1460,1094.2396,1,3.90625,0.01,0.0
330,1464,1071.7413,1,3.90625,0.01,0.0
331,1468,1071.7413,1,3.90625,0.01,0.0
332,1473,1071.7413,1,3.90625,0.01,0.0
333,1477,1071.7413,1,3.90625,0.01,0.0
334,1482,1071.7413,1,3.90625,0.01,0.0
335,1486,1071.7413,1,3.90625,0.01,0.0
336,1490,1071.7413,1,3.90625,0.01,0.0
337,1495,1071.7413,1,3.90625,0.01,0.0
338,1499,1071.7413,1,3.90625,0.01,0.0
339,1504,1071.7413,1,3.90625,0.01,0.0
340,1508,1049.2429,1,3.90625,0.01,0.0
341,1512,1049.2429,1,3.90625,0.01,0.0
342,1517,1049.2429,1,3.90625,0.01,0.0
343,1521,1049.2429,1,3.90625,0.01,0.0
344,1526,1049.2429,1,3.90625,0.01,0.0
345,1530,1049.2429,1,3.90625,0.01,0.0
346,1534,1049.2429,1,3.90625,0.01,0.0
347,1539,1049.2429,1,3.90625,0.01,0.0
348,1543,1049.2429,1,3.90625,0.01,0.0
349,1548,1049.2429,1,3.90625,0.01,0.0
350,1552,1026.7445,1,3.90625,0.01,0.0
351,1557,1026.7445,1,3.90625,0.01,0.0
352,1561,1026.7445,1,3.90625,0.01,0.0
353,1565,1026.7445,1,3.90625,0.01,0.0
354,1570,1026.7445,1,3.90625,0.01,0.0
355,1574,1026.7445,1,3.90625,0.01,0.0
356,1579,1026.7445,1,3.90625,0.01,0.0
357,1583,1026.7445,1,3.90625,0.01,0.0
358,1587,1026.7445,1,3.90625,0.01,0.0
359,1592,1026.7445,1,3.90625,0.01,0.0
360,1596,1004.2462,1,3.90625,0.01,0.0
361,1601,1004.2462,1,3.90625,0.01,0.0
362,1605,1004.2462,1,3.90625,0.01,0.0
363,1609,1004.2462,1,3.90625,0.01,0.0
364,1614,1004.2462,1,3.90625,0.01,0.0
365,1618,1004.2462,1,3.90625,0.01,0.0
366,1623,1004.2462,1,3.90625,0.01,0.0
367,1627,1004.2462,1,3.90625,0.01,0.0
368,1631,1004.2462,1,3.90625,0.01,0.0
369,1636,1004.2462,1,3.90625,0.01,0.0
370,1640,981.7479,1,3.90625,0.01,0.0
371,1646,981.7479,1,3.90625,0.01,0.0
372,1650,981.7479,1,3.90625,0.01,0.0
373,1655,981.7479,1,3.90625,0.01,0.0
374,1659,981.7479,1,3.90625,0.01,0.0
375,1663,981.7479,1,3.90625,0.01,0.0
376,1668,981.7479,1,3.90625,0.01,0.0
377,1672,981.7479,1,3.90625,0.01,0.0
378,1677,981.7479,1,3.90625,0.01,0.0
379,1681,981.7479,1,3.90625,0.01,0.0
380,1685,958.2267,1,3.90625,0.01,0.0
381,1690,958.2267,1,3.90625,0.01,0.0
382,1694,958.2267,1,3.90625,0.01,0.0
383,1699,958.2267,1,3.90625,0.01,0.0
384,1703,958.2267,1,3.90625,0.01,0.0
385,1708,958.2267,1,3.90625,0.01,0.0
386,1712,958.2267,1,3.90625,0.01,0.0
387,1716,958.2267,1,3.90625,0.01,0.0
388,1721,958.2267,1,3.90625,0.01,0.0
389,1725,958.2267,1,3.90625,0.01,0.0
390,1730,936.2397,1,3.90625,0.01,0.0
391,1734,936.2397,1,3.90625,0.01,0.0
392,1738,936.2397,1,3.90625,0.01,0.0
393,1743,936.2397,1,3.90625,0.01,0.0
394,1747,936.2397,1,3.90625,0.01,0.0
395,1752,936.2397,1,3.90625,0.01,0.0
396,1756,936.2397,1,3.90625,0.01,0.0
397,1761,936.2397,1,3.90625,0.01,0.0
398,1765,936.2397,1,3.90625,0.01,0.0
399,1769,936.2397,1,3.90625,0.01,0.0
400,1774,912.7187,1,3.90625,0.01,0.0
401,1778,912.7187,1,3.90625,0.01,0.0
402,1782,912.7187,1,3.90625,0.01,0.0
403,1787,912.7187,1,3.90625,0.01,0.0
404,1791,912.7187,1,3.90625,0.01,0.0
405,1796,912.7187,1,3.90625,0.01,0.0
406,1800,912.7187,1,3.90625,0.01,0.0
407,1805,912.7187,1,3.90625,0.01,0.0
408,1809,912.7187,1,3.90625,0.01,0.0
409,1813,912.7187,1,3.90625,0.01,0.0
410,1818,890.7316,1,3.90625,0.01,0.0
411,1822,890.7316,1,3.90625,0.01,0.0
412,1827,890.7316,1,3.90625,0.01,0.0
413,1831,890.7316,1,3.90625,0.01,0.0
414,1836,890.7316,1,3.90625,0.01,0.0
415,1840,890.7316,1,3.90625,0.01,0.0
416,1844,890.7316,1,3.90625,0.01,0.0
417,1849,890.7316,1,3.90625,0.01,0.0
418,1853,890.7316,1,3.90625,0.01,0.0
419,1858,890.7316,1,3.90625,0.01,0.0
420,1862,868.2333,1,3.90625,0.01,0.0
421,1866,868.2333,1,3.90625,0.01,0.0
422,1871,868.2333,1,3.90625,0.01,0.0
423,1875,868.2333,1,3.90625,0.01,0.0
424,1880,868.2333,1,3.90625,0.01,0.0
425,1884,868.2333,1,3.90625,0.01,0.0
426,1888,868.2333,1,3.90625,0.01,0.0
427,1893,868.2333,1,3.90625,0.01,0.0
428,1897,868.2333,1,3.90625,0.01,0.0
429,1902,868.2333,1,3.90625,0.01,0.0
430,1906,845.7348,1,3.90625,0.01,0.0
431,1910,845.7348,1,3.90625,0.01,0.0
432,1915,845.7348,1,3.90625,0.01,0.0
433,1919,845.7348,1,3.90625,0.01,0.0
434,1924,845.7348,1,3.90625,0.01,0.0
435,1928,845.7348,1,3.90625,0.01,0.0
436,1934,845.7348,1,3.90625,0.01,0.0
437,1938,845.7348,1,3.90625,0.01,0.0
438,1942,845.7348,1,3.90625,0.01,0.0
439,1947,845.7348,1,3.90625,0.01,0.0
440,1951,822.2138,1,3.90625,0.01,0.0
441,1956,822.2138,1,3.90625,0.01,0.0
442,1960,822.2138,1,3.90625,0.01,0.0
443,1964,822.2138,1,3.90625,0.01,0.0
444,1969,822.2138,1,3.90625,0.01,0.0
445,1973,822.2138,1,3.90625,0.01,0.0
446,1978,822.2138,1,3.90625,0.01,0.0
447,1982,822.2138,1,3.90625,0.01,0.0
448,1987,822.2138,1,3.90625,0.01,0.0
449,1991,822.2138,1,3.90625,0.01,0.0
450,1995,800.2269,1,3.90625,0.01,0.0
451,2000,800.2269,1,3.90625,0.01,0.0
452,2004,800.2269,1,3.90625,0.01,0.0
453,2008,800.2269,1,3.90625,0.01,0.0
454,2013,800.2269,1,3.90625,0.01,0.0
455,2017,800.2269,1,3.90625,0.01,0.0
456,2022,800.2269,1,3.90625,0.01,0.0
457,2026,800.2269,1,3.90625,0.01,0.0
458,2031,800.2269,1,3.90625,0.01,0.0
459,2035,800.2269,1,3.90625,0.01,0.0
460,2039,777.7282,1,3.90625,0.01,0.0
461,2044,777.7282,1,3.90625,0.01,0.0
462,2048,777.7282,1,3.90625,0.01,0.0
463,2053,777.7282,1,3.90625,0.01,0.0
464,2057,777.7282,1,3.90625,0.01,0.0
465,2061,777.7282,1,3.90625,0.01,0.0
466,2066,777.7282,1,3.90625,0.01,0.0
467,2070,777.7282,1,3.90625,0.01,0.0
468,2075,777.7282,1,3.90625,0.01,0.0
469,2079,777.7282,1,3.90625,0.01,0.0
470,2084,755.23,1,3.90625,0.01,0.0
471,2088,755.23,1,3.90625,0.01,0.0
472,2092,755.23,1,3.90625,0.01,0.0
473,2097,755.23,1,3.90625,0.01,0.0
474,2101,755.23,1,3.90625,0.01,0.0
475,2105,755.23,1,3.90625,0.01,0.0
476,2110,755.23,1,3.90625,0.01,0.0
477,2114,755.23,1,3.90625,0.01,0.0
478,2119,755.23,1,3.90625,0.01,0.0
479,2123,755.23,1,3.90625,0.01,0.0
480,2128,731.709,1,3.90625,0.01,0.0
481,2132,731.709,1,3.90625,0.01,0.0
482,2136,731.709,1,3.90625,0.01,0.0
483,2141,731.709,1,3.90625,0.01,0.0
484,2145,731.709,1,3.90625,0.01,0.0
485,2150,731.709,1,3.90625,0.01,0.0
486,2154,731.709,1,3.90625,0.01,0.0
487,2158,731.709,1,3.90625,0.01,0.0
488,2163,731.709,1,3.90625,0.01,0.0
489,2167,731.709,1,3.90625,0.01,0.0
490,2172,709.7219,1,3.90625,0.01,0.0
491,2176,709.7219,1,3.90625,0.01,0.0
492,2181,709.7219,1,3.90625,0.01,0.0
493,2185,709.7219,1,3.90625,0.01,0.0
494,2189,709.7219,1,3.90625,0.01,0.0
495,2194,709.7219,1,3.90625,0.01,0.0
496,2198,709.7219,1,3.90625,0.01,0.0
497,2203,709.7219,1,3.90625,0.01,0.0
498,2207,709.7219,1,3.90625,0.01,0.0
499,2211,709.7219,1,3.90625,0.01,0.0
500,2216,687.2236,1,3.90625,0.01,0.0
501,2220,687.2236,1,3.90625,0.01,0.0
502,2225,687.2236,1,3.90625,0.01,0.0
503,2229,687.2236,1,3.90625,0.01,0.0
504,2234,687.2236,1,3.90625,0.01,0.0
505,2238,687.2236,1,3.90625,0.01,0.0
506,2242,687.2236,1,3.90625,0.01,0.0
507,2247,687.2236,1,3.90625,0.01,0.0
508,2251,687.2236,1,3.90625,0.01,0.0
509,2255,687.2236,1,3.90625,0.01,0.0
510,2260,664.725,1,3.90625,0.01,0.0
511,2264,664.725,1,3.90625,0.01,0.0
512,2269,664.725,1,3.90625,0.01,0.0
513,2273,664.725,1,3.90625,0.01,0.0
514,2278,664.725,1,3.90625,0.01,0.0
515,2282,664.725,1,3.90625,0.01,0.0
516,2286,664.725,1,3.90625,0.01,0.0
517,2291,664.725,1,3.90625,0.01,0.0
518,2295,664.725,1,3.90625,0.01,0.0
519,2300,664.725,1,3.90625,0.01,0.0
520,2304,642.2267,1,3.90625,0.01,0.0
521,2308,642.2267,1,3.90625,0.01,0.0
522,2313,642.2267,1,3.90625,0.01,0.0
523,2317,642.2267,1,3.90625,0.01,0.0
524,2322,642.2267,1,3.90625,0.01,0.0
525,2326,642.2267,1,3.90625,0.01,0.0
526,2331,642.2267,1,3.90625,0.01,0.0
527,2335,642.2267,1,3.90625,0.01,0.0
528,2339,642.2267,1,3.90625,0.01,0.0
529,2344,642.2267,1,3.90625,0.01,0.0
530,2348,619.7283,1,3.90625,0.01,0.0
531,2352,619.7283,1,3.90625,0.01,0.0
532,2357,619.7283,1,3.90625,0.01,0.0
533,2361,619.7283,1,3.90625,0.01,0.0
534,2366,619.7283,1,3.90625,0.01,0.0
535,2370,619.7283,1,3.90625,0.01,0.0
536,2375,619.7283,1,3.90625,0.01,0.0
537,2379,619.7283,1,3.90625,0.01,0.0
538,2383,619.7283,1,3.90625,0.01,0.0
539,2388,619.7283,1,3.90625,0.01,0.0
540,2392,597.23,1,3.90625,0.01,0.0
541,2397,597.23,1,3.90625,0.01,0.0
542,2401,597.23,1,3.90625,0.01,0.0
543,2405,597.23,1,3.90625,0.01,0.0
544,2410,597.23,1,3.90625,0.01,0.0
545,2414,597.23,1,3.90625,0.01,0.0
546,2419,597.23,1,3.90625,0.01,0.0
547,2423,597.23,1,3.90625,0.01,0.0
548,2428,597.23,1,3.90625,0.01,0.0
549,2432,597.23,1,3.90625,0.01,0.0
550,2436,574.7316,1,3.90625,0.01,0.0
551,2441,574.7316,1,3.90625,0.01,0.0
552,2445,574.7316,1,3.90625,0.01,0.0
553,2449,574.7316,1,3.90625,0.01,0.0
554,2454,574.7316,1,3.90625,0.01,0.0
555,2458,574.7316,1,3.90625,0.01,0.0
556,2463,574.7316,1,3.90625,0.01,0.0
557,2467,574.7316,1,3.90625,0.01,0.0
558,2472,574.7316,1,3.90625,0.01,0.0
559,2476,574.7316,1,3.90625,0.01,0.0
560,2481,552.2332,1,3.90625,0.01,0.0
561,2485,552.2332,1,3.90625,0.01,0.0
562,2489,552.2332,1,3.90625,0.01,0.0
563,2494,552.2332,1,3.90625,0.01,0.0
564,2498,552.2332,1,3.90625,0.01,0.0
565,2502,552.2332,1,3.90625,0.01,0.0
566,2507,552.2332,1,3.90625,0.01,0.0
567,2511,552.2332,1,3.90625,0.01,0.0
568,2516,552.2332,1,3.90625,0.01,0.0
569,2520,552.2332,1,3.90625,0.01,0.0
570,2525,528.712,1,3.90625,0.01,0.0
571,2529,528.712,1,3.90625,0.01,0.0
572,2533,528.712,1,3.90625,0.01,0.0
573,2538,528.712,1,3.90625,0.01,0.0
574,2542,528.712,1,3.90625,0.01,0.0
575,2547,528.712,1,3.90625,0.01,0.0
576,2551,528.712,1,3.90625,0.01,0.0
577,2556,528.712,1,3.90625,0.01,0.0
578,2560,528.712,1,3.90625,0.01,0.0
579,2564,528.712,1,3.90625,0.01,0.0
580,2569,506.7251,1,3.90625,0.01,0.0
581,2573,506.7251,1,3.90625,0.01,0.0
582,2578,506.7251,1,3.90625,0.01,0.0
583,2582,506.7251,1,3.90625,0.01,0.0
584,2586,506.7251,1,3.90625,0.01,0.0
585,2591,506.7251,1,3.90625,0.01,0.0
586,2595,506.7251,1,3.90625,0.01,0.0
587,2600,506.7251,1,3.90625,0.01,0.0
588,2604,506.7251,1,3.90625,0.01,0.0
589,2609,506.7251,1,3.90625,0.01,0.0
590,2613,484.2267,1,3.90625,0.01,0.0
591,2617,484.2267,1,3.90625,0.01,0.0
592,2622,484.2267,1,3.90625,0.01,0.0
593,2626,484.2267,1,3.90625,0.01,0.0
594,2630,484.2267,1,3.90625,0.01,0.0
595,2635,484.2267,1,3.90625,0.01,0.0
596,2639,484.2267,1,3.90625,0.01,0.0
597,2644,484.2267,1,3.90625,0.01,0.0
598,2648,484.2267,1,3.90625,0.01,0.0
599,2653,484.2267,1,3.90625,0.01,0.0
600,2657,461.7283,1,3.90625,0.01,0.0
601,2662,461.7283,1,3.90625,0.01,0.0
602,2666,461.7283,1,3.90625,0.01,0.0
603,2670,461.7283,1,3.90625,0.01,0.0
604,2675,461.7283,1,3.90625,0.01,0.0
605,2679,461.7283,1,3.90625,0.01,0.0
606,2683,461.7283,1,3.90625,0.01,0.0
607,2688,461.7283,1,3.90625,0.01,0.0
608,2692,461.7283,1,3.90625,0.01,0.0
609,2697,461.7283,1,3.90625,0.01,0.0
610,2701,439.2299,1,3.90625,0.01,0.0
611,2706,439.2299,1,3.90625,0.01,0.0
612,2710,439.2299,1,3.90625,0.01,0.0
613,2714,439.2299,1,3.90625,0.01,0.0
614,2719,439.2299,1,3.90625,0.01,0.0
615,2723,439.2299,1,3.90625,0.01,0.0
616,2728,439.2299,1,3.90625,0.01,0.0
617,2732,439.2299,1,3.90625,0.01,0.0
618,2736,439.2299,1,3.90625,0.01,0.0
619,2741,439.2299,1,3.90625,0.01,0.0
620,2745,416.7316,1,3.90625,0.01,0.0
621,2750,416.7316,1,3.90625,0.01,0.0
622,2754,416.7316,1,3.90625,0.01,0.0
623,2759,416.7316,1,3.90625,0.01,0.0
624,2763,416.7316,1,3.90625,0.01,0.0
625,2767,416.7316,1,3.90625,0.01,0.0
626,2772,416.7316,1,3.90625,0.01,0.0
627,2776,416.7316,1,3.90625,0.01,0.0
628,2781,416.7316,1,3.90625,0.01,0.0
629,2785,416.7316,1,3.90625,0.01,0.0
630,2789,394.2332,1,3.90625,0.01,0.0
631,2794,394.2332,1,3.90625,0.01,0.0
632,2798,394.2332,1,3.90625,0.01,0.0
633,2803,394.2332,1,3.90625,0.01,0.0
634,2807,394.2332,1,3.90625,0.01,0.0
635,2811,394.2332,1,3.90625,0.01,0.0
636,2816,394.2332,1,3.90625,0.01,0.0
637,2820,394.2332,1,3.90625,0.01,0.0
638,2825,394.2332,1,3.90625,0.01,0.0
639,2829,394.2332,1,3.90625,0.01,0.0
640,2833,371.7346,1,3.90625,0.01,0.0
641,2838,371.7346,1,3.90625,0.01,0.0
642,2842,371.7346,1,3.90625,0.01,0.0
643,2847,371.7346,1,3.90625,0.01,0.0
644,2851,371.7346,1,3.90625,0.01,0.0
645,2856,371.7346,1,3.90625,0.01,0.0
646,2860,371.7346,1,3.90625,0.01,0.0
647,2864,371.7346,1,3.90625,0.01,0.0
648,2869,371.7346,1,3.90625,0.01,0.0
649,2873,371.7346,1,3.90625,0.01,0.0
650,2878,348.2138,1,3.90625,0.01,0.0
651,2882,348.2138,1,3.90625,0.01,0.0
652,2886,348.2138,1,3.90625,0.01,0.0
653,2891,348.2138,1,3.90625,0.01,0.0
654,2895,348.2138,1,3.90625,0.01,0.0
655,2900,348.2138,1,3.90625,0.01,0.0
656,2904,348.2138,1,3.90625,0.01,0.0
657,2909,348.2138,1,3.90625,0.01,0.0
658,2913,348.2138,1,3.90625,0.01,0.0
659,2917,348.2138,1,3.90625,0.01,0.0
660,2922,326.2267,1,3.90625,0.01,0.0
661,2926,326.2267,1,3.90625,0.01,0.0
662,2931,326.2267,1,3.90625,0.01,0.0
663,2935,326.2267,1,3.90625,0.01,0.0
664,2939,326.2267,1,3.90625,0.01,0.0
665,2944,326.2267,1,3.90625,0.01,0.0
666,2948,326.2267,1,3.90625,0.01,0.0
667,2953,326.2267,1,3.90625,0.01,0.0
668,2957,326.2267,1,3.90625,0.01,0.0
669,2962,326.2267,1,3.90625,0.01,0.0
670,2966,303.7283,1,3.90625,0.01,0.0
671,2970,303.7283,1,3.90625,0.01,0.0
672,2975,303.7283,1,3.90625,0.01,0.0
673,2979,303.7283,1,3.90625,0.01,0.0
674,2983,303.7283,1,3.90625,0.01,0.0
675,2988,303.7283,1,3.90625,0.01,0.0
676,2992,303.7283,1,3.90625,0.01,0.0
677,2997,303.7283,1,3.90625,0.01,0.0
678,3001,303.7283,1,3.90625,0.01,0.0
679,3006,303.7283,1,3.90625,0.01,0.0
680,3010,281.2299,1,3.90625,0.01,0.0
681,3014,281.2299,1,3.90625,0.01,0.0
682,3019,281.2299,1,3.90625,0.01,0.0
683,3023,281.2299,1,3.90625,0.01,0.0
684,3028,281.2299,1,3.90625,0.01,0.0
685,3032,281.2299,1,3.90625,0.01,0.0
686,3037,281.2299,1,3.90625,0.01,0.0
687,3041,281.2299,1,3.90625,0.01,0.0
688,3045,281.2299,1,3.90625,0.01,0.0
689,3050,281.2299,1,3.90625,0.01,0.0
690,3054,258.7314,1,3.90625,0.01,0.0
691,3059,258.7314,1,3.90625,0.01,0.0
692,3063,258.7314,1,3.90625,0.01,0.0
693,3067,258.7314,1,3.90625,0.01,0.0
694,3072,258.7314,1,3.90625,0.01,0.0
695,3076,258.7314,1,3.90625,0.01,0.0
696,3081,258.7314,1,3.90625,0.01,0.0
697,3085,258.7314,1,3.90625,0.01,0.0
698,3089,258.7314,1,3.90625,0.01,0.0
699,3094,258.7314,1,3.90625,0.01,0.0
700,3098,236.2331,1,3.90625,0.01,0.0
701,3103,236.2331,1,3.90625,0.01,0.0
702,3107,236.2331,1,3.90625,0.01,0.0
703,3111,236.2331,1,3.90625,0.01,0.0
704,3116,236.2331,1,3.90625,0.01,0.0
705,3120,236.2331,1,3.90625,0.01,0.0
706,3125,236.2331,1,3.90625,0.01,0.0
707,3129,236.2331,1,3.90625,0.01,0.0
708,3135,236.2331,1,3.90625,0.01,0.0
709,3139,236.2331,1,3.90625,0.01,0.0
710,3143,212.7122,1,3.90625,0.01,0.0
711,3148,212.7122,1,3.90625,0.01,0.0
712,3152,212.7122,1,3.90625,0.01,0.0
713,3157,212.7122,1,3.90625,0.01,0.0
714,3161,212.7122,1,3.90625,0.01,0.0
715,3165,212.7122,1,3.90625,0.01,0.0
716,3170,212.7122,1,3.90625,0.01,0.0
717,3174,212.7122,1,3.90625,0.01,0.0
718,3179,212.7122,1,3.90625,0.01,0.0
719,3183,212.7122,1,3.90625,0.01,0.0
720,3188,190.7251,1,3.90625,0.01,0.0
721,3192,190.7251,1,3.90625,0.01,0.0
722,3196,190.7251,1,3.90625,0.01,0.0
723,3201,190.7251,1,3.90625,0.01,0.0
724,3205,190.7251,1,3.90625,0.01,0.0
725,3209,190.7251,1,3.90625,0.01,0.0
726,3214,190.7251,1,3.90625,0.01,0.0
727,3218,190.7251,1,3.90625,0.01,0.0
728,3223,190.7251,1,3.90625,0.01,0.0
729,3227,190.7251,1,3.90625,0.01,0.0
730,3232,167.2039,1,3.90625,0.01,0.0
731,3236,167.2039,1,3.90625,0.01,0.0
732,3241,167.2039,1,3.90625,0.01,0.0
733,3245,167.2039,1,3.90625,0.01,0.0
734,3249,167.2039,1,3.90625,0.01,0.0
735,3254,167.2039,1,3.90625,0.01,0.0
736,3258,167.2039,1,3.90625,0.01,0.0
737,3262,167.2039,1,3.90625,0.01,0.0
738,3267,167.2039,1,3.90625,0.01,0.0
739,3271,167.2039,1,3.90625,0.01,0.0
740,3276,145.2169,1,3.90625,0.01,0.0
741,3280,145.2169,1,3.90625,0.01,0.0
742,3285,145.2169,1,3.90625,0.01,0.0
743,3289,145.2169,1,3.90625,0.01,0.0
744,3293,145.2169,1,3.90625,0.01,0.0
745,3298,145.2169,1,3.90625,0.01,0.0
746,3302,145.2169,1,3.90625,0.01,0.0
747,3307,145.2169,1,3.90625,0.01,0.0
748,3311,145.2169,1,3.90625,0.01,0.0
749,3315,145.2169,1,3.90625,0.01,0.0
750,3320,122.7186,1,3.90625,0.01,0.0
751,3324,122.7186,1,3.90625,0.01,0.0
752,3329,122.7186,1,3.90625,0.01,0.0
753,3333,122.7186,1,3.90625,0.01,0.0
754,3338,122.7186,1,3.90625,0.01,0.0
755,3342,122.7186,1,3.90625,0.01,0.0
756,3346,122.7186,1,3.90625,0.01,0.0
757,3351,122.7186,1,3.90625,0.01,0.0
758,3355,122.7186,1,3.90625,0.01,0.0
759,3360,122.7186,1,3.90625,0.01,0.0
760,3364,100.2202,1,3.90625,0.01,0.0
761,3368,100.2202,1,3.90625,0.01,0.0
762,3373,100.2202,1,3.90625,0.01,0.0
763,3377,100.2202,1,3.90625,0.01,0.0
764,3382,100.2202,1,3.90625,0.01,0.0
765,3386,100.2202,1,3.90625,0.01,0.0
766,3391,100.2202,1,3.90625,0.01,0.0
767,3395,100.2202,1,3.90625,0.01,0.0
768,3399,100.2202,1,3.90625,0.01,0.0
769,3404,100.2202,1,3.90625,0.01,0.0
770,3408,77.7218,1,3.90625,0.01,0.0
771,3413,77.7218,1,3.90625,0.01,0.0
772,3417,77.7218,1,3.90625,0.01,0.0
773,3421,77.7218,1,3.90625,0.01,0.0
774,3426,77.7218,1,3.90625,0.01,0.0
775,3430,77.7218,1,3.90625,0.01,0.0
776,3435,77.7218,1,3.90625,0.01,0.0
777,3439,77.7218,1,3.90625,0.01,0.0
778,3443,77.7218,1,3.90625,0.01,0.0
779,3448,77.7218,1,3.90625,0.01,0.0
780,3452,55.2235,1,3.90625,0.01,0.0
781,3457,55.2235,1,3.90625,0.01,0.0
782,3461,55.2235,1,3.90625,0.01,0.0
783,3466,55.2235,1,3.90625,0.01,0.0
784,3470,55.2235,1,3.90625,0.01,0.0
785,3474,55.2235,1,3.90625,0.01,0.0
786,3479,55.2235,1,3.90625,0.01,0.0
787,3483,55.2235,1,3.90625,0.01,0.0
788,3488,55.2235,1,3.90625,0.01,0.0
789,3492,55.2235,1,3.90625,0.01,0.0
790,3496,32.7249,1,3.90625,0.01,0.0
791,3501,32.7249,1,3.90625,0.01,0.0
792,3505,32.7249,1,3.90625,0.01,0.0
793,3510,32.7249,1,3.90625,0.01,0.0
794,3514,32.7249,1,3.90625,0.01,0.0
795,3519,32.7249,1,3.90625,0.01,0.0
796,3523,32.7249,1,3.90625,0.01,0.0
797,3527,32.7249,1,3.90625,0.01,0.0
798,3532,32.7249,1,3.90625,0.01,0.0
799,3536,32.7249,1,3.90625,0.01,0.0
800,3540,10.2266,1,3.90625,0.01,0.0
801,3545,10.2266,1,3.90625,0.01,0.0
802,3549,10.2266,1,3.90625,0.01,0.0
803,3554,10.2266,1,3.90625,0.01,0.0
804,3558,10.2266,1,3.90625,0.01,0.0
805,3562,10.2266,1,3.90625,0.01,0.0
806,3567,10.2266,1,3.90625,0.01,0.0
807,3571,10.2266,1,3.90625,0.01,0.0
808,3575,10.2266,1,3.90625,0.01,0.0
809,3580,10.2266,1,3.90625,0.01,0.0
810,3584,-12.2718,1,3.90625,0.01,0.0
811,3588,-12.2718,1,3.90625,0.01,0.0
812,3592,-12.2718,1,3.90625,0.01,0.0
813,3596,-12.2718,1,3.90625,0.01,0.0
814,3599,-12.2718,1,3.90625,0.01,0.0
815,3602,-12.2718,1,3.90625,0.01,0.0
816,3606,-12.2718,1,3.90625,0.01,0.0
817,3608,-12.2718,1,3.90625,0.01,0.0
818,3611,-12.2718,1,3.90625,0.01,0.0
819,3614,-12.2718,1,3.90625,0.01,0.0
820,3616,-24.5436,1,3.90625,0.01,0.0
821,3618,-24.5436,1,3.90625,0.01,0.0
822,3620,-24.5436,1,3.90625,0.01,0.0
823,3622,-24.5436,1,3.90625,0.01,0.0
824,3624,-24.5436,1,3.90625,0.01,0.0
825,3625,-24.5436,1,3.90625,0.01,0.0
826,3626,-24.5436,1,3.90625,0.01,0.0
827,3627,-24.5436,1,3.90625,0.01,0.0
828,3628,-24.5436,1,3.90625,0.01,0.0
829,3629,-24.5436,1,3.90625,0.01,0.0
830,3630,-22.4984,1,3.90625,0.01,0.0
831,3630,-22.4984,1,3.90625,0.01,0.0
832,3631,-22.4984,1,3.90625,0.01,0.0
833,3631,-22.4984,1,3.90625,0.01,0.0
834,3631,-22.4984,1,3.90625,0.01,0.0
835,3631,-22.4984,1,3.90625,0.01,0.0
836,3630,-22.4984,1,3.90625,0.01,0.0
837,3630,-22.4984,1,3.90625,0.01,0.0
838,3629,-22.4984,1,3.90625,0.01,0.0
839,3628,-22.4984,1,3.90625,0.01,0.0
840,3628,-13.8056,1,3.90625,0.01,0.0
841,3627,-13.8056,1,3.90625,0.01,0.0
842,3626,-13.8056,1,3.90625,0.01,0.0
843,3625,-13.8056,1,3.90625,0.01,0.0
844,3624,-13.8056,1,3.90625,0.01,0.0
845,3622,-13.8056,1,3.90625,0.01,0.0
846,3621,-13.8056,1,3.90625,0.01,0.0
847,3619,-13.8056,1,3.90625,0.01,0.0
848,3618,-13.8056,1,3.90625,0.01,0.0
849,3616,-13.8056,1,3.90625,0.01,0.0
850,3614,-2.0452,1,3.90625,0.01,0.0
851,3612,-2.0452,1,3.90625,0.01,0.0
852,3610,-2.0452,1,3.90625,0.01,0.0
853,3609,-2.0452,1,3.90625,0.01,0.0
854,3607,-2.0452,1,3.90625,0.01,0.0
855,3605,-2.0452,1,3.90625,0.01,0.0
856,3603,-2.0452,1,3.90625,0.01,0.0
857,3602,-2.0452,1,3.90625,0.01,0.0
858,3600,-2.0452,1,3.90625,0.01,0.0
859,3598,-2.0452,1,3.90625,0.01,0.0
860,3597,10.2265,1,3.90625,0.01,0.0
861,3595,10.2265,1,3.90625,0.01,0.0
862,3594,10.2265,1,3.90625,0.01,0.0
863,3593,10.2265,1,3.90625,0.01,0.0
864,3592,10.2265,1,3.90625,0.01,0.0
865,3591,10.2265,1,3.90625,0.01,0.0
866,3590,10.2265,1,3.90625,0.01,0.0
867,3590,10.2265,1,3.90625,0.01,0.0
868,3589,10.2265,1,3.90625,0.01,0.0
869,3589,10.2265,1,3.90625,0.01,0.0
870,3589,10.2266,1,3.90625,0.01,0.0
871,3589,10.2266,1,3.90625,0.01,0.0
872,3589,10.2266,1,3.90625,0.01,0.0
873,3589,10.2266,1,3.90625,0.01,0.0
874,3589,10.2266,1,3.90625,0.01,0.0
875,3590,10.2266,1,3.90625,0.01,0.0
876,3590,10.2266,1,3.90625,0.01,0.0
877,3591,10.2266,1,3.90625,0.01,0.0
878,3591,10.2266,1,3.90625,0.01,0.0
879,3592,10.2266,1,3.90625,0.01,0.0
880,3593,2.5567,1,3.90625,0.01,0.0
881,3594,2.5567,1,3.90625,0.01,0.0
882,3595,2.5567,1,3.90625,0.01,0.0
883,3597,2.5567,1,3.90625,0.01,0.0
884,3598,2.5567,1,3.90625,0.01,0.0
885,3599,2.5567,1,3.90625,0.01,0.0
886,3600,2.5567,1,3.90625,0.01,0.0
887,3601,2.5567,1,3.90625,0.01,0.0
888,3602,2.5567,1,3.90625,0.01,0.0
889,3603,2.5567,1,3.90625,0.01,0.0
890,3604,-7.1584,1,3.90625,0.01,0.0
891,3605,-7.1584,1,3.90625,0.01,0.0
892,3606,-7.1584,1,3.90625,0.01,0.0
893,3607,-7.1584,1,3.90625,0.01,0.0
894,3607,-7.1584,1,3.90625,0.01,0.0
895,3608,-7.1584,1,3.90625,0.01,0.0
896,3608,-7.1584,1,3.90625,0.01,0.0
897,3609,-7.1584,1,3.90625,0.01,0.0
898,3609,-7.1584,1,3.90625,0.01,0.0
899,3609,-7.1584,1,3.90625,0.01,0.0
900,3609,-7.6698,1,3.90625,0.01,0.0
901,3609,-7.6698,1,3.90625,0.01,0.0
902,3609,-7.6698,1,3.90625,0.01,0.0
903,3608,-7.6698,1,3.90625,0.01,0.0
904,3608,-7.6698,1,3.90625,0.01,0.0
905,3607,-7.6698,1,3.90625,0.01,0.0
906,3607,-7.6698,1,3.90625,0.01,0.0
907,3606,-7.6698,1,3.90625,0.01,0.0
908,3605,-7.6698,1,3.90625,0.01,0.0
909,3604,-7.6698,1,3.90625,0.01,0.0
910,3604,0.5115,1,3.90625,0.01,0.0
911,3603,0.5115,1,3.90625,0.01,0.0
912,3602,0.5115,1,3.90625,0.01,0.0
913,3601,0.5115,1,3.90625,0.01,0.0
914,3600,0.5115,1,3.90625,0.01,0.0
915,3599,0.5115,1,3.90625,0.01,0.0
916,3598,0.5115,1,3.90625,0.01,0.0
917,3598,0.5115,1,3.90625,0.01,0.0
918,3597,0.5115,1,3.90625,0.01,0.0
919,3596,0.5115,1,3.90625,0.01,0.0
920,3596,6.1359,1,3.90625,0.01,0.0
921,3595,6.1359,1,3.90625,0.01,0.0
922,3595,6.1359,1,3.90625,0.01,0.0
923,3594,6.1359,1,3.90625,0.01,0.0
924,3594,6.1359,1,3.90625,0.01,0.0
925,3594,6.1359,1,3.90625,0.01,0.0
926,3594,6.1359,1,3.90625,0.01,0.0
927,3594,6.1359,1,3.90625,0.01,0.0
928,3594,6.1359,1,3.90625,0.01,0.0
929,3594,6.1359,1,3.90625,0.01,0.0
930,3594,4.0908,1,3.90625,0.01,0.0
931,3594,4.0908,1,3.90625,0.01,0.0
932,3595,4.0908,1,3.90625,0.01,0.0
933,3595,4.0908,1,3.90625,0.01,0.0
934,3595,4.0908,1,3.90625,0.01,0.0
935,3596,4.0908,1,3.90625,0.01,0.0
936,3596,4.0908,1,3.90625,0.01,0.0
937,3597,4.0908,1,3.90625,0.01,0.0
938,3598,4.0908,1,3.90625,0.01,0.0
939,3598,4.0908,1,3.90625,0.01,0.0
940,3599,-1.0227,1,3.90625,0.01,0.0
941,3599,-1.0227,1,3.90625,0.01,0.0
942,3600,-1.0227,1,3.90625,0.01,0.0
943,3600,-1.0227,1,3.90625,0.01,0.0
944,3601,-1.0227,1,3.90625,0.01,0.0
945,3601,-1.0227,1,3.90625,0.01,0.0
946,3602,-1.0227,1,3.90625,0.01,0.0
947,3602,-1.0227,1,3.90625,0.01,0.0
948,3603,-1.0227,1,3.90625,0.01,0.0
949,3603,-1.0227,1,3.90625,0.01,0.0
950,3604,-4.0904,1,3.90625,0.01,0.0
951,3604,-4.0904,1,3.90625,0.01,0.0
952,3604,-4.0904,1,3.90625,0.01,0.0
953,3604,-4.0904,1,3.90625,0.01,0.0
954,3604,-4.0904,1,3.90625,0.01,0.0
955,3605,-4.0904,1,3.90625,0.01,0.0
956,3605,-4.0904,1,3.90625,0.01,0.0
957,3605,-4.0904,1,3.90625,0.01,0.0
958,3605,-4.0904,1,3.90625,0.01,0.0
959,3605,-4.0904,1,3.90625,0.01,0.0
960,3604,-3.5793,1,3.90625,0.01,0.0
961,3604,-3.5793,1,3.90625,0.01,0.0
962,3604,-3.5793,1,3.90625,0.01,0.0
963,3604,-3.5793,1,3.90625,0.01,0.0
964,3604,-3.5793,1,3.90625,0.01,0.0
965,3603,-3.5793,1,3.90625,0.01,0.0
966,3603,-3.5793,1,3.90625,0.01,0.0
967,3603,-3.5793,1,3.90625,0.01,0.0
968,3602,-3.5793,1,3.90625,0.01,0.0
969,3602,-3.5793,1,3.90625,0.01,0.0
970,3601,0.5114,1,3.90625,0.01,0.0
971,3601,0.5114,1,3.90625,0.01,0.0
972,3601,0.5114,1,3.90625,0.01,0.0
973,3600,0.5114,1,3.90625,0.01,0.0
974,3600,0.5114,1,3.90625,0.01,0.0
975,3599,0.5114,1,3.90625,0.01,0.0
976,3599,0.5114,1,3.90625,0.01,0.0
977,3599,0.5114,1,3.90625,0.01,0.0
978,3599,0.5114,1,3.90625,0.01,0.0
979,3598,0.5114,1,3.90625,0.01,0.0
980,3598,3.068,1,3.90625,0.01,0.0
981,3598,3.068,1,3.90625,0.01,0.0
982,3598,3.068,1,3.90625,0.01,0.0
983,3597,3.068,1,3.90625,0.01,0.0
984,3597,3.068,1,3.90625,0.01,0.0
985,3597,3.068,1,3.90625,0.01,0.0
986,3597,3.068,1,3.90625,0.01,0.0
987,3597,3.068,1,3.90625,0.01,0.0
988,3597,3.068,1,3.90625,0.01,0.0
989,3597,3.068,1,3.90625,0.01,0.0
990,3597,2.0455,1,3.90625,0.01,0.0
991,3598,2.0455,1,3.90625,0.01,0.0
992,3598,2.0455,1,3.90625,0.01,0.0
993,3598,2.0455,1,3.90625,0.01,0.0
994,3598,2.0455,1,3.90625,0.01,0.0
995,3598,2.0455,1,3.90625,0.01,0.0
996,3599,2.0455,1,3.90625,0.01,0.0
997,3599,2.0455,1,3.90625,0.01,0.0
998,3599,2.0455,1,3.90625,0.01,0.0
999,3599,2.0455,1,3.90625,0.01,0.0
1000,3600,-0.5113,1,3.90625,0.01,0.0
1001,3600,-0.5113,1,3.90625,0.01,0.0
1002,3600,-0.5113,1,3.90625,0.01,0.0
1003,3600,-0.5113,1,3.90625,0.01,0.0
1004,3601,-0.5113,1,3.90625,0.01,0.0
1005,3601,-0.5113,1,3.90625,0.01,0.0
1006,3601,-0.5113,1,3.90625,0.01,0.0
1007,3601,-0.5113,1,3.90625,0.01,0.0
1008,3601,-0.5113,1,3.90625,0.01,0.0
1009,3602,-0.5113,1,3.90625,0.01,0.0
1010,3602,-2.5566,1,3.90625,0.01,0.0
1011,3602,-2.5566,1,3.90625,0.01,0.0
1012,3602,-2.5566,1,3.90625,0.01,0.0
1013,3602,-2.5566,1,3.90625,0.01,0.0
1014,3602,-2.5566,1,3.90625,0.01,0.0
1015,3602,-2.5566,1,3.90625,0.01,0.0
1016,3602,-2.5566,1,3.90625,0.01,0.0
1017,3602,-2.5566,1,3.90625,0.01,0.0
1018,3602,-2.5566,1,3.90625,0.01,0.0
1019,3602,-2.5566,1,3.90625,0.01,0.0
1020,3602,-1.0226,1,3.90625,0.01,0.0
1021,3601,-1.0226,1,3.90625,0.01,0.0
1022,3601,-1.0226,1,3.90625,0.01,0.0
1023,3601,-1.0226,1,3.90625,0.01,0.0
1024,3601,-1.0226,1,3.90625,0.01,0.0
1025,3601,-1.0226,1,3.90625,0.01,0.0
1026,3600,-1.0226,1,3.90625,0.01,0.0
1027,3600,-1.0226,1,3.90625,0.01,0.0
1028,3600,-1.0226,1,3.90625,0.01,0.0
1029,3600,-1.0226,1,3.90625,0.01,0.0
1030,3600,1.0228,1,3.90625,0.01,0.0
1031,3599,1.0228,1,3.90625,0.01,0.0
1032,3599,1.0228,1,3.90625,0.01,0.0
1033,3599,1.0228,1,3.90625,0.01,0.0
1034,3599,1.0228,1,3.90625,0.01,0.0
1035,3599,1.0228,1,3.90625,0.01,0.0
1036,3599,1.0228,1,3.90625,0.01,0.0
1037,3599,1.0228,1,3.90625,0.01,0.0
1038,3599,1.0228,1,3.90625,0.01,0.0
1039,3599,1.0228,1,3.90625,0.01,0.0
1040,3599,1.0227,1,3.90625,0.01,0.0
1041,3599,1.0227,1,3.90625,0.01,0.0
1042,3599,1.0227,1,3.90625,0.01,0.0
1043,3599,1.0227,1,3.90625,0.01,0.0
1044,3599,1.0227,1,3.90625,0.01,0.0
1045,3599,1.0227,1,3.90625,0.01,0.0
1046,3599,1.0227,1,3.90625,0.01,0.0
1047,3599,1.0227,1,3.90625,0.01,0.0
1048,3599,1.0227,1,3.90625,0.01,0.0
1049,3599,1.0227,1,3.90625,0.01,0.0
1050,3599,0.5114,1,3.90625,0.01,0.0
1051,3599,0.5114,1,3.90625,0.01,0.0
1052,3599,0.5114,1,3.90625,0.01,0.0
1053,3599,0.5114,1,3.90625,0.01,0.0
1054,3599,0.5114,1,3.90625,0.01,0.0
1055,3599,0.5114,1,3.90625,0.01,0.0
1056,3599,0.5114,1,3.90625,0.01,0.0
1057,3599,0.5114,1,3.90625,0.01,0.0
1058,3599,0.5114,1,3.90625,0.01,0.0
1059,3600,0.5114,1,3.90625,0.01,0.0
