TIME,PULSES,CONTROLLERVOLTAGE,CONTROLLER,KP,TAUD,TAUI 
0,0,0.0005,0,7.8125,0.0,0.0
1,0,0.0005,0,7.8125,0.0,0.0
2,0,0.0005,0,7.8125,0.0,0.0
3,0,0.0005,0,7.8125,0.0,0.0
4,0,0.0005,0,7.8125,0.0,0.0
5,0,0.0005,0,7.8125,0.0,0.0
6,0,0.0005,0,7.8125,0.0,0.0
7,0,0.0005,0,7.8125,0.0,0.0
8,0,0.0005,0,7.8125,0.0,0.0
9,0,0.0005,0,7.8125,0.0,0.0
10,0,3681.5542,0,7.8125,0.0,0.0
11,0,3681.5542,0,7.8125,0.0,0.0
12,0,3681.5542,0,7.8125,0.0,0.0
13,0,3681.5542,0,7.8125,0.0,0.0
14,1,3681.5542,0,7.8125,0.0,0.0
15,2,3681.5542,0,7.8125,0.0,0.0
16,2,3681.5542,0,7.8125,0.0,0.0
17,3,3681.5542,0,7.8125,0.0,0.0
18,4,3681.5542,0,7.8125,0.0,0.0
19,5,3681.5542,0,7.8125,0.0,0.0
20,6,3676.4407,0,7.8125,0.0,0.0
21,8,3676.4407,0,7.8125,0.0,0.0
22,9,3676.4407,0,7.8125,0.0,0.0
23,10,3676.4407,0,7.8125,0.0,0.0
24,12,3676.4407,0,7.8125,0.0,0.0
25,14,3676.4407,0,7.8125,0.0,0.0
26,15,3676.4407,0,7.8125,0.0,0.0
27,17,3676.4407,0,7.8125,0.0,0.0
28,19,3676.4407,0,7.8125,0.0,0.0
29,21,3676.4407,0,7.8125,0.0,0.0
30,23,3660.0784,0,7.8125,0.0,0.0
31,25,3660.0784,0,7.8125,0.0,0.0
32,28,3660.0784,0,7.8125,0.0,0.0
33,30,3660.0784,0,7.8125,0.0,0.0
34,33,3660.0784,0,7.8125,0.0,0.0
35,35,3660.0784,0,7.8125,0.0,0.0
36,37,3660.0784,0,7.8125,0.0,0.0
37,40,3660.0784,0,7.8125,0.0,0.0
38,43,3660.0784,0,7.8125,0.0,0.0
39,45,3660.0784,0,7.8125,0.0,0.0
40,48,3634.512,0,7.8125,0.0,0.0
41,51,3634.512,0,7.8125,0.0,0.0
42,54,3634.512,0,7.8125,0.0,0.0
43,56,3634.512,0,7.8125,0.0,0.0
44,59,3634.512,0,7.8125,0.0,0.0
45,62,3634.512,0,7.8125,0.0,0.0
46,65,3634.512,0,7.8125,0.0,0.0
47,68,3634.512,0,7.8125,0.0,0.0
48,71,3634.512,0,7.8125,0.0,0.0
49,75,3634.512,0,7.8125,0.0,0.0
50,78,3604.855,0,7.8125,0.0,0.0
51,81,3604.855,0,7.8125,0.0,0.0
52,84,3604.855,0,7.8125,0.0,0.0
53,87,3604.855,0,7.8125,0.0,0.0
54,91,3604.855,0,7.8125,0.0,0.0
55,94,3604.855,0,7.8125,0.0,0.0
56,97,3604.855,0,7.8125,0.0,0.0
57,101,3604.855,0,7.8125,0.0,0.0
58,104,3604.855,0,7.8125,0.0,0.0
59,108,3604.855,0,7.8125,0.0,0.0
60,111,3571.1074,0,7.8125,0.0,0.0
61,114,3571.1074,0,7.8125,0.0,0.0
62,118,3571.1074,0,7.8125,0.0,0.0
63,122,3571.1074,0,7.8125,0.0,0.0
64,125,3571.1074,0,7.8125,0.0,0.0
65,129,3571.1074,0,7.8125,0.0,0.0
66,132,3571.1074,0,7.8125,0.0,0.0
67,136,3571.1074,0,7.8125,0.0,0.0
68,140,3571.1074,0,7.8125,0.0,0.0
69,143,3571.1074,0,7.8125,0.0,0.0
70,147,3534.292,0,7.8125,0.0,0.0
71,151,3534.292,0,7.8125,0.0,0.0
72,154,3534.292,0,7.8125,0.0,0.0
73,158,3534.292,0,7.8125,0.0,0.0
74,162,3534.292,0,7.8125,0.0,0.0
75,166,3534.292,0,7.8125,0.0,0.0
76,169,3534.292,0,7.8125,0.0,0.0
77,173,3534.292,0,7.8125,0.0,0.0
78,177,3534.292,0,7.8125,0.0,0.0
79,181,3534.292,0,7.8125,0.0,0.0
80,185,3496.4539,0,7.8125,0.0,0.0
81,189,3496.4539,0,7.8125,0.0,0.0
82,193,3496.4539,0,7.8125,0.0,0.0
83,198,3496.4539,0,7.8125,0.0,0.0
84,202,3496.4539,0,7.8125,0.0,0.0
85,204,3496.4539,0,7.8125,0.0,0.0
86,208,3496.4539,0,7.8125,0.0,0.0
87,212,3496.4539,0,7.8125,0.0,0.0
88,216,3496.4539,0,7.8125,0.0,0.0
89,220,3496.4539,0,7.8125,0.0,0.0
90,224,3456.5701,0,7.8125,0.0,0.0
91,228,3456.5701,0,7.8125,0.0,0.0
92,232,3456.5701,0,7.8125,0.0,0.0
93,236,3456.5701,0,7.8125,0.0,0.0
94,240,3456.5701,0,7.8125,0.0,0.0
95,244,3456.5701,0,7.8125,0.0,0.0
96,248,3456.5701,0,7.8125,0.0,0.0
97,253,3456.5701,0,7.8125,0.0,0.0
98,257,3456.5701,0,7.8125,0.0,0.0
99,261,3456.5701,0,7.8125,0.0,0.0
100,265,3413.6189,0,7.8125,0.0,0.0
101,270,3413.6189,0,7.8125,0.0,0.0
102,274,3413.6189,0,7.8125,0.0,0.0
103,278,3413.6189,0,7.8125,0.0,0.0
104,282,3413.6189,0,7.8125,0.0,0.0
105,286,3413.6189,0,7.8125,0.0,0.0
106,290,3413.6189,0,7.8125,0.0,0.0
107,294,3413.6189,0,7.8125,0.0,0.0
108,298,3413.6189,0,7.8125,0.0,0.0
109,303,3413.6189,0,7.8125,0.0,0.0
110,307,3370.6672,0,7.8125,0.0,0.0
111,312,3370.6672,0,7.8125,0.0,0.0
112,316,3370.6672,0,7.8125,0.0,0.0
113,320,3370.6672,0,7.8125,0.0,0.0
114,324,3370.6672,0,7.8125,0.0,0.0
115,328,3370.6672,0,7.8125,0.0,0.0
116,332,3370.6672,0,7.8125,0.0,0.0
117,337,3370.6672,0,7.8125,0.0,0.0
118,341,3370.6672,0,7.8125,0.0,0.0
119,346,3370.6672,0,7.8125,0.0,0.0
120,350,3327.7158,0,7.8125,0.0,0.0
121,354,3327.7158,0,7.8125,0.0,0.0
122,358,3327.7158,0,7.8125,0.0,0.0
123,362,3327.7158,0,7.8125,0.0,0.0
124,367,3327.7158,0,7.8125,0.0,0.0
125,371,3327.7158,0,7.8125,0.0,0.0
126,375,3327.7158,0,7.8125,0.0,0.0
127,379,3327.7158,0,7.8125,0.0,0.0
128,383,3327.7158,0,7.8125,0.0,0.0
129,388,3327.7158,0,7.8125,0.0,0.0
130,392,3284.7644,0,7.8125,0.0,0.0
131,396,3284.7644,0,7.8125,0.0,0.0
132,401,3284.7644,0,7.8125,0.0,0.0
133,405,3284.7644,0,7.8125,0.0,0.0
134,409,3284.7644,0,7.8125,0.0,0.0
135,414,3284.7644,0,7.8125,0.0,0.0
136,418,3284.7644,0,7.8125,0.0,0.0
137,422,3284.7644,0,7.8125,0.0,0.0
138,426,3284.7644,0,7.8125,0.0,0.0
139,431,3284.7644,0,7.8125,0.0,0.0
140,435,3240.7903,0,7.8125,0.0,0.0
141,439,3240.7903,0,7.8125,0.0,0.0
142,444,3240.7903,0,7.8125,0.0,0.0
143,447,3240.7903,0,7.8125,0.0,0.0
144,452,3240.7903,0,7.8125,0.0,0.0
145,457,3240.7903,0,7.8125,0.0,0.0
146,461,3240.7903,0,7.8125,0.0,0.0
147,465,3240.7903,0,7.8125,0.0,0.0
148,470,3240.7903,0,7.8125,0.0,0.0
149,474,3240.7903,0,7.8125,0.0,0.0
150,478,3196.8162,0,7.8125,0.0,0.0
151,482,3196.8162,0,7.8125,0.0,0.0
152,486,3196.8162,0,7.8125,0.0,0.0
153,492,3196.8162,0,7.8125,0.0,0.0
154,496,3196.8162,0,7.8125,0.0,0.0
155,500,3196.8162,0,7.8125,0.0,0.0
156,504,3196.8162,0,7.8125,0.0,0.0
157,510,3196.8162,0,7.8125,0.0,0.0
158,514,3196.8162,0,7.8125,0.0,0.0
159,518,3196.8162,0,7.8125,0.0,0.0
160,522,3151.8196,0,7.8125,0.0,0.0
161,527,3151.8196,0,7.8125,0.0,0.0
162,531,3151.8196,0,7.8125,0.0,0.0
163,535,3151.8196,0,7.8125,0.0,0.0
164,539,3151.8196,0,7.8125,0.0,0.0
165,543,3151.8196,0,7.8125,0.0,0.0
166,549,3151.8196,0,7.8125,0.0,0.0
167,553,3151.8196,0,7.8125,0.0,0.0
168,558,3151.8196,0,7.8125,0.0,0.0
169,562,3151.8196,0,7.8125,0.0,0.0
170,567,3105.7998,0,7.8125,0.0,0.0
171,571,3105.7998,0,7.8125,0.0,0.0
172,575,3105.7998,0,7.8125,0.0,0.0
173,579,3105.7998,0,7.8125,0.0,0.0
174,584,3105.7998,0,7.8125,0.0,0.0
175,588,3105.7998,0,7.8125,0.0,0.0
176,592,3105.7998,0,7.8125,0.0,0.0
177,597,3105.7998,0,7.8125,0.0,0.0
178,602,3105.7998,0,7.8125,0.0,0.0
179,606,3105.7998,0,7.8125,0.0,0.0
180,610,3061.8257,0,7.8125,0.0,0.0
181,614,3061.8257,0,7.8125,0.0,0.0
182,619,3061.8257,0,7.8125,0.0,0.0
183,623,3061.8257,0,7.8125,0.0,0.0
184,627,3061.8257,0,7.8125,0.0,0.0
185,631,3061.8257,0,7.8125,0.0,0.0
186,636,3061.8257,0,7.8125,0.0,0.0
187,640,3061.8257,0,7.8125,0.0,0.0
188,644,3061.8257,0,7.8125,0.0,0.0
189,648,3061.8257,0,7.8125,0.0,0.0
190,653,3017.8518,0,7.8125,0.0,0.0
191,658,3017.8518,0,7.8125,0.0,0.0
192,662,3017.8518,0,7.8125,0.0,0.0
193,666,3017.8518,0,7.8125,0.0,0.0
194,671,3017.8518,0,7.8125,0.0,0.0
195,675,3017.8518,0,7.8125,0.0,0.0
196,679,3017.8518,0,7.8125,0.0,0.0
197,683,3017.8518,0,7.8125,0.0,0.0
198,688,3017.8518,0,7.8125,0.0,0.0
199,692,3017.8518,0,7.8125,0.0,0.0
200,696,2973.8777,0,7.8125,0.0,0.0
201,700,2973.8777,0,7.8125,0.0,0.0
202,705,2973.8777,0,7.8125,0.0,0.0
203,709,2973.8777,0,7.8125,0.0,0.0
204,713,2973.8777,0,7.8125,0.0,0.0
205,717,2973.8777,0,7.8125,0.0,0.0
206,722,2973.8777,0,7.8125,0.0,0.0
207,726,2973.8777,0,7.8125,0.0,0.0
208,730,2973.8777,0,7.8125,0.0,0.0
209,734,2973.8777,0,7.8125,0.0,0.0
210,739,2929.9036,0,7.8125,0.0,0.0
211,743,2929.9036,0,7.8125,0.0,0.0
212,747,2929.9036,0,7.8125,0.0,0.0
213,752,2929.9036,0,7.8125,0.0,0.0
214,756,2929.9036,0,7.8125,0.0,0.0
215,761,2929.9036,0,7.8125,0.0,0.0
216,765,2929.9036,0,7.8125,0.0,0.0
217,769,2929.9036,0,7.8125,0.0,0.0
218,774,2929.9036,0,7.8125,0.0,0.0
219,778,2929.9036,0,7.8125,0.0,0.0
220,782,2885.9294,0,7.8125,0.0,0.0
221,786,2885.9294,0,7.8125,0.0,0.0
222,791,2885.9294,0,7.8125,0.0,0.0
223,797,2885.9294,0,7.8125,0.0,0.0
224,801,2885.9294,0,7.8125,0.0,0.0
225,805,2885.9294,0,7.8125,0.0,0.0
226,810,2885.9294,0,7.8125,0.0,0.0
227,814,2885.9294,0,7.8125,0.0,0.0
228,818,2885.9294,0,7.8125,0.0,0.0
229,822,2885.9294,0,7.8125,0.0,0.0
230,827,2839.9099,0,7.8125,0.0,0.0
231,831,2839.9099,0,7.8125,0.0,0.0
232,835,2839.9099,0,7.8125,0.0,0.0
233,839,2839.9099,0,7.8125,0.0,0.0
234,846,2839.9099,0,7.8125,0.0,0.0
235,850,2839.9099,0,7.8125,0.0,0.0
236,855,2839.9099,0,7.8125,0.0,0.0
237,859,2839.9099,0,7.8125,0.0,0.0
238,864,2839.9099,0,7.8125,0.0,0.0
239,868,2839.9099,0,7.8125,0.0,0.0
240,872,2793.8904,0,7.8125,0.0,0.0
241,876,2793.8904,0,7.8125,0.0,0.0
242,881,2793.8904,0,7.8125,0.0,0.0
243,885,2793.8904,0,7.8125,0.0,0.0
244,889,2793.8904,0,7.8125,0.0,0.0
245,894,2793.8904,0,7.8125,0.0,0.0
246,899,2793.8904,0,7.8125,0.0,0.0
247,904,2793.8904,0,7.8125,0.0,0.0
248,908,2793.8904,0,7.8125,0.0,0.0
249,912,2793.8904,0,7.8125,0.0,0.0
250,917,2747.8711,0,7.8125,0.0,0.0
251,921,2747.8711,0,7.8125,0.0,0.0
252,925,2747.8711,0,7.8125,0.0,0.0
253,929,2747.8711,0,7.8125,0.0,0.0
254,934,2747.8711,0,7.8125,0.0,0.0
255,938,2747.8711,0,7.8125,0.0,0.0
256,942,2747.8711,0,7.8125,0.0,0.0
257,946,2747.8711,0,7.8125,0.0,0.0
258,951,2747.8711,0,7.8125,0.0,0.0
259,955,2747.8711,0,7.8125,0.0,0.0
260,959,2704.9197,0,7.8125,0.0,0.0
261,963,2704.9197,0,7.8125,0.0,0.0
262,968,2704.9197,0,7.8125,0.0,0.0
263,972,2704.9197,0,7.8125,0.0,0.0
264,976,2704.9197,0,7.8125,0.0,0.0
265,981,2704.9197,0,7.8125,0.0,0.0
266,985,2704.9197,0,7.8125,0.0,0.0
267,989,2704.9197,0,7.8125,0.0,0.0
268,994,2704.9197,0,7.8125,0.0,0.0
269,998,2704.9197,0,7.8125,0.0,0.0
270,1004,2659.9229,0,7.8125,0.0,0.0
271,1008,2659.9229,0,7.8125,0.0,0.0
272,1012,2659.9229,0,7.8125,0.0,0.0
273,1017,2659.9229,0,7.8125,0.0,0.0
274,1021,2659.9229,0,7.8125,0.0,0.0
275,1025,2659.9229,0,7.8125,0.0,0.0
276,1029,2659.9229,0,7.8125,0.0,0.0
277,1034,2659.9229,0,7.8125,0.0,0.0
278,1038,2659.9229,0,7.8125,0.0,0.0
279,1042,2659.9229,0,7.8125,0.0,0.0
280,1046,2615.9487,0,7.8125,0.0,0.0
281,1051,2615.9487,0,7.8125,0.0,0.0
282,1056,2615.9487,0,7.8125,0.0,0.0
283,1060,2615.9487,0,7.8125,0.0,0.0
284,1064,2615.9487,0,7.8125,0.0,0.0
285,1069,2615.9487,0,7.8125,0.0,0.0
286,1073,2615.9487,0,7.8125,0.0,0.0
287,1077,2615.9487,0,7.8125,0.0,0.0
288,1081,2615.9487,0,7.8125,0.0,0.0
289,1086,2615.9487,0,7.8125,0.0,0.0
290,1090,2570.9519,0,7.8125,0.0,0.0
291,1094,2570.9519,0,7.8125,0.0,0.0
292,1098,2570.9519,0,7.8125,0.0,0.0
293,1102,2570.9519,0,7.8125,0.0,0.0
294,1107,2570.9519,0,7.8125,0.0,0.0
295,1111,2570.9519,0,7.8125,0.0,0.0
296,1115,2570.9519,0,7.8125,0.0,0.0
297,1120,2570.9519,0,7.8125,0.0,0.0
298,1124,2570.9519,0,7.8125,0.0,0.0
299,1128,2570.9519,0,7.8125,0.0,0.0
300,1132,2528.0002,0,7.8125,0.0,0.0
301,1137,2528.0002,0,7.8125,0.0,0.0
302,1143,2528.0002,0,7.8125,0.0,0.0
303,1147,2528.0002,0,7.8125,0.0,0.0
304,1151,2528.0002,0,7.8125,0.0,0.0
305,1156,2528.0002,0,7.8125,0.0,0.0
306,1160,2528.0002,0,7.8125,0.0,0.0
307,1164,2528.0002,0,7.8125,0.0,0.0
308,1169,2528.0002,0,7.8125,0.0,0.0
309,1173,2528.0002,0,7.8125,0.0,0.0
310,1177,2481.9812,0,7.8125,0.0,0.0
311,1181,2481.9812,0,7.8125,0.0,0.0
312,1186,2481.9812,0,7.8125,0.0,0.0
313,1189,2481.9812,0,7.8125,0.0,0.0
314,1193,2481.9812,0,7.8125,0.0,0.0
315,1197,2481.9812,0,7.8125,0.0,0.0
316,1202,2481.9812,0,7.8125,0.0,0.0
317,1206,2481.9812,0,7.8125,0.0,0.0
318,1210,2481.9812,0,7.8125,0.0,0.0
319,1214,2481.9812,0,7.8125,0.0,0.0
320,1219,2439.0298,0,7.8125,0.0,0.0
321,1223,2439.0298,0,7.8125,0.0,0.0
322,1228,2439.0298,0,7.8125,0.0,0.0
323,1232,2439.0298,0,7.8125,0.0,0.0
324,1237,2439.0298,0,7.8125,0.0,0.0
325,1241,2439.0298,0,7.8125,0.0,0.0
326,1245,2439.0298,0,7.8125,0.0,0.0
327,1249,2439.0298,0,7.8125,0.0,0.0
328,1254,2439.0298,0,7.8125,0.0,0.0
329,1258,2439.0298,0,7.8125,0.0,0.0
330,1262,2395.0554,0,7.8125,0.0,0.0
331,1267,2395.0554,0,7.8125,0.0,0.0
332,1271,2395.0554,0,7.8125,0.0,0.0
333,1275,2395.0554,0,7.8125,0.0,0.0
334,1279,2395.0554,0,7.8125,0.0,0.0
335,1282,2395.0554,0,7.8125,0.0,0.0
336,1287,2395.0554,0,7.8125,0.0,0.0
337,1291,2395.0554,0,7.8125,0.0,0.0
338,1295,2395.0554,0,7.8125,0.0,0.0
339,1299,2395.0554,0,7.8125,0.0,0.0
340,1304,2352.1042,0,7.8125,0.0,0.0
341,1308,2352.1042,0,7.8125,0.0,0.0
342,1312,2352.1042,0,7.8125,0.0,0.0
343,1317,2352.1042,0,7.8125,0.0,0.0
344,1321,2352.1042,0,7.8125,0.0,0.0
345,1325,2352.1042,0,7.8125,0.0,0.0
346,1329,2352.1042,0,7.8125,0.0,0.0
347,1335,2352.1042,0,7.8125,0.0,0.0
348,1339,2352.1042,0,7.8125,0.0,0.0
349,1344,2352.1042,0,7.8125,0.0,0.0
350,1348,2307.1074,0,7.8125,0.0,0.0
351,1353,2307.1074,0,7.8125,0.0,0.0
352,1357,2307.1074,0,7.8125,0.0,0.0
353,1361,2307.1074,0,7.8125,0.0,0.0
354,1366,2307.1074,0,7.8125,0.0,0.0
355,1370,2307.1074,0,7.8125,0.0,0.0
356,1374,2307.1074,0,7.8125,0.0,0.0
357,1378,2307.1074,0,7.8125,0.0,0.0
358,1382,2307.1074,0,7.8125,0.0,0.0
359,1386,2307.1074,0,7.8125,0.0,0.0
360,1390,2264.1558,0,7.8125,0.0,0.0
361,1394,2264.1558,0,7.8125,0.0,0.0
362,1399,2264.1558,0,7.8125,0.0,0.0
363,1403,2264.1558,0,7.8125,0.0,0.0
364,1407,2264.1558,0,7.8125,0.0,0.0
365,1411,2264.1558,0,7.8125,0.0,0.0
366,1416,2264.1558,0,7.8125,0.0,0.0
367,1420,2264.1558,0,7.8125,0.0,0.0
368,1424,2264.1558,0,7.8125,0.0,0.0
369,1428,2264.1558,0,7.8125,0.0,0.0
370,1433,2220.1816,0,7.8125,0.0,0.0
371,1437,2220.1816,0,7.8125,0.0,0.0
372,1441,2220.1816,0,7.8125,0.0,0.0
373,1445,2220.1816,0,7.8125,0.0,0.0
374,1450,2220.1816,0,7.8125,0.0,0.0
375,1454,2220.1816,0,7.8125,0.0,0.0
376,1458,2220.1816,0,7.8125,0.0,0.0
377,1463,2220.1816,0,7.8125,0.0,0.0
378,1467,2220.1816,0,7.8125,0.0,0.0
379,1471,2220.1816,0,7.8125,0.0,0.0
380,1477,2177.2305,0,7.8125,0.0,0.0
381,1481,2177.2305,0,7.8125,0.0,0.0
382,1486,2177.2305,0,7.8125,0.0,0.0
383,1490,2177.2305,0,7.8125,0.0,0.0
384,1494,2177.2305,0,7.8125,0.0,0.0
385,1499,2177.2305,0,7.8125,0.0,0.0
386,1503,2177.2305,0,7.8125,0.0,0.0
387,1507,2177.2305,0,7.8125,0.0,0.0
388,1511,2177.2305,0,7.8125,0.0,0.0
389,1516,2177.2305,0,7.8125,0.0,0.0
390,1521,2131.2107,0,7.8125,0.0,0.0
391,1525,2131.2107,0,7.8125,0.0,0.0
392,1529,2131.2107,0,7.8125,0.0,0.0
393,1534,2131.2107,0,7.8125,0.0,0.0
394,1539,2131.2107,0,7.8125,0.0,0.0
395,1543,2131.2107,0,7.8125,0.0,0.0
396,1547,2131.2107,0,7.8125,0.0,0.0
397,1552,2131.2107,0,7.8125,0.0,0.0
398,1556,2131.2107,0,7.8125,0.0,0.0
399,1560,2131.2107,0,7.8125,0.0,0.0
400,1565,2085.1912,0,7.8125,0.0,0.0
401,1569,2085.1912,0,7.8125,0.0,0.0
402,1573,2085.1912,0,7.8125,0.0,0.0
403,1577,2085.1912,0,7.8125,0.0,0.0
404,1582,2085.1912,0,7.8125,0.0,0.0
405,1586,2085.1912,0,7.8125,0.0,0.0
406,1590,2085.1912,0,7.8125,0.0,0.0
407,1594,2085.1912,0,7.8125,0.0,0.0
408,1599,2085.1912,0,7.8125,0.0,0.0
409,1603,2085.1912,0,7.8125,0.0,0.0
410,1607,2042.2399,0,7.8125,0.0,0.0
411,1611,2042.2399,0,7.8125,0.0,0.0
412,1616,2042.2399,0,7.8125,0.0,0.0
413,1620,2042.2399,0,7.8125,0.0,0.0
414,1624,2042.2399,0,7.8125,0.0,0.0
415,1628,2042.2399,0,7.8125,0.0,0.0
416,1633,2042.2399,0,7.8125,0.0,0.0
417,1637,2042.2399,0,7.8125,0.0,0.0
418,1641,2042.2399,0,7.8125,0.0,0.0
419,1646,2042.2399,0,7.8125,0.0,0.0
420,1650,1998.2659,0,7.8125,0.0,0.0
421,1654,1998.2659,0,7.8125,0.0,0.0
422,1658,1998.2659,0,7.8125,0.0,0.0
423,1663,1998.2659,0,7.8125,0.0,0.0
424,1667,1998.2659,0,7.8125,0.0,0.0
425,1671,1998.2659,0,7.8125,0.0,0.0
426,1676,1998.2659,0,7.8125,0.0,0.0
427,1681,1998.2659,0,7.8125,0.0,0.0
428,1685,1998.2659,0,7.8125,0.0,0.0
429,1689,1998.2659,0,7.8125,0.0,0.0
430,1694,1954.2917,0,7.8125,0.0,0.0
431,1698,1954.2917,0,7.8125,0.0,0.0
432,1702,1954.2917,0,7.8125,0.0,0.0
433,1706,1954.2917,0,7.8125,0.0,0.0
434,1711,1954.2917,0,7.8125,0.0,0.0
435,1715,1954.2917,0,7.8125,0.0,0.0
436,1719,1954.2917,0,7.8125,0.0,0.0
437,1722,1954.2917,0,7.8125,0.0,0.0
438,1727,1954.2917,0,7.8125,0.0,0.0
439,1731,1954.2917,0,7.8125,0.0,0.0
440,1735,1911.3402,0,7.8125,0.0,0.0
441,1739,1911.3402,0,7.8125,0.0,0.0
442,1744,1911.3402,0,7.8125,0.0,0.0
443,1748,1911.3402,0,7.8125,0.0,0.0
444,1752,1911.3402,0,7.8125,0.0,0.0
445,1757,1911.3402,0,7.8125,0.0,0.0
446,1761,1911.3402,0,7.8125,0.0,0.0
447,1765,1911.3402,0,7.8125,0.0,0.0
448,1768,1911.3402,0,7.8125,0.0,0.0
449,1773,1911.3402,0,7.8125,0.0,0.0
450,1777,1868.3888,0,7.8125,0.0,0.0
451,1781,1868.3888,0,7.8125,0.0,0.0
452,1785,1868.3888,0,7.8125,0.0,0.0
453,1790,1868.3888,0,7.8125,0.0,0.0
454,1794,1868.3888,0,7.8125,0.0,0.0
455,1798,1868.3888,0,7.8125,0.0,0.0
456,1802,1868.3888,0,7.8125,0.0,0.0
457,1807,1868.3888,0,7.8125,0.0,0.0
458,1811,1868.3888,0,7.8125,0.0,0.0
459,1815,1868.3888,0,7.8125,0.0,0.0
460,1819,1824.4147,0,7.8125,0.0,0.0
461,1824,1824.4147,0,7.8125,0.0,0.0
462,1828,1824.4147,0,7.8125,0.0,0.0
463,1832,1824.4147,0,7.8125,0.0,0.0
464,1837,1824.4147,0,7.8125,0.0,0.0
465,1841,1824.4147,0,7.8125,0.0,0.0
466,1845,1824.4147,0,7.8125,0.0,0.0
467,1849,1824.4147,0,7.8125,0.0,0.0
468,1854,1824.4147,0,7.8125,0.0,0.0
469,1858,1824.4147,0,7.8125,0.0,0.0
470,1862,1781.4633,0,7.8125,0.0,0.0
471,1866,1781.4633,0,7.8125,0.0,0.0
472,1872,1781.4633,0,7.8125,0.0,0.0
473,1876,1781.4633,0,7.8125,0.0,0.0
474,1880,1781.4633,0,7.8125,0.0,0.0
475,1884,1781.4633,0,7.8125,0.0,0.0
476,1889,1781.4633,0,7.8125,0.0,0.0
477,1893,1781.4633,0,7.8125,0.0,0.0
478,1898,1781.4633,0,7.8125,0.0,0.0
479,1902,1781.4633,0,7.8125,0.0,0.0
480,1907,1735.4438,0,7.8125,0.0,0.0
481,1911,1735.4438,0,7.8125,0.0,0.0
482,1915,1735.4438,0,7.8125,0.0,0.0
483,1919,1735.4438,0,7.8125,0.0,0.0
484,1924,1735.4438,0,7.8125,0.0,0.0
485,1928,1735.4438,0,7.8125,0.0,0.0
486,1932,1735.4438,0,7.8125,0.0,0.0
487,1937,1735.4438,0,7.8125,0.0,0.0
488,1941,1735.4438,0,7.8125,0.0,0.0
489,1945,1735.4438,0,7.8125,0.0,0.0
490,1949,1692.4923,0,7.8125,0.0,0.0
491,1954,1692.4923,0,7.8125,0.0,0.0
492,1958,1692.4923,0,7.8125,0.0,0.0
493,1963,1692.4923,0,7.8125,0.0,0.0
494,1967,1692.4923,0,7.8125,0.0,0.0
495,1972,1692.4923,0,7.8125,0.0,0.0
496,1976,1692.4923,0,7.8125,0.0,0.0
497,1980,1692.4923,0,7.8125,0.0,0.0
498,1984,1692.4923,0,7.8125,0.0,0.0
499,1989,1692.4923,0,7.8125,0.0,0.0
500,1993,1647.4955,0,7.8125,0.0,0.0
501,1997,1647.4955,0,7.8125,0.0,0.0
502,2001,1647.4955,0,7.8125,0.0,0.0
503,2006,1647.4955,0,7.8125,0.0,0.0
504,2010,1647.4955,0,7.8125,0.0,0.0
505,2014,1647.4955,0,7.8125,0.0,0.0
506,2019,1647.4955,0,7.8125,0.0,0.0
507,2024,1647.4955,0,7.8125,0.0,0.0
508,2028,1647.4955,0,7.8125,0.0,0.0
509,2032,1647.4955,0,7.8125,0.0,0.0
510,2037,1602.4988,0,7.8125,0.0,0.0
511,2041,1602.4988,0,7.8125,0.0,0.0
512,2045,1602.4988,0,7.8125,0.0,0.0
513,2049,1602.4988,0,7.8125,0.0,0.0
514,2054,1602.4988,0,7.8125,0.0,0.0
515,2058,1602.4988,0,7.8125,0.0,0.0
516,2063,1602.4988,0,7.8125,0.0,0.0
517,2068,1602.4988,0,7.8125,0.0,0.0
518,2073,1602.4988,0,7.8125,0.0,0.0
519,2077,1602.4988,0,7.8125,0.0,0.0
520,2081,1557.5021,0,7.8125,0.0,0.0
521,2086,1557.5021,0,7.8125,0.0,0.0
522,2090,1557.5021,0,7.8125,0.0,0.0
523,2094,1557.5021,0,7.8125,0.0,0.0
524,2098,1557.5021,0,7.8125,0.0,0.0
525,2104,1557.5021,0,7.8125,0.0,0.0
526,2108,1557.5021,0,7.8125,0.0,0.0
527,2112,1557.5021,0,7.8125,0.0,0.0
528,2116,1557.5021,0,7.8125,0.0,0.0
529,2122,1557.5021,0,7.8125,0.0,0.0
530,2126,1511.4824,0,7.8125,0.0,0.0
531,2130,1511.4824,0,7.8125,0.0,0.0
532,2134,1511.4824,0,7.8125,0.0,0.0
533,2139,1511.4824,0,7.8125,0.0,0.0
534,2143,1511.4824,0,7.8125,0.0,0.0
535,2147,1511.4824,0,7.8125,0.0,0.0
536,2152,1511.4824,0,7.8125,0.0,0.0
537,2156,1511.4824,0,7.8125,0.0,0.0
538,2159,1511.4824,0,7.8125,0.0,0.0
539,2163,1511.4824,0,7.8125,0.0,0.0
540,2167,1469.5537,0,7.8125,0.0,0.0
541,2172,1469.5537,0,7.8125,0.0,0.0
542,2176,1469.5537,0,7.8125,0.0,0.0
543,2180,1469.5537,0,7.8125,0.0,0.0
544,2185,1469.5537,0,7.8125,0.0,0.0
545,2189,1469.5537,0,7.8125,0.0,0.0
546,2193,1469.5537,0,7.8125,0.0,0.0
547,2197,1469.5537,0,7.8125,0.0,0.0
548,2203,1469.5537,0,7.8125,0.0,0.0
549,2208,1469.5537,0,7.8125,0.0,0.0
550,2212,1423.5344,0,7.8125,0.0,0.0
551,2216,1423.5344,0,7.8125,0.0,0.0
552,2220,1423.5344,0,7.8125,0.0,0.0
553,2225,1423.5344,0,7.8125,0.0,0.0
554,2229,1423.5344,0,7.8125,0.0,0.0
555,2233,1423.5344,0,7.8125,0.0,0.0
556,2238,1423.5344,0,7.8125,0.0,0.0
557,2242,1423.5344,0,7.8125,0.0,0.0
558,2246,1423.5344,0,7.8125,0.0,0.0
559,2250,1423.5344,0,7.8125,0.0,0.0
560,2255,1379.5602,0,7.8125,0.0,0.0
561,2259,1379.5602,0,7.8125,0.0,0.0
562,2263,1379.5602,0,7.8125,0.0,0.0
563,2267,1379.5602,0,7.8125,0.0,0.0
564,2272,1379.5602,0,7.8125,0.0,0.0
565,2276,1379.5602,0,7.8125,0.0,0.0
566,2280,1379.5602,0,7.8125,0.0,0.0
567,2284,1379.5602,0,7.8125,0.0,0.0
568,2290,1379.5602,0,7.8125,0.0,0.0
569,2294,1379.5602,0,7.8125,0.0,0.0
570,2298,1335.5861,0,7.8125,0.0,0.0
571,2302,1335.5861,0,7.8125,0.0,0.0
572,2307,1335.5861,0,7.8125,0.0,0.0
573,2311,1335.5861,0,7.8125,0.0,0.0
574,2316,1335.5861,0,7.8125,0.0,0.0
575,2320,1335.5861,0,7.8125,0.0,0.0
576,2325,1335.5861,0,7.8125,0.0,0.0
577,2329,1335.5861,0,7.8125,0.0,0.0
578,2334,1335.5861,0,7.8125,0.0,0.0
579,2339,1335.5861,0,7.8125,0.0,0.0
580,2343,1289.5668,0,7.8125,0.0,0.0
581,2347,1289.5668,0,7.8125,0.0,0.0
582,2351,1289.5668,0,7.8125,0.0,0.0
583,2355,1289.5668,0,7.8125,0.0,0.0
584,2360,1289.5668,0,7.8125,0.0,0.0
585,2364,1289.5668,0,7.8125,0.0,0.0
586,2368,1289.5668,0,7.8125,0.0,0.0
587,2372,1289.5668,0,7.8125,0.0,0.0
588,2377,1289.5668,0,7.8125,0.0,0.0
589,2381,1289.5668,0,7.8125,0.0,0.0
590,2385,1246.6151,0,7.8125,0.0,0.0
591,2390,1246.6151,0,7.8125,0.0,0.0
592,2394,1246.6151,0,7.8125,0.0,0.0
593,2398,1246.6151,0,7.8125,0.0,0.0
594,2403,1246.6151,0,7.8125,0.0,0.0
595,2408,1246.6151,0,7.8125,0.0,0.0
596,2413,1246.6151,0,7.8125,0.0,0.0
597,2417,1246.6151,0,7.8125,0.0,0.0
598,2421,1246.6151,0,7.8125,0.0,0.0
599,2426,1246.6151,0,7.8125,0.0,0.0
600,2430,1200.5958,0,7.8125,0.0,0.0
601,2434,1200.5958,0,7.8125,0.0,0.0
602,2439,1200.5958,0,7.8125,0.0,0.0
603,2443,1200.5958,0,7.8125,0.0,0.0
604,2447,1200.5958,0,7.8125,0.0,0.0
605,2451,1200.5958,0,7.8125,0.0,0.0
606,2455,1200.5958,0,7.8125,0.0,0.0
607,2460,1200.5958,0,7.8125,0.0,0.0
608,2464,1200.5958,0,7.8125,0.0,0.0
609,2468,1200.5958,0,7.8125,0.0,0.0
610,2472,1156.6217,0,7.8125,0.0,0.0
611,2477,1156.6217,0,7.8125,0.0,0.0
612,2481,1156.6217,0,7.8125,0.0,0.0
613,2485,1156.6217,0,7.8125,0.0,0.0
614,2490,1156.6217,0,7.8125,0.0,0.0
615,2494,1156.6217,0,7.8125,0.0,0.0
616,2498,1156.6217,0,7.8125,0.0,0.0
617,2503,1156.6217,0,7.8125,0.0,0.0
618,2508,1156.6217,0,7.8125,0.0,0.0
619,2512,1156.6217,0,7.8125,0.0,0.0
620,2516,1112.6476,0,7.8125,0.0,0.0
621,2520,1112.6476,0,7.8125,0.0,0.0
622,2525,1112.6476,0,7.8125,0.0,0.0
623,2530,1112.6476,0,7.8125,0.0,0.0
624,2534,1112.6476,0,7.8125,0.0,0.0
625,2539,1112.6476,0,7.8125,0.0,0.0
626,2544,1112.6476,0,7.8125,0.0,0.0
627,2548,1112.6476,0,7.8125,0.0,0.0
628,2552,1112.6476,0,7.8125,0.0,0.0
629,2557,1112.6476,0,7.8125,0.0,0.0
630,2561,1066.6282,0,7.8125,0.0,0.0
631,2565,1066.6282,0,7.8125,0.0,0.0
632,2569,1066.6282,0,7.8125,0.0,0.0
633,2574,1066.6282,0,7.8125,0.0,0.0
634,2578,1066.6282,0,7.8125,0.0,0.0
635,2582,1066.6282,0,7.8125,0.0,0.0
636,2587,1066.6282,0,7.8125,0.0,0.0
637,2591,1066.6282,0,7.8125,0.0,0.0
638,2595,1066.6282,0,7.8125,0.0,0.0
639,2599,1066.6282,0,7.8125,0.0,0.0
640,2603,1022.6541,0,7.8125,0.0,0.0
641,2608,1022.6541,0,7.8125,0.0,0.0
642,2612,1022.6541,0,7.8125,0.0,0.0
643,2616,1022.6541,0,7.8125,0.0,0.0
644,2621,1022.6541,0,7.8125,0.0,0.0
645,2625,1022.6541,0,7.8125,0.0,0.0
646,2629,1022.6541,0,7.8125,0.0,0.0
647,2633,1022.6541,0,7.8125,0.0,0.0
648,2638,1022.6541,0,7.8125,0.0,0.0
649,2642,1022.6541,0,7.8125,0.0,0.0
650,2646,979.7025,0,7.8125,0.0,0.0
651,2649,979.7025,0,7.8125,0.0,0.0
652,2654,979.7025,0,7.8125,0.0,0.0
653,2658,979.7025,0,7.8125,0.0,0.0
654,2662,979.7025,0,7.8125,0.0,0.0
655,2666,979.7025,0,7.8125,0.0,0.0
656,2672,979.7025,0,7.8125,0.0,0.0
657,2676,979.7025,0,7.8125,0.0,0.0
658,2680,979.7025,0,7.8125,0.0,0.0
659,2685,979.7025,0,7.8125,0.0,0.0
660,2689,935.7286,0,7.8125,0.0,0.0
661,2693,935.7286,0,7.8125,0.0,0.0
662,2697,935.7286,0,7.8125,0.0,0.0
663,2702,935.7286,0,7.8125,0.0,0.0
664,2706,935.7286,0,7.8125,0.0,0.0
665,2710,935.7286,0,7.8125,0.0,0.0
666,2714,935.7286,0,7.8125,0.0,0.0
667,2719,935.7286,0,7.8125,0.0,0.0
668,2723,935.7286,0,7.8125,0.0,0.0
669,2727,935.7286,0,7.8125,0.0,0.0
670,2732,891.7544,0,7.8125,0.0,0.0
671,2736,891.7544,0,7.8125,0.0,0.0
672,2740,891.7544,0,7.8125,0.0,0.0
673,2744,891.7544,0,7.8125,0.0,0.0
674,2748,891.7544,0,7.8125,0.0,0.0
675,2753,891.7544,0,7.8125,0.0,0.0
676,2757,891.7544,0,7.8125,0.0,0.0
677,2761,891.7544,0,7.8125,0.0,0.0
678,2766,891.7544,0,7.8125,0.0,0.0
679,2770,891.7544,0,7.8125,0.0,0.0
680,2774,848.8028,0,7.8125,0.0,0.0
681,2778,848.8028,0,7.8125,0.0,0.0
682,2783,848.8028,0,7.8125,0.0,0.0
683,2788,848.8028,0,7.8125,0.0,0.0
684,2793,848.8028,0,7.8125,0.0,0.0
685,2797,848.8028,0,7.8125,0.0,0.0
686,2802,848.8028,0,7.8125,0.0,0.0
687,2806,848.8028,0,7.8125,0.0,0.0
688,2810,848.8028,0,7.8125,0.0,0.0
689,2814,848.8028,0,7.8125,0.0,0.0
690,2819,802.7835,0,7.8125,0.0,0.0
691,2823,802.7835,0,7.8125,0.0,0.0
692,2827,802.7835,0,7.8125,0.0,0.0
693,2832,802.7835,0,7.8125,0.0,0.0
694,2836,802.7835,0,7.8125,0.0,0.0
695,2840,802.7835,0,7.8125,0.0,0.0
696,2845,802.7835,0,7.8125,0.0,0.0
697,2850,802.7835,0,7.8125,0.0,0.0
698,2855,802.7835,0,7.8125,0.0,0.0
699,2859,802.7835,0,7.8125,0.0,0.0
700,2863,757.7867,0,7.8125,0.0,0.0
701,2868,757.7867,0,7.8125,0.0,0.0
702,2872,757.7867,0,7.8125,0.0,0.0
703,2876,757.7867,0,7.8125,0.0,0.0
704,2880,757.7867,0,7.8125,0.0,0.0
705,2886,757.7867,0,7.8125,0.0,0.0
706,2890,757.7867,0,7.8125,0.0,0.0
707,2893,757.7867,0,7.8125,0.0,0.0
708,2897,757.7867,0,7.8125,0.0,0.0
709,2903,757.7867,0,7.8125,0.0,0.0
710,2907,712.79,0,7.8125,0.0,0.0
711,2911,712.79,0,7.8125,0.0,0.0
712,2916,712.79,0,7.8125,0.0,0.0
713,2920,712.79,0,7.8125,0.0,0.0
714,2924,712.79,0,7.8125,0.0,0.0
715,2928,712.79,0,7.8125,0.0,0.0
716,2934,712.79,0,7.8125,0.0,0.0
717,2938,712.79,0,7.8125,0.0,0.0
718,2942,712.79,0,7.8125,0.0,0.0
719,2946,712.79,0,7.8125,0.0,0.0
720,2951,667.7933,0,7.8125,0.0,0.0
721,2956,667.7933,0,7.8125,0.0,0.0
722,2960,667.7933,0,7.8125,0.0,0.0
723,2964,667.7933,0,7.8125,0.0,0.0
724,2969,667.7933,0,7.8125,0.0,0.0
725,2973,667.7933,0,7.8125,0.0,0.0
726,2977,667.7933,0,7.8125,0.0,0.0
727,2981,667.7933,0,7.8125,0.0,0.0
728,2986,667.7933,0,7.8125,0.0,0.0
729,2990,667.7933,0,7.8125,0.0,0.0
730,2994,623.8191,0,7.8125,0.0,0.0
731,2999,623.8191,0,7.8125,0.0,0.0
732,3004,623.8191,0,7.8125,0.0,0.0
733,3008,623.8191,0,7.8125,0.0,0.0
734,3012,623.8191,0,7.8125,0.0,0.0
735,3016,623.8191,0,7.8125,0.0,0.0
736,3021,623.8191,0,7.8125,0.0,0.0
737,3025,623.8191,0,7.8125,0.0,0.0
738,3029,623.8191,0,7.8125,0.0,0.0
739,3034,623.8191,0,7.8125,0.0,0.0
740,3038,578.8224,0,7.8125,0.0,0.0
741,3042,578.8224,0,7.8125,0.0,0.0
742,3046,578.8224,0,7.8125,0.0,0.0
743,3052,578.8224,0,7.8125,0.0,0.0
744,3056,578.8224,0,7.8125,0.0,0.0
745,3060,578.8224,0,7.8125,0.0,0.0
746,3064,578.8224,0,7.8125,0.0,0.0
747,3069,578.8224,0,7.8125,0.0,0.0
748,3073,578.8224,0,7.8125,0.0,0.0
749,3077,578.8224,0,7.8125,0.0,0.0
750,3082,534.8482,0,7.8125,0.0,0.0
751,3087,534.8482,0,7.8125,0.0,0.0
752,3091,534.8482,0,7.8125,0.0,0.0
753,3095,534.8482,0,7.8125,0.0,0.0
754,3100,534.8482,0,7.8125,0.0,0.0
755,3105,534.8482,0,7.8125,0.0,0.0
756,3109,534.8482,0,7.8125,0.0,0.0
757,3113,534.8482,0,7.8125,0.0,0.0
758,3118,534.8482,0,7.8125,0.0,0.0
759,3122,534.8482,0,7.8125,0.0,0.0
760,3126,488.8287,0,7.8125,0.0,0.0
761,3130,488.8287,0,7.8125,0.0,0.0
762,3135,488.8287,0,7.8125,0.0,0.0
763,3140,488.8287,0,7.8125,0.0,0.0
764,3144,488.8287,0,7.8125,0.0,0.0
765,3149,488.8287,0,7.8125,0.0,0.0
766,3153,488.8287,0,7.8125,0.0,0.0
767,3158,488.8287,0,7.8125,0.0,0.0
768,3162,488.8287,0,7.8125,0.0,0.0
769,3166,488.8287,0,7.8125,0.0,0.0
770,3171,442.8094,0,7.8125,0.0,0.0
771,3175,442.8094,0,7.8125,0.0,0.0
772,3179,442.8094,0,7.8125,0.0,0.0
773,3183,442.8094,0,7.8125,0.0,0.0
774,3188,442.8094,0,7.8125,0.0,0.0
775,3192,442.8094,0,7.8125,0.0,0.0
776,3196,442.8094,0,7.8125,0.0,0.0
777,3200,442.8094,0,7.8125,0.0,0.0
778,3205,442.8094,0,7.8125,0.0,0.0
779,3209,442.8094,0,7.8125,0.0,0.0
780,3213,399.8578,0,7.8125,0.0,0.0
781,3217,399.8578,0,7.8125,0.0,0.0
782,3222,399.8578,0,7.8125,0.0,0.0
783,3226,399.8578,0,7.8125,0.0,0.0
784,3230,399.8578,0,7.8125,0.0,0.0
785,3234,399.8578,0,7.8125,0.0,0.0
786,3240,399.8578,0,7.8125,0.0,0.0
787,3244,399.8578,0,7.8125,0.0,0.0
788,3248,399.8578,0,7.8125,0.0,0.0
789,3252,399.8578,0,7.8125,0.0,0.0
790,3257,354.861,0,7.8125,0.0,0.0
791,3261,354.861,0,7.8125,0.0,0.0
792,3265,354.861,0,7.8125,0.0,0.0
793,3270,354.861,0,7.8125,0.0,0.0
794,3274,354.861,0,7.8125,0.0,0.0
795,3279,354.861,0,7.8125,0.0,0.0
796,3283,354.861,0,7.8125,0.0,0.0
797,3287,354.861,0,7.8125,0.0,0.0
798,3292,354.861,0,7.8125,0.0,0.0
799,3296,354.861,0,7.8125,0.0,0.0
800,3300,310.8869,0,7.8125,0.0,0.0
801,3304,310.8869,0,7.8125,0.0,0.0
802,3309,310.8869,0,7.8125,0.0,0.0
803,3313,310.8869,0,7.8125,0.0,0.0
804,3317,310.8869,0,7.8125,0.0,0.0
805,3322,310.8869,0,7.8125,0.0,0.0
806,3326,310.8869,0,7.8125,0.0,0.0
807,3331,310.8869,0,7.8125,0.0,0.0
808,3335,310.8869,0,7.8125,0.0,0.0
809,3339,310.8869,0,7.8125,0.0,0.0
810,3344,265.8901,0,7.8125,0.0,0.0
811,3348,265.8901,0,7.8125,0.0,0.0
812,3352,265.8901,0,7.8125,0.0,0.0
813,3357,265.8901,0,7.8125,0.0,0.0
814,3361,265.8901,0,7.8125,0.0,0.0
815,3365,265.8901,0,7.8125,0.0,0.0
816,3369,265.8901,0,7.8125,0.0,0.0
817,3374,265.8901,0,7.8125,0.0,0.0
818,3378,265.8901,0,7.8125,0.0,0.0
819,3382,265.8901,0,7.8125,0.0,0.0
820,3386,222.9388,0,7.8125,0.0,0.0
821,3391,222.9388,0,7.8125,0.0,0.0
822,3395,222.9388,0,7.8125,0.0,0.0
823,3399,222.9388,0,7.8125,0.0,0.0
824,3403,222.9388,0,7.8125,0.0,0.0
825,3408,222.9388,0,7.8125,0.0,0.0
826,3412,222.9388,0,7.8125,0.0,0.0
827,3416,222.9388,0,7.8125,0.0,0.0
828,3420,222.9388,0,7.8125,0.0,0.0
829,3425,222.9388,0,7.8125,0.0,0.0
830,3429,178.9646,0,7.8125,0.0,0.0
831,3434,178.9646,0,7.8125,0.0,0.0
832,3438,178.9646,0,7.8125,0.0,0.0
833,3443,178.9646,0,7.8125,0.0,0.0
834,3447,178.9646,0,7.8125,0.0,0.0
835,3451,178.9646,0,7.8125,0.0,0.0
836,3455,178.9646,0,7.8125,0.0,0.0
837,3460,178.9646,0,7.8125,0.0,0.0
838,3464,178.9646,0,7.8125,0.0,0.0
839,3468,178.9646,0,7.8125,0.0,0.0
840,3473,133.9679,0,7.8125,0.0,0.0
841,3478,133.9679,0,7.8125,0.0,0.0
842,3482,133.9679,0,7.8125,0.0,0.0
843,3486,133.9679,0,7.8125,0.0,0.0
844,3490,133.9679,0,7.8125,0.0,0.0
845,3495,133.9679,0,7.8125,0.0,0.0
846,3499,133.9679,0,7.8125,0.0,0.0
847,3503,133.9679,0,7.8125,0.0,0.0
848,3508,133.9679,0,7.8125,0.0,0.0
849,3512,133.9679,0,7.8125,0.0,0.0
850,3516,89.9937,0,7.8125,0.0,0.0
851,3520,89.9937,0,7.8125,0.0,0.0
852,3525,89.9937,0,7.8125,0.0,0.0
853,3529,89.9937,0,7.8125,0.0,0.0
854,3533,89.9937,0,7.8125,0.0,0.0
855,3537,89.9937,0,7.8125,0.0,0.0
856,3542,89.9937,0,7.8125,0.0,0.0
857,3546,89.9937,0,7.8125,0.0,0.0
858,3550,89.9937,0,7.8125,0.0,0.0
859,3554,89.9937,0,7.8125,0.0,0.0
860,3559,46.0196,0,7.8125,0.0,0.0
861,3564,46.0196,0,7.8125,0.0,0.0
862,3568,46.0196,0,7.8125,0.0,0.0
863,3573,46.0196,0,7.8125,0.0,0.0
864,3578,46.0196,0,7.8125,0.0,0.0
865,3582,46.0196,0,7.8125,0.0,0.0
866,3586,46.0196,0,7.8125,0.0,0.0
867,3590,46.0196,0,7.8125,0.0,0.0
868,3595,46.0196,0,7.8125,0.0,0.0
869,3599,46.0196,0,7.8125,0.0,0.0
870,3603,1.0228,0,7.8125,0.0,0.0
871,3607,1.0228,0,7.8125,0.0,0.0
872,3611,1.0228,0,7.8125,0.0,0.0
873,3615,1.0228,0,7.8125,0.0,0.0
874,3619,1.0228,0,7.8125,0.0,0.0
875,3623,1.0228,0,7.8125,0.0,0.0
876,3627,1.0228,0,7.8125,0.0,0.0
877,3630,1.0228,0,7.8125,0.0,0.0
878,3634,1.0228,0,7.8125,0.0,0.0
879,3637,1.0228,0,7.8125,0.0,0.0
880,3641,-38.8606,0,7.8125,0.0,0.0
881,3644,-38.8606,0,7.8125,0.0,0.0
882,3647,-38.8606,0,7.8125,0.0,0.0
883,3650,-38.8606,0,7.8125,0.0,0.0
884,3652,-38.8606,0,7.8125,0.0,0.0
885,3655,-38.8606,0,7.8125,0.0,0.0
886,3657,-38.8606,0,7.8125,0.0,0.0
887,3659,-38.8606,0,7.8125,0.0,0.0
888,3661,-38.8606,0,7.8125,0.0,0.0
889,3663,-38.8606,0,7.8125,0.0,0.0
890,3664,-64.4269,0,7.8125,0.0,0.0
891,3665,-64.4269,0,7.8125,0.0,0.0
892,3666,-64.4269,0,7.8125,0.0,0.0
893,3667,-64.4269,0,7.8125,0.0,0.0
894,3668,-64.4269,0,7.8125,0.0,0.0
895,3669,-64.4269,0,7.8125,0.0,0.0
896,3669,-64.4269,0,7.8125,0.0,0.0
897,3669,-64.4269,0,7.8125,0.0,0.0
898,3670,-64.4269,0,7.8125,0.0,0.0
899,3670,-64.4269,0,7.8125,0.0,0.0
900,3669,-71.5857,0,7.8125,0.0,0.0
901,3669,-71.5857,0,7.8125,0.0,0.0
902,3669,-71.5857,0,7.8125,0.0,0.0
903,3668,-71.5857,0,7.8125,0.0,0.0
904,3667,-71.5857,0,7.8125,0.0,0.0
905,3666,-71.5857,0,7.8125,0.0,0.0
906,3666,-71.5857,0,7.8125,0.0,0.0
907,3665,-71.5857,0,7.8125,0.0,0.0
908,3664,-71.5857,0,7.8125,0.0,0.0
909,3662,-71.5857,0,7.8125,0.0,0.0
910,3661,-63.4043,0,7.8125,0.0,0.0
911,3659,-63.4043,0,7.8125,0.0,0.0
912,3658,-63.4043,0,7.8125,0.0,0.0
913,3656,-63.4043,0,7.8125,0.0,0.0
914,3655,-63.4043,0,7.8125,0.0,0.0
915,3653,-63.4043,0,7.8125,0.0,0.0
916,3651,-63.4043,0,7.8125,0.0,0.0
917,3649,-63.4043,0,7.8125,0.0,0.0
918,3647,-63.4043,0,7.8125,0.0,0.0
919,3644,-63.4043,0,7.8125,0.0,0.0
920,3642,-44.9965,0,7.8125,0.0,0.0
921,3640,-44.9965,0,7.8125,0.0,0.0
922,3638,-44.9965,0,7.8125,0.0,0.0
923,3635,-44.9965,0,7.8125,0.0,0.0
924,3633,-44.9965,0,7.8125,0.0,0.0
925,3630,-44.9965,0,7.8125,0.0,0.0
926,3628,-44.9965,0,7.8125,0.0,0.0
927,3625,-44.9965,0,7.8125,0.0,0.0
928,3622,-44.9965,0,7.8125,0.0,0.0
929,3620,-44.9965,0,7.8125,0.0,0.0
930,3617,-19.4302,0,7.8125,0.0,0.0
931,3614,-19.4302,0,7.8125,0.0,0.0
932,3611,-19.4302,0,7.8125,0.0,0.0
933,3608,-19.4302,0,7.8125,0.0,0.0
934,3605,-19.4302,0,7.8125,0.0,0.0
935,3602,-19.4302,0,7.8125,0.0,0.0
936,3599,-19.4302,0,7.8125,0.0,0.0
937,3596,-19.4302,0,7.8125,0.0,0.0
938,3593,-19.4302,0,7.8125,0.0,0.0
939,3590,-19.4302,0,7.8125,0.0,0.0
940,3587,10.2267,0,7.8125,0.0,0.0
941,3583,10.2267,0,7.8125,0.0,0.0
942,3581,10.2267,0,7.8125,0.0,0.0
943,3578,10.2267,0,7.8125,0.0,0.0
944,3575,10.2267,0,7.8125,0.0,0.0
945,3573,10.2267,0,7.8125,0.0,0.0
946,3571,10.2267,0,7.8125,0.0,0.0
947,3568,10.2267,0,7.8125,0.0,0.0
948,3567,10.2267,0,7.8125,0.0,0.0
949,3565,10.2267,0,7.8125,0.0,0.0
950,3563,35.7931,0,7.8125,0.0,0.0
951,3562,35.7931,0,7.8125,0.0,0.0
952,3561,35.7931,0,7.8125,0.0,0.0
953,3560,35.7931,0,7.8125,0.0,0.0
954,3559,35.7931,0,7.8125,0.0,0.0
955,3558,35.7931,0,7.8125,0.0,0.0
956,3558,35.7931,0,7.8125,0.0,0.0
957,3558,35.7931,0,7.8125,0.0,0.0
958,3558,35.7931,0,7.8125,0.0,0.0
959,3558,35.7931,0,7.8125,0.0,0.0
960,3558,42.9516,0,7.8125,0.0,0.0
961,3559,42.9516,0,7.8125,0.0,0.0
962,3559,42.9516,0,7.8125,0.0,0.0
963,3560,42.9516,0,7.8125,0.0,0.0
964,3561,42.9516,0,7.8125,0.0,0.0
965,3562,42.9516,0,7.8125,0.0,0.0
966,3563,42.9516,0,7.8125,0.0,0.0
967,3564,42.9516,0,7.8125,0.0,0.0
968,3566,42.9516,0,7.8125,0.0,0.0
969,3567,42.9516,0,7.8125,0.0,0.0
970,3569,33.7477,0,7.8125,0.0,0.0
971,3570,33.7477,0,7.8125,0.0,0.0
972,3572,33.7477,0,7.8125,0.0,0.0
973,3574,33.7477,0,7.8125,0.0,0.0
974,3576,33.7477,0,7.8125,0.0,0.0
975,3578,33.7477,0,7.8125,0.0,0.0
976,3580,33.7477,0,7.8125,0.0,0.0
977,3582,33.7477,0,7.8125,0.0,0.0
978,3584,33.7477,0,7.8125,0.0,0.0
979,3587,33.7477,0,7.8125,0.0,0.0
980,3589,13.2947,0,7.8125,0.0,0.0
981,3591,13.2947,0,7.8125,0.0,0.0
982,3594,13.2947,0,7.8125,0.0,0.0
983,3596,13.2947,0,7.8125,0.0,0.0
984,3599,13.2947,0,7.8125,0.0,0.0
985,3602,13.2947,0,7.8125,0.0,0.0
986,3604,13.2947,0,7.8125,0.0,0.0
987,3607,13.2947,0,7.8125,0.0,0.0
988,3610,13.2947,0,7.8125,0.0,0.0
989,3613,13.2947,0,7.8125,0.0,0.0
990,3616,-13.2942,0,7.8125,0.0,0.0
991,3618,-13.2942,0,7.8125,0.0,0.0
992,3621,-13.2942,0,7.8125,0.0,0.0
993,3624,-13.2942,0,7.8125,0.0,0.0
994,3626,-13.2942,0,7.8125,0.0,0.0
995,3628,-13.2942,0,7.8125,0.0,0.0
996,3630,-13.2942,0,7.8125,0.0,0.0
997,3632,-13.2942,0,7.8125,0.0,0.0
998,3633,-13.2942,0,7.8125,0.0,0.0
999,3634,-13.2942,0,7.8125,0.0,0.0
1000,3636,-35.7926,0,7.8125,0.0,0.0
1001,3637,-35.7926,0,7.8125,0.0,0.0
1002,3638,-35.7926,0,7.8125,0.0,0.0
1003,3638,-35.7926,0,7.8125,0.0,0.0
1004,3639,-35.7926,0,7.8125,0.0,0.0
1005,3639,-35.7926,0,7.8125,0.0,0.0
1006,3639,-35.7926,0,7.8125,0.0,0.0
1007,3639,-35.7926,0,7.8125,0.0,0.0
1008,3639,-35.7926,0,7.8125,0.0,0.0
1009,3639,-35.7926,0,7.8125,0.0,0.0
1010,3638,-39.8834,0,7.8125,0.0,0.0
1011,3637,-39.8834,0,7.8125,0.0,0.0
1012,3636,-39.8834,0,7.8125,0.0,0.0
1013,3636,-39.8834,0,7.8125,0.0,0.0
1014,3634,-39.8834,0,7.8125,0.0,0.0
1015,3633,-39.8834,0,7.8125,0.0,0.0
1016,3632,-39.8834,0,7.8125,0.0,0.0
1017,3631,-39.8834,0,7.8125,0.0,0.0
1018,3629,-39.8834,0,7.8125,0.0,0.0
1019,3628,-39.8834,0,7.8125,0.0,0.0
1020,3626,-28.6341,0,7.8125,0.0,0.0
1021,3624,-28.6341,0,7.8125,0.0,0.0
1022,3623,-28.6341,0,7.8125,0.0,0.0
1023,3621,-28.6341,0,7.8125,0.0,0.0
1024,3619,-28.6341,0,7.8125,0.0,0.0
1025,3617,-28.6341,0,7.8125,0.0,0.0
1026,3615,-28.6341,0,7.8125,0.0,0.0
1027,3612,-28.6341,0,7.8125,0.0,0.0
1028,3610,-28.6341,0,7.8125,0.0,0.0
1029,3608,-28.6341,0,7.8125,0.0,0.0
1030,3605,-8.1811,0,7.8125,0.0,0.0
1031,3603,-8.1811,0,7.8125,0.0,0.0
1032,3600,-8.1811,0,7.8125,0.0,0.0
1033,3598,-8.1811,0,7.8125,0.0,0.0
1034,3595,-8.1811,0,7.8125,0.0,0.0
1035,3593,-8.1811,0,7.8125,0.0,0.0
1036,3590,-8.1811,0,7.8125,0.0,0.0
1037,3588,-8.1811,0,7.8125,0.0,0.0
1038,3585,-8.1811,0,7.8125,0.0,0.0
1039,3583,-8.1811,0,7.8125,0.0,0.0
1040,3580,18.4081,0,7.8125,0.0,0.0
1041,3578,18.4081,0,7.8125,0.0,0.0
1042,3575,18.4081,0,7.8125,0.0,0.0
1043,3573,18.4081,0,7.8125,0.0,0.0
1044,3571,18.4081,0,7.8125,0.0,0.0
1045,3569,18.4081,0,7.8125,0.0,0.0
1046,3568,18.4081,0,7.8125,0.0,0.0
1047,3567,18.4081,0,7.8125,0.0,0.0
1048,3565,18.4081,0,7.8125,0.0,0.0
1049,3564,18.4081,0,7.8125,0.0,0.0
1050,3564,36.8156,0,7.8125,0.0,0.0
1051,3563,36.8156,0,7.8125,0.0,0.0
1052,3563,36.8156,0,7.8125,0.0,0.0
1053,3562,36.8156,0,7.8125,0.0,0.0
1054,3562,36.8156,0,7.8125,0.0,0.0
1055,3562,36.8156,0,7.8125,0.0,0.0
1056,3562,36.8156,0,7.8125,0.0,0.0
1057,3562,36.8156,0,7.8125,0.0,0.0
1058,3562,36.8156,0,7.8125,0.0,0.0
1059,3563,36.8156,0,7.8125,0.0,0.0
1060,3564,37.8385,0,7.8125,0.0,0.0
1061,3565,37.8385,0,7.8125,0.0,0.0
1062,3566,37.8385,0,7.8125,0.0,0.0
1063,3567,37.8385,0,7.8125,0.0,0.0
1064,3568,37.8385,0,7.8125,0.0,0.0
1065,3569,37.8385,0,7.8125,0.0,0.0
1066,3570,37.8385,0,7.8125,0.0,0.0
1067,3571,37.8385,0,7.8125,0.0,0.0
1068,3573,37.8385,0,7.8125,0.0,0.0
1069,3574,37.8385,0,7.8125,0.0,0.0
1070,3576,25.5666,0,7.8125,0.0,0.0
1071,3578,25.5666,0,7.8125,0.0,0.0
1072,3579,25.5666,0,7.8125,0.0,0.0
1073,3582,25.5666,0,7.8125,0.0,0.0
1074,3584,25.5666,0,7.8125,0.0,0.0
1075,3586,25.5666,0,7.8125,0.0,0.0
1076,3589,25.5666,0,7.8125,0.0,0.0
1077,3591,25.5666,0,7.8125,0.0,0.0
1078,3593,25.5666,0,7.8125,0.0,0.0
1079,3595,25.5666,0,7.8125,0.0,0.0
1080,3598,4.0908,0,7.8125,0.0,0.0
1081,3600,4.0908,0,7.8125,0.0,0.0
1082,3603,4.0908,0,7.8125,0.0,0.0
1083,3605,4.0908,0,7.8125,0.0,0.0
1084,3608,4.0908,0,7.8125,0.0,0.0
1085,3610,4.0908,0,7.8125,0.0,0.0
1086,3612,4.0908,0,7.8125,0.0,0.0
1087,3615,4.0908,0,7.8125,0.0,0.0
1088,3617,4.0908,0,7.8125,0.0,0.0
1089,3619,4.0908,0,7.8125,0.0,0.0
1090,3621,-19.4302,0,7.8125,0.0,0.0
1091,3623,-19.4302,0,7.8125,0.0,0.0
1092,3625,-19.4302,0,7.8125,0.0,0.0
1093,3627,-19.4302,0,7.8125,0.0,0.0
1094,3628,-19.4302,0,7.8125,0.0,0.0
1095,3630,-19.4302,0,7.8125,0.0,0.0
1096,3631,-19.4302,0,7.8125,0.0,0.0
1097,3632,-19.4302,0,7.8125,0.0,0.0
1098,3633,-19.4302,0,7.8125,0.0,0.0
1099,3634,-19.4302,0,7.8125,0.0,0.0
1100,3634,-34.77,0,7.8125,0.0,0.0
1101,3634,-34.77,0,7.8125,0.0,0.0
1102,3634,-34.77,0,7.8125,0.0,0.0
1103,3634,-34.77,0,7.8125,0.0,0.0
1104,3634,-34.77,0,7.8125,0.0,0.0
1105,3634,-34.77,0,7.8125,0.0,0.0
1106,3633,-34.77,0,7.8125,0.0,0.0
1107,3632,-34.77,0,7.8125,0.0,0.0
1108,3631,-34.77,0,7.8125,0.0,0.0
1109,3630,-34.77,0,7.8125,0.0,0.0
1110,3629,-30.6795,0,7.8125,0.0,0.0
1111,3628,-30.6795,0,7.8125,0.0,0.0
1112,3627,-30.6795,0,7.8125,0.0,0.0
1113,3625,-30.6795,0,7.8125,0.0,0.0
1114,3624,-30.6795,0,7.8125,0.0,0.0
1115,3622,-30.6795,0,7.8125,0.0,0.0
1116,3621,-30.6795,0,7.8125,0.0,0.0
1117,3619,-30.6795,0,7.8125,0.0,0.0
1118,3617,-30.6795,0,7.8125,0.0,0.0
1119,3615,-30.6795,0,7.8125,0.0,0.0
1120,3613,-15.3396,0,7.8125,0.0,0.0
1121,3611,-15.3396,0,7.8125,0.0,0.0
1122,3609,-15.3396,0,7.8125,0.0,0.0
1123,3606,-15.3396,0,7.8125,0.0,0.0
1124,3604,-15.3396,0,7.8125,0.0,0.0
1125,3602,-15.3396,0,7.8125,0.0,0.0
1126,3599,-15.3396,0,7.8125,0.0,0.0
1127,3597,-15.3396,0,7.8125,0.0,0.0
1128,3594,-15.3396,0,7.8125,0.0,0.0
1129,3592,-15.3396,0,7.8125,0.0,0.0
1130,3589,9.2041,0,7.8125,0.0,0.0
1131,3586,9.2041,0,7.8125,0.0,0.0
1132,3584,9.2041,0,7.8125,0.0,0.0
1133,3582,9.2041,0,7.8125,0.0,0.0
1134,3580,9.2041,0,7.8125,0.0,0.0
1135,3577,9.2041,0,7.8125,0.0,0.0
1136,3576,9.2041,0,7.8125,0.0,0.0
1137,3574,9.2041,0,7.8125,0.0,0.0
1138,3572,9.2041,0,7.8125,0.0,0.0
1139,3571,9.2041,0,7.8125,0.0,0.0
1140,3570,29.6571,0,7.8125,0.0,0.0
1141,3569,29.6571,0,7.8125,0.0,0.0
1142,3568,29.6571,0,7.8125,0.0,0.0
1143,3568,29.6571,0,7.8125,0.0,0.0
1144,3567,29.6571,0,7.8125,0.0,0.0
1145,3567,29.6571,0,7.8125,0.0,0.0
1146,3567,29.6571,0,7.8125,0.0,0.0
1147,3567,29.6571,0,7.8125,0.0,0.0
1148,3567,29.6571,0,7.8125,0.0,0.0
1149,3568,29.6571,0,7.8125,0.0,0.0
1150,3568,32.7251,0,7.8125,0.0,0.0
1151,3569,32.7251,0,7.8125,0.0,0.0
1152,3570,32.7251,0,7.8125,0.0,0.0
1153,3571,32.7251,0,7.8125,0.0,0.0
1154,3572,32.7251,0,7.8125,0.0,0.0
1155,3573,32.7251,0,7.8125,0.0,0.0
1156,3574,32.7251,0,7.8125,0.0,0.0
1157,3576,32.7251,0,7.8125,0.0,0.0
1158,3577,32.7251,0,7.8125,0.0,0.0
1159,3579,32.7251,0,7.8125,0.0,0.0
1160,3581,21.476,0,7.8125,0.0,0.0
1161,3582,21.476,0,7.8125,0.0,0.0
1162,3584,21.476,0,7.8125,0.0,0.0
1163,3586,21.476,0,7.8125,0.0,0.0
1164,3588,21.476,0,7.8125,0.0,0.0
1165,3590,21.476,0,7.8125,0.0,0.0
1166,3593,21.476,0,7.8125,0.0,0.0
1167,3595,21.476,0,7.8125,0.0,0.0
1168,3597,21.476,0,7.8125,0.0,0.0
1169,3600,21.476,0,7.8125,0.0,0.0
