TIME,PULSES,CONTROLLERVOLTAGE,CONTROLLER,KP,TAUD,TAUI 
0,0,0.0001,0,1.953125,0.0,0.0
1,0,0.0001,0,1.953125,0.0,0.0
2,0,0.0001,0,1.953125,0.0,0.0
3,0,0.0001,0,1.953125,0.0,0.0
4,0,0.0001,0,1.953125,0.0,0.0
5,0,0.0001,0,1.953125,0.0,0.0
6,0,0.0001,0,1.953125,0.0,0.0
7,0,0.0001,0,1.953125,0.0,0.0
8,0,0.0001,0,1.953125,0.0,0.0
9,0,0.0001,0,1.953125,0.0,0.0
10,0,920.3885,0,1.953125,0.0,0.0
11,0,920.3885,0,1.953125,0.0,0.0
12,0,920.3885,0,1.953125,0.0,0.0
13,0,920.3885,0,1.953125,0.0,0.0
14,1,920.3885,0,1.953125,0.0,0.0
15,1,920.3885,0,1.953125,0.0,0.0
16,2,920.3885,0,1.953125,0.0,0.0
17,3,920.3885,0,1.953125,0.0,0.0
18,4,920.3885,0,1.953125,0.0,0.0
19,5,920.3885,0,1.953125,0.0,0.0
20,6,919.1102,0,1.953125,0.0,0.0
21,7,919.1102,0,1.953125,0.0,0.0
22,9,919.1102,0,1.953125,0.0,0.0
23,11,919.1102,0,1.953125,0.0,0.0
24,12,919.1102,0,1.953125,0.0,0.0
25,14,919.1102,0,1.953125,0.0,0.0
26,16,919.1102,0,1.953125,0.0,0.0
27,18,919.1102,0,1.953125,0.0,0.0
28,20,919.1102,0,1.953125,0.0,0.0
29,22,919.1102,0,1.953125,0.0,0.0
30,24,914.7639,0,1.953125,0.0,0.0
31,26,914.7639,0,1.953125,0.0,0.0
32,28,914.7639,0,1.953125,0.0,0.0
33,30,914.7639,0,1.953125,0.0,0.0
34,33,914.7639,0,1.953125,0.0,0.0
35,35,914.7639,0,1.953125,0.0,0.0
36,38,914.7639,0,1.953125,0.0,0.0
37,40,914.7639,0,1.953125,0.0,0.0
38,43,914.7639,0,1.953125,0.0,0.0
39,46,914.7639,0,1.953125,0.0,0.0
40,48,908.628,0,1.953125,0.0,0.0
41,51,908.628,0,1.953125,0.0,0.0
42,54,908.628,0,1.953125,0.0,0.0
43,57,908.628,0,1.953125,0.0,0.0
44,60,908.628,0,1.953125,0.0,0.0
45,63,908.628,0,1.953125,0.0,0.0
46,66,908.628,0,1.953125,0.0,0.0
47,69,908.628,0,1.953125,0.0,0.0
48,72,908.628,0,1.953125,0.0,0.0
49,75,908.628,0,1.953125,0.0,0.0
50,78,901.2137,0,1.953125,0.0,0.0
51,81,901.2137,0,1.953125,0.0,0.0
52,84,901.2137,0,1.953125,0.0,0.0
53,88,901.2137,0,1.953125,0.0,0.0
54,91,901.2137,0,1.953125,0.0,0.0
55,94,901.2137,0,1.953125,0.0,0.0
56,98,901.2137,0,1.953125,0.0,0.0
57,101,901.2137,0,1.953125,0.0,0.0
58,104,901.2137,0,1.953125,0.0,0.0
59,108,901.2137,0,1.953125,0.0,0.0
60,111,892.7769,0,1.953125,0.0,0.0
61,115,892.7769,0,1.953125,0.0,0.0
62,118,892.7769,0,1.953125,0.0,0.0
63,122,892.7769,0,1.953125,0.0,0.0
64,125,892.7769,0,1.953125,0.0,0.0
65,129,892.7769,0,1.953125,0.0,0.0
66,133,892.7769,0,1.953125,0.0,0.0
67,136,892.7769,0,1.953125,0.0,0.0
68,139,892.7769,0,1.953125,0.0,0.0
69,143,892.7769,0,1.953125,0.0,0.0
70,146,883.8286,0,1.953125,0.0,0.0
71,150,883.8286,0,1.953125,0.0,0.0
72,154,883.8286,0,1.953125,0.0,0.0
73,157,883.8286,0,1.953125,0.0,0.0
74,161,883.8286,0,1.953125,0.0,0.0
75,165,883.8286,0,1.953125,0.0,0.0
76,169,883.8286,0,1.953125,0.0,0.0
77,172,883.8286,0,1.953125,0.0,0.0
78,176,883.8286,0,1.953125,0.0,0.0
79,180,883.8286,0,1.953125,0.0,0.0
80,184,874.1135,0,1.953125,0.0,0.0
81,189,874.1135,0,1.953125,0.0,0.0
82,193,874.1135,0,1.953125,0.0,0.0
83,197,874.1135,0,1.953125,0.0,0.0
84,201,874.1135,0,1.953125,0.0,0.0
85,204,874.1135,0,1.953125,0.0,0.0
86,208,874.1135,0,1.953125,0.0,0.0
87,212,874.1135,0,1.953125,0.0,0.0
88,216,874.1135,0,1.953125,0.0,0.0
89,220,874.1135,0,1.953125,0.0,0.0
90,224,864.1425,0,1.953125,0.0,0.0
91,228,864.1425,0,1.953125,0.0,0.0
92,232,864.1425,0,1.953125,0.0,0.0
93,236,864.1425,0,1.953125,0.0,0.0
94,240,864.1425,0,1.953125,0.0,0.0
95,244,864.1425,0,1.953125,0.0,0.0
96,248,864.1425,0,1.953125,0.0,0.0
97,253,864.1425,0,1.953125,0.0,0.0
98,257,864.1425,0,1.953125,0.0,0.0
99,261,864.1425,0,1.953125,0.0,0.0
100,265,853.4047,0,1.953125,0.0,0.0
101,269,853.4047,0,1.953125,0.0,0.0
102,274,853.4047,0,1.953125,0.0,0.0
103,278,853.4047,0,1.953125,0.0,0.0
104,282,853.4047,0,1.953125,0.0,0.0
105,286,853.4047,0,1.953125,0.0,0.0
106,290,853.4047,0,1.953125,0.0,0.0
107,294,853.4047,0,1.953125,0.0,0.0
108,298,853.4047,0,1.953125,0.0,0.0
109,301,853.4047,0,1.953125,0.0,0.0
110,305,843.4338,0,1.953125,0.0,0.0
111,309,843.4338,0,1.953125,0.0,0.0
112,314,843.4338,0,1.953125,0.0,0.0
113,318,843.4338,0,1.953125,0.0,0.0
114,322,843.4338,0,1.953125,0.0,0.0
115,326,843.4338,0,1.953125,0.0,0.0
116,330,843.4338,0,1.953125,0.0,0.0
117,334,843.4338,0,1.953125,0.0,0.0
118,338,843.4338,0,1.953125,0.0,0.0
119,343,843.4338,0,1.953125,0.0,0.0
120,347,832.696,0,1.953125,0.0,0.0
121,351,832.696,0,1.953125,0.0,0.0
122,355,832.696,0,1.953125,0.0,0.0
123,359,832.696,0,1.953125,0.0,0.0
124,363,832.696,0,1.953125,0.0,0.0
125,368,832.696,0,1.953125,0.0,0.0
126,372,832.696,0,1.953125,0.0,0.0
127,376,832.696,0,1.953125,0.0,0.0
128,380,832.696,0,1.953125,0.0,0.0
129,384,832.696,0,1.953125,0.0,0.0
130,389,821.9581,0,1.953125,0.0,0.0
131,394,821.9581,0,1.953125,0.0,0.0
132,399,821.9581,0,1.953125,0.0,0.0
133,403,821.9581,0,1.953125,0.0,0.0
134,407,821.9581,0,1.953125,0.0,0.0
135,411,821.9581,0,1.953125,0.0,0.0
136,415,821.9581,0,1.953125,0.0,0.0
137,420,821.9581,0,1.953125,0.0,0.0
138,424,821.9581,0,1.953125,0.0,0.0
139,428,821.9581,0,1.953125,0.0,0.0
140,432,810.7089,0,1.953125,0.0,0.0
141,438,810.7089,0,1.953125,0.0,0.0
142,442,810.7089,0,1.953125,0.0,0.0
143,446,810.7089,0,1.953125,0.0,0.0
144,450,810.7089,0,1.953125,0.0,0.0
145,455,810.7089,0,1.953125,0.0,0.0
146,460,810.7089,0,1.953125,0.0,0.0
147,464,810.7089,0,1.953125,0.0,0.0
148,468,810.7089,0,1.953125,0.0,0.0
149,472,810.7089,0,1.953125,0.0,0.0
150,477,799.4597,0,1.953125,0.0,0.0
151,481,799.4597,0,1.953125,0.0,0.0
152,485,799.4597,0,1.953125,0.0,0.0
153,489,799.4597,0,1.953125,0.0,0.0
154,493,799.4597,0,1.953125,0.0,0.0
155,497,799.4597,0,1.953125,0.0,0.0
156,502,799.4597,0,1.953125,0.0,0.0
157,506,799.4597,0,1.953125,0.0,0.0
158,510,799.4597,0,1.953125,0.0,0.0
159,514,799.4597,0,1.953125,0.0,0.0
160,519,788.7218,0,1.953125,0.0,0.0
161,523,788.7218,0,1.953125,0.0,0.0
162,527,788.7218,0,1.953125,0.0,0.0
163,531,788.7218,0,1.953125,0.0,0.0
164,536,788.7218,0,1.953125,0.0,0.0
165,540,788.7218,0,1.953125,0.0,0.0
166,544,788.7218,0,1.953125,0.0,0.0
167,548,788.7218,0,1.953125,0.0,0.0
168,553,788.7218,0,1.953125,0.0,0.0
169,558,788.7218,0,1.953125,0.0,0.0
170,562,777.7283,0,1.953125,0.0,0.0
171,566,777.7283,0,1.953125,0.0,0.0
172,570,777.7283,0,1.953125,0.0,0.0
173,575,777.7283,0,1.953125,0.0,0.0
174,579,777.7283,0,1.953125,0.0,0.0
175,583,777.7283,0,1.953125,0.0,0.0
176,587,777.7283,0,1.953125,0.0,0.0
177,591,777.7283,0,1.953125,0.0,0.0
178,595,777.7283,0,1.953125,0.0,0.0
179,599,777.7283,0,1.953125,0.0,0.0
180,603,767.2462,0,1.953125,0.0,0.0
181,608,767.2462,0,1.953125,0.0,0.0
182,612,767.2462,0,1.953125,0.0,0.0
183,616,767.2462,0,1.953125,0.0,0.0
184,620,767.2462,0,1.953125,0.0,0.0
185,625,767.2462,0,1.953125,0.0,0.0
186,629,767.2462,0,1.953125,0.0,0.0
187,634,767.2462,0,1.953125,0.0,0.0
188,638,767.2462,0,1.953125,0.0,0.0
189,642,767.2462,0,1.953125,0.0,0.0
190,648,755.9969,0,1.953125,0.0,0.0
191,652,755.9969,0,1.953125,0.0,0.0
192,656,755.9969,0,1.953125,0.0,0.0
193,661,755.9969,0,1.953125,0.0,0.0
194,665,755.9969,0,1.953125,0.0,0.0
195,669,755.9969,0,1.953125,0.0,0.0
196,673,755.9969,0,1.953125,0.0,0.0
197,678,755.9969,0,1.953125,0.0,0.0
198,682,755.9969,0,1.953125,0.0,0.0
199,686,755.9969,0,1.953125,0.0,0.0
200,691,745.0034,0,1.953125,0.0,0.0
201,695,745.0034,0,1.953125,0.0,0.0
202,700,745.0034,0,1.953125,0.0,0.0
203,704,745.0034,0,1.953125,0.0,0.0
204,708,745.0034,0,1.953125,0.0,0.0
205,713,745.0034,0,1.953125,0.0,0.0
206,717,745.0034,0,1.953125,0.0,0.0
207,721,745.0034,0,1.953125,0.0,0.0
208,725,745.0034,0,1.953125,0.0,0.0
209,731,745.0034,0,1.953125,0.0,0.0
210,735,733.4985,0,1.953125,0.0,0.0
211,740,733.4985,0,1.953125,0.0,0.0
212,744,733.4985,0,1.953125,0.0,0.0
213,748,733.4985,0,1.953125,0.0,0.0
214,753,733.4985,0,1.953125,0.0,0.0
215,757,733.4985,0,1.953125,0.0,0.0
216,761,733.4985,0,1.953125,0.0,0.0
217,766,733.4985,0,1.953125,0.0,0.0
218,770,733.4985,0,1.953125,0.0,0.0
219,774,733.4985,0,1.953125,0.0,0.0
220,778,722.5049,0,1.953125,0.0,0.0
221,784,722.5049,0,1.953125,0.0,0.0
222,789,722.5049,0,1.953125,0.0,0.0
223,793,722.5049,0,1.953125,0.0,0.0
224,798,722.5049,0,1.953125,0.0,0.0
225,802,722.5049,0,1.953125,0.0,0.0
226,807,722.5049,0,1.953125,0.0,0.0
227,811,722.5049,0,1.953125,0.0,0.0
228,815,722.5049,0,1.953125,0.0,0.0
229,820,722.5049,0,1.953125,0.0,0.0
230,824,710.7445,0,1.953125,0.0,0.0
231,828,710.7445,0,1.953125,0.0,0.0
232,832,710.7445,0,1.953125,0.0,0.0
233,837,710.7445,0,1.953125,0.0,0.0
234,841,710.7445,0,1.953125,0.0,0.0
235,845,710.7445,0,1.953125,0.0,0.0
236,849,710.7445,0,1.953125,0.0,0.0
237,854,710.7445,0,1.953125,0.0,0.0
238,858,710.7445,0,1.953125,0.0,0.0
239,862,710.7445,0,1.953125,0.0,0.0
240,866,700.0066,0,1.953125,0.0,0.0
241,871,700.0066,0,1.953125,0.0,0.0
242,875,700.0066,0,1.953125,0.0,0.0
243,881,700.0066,0,1.953125,0.0,0.0
244,885,700.0066,0,1.953125,0.0,0.0
245,891,700.0066,0,1.953125,0.0,0.0
246,895,700.0066,0,1.953125,0.0,0.0
247,900,700.0066,0,1.953125,0.0,0.0
248,904,700.0066,0,1.953125,0.0,0.0
249,909,700.0066,0,1.953125,0.0,0.0
250,913,687.9904,0,1.953125,0.0,0.0
251,917,687.9904,0,1.953125,0.0,0.0
252,921,687.9904,0,1.953125,0.0,0.0
253,926,687.9904,0,1.953125,0.0,0.0
254,930,687.9904,0,1.953125,0.0,0.0
255,934,687.9904,0,1.953125,0.0,0.0
256,939,687.9904,0,1.953125,0.0,0.0
257,944,687.9904,0,1.953125,0.0,0.0
258,948,687.9904,0,1.953125,0.0,0.0
259,952,687.9904,0,1.953125,0.0,0.0
260,956,676.9969,0,1.953125,0.0,0.0
261,961,676.9969,0,1.953125,0.0,0.0
262,965,676.9969,0,1.953125,0.0,0.0
263,969,676.9969,0,1.953125,0.0,0.0
264,974,676.9969,0,1.953125,0.0,0.0
265,978,676.9969,0,1.953125,0.0,0.0
266,983,676.9969,0,1.953125,0.0,0.0
267,987,676.9969,0,1.953125,0.0,0.0
268,991,676.9969,0,1.953125,0.0,0.0
269,996,676.9969,0,1.953125,0.0,0.0
270,1000,665.7477,0,1.953125,0.0,0.0
271,1004,665.7477,0,1.953125,0.0,0.0
272,1008,665.7477,0,1.953125,0.0,0.0
273,1013,665.7477,0,1.953125,0.0,0.0
274,1017,665.7477,0,1.953125,0.0,0.0
275,1021,665.7477,0,1.953125,0.0,0.0
276,1026,665.7477,0,1.953125,0.0,0.0
277,1030,665.7477,0,1.953125,0.0,0.0
278,1034,665.7477,0,1.953125,0.0,0.0
279,1038,665.7477,0,1.953125,0.0,0.0
280,1042,654.7542,0,1.953125,0.0,0.0
281,1047,654.7542,0,1.953125,0.0,0.0
282,1051,654.7542,0,1.953125,0.0,0.0
283,1055,654.7542,0,1.953125,0.0,0.0
284,1060,654.7542,0,1.953125,0.0,0.0
285,1064,654.7542,0,1.953125,0.0,0.0
286,1068,654.7542,0,1.953125,0.0,0.0
287,1072,654.7542,0,1.953125,0.0,0.0
288,1077,654.7542,0,1.953125,0.0,0.0
289,1081,654.7542,0,1.953125,0.0,0.0
290,1086,644.0163,0,1.953125,0.0,0.0
291,1090,644.0163,0,1.953125,0.0,0.0
292,1094,644.0163,0,1.953125,0.0,0.0
293,1099,644.0163,0,1.953125,0.0,0.0
294,1103,644.0163,0,1.953125,0.0,0.0
295,1107,644.0163,0,1.953125,0.0,0.0
296,1112,644.0163,0,1.953125,0.0,0.0
297,1116,644.0163,0,1.953125,0.0,0.0
298,1120,644.0163,0,1.953125,0.0,0.0
299,1124,644.0163,0,1.953125,0.0,0.0
300,1130,632.5115,0,1.953125,0.0,0.0
301,1135,632.5115,0,1.953125,0.0,0.0
302,1139,632.5115,0,1.953125,0.0,0.0
303,1144,632.5115,0,1.953125,0.0,0.0
304,1148,632.5115,0,1.953125,0.0,0.0
305,1153,632.5115,0,1.953125,0.0,0.0
306,1157,632.5115,0,1.953125,0.0,0.0
307,1161,632.5115,0,1.953125,0.0,0.0
308,1166,632.5115,0,1.953125,0.0,0.0
309,1170,632.5115,0,1.953125,0.0,0.0
310,1174,621.2623,0,1.953125,0.0,0.0
311,1178,621.2623,0,1.953125,0.0,0.0
312,1183,621.2623,0,1.953125,0.0,0.0
313,1186,621.2623,0,1.953125,0.0,0.0
314,1190,621.2623,0,1.953125,0.0,0.0
315,1195,621.2623,0,1.953125,0.0,0.0
316,1200,621.2623,0,1.953125,0.0,0.0
317,1204,621.2623,0,1.953125,0.0,0.0
318,1208,621.2623,0,1.953125,0.0,0.0
319,1212,621.2623,0,1.953125,0.0,0.0
320,1217,610.2687,0,1.953125,0.0,0.0
321,1221,610.2687,0,1.953125,0.0,0.0
322,1225,610.2687,0,1.953125,0.0,0.0
323,1229,610.2687,0,1.953125,0.0,0.0
324,1234,610.2687,0,1.953125,0.0,0.0
325,1238,610.2687,0,1.953125,0.0,0.0
326,1242,610.2687,0,1.953125,0.0,0.0
327,1246,610.2687,0,1.953125,0.0,0.0
328,1250,610.2687,0,1.953125,0.0,0.0
329,1255,610.2687,0,1.953125,0.0,0.0
330,1259,599.5309,0,1.953125,0.0,0.0
331,1263,599.5309,0,1.953125,0.0,0.0
332,1268,599.5309,0,1.953125,0.0,0.0
333,1272,599.5309,0,1.953125,0.0,0.0
334,1276,599.5309,0,1.953125,0.0,0.0
335,1280,599.5309,0,1.953125,0.0,0.0
336,1285,599.5309,0,1.953125,0.0,0.0
337,1289,599.5309,0,1.953125,0.0,0.0
338,1293,599.5309,0,1.953125,0.0,0.0
339,1297,599.5309,0,1.953125,0.0,0.0
340,1302,588.5374,0,1.953125,0.0,0.0
341,1306,588.5374,0,1.953125,0.0,0.0
342,1310,588.5374,0,1.953125,0.0,0.0
343,1314,588.5374,0,1.953125,0.0,0.0
344,1319,588.5374,0,1.953125,0.0,0.0
345,1323,588.5374,0,1.953125,0.0,0.0
346,1327,588.5374,0,1.953125,0.0,0.0
347,1331,588.5374,0,1.953125,0.0,0.0
348,1336,588.5374,0,1.953125,0.0,0.0
349,1340,588.5374,0,1.953125,0.0,0.0
350,1344,577.7994,0,1.953125,0.0,0.0
351,1348,577.7994,0,1.953125,0.0,0.0
352,1353,577.7994,0,1.953125,0.0,0.0
353,1357,577.7994,0,1.953125,0.0,0.0
354,1361,577.7994,0,1.953125,0.0,0.0
355,1365,577.7994,0,1.953125,0.0,0.0
356,1370,577.7994,0,1.953125,0.0,0.0
357,1374,577.7994,0,1.953125,0.0,0.0
358,1378,577.7994,0,1.953125,0.0,0.0
359,1382,577.7994,0,1.953125,0.0,0.0
360,1387,566.806,0,1.953125,0.0,0.0
361,1391,566.806,0,1.953125,0.0,0.0
362,1395,566.806,0,1.953125,0.0,0.0
363,1399,566.806,0,1.953125,0.0,0.0
364,1404,566.806,0,1.953125,0.0,0.0
365,1408,566.806,0,1.953125,0.0,0.0
366,1412,566.806,0,1.953125,0.0,0.0
367,1416,566.806,0,1.953125,0.0,0.0
368,1421,566.806,0,1.953125,0.0,0.0
369,1425,566.806,0,1.953125,0.0,0.0
370,1429,556.0681,0,1.953125,0.0,0.0
371,1433,556.0681,0,1.953125,0.0,0.0
372,1437,556.0681,0,1.953125,0.0,0.0
373,1442,556.0681,0,1.953125,0.0,0.0
374,1446,556.0681,0,1.953125,0.0,0.0
375,1450,556.0681,0,1.953125,0.0,0.0
376,1455,556.0681,0,1.953125,0.0,0.0
377,1459,556.0681,0,1.953125,0.0,0.0
378,1463,556.0681,0,1.953125,0.0,0.0
379,1467,556.0681,0,1.953125,0.0,0.0
380,1473,545.0746,0,1.953125,0.0,0.0
381,1477,545.0746,0,1.953125,0.0,0.0
382,1482,545.0746,0,1.953125,0.0,0.0
383,1486,545.0746,0,1.953125,0.0,0.0
384,1490,545.0746,0,1.953125,0.0,0.0
385,1495,545.0746,0,1.953125,0.0,0.0
386,1499,545.0746,0,1.953125,0.0,0.0
387,1503,545.0746,0,1.953125,0.0,0.0
388,1508,545.0746,0,1.953125,0.0,0.0
389,1512,545.0746,0,1.953125,0.0,0.0
390,1516,533.8254,0,1.953125,0.0,0.0
391,1520,533.8254,0,1.953125,0.0,0.0
392,1525,533.8254,0,1.953125,0.0,0.0
393,1530,533.8254,0,1.953125,0.0,0.0
394,1535,533.8254,0,1.953125,0.0,0.0
395,1539,533.8254,0,1.953125,0.0,0.0
396,1543,533.8254,0,1.953125,0.0,0.0
397,1548,533.8254,0,1.953125,0.0,0.0
398,1552,533.8254,0,1.953125,0.0,0.0
399,1556,533.8254,0,1.953125,0.0,0.0
400,1561,522.3205,0,1.953125,0.0,0.0
401,1565,522.3205,0,1.953125,0.0,0.0
402,1569,522.3205,0,1.953125,0.0,0.0
403,1573,522.3205,0,1.953125,0.0,0.0
404,1577,522.3205,0,1.953125,0.0,0.0
405,1582,522.3205,0,1.953125,0.0,0.0
406,1586,522.3205,0,1.953125,0.0,0.0
407,1590,522.3205,0,1.953125,0.0,0.0
408,1595,522.3205,0,1.953125,0.0,0.0
409,1599,522.3205,0,1.953125,0.0,0.0
410,1603,511.5826,0,1.953125,0.0,0.0
411,1607,511.5826,0,1.953125,0.0,0.0
412,1612,511.5826,0,1.953125,0.0,0.0
413,1616,511.5826,0,1.953125,0.0,0.0
414,1620,511.5826,0,1.953125,0.0,0.0
415,1624,511.5826,0,1.953125,0.0,0.0
416,1628,511.5826,0,1.953125,0.0,0.0
417,1633,511.5826,0,1.953125,0.0,0.0
418,1637,511.5826,0,1.953125,0.0,0.0
419,1641,511.5826,0,1.953125,0.0,0.0
420,1646,500.5891,0,1.953125,0.0,0.0
421,1650,500.5891,0,1.953125,0.0,0.0
422,1654,500.5891,0,1.953125,0.0,0.0
423,1658,500.5891,0,1.953125,0.0,0.0
424,1663,500.5891,0,1.953125,0.0,0.0
425,1667,500.5891,0,1.953125,0.0,0.0
426,1671,500.5891,0,1.953125,0.0,0.0
427,1675,500.5891,0,1.953125,0.0,0.0
428,1679,500.5891,0,1.953125,0.0,0.0
429,1684,500.5891,0,1.953125,0.0,0.0
430,1688,489.8512,0,1.953125,0.0,0.0
431,1692,489.8512,0,1.953125,0.0,0.0
432,1697,489.8512,0,1.953125,0.0,0.0
433,1701,489.8512,0,1.953125,0.0,0.0
434,1705,489.8512,0,1.953125,0.0,0.0
435,1709,489.8512,0,1.953125,0.0,0.0
436,1714,489.8512,0,1.953125,0.0,0.0
437,1718,489.8512,0,1.953125,0.0,0.0
438,1722,489.8512,0,1.953125,0.0,0.0
439,1726,489.8512,0,1.953125,0.0,0.0
440,1731,478.8577,0,1.953125,0.0,0.0
441,1735,478.8577,0,1.953125,0.0,0.0
442,1739,478.8577,0,1.953125,0.0,0.0
443,1743,478.8577,0,1.953125,0.0,0.0
444,1748,478.8577,0,1.953125,0.0,0.0
445,1752,478.8577,0,1.953125,0.0,0.0
446,1757,478.8577,0,1.953125,0.0,0.0
447,1761,478.8577,0,1.953125,0.0,0.0
448,1767,478.8577,0,1.953125,0.0,0.0
449,1771,478.8577,0,1.953125,0.0,0.0
450,1775,467.6085,0,1.953125,0.0,0.0
451,1779,467.6085,0,1.953125,0.0,0.0
452,1783,467.6085,0,1.953125,0.0,0.0
453,1788,467.6085,0,1.953125,0.0,0.0
454,1792,467.6085,0,1.953125,0.0,0.0
455,1796,467.6085,0,1.953125,0.0,0.0
456,1801,467.6085,0,1.953125,0.0,0.0
457,1805,467.6085,0,1.953125,0.0,0.0
458,1810,467.6085,0,1.953125,0.0,0.0
459,1815,467.6085,0,1.953125,0.0,0.0
460,1819,456.1037,0,1.953125,0.0,0.0
461,1824,456.1037,0,1.953125,0.0,0.0
462,1828,456.1037,0,1.953125,0.0,0.0
463,1832,456.1037,0,1.953125,0.0,0.0
464,1837,456.1037,0,1.953125,0.0,0.0
465,1841,456.1037,0,1.953125,0.0,0.0
466,1845,456.1037,0,1.953125,0.0,0.0
467,1849,456.1037,0,1.953125,0.0,0.0
468,1854,456.1037,0,1.953125,0.0,0.0
469,1858,456.1037,0,1.953125,0.0,0.0
470,1862,445.3658,0,1.953125,0.0,0.0
471,1866,445.3658,0,1.953125,0.0,0.0
472,1871,445.3658,0,1.953125,0.0,0.0
473,1875,445.3658,0,1.953125,0.0,0.0
474,1879,445.3658,0,1.953125,0.0,0.0
475,1883,445.3658,0,1.953125,0.0,0.0
476,1888,445.3658,0,1.953125,0.0,0.0
477,1892,445.3658,0,1.953125,0.0,0.0
478,1897,445.3658,0,1.953125,0.0,0.0
479,1901,445.3658,0,1.953125,0.0,0.0
480,1906,434.1166,0,1.953125,0.0,0.0
481,1910,434.1166,0,1.953125,0.0,0.0
482,1914,434.1166,0,1.953125,0.0,0.0
483,1918,434.1166,0,1.953125,0.0,0.0
484,1923,434.1166,0,1.953125,0.0,0.0
485,1927,434.1166,0,1.953125,0.0,0.0
486,1931,434.1166,0,1.953125,0.0,0.0
487,1935,434.1166,0,1.953125,0.0,0.0
488,1940,434.1166,0,1.953125,0.0,0.0
489,1944,434.1166,0,1.953125,0.0,0.0
490,1948,423.3787,0,1.953125,0.0,0.0
491,1952,423.3787,0,1.953125,0.0,0.0
492,1957,423.3787,0,1.953125,0.0,0.0
493,1961,423.3787,0,1.953125,0.0,0.0
494,1965,423.3787,0,1.953125,0.0,0.0
495,1969,423.3787,0,1.953125,0.0,0.0
496,1973,423.3787,0,1.953125,0.0,0.0
497,1978,423.3787,0,1.953125,0.0,0.0
498,1982,423.3787,0,1.953125,0.0,0.0
499,1986,423.3787,0,1.953125,0.0,0.0
500,1991,412.3852,0,1.953125,0.0,0.0
501,1995,412.3852,0,1.953125,0.0,0.0
502,1999,412.3852,0,1.953125,0.0,0.0
503,2004,412.3852,0,1.953125,0.0,0.0
504,2009,412.3852,0,1.953125,0.0,0.0
505,2014,412.3852,0,1.953125,0.0,0.0
506,2018,412.3852,0,1.953125,0.0,0.0
507,2022,412.3852,0,1.953125,0.0,0.0
508,2027,412.3852,0,1.953125,0.0,0.0
509,2031,412.3852,0,1.953125,0.0,0.0
510,2035,401.136,0,1.953125,0.0,0.0
511,2039,401.136,0,1.953125,0.0,0.0
512,2044,401.136,0,1.953125,0.0,0.0
513,2048,401.136,0,1.953125,0.0,0.0
514,2053,401.136,0,1.953125,0.0,0.0
515,2057,401.136,0,1.953125,0.0,0.0
516,2062,401.136,0,1.953125,0.0,0.0
517,2066,401.136,0,1.953125,0.0,0.0
518,2070,401.136,0,1.953125,0.0,0.0
519,2074,401.136,0,1.953125,0.0,0.0
520,2078,389.8868,0,1.953125,0.0,0.0
521,2083,389.8868,0,1.953125,0.0,0.0
522,2087,389.8868,0,1.953125,0.0,0.0
523,2091,389.8868,0,1.953125,0.0,0.0
524,2096,389.8868,0,1.953125,0.0,0.0
525,2100,389.8868,0,1.953125,0.0,0.0
526,2104,389.8868,0,1.953125,0.0,0.0
527,2110,389.8868,0,1.953125,0.0,0.0
528,2115,389.8868,0,1.953125,0.0,0.0
529,2119,389.8868,0,1.953125,0.0,0.0
530,2123,378.6376,0,1.953125,0.0,0.0
531,2127,378.6376,0,1.953125,0.0,0.0
532,2132,378.6376,0,1.953125,0.0,0.0
533,2136,378.6376,0,1.953125,0.0,0.0
534,2140,378.6376,0,1.953125,0.0,0.0
535,2144,378.6376,0,1.953125,0.0,0.0
536,2149,378.6376,0,1.953125,0.0,0.0
537,2153,378.6376,0,1.953125,0.0,0.0
538,2157,378.6376,0,1.953125,0.0,0.0
539,2161,378.6376,0,1.953125,0.0,0.0
540,2166,367.6441,0,1.953125,0.0,0.0
541,2170,367.6441,0,1.953125,0.0,0.0
542,2174,367.6441,0,1.953125,0.0,0.0
543,2178,367.6441,0,1.953125,0.0,0.0
544,2183,367.6441,0,1.953125,0.0,0.0
545,2187,367.6441,0,1.953125,0.0,0.0
546,2191,367.6441,0,1.953125,0.0,0.0
547,2195,367.6441,0,1.953125,0.0,0.0
548,2200,367.6441,0,1.953125,0.0,0.0
549,2204,367.6441,0,1.953125,0.0,0.0
550,2209,356.9062,0,1.953125,0.0,0.0
551,2213,356.9062,0,1.953125,0.0,0.0
552,2218,356.9062,0,1.953125,0.0,0.0
553,2222,356.9062,0,1.953125,0.0,0.0
554,2226,356.9062,0,1.953125,0.0,0.0
555,2230,356.9062,0,1.953125,0.0,0.0
556,2235,356.9062,0,1.953125,0.0,0.0
557,2239,356.9062,0,1.953125,0.0,0.0
558,2243,356.9062,0,1.953125,0.0,0.0
559,2247,356.9062,0,1.953125,0.0,0.0
560,2252,345.657,0,1.953125,0.0,0.0
561,2256,345.657,0,1.953125,0.0,0.0
562,2260,345.657,0,1.953125,0.0,0.0
563,2264,345.657,0,1.953125,0.0,0.0
564,2269,345.657,0,1.953125,0.0,0.0
565,2273,345.657,0,1.953125,0.0,0.0
566,2277,345.657,0,1.953125,0.0,0.0
567,2281,345.657,0,1.953125,0.0,0.0
568,2286,345.657,0,1.953125,0.0,0.0
569,2290,345.657,0,1.953125,0.0,0.0
570,2294,334.9192,0,1.953125,0.0,0.0
571,2299,334.9192,0,1.953125,0.0,0.0
572,2303,334.9192,0,1.953125,0.0,0.0
573,2307,334.9192,0,1.953125,0.0,0.0
574,2311,334.9192,0,1.953125,0.0,0.0
575,2315,334.9192,0,1.953125,0.0,0.0
576,2320,334.9192,0,1.953125,0.0,0.0
577,2324,334.9192,0,1.953125,0.0,0.0
578,2328,334.9192,0,1.953125,0.0,0.0
579,2332,334.9192,0,1.953125,0.0,0.0
580,2337,323.9257,0,1.953125,0.0,0.0
581,2341,323.9257,0,1.953125,0.0,0.0
582,2346,323.9257,0,1.953125,0.0,0.0
583,2350,323.9257,0,1.953125,0.0,0.0
584,2355,323.9257,0,1.953125,0.0,0.0
585,2359,323.9257,0,1.953125,0.0,0.0
586,2364,323.9257,0,1.953125,0.0,0.0
587,2369,323.9257,0,1.953125,0.0,0.0
588,2373,323.9257,0,1.953125,0.0,0.0
589,2377,323.9257,0,1.953125,0.0,0.0
590,2381,312.6765,0,1.953125,0.0,0.0
591,2386,312.6765,0,1.953125,0.0,0.0
592,2390,312.6765,0,1.953125,0.0,0.0
593,2395,312.6765,0,1.953125,0.0,0.0
594,2399,312.6765,0,1.953125,0.0,0.0
595,2404,312.6765,0,1.953125,0.0,0.0
596,2408,312.6765,0,1.953125,0.0,0.0
597,2412,312.6765,0,1.953125,0.0,0.0
598,2416,312.6765,0,1.953125,0.0,0.0
599,2421,312.6765,0,1.953125,0.0,0.0
600,2425,301.4272,0,1.953125,0.0,0.0
601,2429,301.4272,0,1.953125,0.0,0.0
602,2434,301.4272,0,1.953125,0.0,0.0
603,2438,301.4272,0,1.953125,0.0,0.0
604,2443,301.4272,0,1.953125,0.0,0.0
605,2447,301.4272,0,1.953125,0.0,0.0
606,2451,301.4272,0,1.953125,0.0,0.0
607,2456,301.4272,0,1.953125,0.0,0.0
608,2460,301.4272,0,1.953125,0.0,0.0
609,2464,301.4272,0,1.953125,0.0,0.0
610,2468,290.4338,0,1.953125,0.0,0.0
611,2473,290.4338,0,1.953125,0.0,0.0
612,2477,290.4338,0,1.953125,0.0,0.0
613,2481,290.4338,0,1.953125,0.0,0.0
614,2486,290.4338,0,1.953125,0.0,0.0
615,2490,290.4338,0,1.953125,0.0,0.0
616,2495,290.4338,0,1.953125,0.0,0.0
617,2498,290.4338,0,1.953125,0.0,0.0
618,2503,290.4338,0,1.953125,0.0,0.0
619,2507,290.4338,0,1.953125,0.0,0.0
620,2511,279.4402,0,1.953125,0.0,0.0
621,2515,279.4402,0,1.953125,0.0,0.0
622,2520,279.4402,0,1.953125,0.0,0.0
623,2524,279.4402,0,1.953125,0.0,0.0
624,2528,279.4402,0,1.953125,0.0,0.0
625,2532,279.4402,0,1.953125,0.0,0.0
626,2537,279.4402,0,1.953125,0.0,0.0
627,2542,279.4402,0,1.953125,0.0,0.0
628,2546,279.4402,0,1.953125,0.0,0.0
629,2551,279.4402,0,1.953125,0.0,0.0
630,2556,267.9353,0,1.953125,0.0,0.0
631,2561,267.9353,0,1.953125,0.0,0.0
632,2565,267.9353,0,1.953125,0.0,0.0
633,2569,267.9353,0,1.953125,0.0,0.0
634,2574,267.9353,0,1.953125,0.0,0.0
635,2578,267.9353,0,1.953125,0.0,0.0
636,2583,267.9353,0,1.953125,0.0,0.0
637,2588,267.9353,0,1.953125,0.0,0.0
638,2592,267.9353,0,1.953125,0.0,0.0
639,2596,267.9353,0,1.953125,0.0,0.0
640,2600,256.6862,0,1.953125,0.0,0.0
641,2604,256.6862,0,1.953125,0.0,0.0
642,2609,256.6862,0,1.953125,0.0,0.0
643,2613,256.6862,0,1.953125,0.0,0.0
644,2617,256.6862,0,1.953125,0.0,0.0
645,2622,256.6862,0,1.953125,0.0,0.0
646,2626,256.6862,0,1.953125,0.0,0.0
647,2630,256.6862,0,1.953125,0.0,0.0
648,2634,256.6862,0,1.953125,0.0,0.0
649,2639,256.6862,0,1.953125,0.0,0.0
650,2643,245.6926,0,1.953125,0.0,0.0
651,2647,245.6926,0,1.953125,0.0,0.0
652,2651,245.6926,0,1.953125,0.0,0.0
653,2656,245.6926,0,1.953125,0.0,0.0
654,2660,245.6926,0,1.953125,0.0,0.0
655,2664,245.6926,0,1.953125,0.0,0.0
656,2668,245.6926,0,1.953125,0.0,0.0
657,2673,245.6926,0,1.953125,0.0,0.0
658,2677,245.6926,0,1.953125,0.0,0.0
659,2682,245.6926,0,1.953125,0.0,0.0
660,2686,234.4434,0,1.953125,0.0,0.0
661,2691,234.4434,0,1.953125,0.0,0.0
662,2695,234.4434,0,1.953125,0.0,0.0
663,2699,234.4434,0,1.953125,0.0,0.0
664,2704,234.4434,0,1.953125,0.0,0.0
665,2709,234.4434,0,1.953125,0.0,0.0
666,2713,234.4434,0,1.953125,0.0,0.0
667,2717,234.4434,0,1.953125,0.0,0.0
668,2722,234.4434,0,1.953125,0.0,0.0
669,2726,234.4434,0,1.953125,0.0,0.0
670,2730,223.4499,0,1.953125,0.0,0.0
671,2734,223.4499,0,1.953125,0.0,0.0
672,2740,223.4499,0,1.953125,0.0,0.0
673,2744,223.4499,0,1.953125,0.0,0.0
674,2749,223.4499,0,1.953125,0.0,0.0
675,2753,223.4499,0,1.953125,0.0,0.0
676,2758,223.4499,0,1.953125,0.0,0.0
677,2762,223.4499,0,1.953125,0.0,0.0
678,2766,223.4499,0,1.953125,0.0,0.0
679,2770,223.4499,0,1.953125,0.0,0.0
680,2775,211.9451,0,1.953125,0.0,0.0
681,2779,211.9451,0,1.953125,0.0,0.0
682,2783,211.9451,0,1.953125,0.0,0.0
683,2788,211.9451,0,1.953125,0.0,0.0
684,2792,211.9451,0,1.953125,0.0,0.0
685,2796,211.9451,0,1.953125,0.0,0.0
686,2800,211.9451,0,1.953125,0.0,0.0
687,2805,211.9451,0,1.953125,0.0,0.0
688,2810,211.9451,0,1.953125,0.0,0.0
689,2814,211.9451,0,1.953125,0.0,0.0
690,2818,200.9515,0,1.953125,0.0,0.0
691,2823,200.9515,0,1.953125,0.0,0.0
692,2827,200.9515,0,1.953125,0.0,0.0
693,2831,200.9515,0,1.953125,0.0,0.0
694,2836,200.9515,0,1.953125,0.0,0.0
695,2841,200.9515,0,1.953125,0.0,0.0
696,2845,200.9515,0,1.953125,0.0,0.0
697,2849,200.9515,0,1.953125,0.0,0.0
698,2853,200.9515,0,1.953125,0.0,0.0
699,2858,200.9515,0,1.953125,0.0,0.0
700,2862,189.7023,0,1.953125,0.0,0.0
701,2866,189.7023,0,1.953125,0.0,0.0
702,2870,189.7023,0,1.953125,0.0,0.0
703,2875,189.7023,0,1.953125,0.0,0.0
704,2879,189.7023,0,1.953125,0.0,0.0
705,2883,189.7023,0,1.953125,0.0,0.0
706,2888,189.7023,0,1.953125,0.0,0.0
707,2892,189.7023,0,1.953125,0.0,0.0
708,2895,189.7023,0,1.953125,0.0,0.0
709,2899,189.7023,0,1.953125,0.0,0.0
710,2903,178.9645,0,1.953125,0.0,0.0
711,2908,178.9645,0,1.953125,0.0,0.0
712,2912,178.9645,0,1.953125,0.0,0.0
713,2916,178.9645,0,1.953125,0.0,0.0
714,2921,178.9645,0,1.953125,0.0,0.0
715,2925,178.9645,0,1.953125,0.0,0.0
716,2929,178.9645,0,1.953125,0.0,0.0
717,2933,178.9645,0,1.953125,0.0,0.0
718,2938,178.9645,0,1.953125,0.0,0.0
719,2943,178.9645,0,1.953125,0.0,0.0
720,2947,167.971,0,1.953125,0.0,0.0
721,2951,167.971,0,1.953125,0.0,0.0
722,2956,167.971,0,1.953125,0.0,0.0
723,2960,167.971,0,1.953125,0.0,0.0
724,2964,167.971,0,1.953125,0.0,0.0
725,2968,167.971,0,1.953125,0.0,0.0
726,2973,167.971,0,1.953125,0.0,0.0
727,2977,167.971,0,1.953125,0.0,0.0
728,2981,167.971,0,1.953125,0.0,0.0
729,2986,167.971,0,1.953125,0.0,0.0
730,2992,156.9774,0,1.953125,0.0,0.0
731,2996,156.9774,0,1.953125,0.0,0.0
732,3001,156.9774,0,1.953125,0.0,0.0
733,3005,156.9774,0,1.953125,0.0,0.0
734,3010,156.9774,0,1.953125,0.0,0.0
735,3014,156.9774,0,1.953125,0.0,0.0
736,3018,156.9774,0,1.953125,0.0,0.0
737,3023,156.9774,0,1.953125,0.0,0.0
738,3027,156.9774,0,1.953125,0.0,0.0
739,3031,156.9774,0,1.953125,0.0,0.0
740,3035,145.4726,0,1.953125,0.0,0.0
741,3039,145.4726,0,1.953125,0.0,0.0
742,3043,145.4726,0,1.953125,0.0,0.0
743,3048,145.4726,0,1.953125,0.0,0.0
744,3052,145.4726,0,1.953125,0.0,0.0
745,3057,145.4726,0,1.953125,0.0,0.0
746,3061,145.4726,0,1.953125,0.0,0.0
747,3065,145.4726,0,1.953125,0.0,0.0
748,3070,145.4726,0,1.953125,0.0,0.0
749,3074,145.4726,0,1.953125,0.0,0.0
750,3078,134.479,0,1.953125,0.0,0.0
751,3082,134.479,0,1.953125,0.0,0.0
752,3087,134.479,0,1.953125,0.0,0.0
753,3092,134.479,0,1.953125,0.0,0.0
754,3096,134.479,0,1.953125,0.0,0.0
755,3100,134.479,0,1.953125,0.0,0.0
756,3105,134.479,0,1.953125,0.0,0.0
757,3109,134.479,0,1.953125,0.0,0.0
758,3113,134.479,0,1.953125,0.0,0.0
759,3117,134.479,0,1.953125,0.0,0.0
760,3122,123.2299,0,1.953125,0.0,0.0
761,3126,123.2299,0,1.953125,0.0,0.0
762,3130,123.2299,0,1.953125,0.0,0.0
763,3134,123.2299,0,1.953125,0.0,0.0
764,3139,123.2299,0,1.953125,0.0,0.0
765,3143,123.2299,0,1.953125,0.0,0.0
766,3147,123.2299,0,1.953125,0.0,0.0
767,3151,123.2299,0,1.953125,0.0,0.0
768,3156,123.2299,0,1.953125,0.0,0.0
769,3160,123.2299,0,1.953125,0.0,0.0
770,3164,112.492,0,1.953125,0.0,0.0
771,3169,112.492,0,1.953125,0.0,0.0
772,3173,112.492,0,1.953125,0.0,0.0
773,3177,112.492,0,1.953125,0.0,0.0
774,3181,112.492,0,1.953125,0.0,0.0
775,3187,112.492,0,1.953125,0.0,0.0
776,3191,112.492,0,1.953125,0.0,0.0
777,3195,112.492,0,1.953125,0.0,0.0
778,3199,112.492,0,1.953125,0.0,0.0
779,3204,112.492,0,1.953125,0.0,0.0
780,3208,101.2428,0,1.953125,0.0,0.0
781,3212,101.2428,0,1.953125,0.0,0.0
782,3217,101.2428,0,1.953125,0.0,0.0
783,3221,101.2428,0,1.953125,0.0,0.0
784,3225,101.2428,0,1.953125,0.0,0.0
785,3229,101.2428,0,1.953125,0.0,0.0
786,3234,101.2428,0,1.953125,0.0,0.0
787,3239,101.2428,0,1.953125,0.0,0.0
788,3243,101.2428,0,1.953125,0.0,0.0
789,3247,101.2428,0,1.953125,0.0,0.0
790,3251,89.9936,0,1.953125,0.0,0.0
791,3256,89.9936,0,1.953125,0.0,0.0
792,3260,89.9936,0,1.953125,0.0,0.0
793,3264,89.9936,0,1.953125,0.0,0.0
794,3269,89.9936,0,1.953125,0.0,0.0
795,3273,89.9936,0,1.953125,0.0,0.0
796,3277,89.9936,0,1.953125,0.0,0.0
797,3281,89.9936,0,1.953125,0.0,0.0
798,3286,89.9936,0,1.953125,0.0,0.0
799,3290,89.9936,0,1.953125,0.0,0.0
800,3294,79.2557,0,1.953125,0.0,0.0
801,3299,79.2557,0,1.953125,0.0,0.0
802,3303,79.2557,0,1.953125,0.0,0.0
803,3307,79.2557,0,1.953125,0.0,0.0
804,3311,79.2557,0,1.953125,0.0,0.0
805,3316,79.2557,0,1.953125,0.0,0.0
806,3320,79.2557,0,1.953125,0.0,0.0
807,3325,79.2557,0,1.953125,0.0,0.0
808,3330,79.2557,0,1.953125,0.0,0.0
809,3333,79.2557,0,1.953125,0.0,0.0
810,3337,68.2622,0,1.953125,0.0,0.0
811,3341,68.2622,0,1.953125,0.0,0.0
812,3346,68.2622,0,1.953125,0.0,0.0
813,3350,68.2622,0,1.953125,0.0,0.0
814,3354,68.2622,0,1.953125,0.0,0.0
815,3358,68.2622,0,1.953125,0.0,0.0
816,3363,68.2622,0,1.953125,0.0,0.0
817,3367,68.2622,0,1.953125,0.0,0.0
818,3371,68.2622,0,1.953125,0.0,0.0
819,3375,68.2622,0,1.953125,0.0,0.0
820,3380,57.2687,0,1.953125,0.0,0.0
821,3384,57.2687,0,1.953125,0.0,0.0
822,3388,57.2687,0,1.953125,0.0,0.0
823,3392,57.2687,0,1.953125,0.0,0.0
824,3397,57.2687,0,1.953125,0.0,0.0
825,3401,57.2687,0,1.953125,0.0,0.0
826,3405,57.2687,0,1.953125,0.0,0.0
827,3410,57.2687,0,1.953125,0.0,0.0
828,3414,57.2687,0,1.953125,0.0,0.0
829,3418,57.2687,0,1.953125,0.0,0.0
830,3422,46.5308,0,1.953125,0.0,0.0
831,3428,46.5308,0,1.953125,0.0,0.0
832,3432,46.5308,0,1.953125,0.0,0.0
833,3436,46.5308,0,1.953125,0.0,0.0
834,3440,46.5308,0,1.953125,0.0,0.0
835,3445,46.5308,0,1.953125,0.0,0.0
836,3449,46.5308,0,1.953125,0.0,0.0
837,3453,46.5308,0,1.953125,0.0,0.0
838,3458,46.5308,0,1.953125,0.0,0.0
839,3462,46.5308,0,1.953125,0.0,0.0
840,3466,35.2816,0,1.953125,0.0,0.0
841,3471,35.2816,0,1.953125,0.0,0.0
842,3476,35.2816,0,1.953125,0.0,0.0
843,3479,35.2816,0,1.953125,0.0,0.0
844,3483,35.2816,0,1.953125,0.0,0.0
845,3487,35.2816,0,1.953125,0.0,0.0
846,3492,35.2816,0,1.953125,0.0,0.0
847,3496,35.2816,0,1.953125,0.0,0.0
848,3500,35.2816,0,1.953125,0.0,0.0
849,3505,35.2816,0,1.953125,0.0,0.0
850,3509,24.2881,0,1.953125,0.0,0.0
851,3513,24.2881,0,1.953125,0.0,0.0
852,3518,24.2881,0,1.953125,0.0,0.0
853,3523,24.2881,0,1.953125,0.0,0.0
854,3528,24.2881,0,1.953125,0.0,0.0
855,3532,24.2881,0,1.953125,0.0,0.0
856,3536,24.2881,0,1.953125,0.0,0.0
857,3541,24.2881,0,1.953125,0.0,0.0
858,3545,24.2881,0,1.953125,0.0,0.0
859,3549,24.2881,0,1.953125,0.0,0.0
860,3553,13.0389,0,1.953125,0.0,0.0
861,3558,13.0389,0,1.953125,0.0,0.0
862,3562,13.0389,0,1.953125,0.0,0.0
863,3566,13.0389,0,1.953125,0.0,0.0
864,3570,13.0389,0,1.953125,0.0,0.0
865,3575,13.0389,0,1.953125,0.0,0.0
866,3579,13.0389,0,1.953125,0.0,0.0
867,3583,13.0389,0,1.953125,0.0,0.0
868,3587,13.0389,0,1.953125,0.0,0.0
869,3592,13.0389,0,1.953125,0.0,0.0
870,3596,2.0453,0,1.953125,0.0,0.0
871,3600,2.0453,0,1.953125,0.0,0.0
872,3604,2.0453,0,1.953125,0.0,0.0
873,3607,2.0453,0,1.953125,0.0,0.0
874,3611,2.0453,0,1.953125,0.0,0.0
875,3615,2.0453,0,1.953125,0.0,0.0
876,3619,2.0453,0,1.953125,0.0,0.0
877,3623,2.0453,0,1.953125,0.0,0.0
878,3626,2.0453,0,1.953125,0.0,0.0
879,3630,2.0453,0,1.953125,0.0,0.0
880,3633,-7.6699,0,1.953125,0.0,0.0
881,3636,-7.6699,0,1.953125,0.0,0.0
882,3639,-7.6699,0,1.953125,0.0,0.0
883,3643,-7.6699,0,1.953125,0.0,0.0
884,3645,-7.6699,0,1.953125,0.0,0.0
885,3648,-7.6699,0,1.953125,0.0,0.0
886,3650,-7.6699,0,1.953125,0.0,0.0
887,3653,-7.6699,0,1.953125,0.0,0.0
888,3655,-7.6699,0,1.953125,0.0,0.0
889,3657,-7.6699,0,1.953125,0.0,0.0
890,3659,-14.5728,0,1.953125,0.0,0.0
891,3660,-14.5728,0,1.953125,0.0,0.0
892,3662,-14.5728,0,1.953125,0.0,0.0
893,3663,-14.5728,0,1.953125,0.0,0.0
894,3665,-14.5728,0,1.953125,0.0,0.0
895,3666,-14.5728,0,1.953125,0.0,0.0
896,3666,-14.5728,0,1.953125,0.0,0.0
897,3667,-14.5728,0,1.953125,0.0,0.0
898,3667,-14.5728,0,1.953125,0.0,0.0
899,3668,-14.5728,0,1.953125,0.0,0.0
900,3668,-17.3851,0,1.953125,0.0,0.0
901,3668,-17.3851,0,1.953125,0.0,0.0
902,3667,-17.3851,0,1.953125,0.0,0.0
903,3667,-17.3851,0,1.953125,0.0,0.0
904,3667,-17.3851,0,1.953125,0.0,0.0
905,3666,-17.3851,0,1.953125,0.0,0.0
906,3665,-17.3851,0,1.953125,0.0,0.0
907,3664,-17.3851,0,1.953125,0.0,0.0
908,3663,-17.3851,0,1.953125,0.0,0.0
909,3662,-17.3851,0,1.953125,0.0,0.0
910,3661,-15.8511,0,1.953125,0.0,0.0
911,3659,-15.8511,0,1.953125,0.0,0.0
912,3658,-15.8511,0,1.953125,0.0,0.0
913,3656,-15.8511,0,1.953125,0.0,0.0
914,3654,-15.8511,0,1.953125,0.0,0.0
915,3653,-15.8511,0,1.953125,0.0,0.0
916,3651,-15.8511,0,1.953125,0.0,0.0
917,3649,-15.8511,0,1.953125,0.0,0.0
918,3647,-15.8511,0,1.953125,0.0,0.0
919,3645,-15.8511,0,1.953125,0.0,0.0
920,3643,-11.2491,0,1.953125,0.0,0.0
921,3640,-11.2491,0,1.953125,0.0,0.0
922,3638,-11.2491,0,1.953125,0.0,0.0
923,3636,-11.2491,0,1.953125,0.0,0.0
924,3633,-11.2491,0,1.953125,0.0,0.0
925,3631,-11.2491,0,1.953125,0.0,0.0
926,3628,-11.2491,0,1.953125,0.0,0.0
927,3626,-11.2491,0,1.953125,0.0,0.0
928,3623,-11.2491,0,1.953125,0.0,0.0
929,3620,-11.2491,0,1.953125,0.0,0.0
930,3618,-5.1132,0,1.953125,0.0,0.0
931,3615,-5.1132,0,1.953125,0.0,0.0
932,3612,-5.1132,0,1.953125,0.0,0.0
933,3610,-5.1132,0,1.953125,0.0,0.0
934,3607,-5.1132,0,1.953125,0.0,0.0
935,3604,-5.1132,0,1.953125,0.0,0.0
936,3602,-5.1132,0,1.953125,0.0,0.0
937,3599,-5.1132,0,1.953125,0.0,0.0
938,3597,-5.1132,0,1.953125,0.0,0.0
939,3594,-5.1132,0,1.953125,0.0,0.0
940,3592,1.534,0,1.953125,0.0,0.0
941,3589,1.534,0,1.953125,0.0,0.0
942,3587,1.534,0,1.953125,0.0,0.0
943,3585,1.534,0,1.953125,0.0,0.0
944,3582,1.534,0,1.953125,0.0,0.0
945,3580,1.534,0,1.953125,0.0,0.0
946,3578,1.534,0,1.953125,0.0,0.0
947,3576,1.534,0,1.953125,0.0,0.0
948,3575,1.534,0,1.953125,0.0,0.0
949,3573,1.534,0,1.953125,0.0,0.0
950,3571,6.9029,0,1.953125,0.0,0.0
951,3570,6.9029,0,1.953125,0.0,0.0
952,3568,6.9029,0,1.953125,0.0,0.0
953,3567,6.9029,0,1.953125,0.0,0.0
954,3566,6.9029,0,1.953125,0.0,0.0
955,3565,6.9029,0,1.953125,0.0,0.0
956,3564,6.9029,0,1.953125,0.0,0.0
957,3563,6.9029,0,1.953125,0.0,0.0
958,3563,6.9029,0,1.953125,0.0,0.0
959,3562,6.9029,0,1.953125,0.0,0.0
960,3562,9.7153,0,1.953125,0.0,0.0
961,3561,9.7153,0,1.953125,0.0,0.0
962,3561,9.7153,0,1.953125,0.0,0.0
963,3561,9.7153,0,1.953125,0.0,0.0
964,3561,9.7153,0,1.953125,0.0,0.0
965,3561,9.7153,0,1.953125,0.0,0.0
966,3562,9.7153,0,1.953125,0.0,0.0
967,3562,9.7153,0,1.953125,0.0,0.0
968,3563,9.7153,0,1.953125,0.0,0.0
969,3564,9.7153,0,1.953125,0.0,0.0
970,3564,9.2039,0,1.953125,0.0,0.0
971,3565,9.2039,0,1.953125,0.0,0.0
972,3566,9.2039,0,1.953125,0.0,0.0
973,3567,9.2039,0,1.953125,0.0,0.0
974,3568,9.2039,0,1.953125,0.0,0.0
975,3570,9.2039,0,1.953125,0.0,0.0
976,3571,9.2039,0,1.953125,0.0,0.0
977,3572,9.2039,0,1.953125,0.0,0.0
978,3574,9.2039,0,1.953125,0.0,0.0
979,3575,9.2039,0,1.953125,0.0,0.0
980,3577,6.3916,0,1.953125,0.0,0.0
981,3578,6.3916,0,1.953125,0.0,0.0
982,3580,6.3916,0,1.953125,0.0,0.0
983,3582,6.3916,0,1.953125,0.0,0.0
984,3583,6.3916,0,1.953125,0.0,0.0
985,3585,6.3916,0,1.953125,0.0,0.0
986,3587,6.3916,0,1.953125,0.0,0.0
987,3588,6.3916,0,1.953125,0.0,0.0
988,3590,6.3916,0,1.953125,0.0,0.0
989,3592,6.3916,0,1.953125,0.0,0.0
990,3594,2.0453,0,1.953125,0.0,0.0
991,3596,2.0453,0,1.953125,0.0,0.0
992,3597,2.0453,0,1.953125,0.0,0.0
993,3599,2.0453,0,1.953125,0.0,0.0
994,3601,2.0453,0,1.953125,0.0,0.0
995,3603,2.0453,0,1.953125,0.0,0.0
996,3604,2.0453,0,1.953125,0.0,0.0
997,3606,2.0453,0,1.953125,0.0,0.0
998,3607,2.0453,0,1.953125,0.0,0.0
999,3609,2.0453,0,1.953125,0.0,0.0
1000,3610,-2.3009,0,1.953125,0.0,0.0
1001,3612,-2.3009,0,1.953125,0.0,0.0
1002,3613,-2.3009,0,1.953125,0.0,0.0
1003,3615,-2.3009,0,1.953125,0.0,0.0
1004,3616,-2.3009,0,1.953125,0.0,0.0
1005,3617,-2.3009,0,1.953125,0.0,0.0
1006,3618,-2.3009,0,1.953125,0.0,0.0
1007,3619,-2.3009,0,1.953125,0.0,0.0
1008,3620,-2.3009,0,1.953125,0.0,0.0
1009,3621,-2.3009,0,1.953125,0.0,0.0
1010,3622,-5.3689,0,1.953125,0.0,0.0
1011,3622,-5.3689,0,1.953125,0.0,0.0
1012,3623,-5.3689,0,1.953125,0.0,0.0
1013,3623,-5.3689,0,1.953125,0.0,0.0
1014,3624,-5.3689,0,1.953125,0.0,0.0
1015,3624,-5.3689,0,1.953125,0.0,0.0
1016,3625,-5.3689,0,1.953125,0.0,0.0
1017,3625,-5.3689,0,1.953125,0.0,0.0
1018,3625,-5.3689,0,1.953125,0.0,0.0
1019,3625,-5.3689,0,1.953125,0.0,0.0
1020,3625,-6.3915,0,1.953125,0.0,0.0
1021,3624,-6.3915,0,1.953125,0.0,0.0
1022,3624,-6.3915,0,1.953125,0.0,0.0
1023,3624,-6.3915,0,1.953125,0.0,0.0
1024,3623,-6.3915,0,1.953125,0.0,0.0
1025,3623,-6.3915,0,1.953125,0.0,0.0
1026,3622,-6.3915,0,1.953125,0.0,0.0
1027,3622,-6.3915,0,1.953125,0.0,0.0
1028,3621,-6.3915,0,1.953125,0.0,0.0
1029,3620,-6.3915,0,1.953125,0.0,0.0
1030,3619,-5.1132,0,1.953125,0.0,0.0
1031,3618,-5.1132,0,1.953125,0.0,0.0
1032,3617,-5.1132,0,1.953125,0.0,0.0
1033,3617,-5.1132,0,1.953125,0.0,0.0
1034,3616,-5.1132,0,1.953125,0.0,0.0
1035,3615,-5.1132,0,1.953125,0.0,0.0
1036,3614,-5.1132,0,1.953125,0.0,0.0
1037,3612,-5.1132,0,1.953125,0.0,0.0
1038,3611,-5.1132,0,1.953125,0.0,0.0
1039,3610,-5.1132,0,1.953125,0.0,0.0
1040,3609,-2.5566,0,1.953125,0.0,0.0
1041,3608,-2.5566,0,1.953125,0.0,0.0
1042,3607,-2.5566,0,1.953125,0.0,0.0
1043,3606,-2.5566,0,1.953125,0.0,0.0
1044,3605,-2.5566,0,1.953125,0.0,0.0
1045,3604,-2.5566,0,1.953125,0.0,0.0
1046,3602,-2.5566,0,1.953125,0.0,0.0
1047,3601,-2.5566,0,1.953125,0.0,0.0
1048,3600,-2.5566,0,1.953125,0.0,0.0
1049,3599,-2.5566,0,1.953125,0.0,0.0
1050,3598,0.2557,0,1.953125,0.0,0.0
1051,3597,0.2557,0,1.953125,0.0,0.0
1052,3596,0.2557,0,1.953125,0.0,0.0
1053,3595,0.2557,0,1.953125,0.0,0.0
1054,3594,0.2557,0,1.953125,0.0,0.0
1055,3593,0.2557,0,1.953125,0.0,0.0
1056,3592,0.2557,0,1.953125,0.0,0.0
1057,3591,0.2557,0,1.953125,0.0,0.0
1058,3591,0.2557,0,1.953125,0.0,0.0
1059,3590,0.2557,0,1.953125,0.0,0.0
1060,3589,2.5567,0,1.953125,0.0,0.0
1061,3589,2.5567,0,1.953125,0.0,0.0
1062,3588,2.5567,0,1.953125,0.0,0.0
1063,3587,2.5567,0,1.953125,0.0,0.0
1064,3587,2.5567,0,1.953125,0.0,0.0
1065,3586,2.5567,0,1.953125,0.0,0.0
1066,3586,2.5567,0,1.953125,0.0,0.0
1067,3585,2.5567,0,1.953125,0.0,0.0
1068,3585,2.5567,0,1.953125,0.0,0.0
1069,3585,2.5567,0,1.953125,0.0,0.0
1070,3585,3.835,0,1.953125,0.0,0.0
1071,3584,3.835,0,1.953125,0.0,0.0
1072,3584,3.835,0,1.953125,0.0,0.0
1073,3584,3.835,0,1.953125,0.0,0.0
1074,3584,3.835,0,1.953125,0.0,0.0
1075,3584,3.835,0,1.953125,0.0,0.0
1076,3585,3.835,0,1.953125,0.0,0.0
1077,3585,3.835,0,1.953125,0.0,0.0
1078,3585,3.835,0,1.953125,0.0,0.0
1079,3585,3.835,0,1.953125,0.0,0.0
1080,3586,3.835,0,1.953125,0.0,0.0
1081,3586,3.835,0,1.953125,0.0,0.0
1082,3587,3.835,0,1.953125,0.0,0.0
1083,3587,3.835,0,1.953125,0.0,0.0
1084,3588,3.835,0,1.953125,0.0,0.0
1085,3588,3.835,0,1.953125,0.0,0.0
1086,3589,3.835,0,1.953125,0.0,0.0
1087,3589,3.835,0,1.953125,0.0,0.0
1088,3590,3.835,0,1.953125,0.0,0.0
1089,3591,3.835,0,1.953125,0.0,0.0
1090,3591,2.301,0,1.953125,0.0,0.0
1091,3592,2.301,0,1.953125,0.0,0.0
1092,3593,2.301,0,1.953125,0.0,0.0
1093,3593,2.301,0,1.953125,0.0,0.0
1094,3594,2.301,0,1.953125,0.0,0.0
1095,3595,2.301,0,1.953125,0.0,0.0
1096,3595,2.301,0,1.953125,0.0,0.0
1097,3596,2.301,0,1.953125,0.0,0.0
1098,3597,2.301,0,1.953125,0.0,0.0
1099,3598,2.301,0,1.953125,0.0,0.0
1100,3598,0.5113,0,1.953125,0.0,0.0
1101,3599,0.5113,0,1.953125,0.0,0.0
1102,3600,0.5113,0,1.953125,0.0,0.0
1103,3600,0.5113,0,1.953125,0.0,0.0
1104,3601,0.5113,0,1.953125,0.0,0.0
1105,3602,0.5113,0,1.953125,0.0,0.0
1106,3602,0.5113,0,1.953125,0.0,0.0
1107,3603,0.5113,0,1.953125,0.0,0.0
1108,3603,0.5113,0,1.953125,0.0,0.0
1109,3604,0.5113,0,1.953125,0.0,0.0
1110,3604,-1.0226,0,1.953125,0.0,0.0
1111,3605,-1.0226,0,1.953125,0.0,0.0
1112,3605,-1.0226,0,1.953125,0.0,0.0
1113,3606,-1.0226,0,1.953125,0.0,0.0
1114,3606,-1.0226,0,1.953125,0.0,0.0
1115,3607,-1.0226,0,1.953125,0.0,0.0
1116,3607,-1.0226,0,1.953125,0.0,0.0
1117,3607,-1.0226,0,1.953125,0.0,0.0
1118,3608,-1.0226,0,1.953125,0.0,0.0
1119,3608,-1.0226,0,1.953125,0.0,0.0
1120,3608,-2.0453,0,1.953125,0.0,0.0
1121,3608,-2.0453,0,1.953125,0.0,0.0
1122,3608,-2.0453,0,1.953125,0.0,0.0
1123,3608,-2.0453,0,1.953125,0.0,0.0
1124,3608,-2.0453,0,1.953125,0.0,0.0
1125,3609,-2.0453,0,1.953125,0.0,0.0
1126,3609,-2.0453,0,1.953125,0.0,0.0
1127,3609,-2.0453,0,1.953125,0.0,0.0
1128,3608,-2.0453,0,1.953125,0.0,0.0
1129,3608,-2.0453,0,1.953125,0.0,0.0
1130,3608,-2.0453,0,1.953125,0.0,0.0
1131,3608,-2.0453,0,1.953125,0.0,0.0
1132,3608,-2.0453,0,1.953125,0.0,0.0
1133,3608,-2.0453,0,1.953125,0.0,0.0
1134,3608,-2.0453,0,1.953125,0.0,0.0
1135,3607,-2.0453,0,1.953125,0.0,0.0
1136,3607,-2.0453,0,1.953125,0.0,0.0
1137,3607,-2.0453,0,1.953125,0.0,0.0
1138,3606,-2.0453,0,1.953125,0.0,0.0
1139,3606,-2.0453,0,1.953125,0.0,0.0
1140,3606,-1.5339,0,1.953125,0.0,0.0
1141,3605,-1.5339,0,1.953125,0.0,0.0
1142,3605,-1.5339,0,1.953125,0.0,0.0
1143,3605,-1.5339,0,1.953125,0.0,0.0
1144,3604,-1.5339,0,1.953125,0.0,0.0
1145,3604,-1.5339,0,1.953125,0.0,0.0
1146,3604,-1.5339,0,1.953125,0.0,0.0
1147,3603,-1.5339,0,1.953125,0.0,0.0
1148,3603,-1.5339,0,1.953125,0.0,0.0
1149,3602,-1.5339,0,1.953125,0.0,0.0
1150,3602,-0.5113,0,1.953125,0.0,0.0
1151,3602,-0.5113,0,1.953125,0.0,0.0
1152,3601,-0.5113,0,1.953125,0.0,0.0
1153,3601,-0.5113,0,1.953125,0.0,0.0
1154,3601,-0.5113,0,1.953125,0.0,0.0
1155,3600,-0.5113,0,1.953125,0.0,0.0
1156,3600,-0.5113,0,1.953125,0.0,0.0
1157,3600,-0.5113,0,1.953125,0.0,0.0
1158,3599,-0.5113,0,1.953125,0.0,0.0
1159,3599,-0.5113,0,1.953125,0.0,0.0
1160,3599,0.2557,0,1.953125,0.0,0.0
1161,3598,0.2557,0,1.953125,0.0,0.0
1162,3598,0.2557,0,1.953125,0.0,0.0
1163,3598,0.2557,0,1.953125,0.0,0.0
1164,3598,0.2557,0,1.953125,0.0,0.0
1165,3597,0.2557,0,1.953125,0.0,0.0
1166,3597,0.2557,0,1.953125,0.0,0.0
1167,3597,0.2557,0,1.953125,0.0,0.0
1168,3597,0.2557,0,1.953125,0.0,0.0
1169,3597,0.2557,0,1.953125,0.0,0.0
1170,3596,1.0227,0,1.953125,0.0,0.0
1171,3596,1.0227,0,1.953125,0.0,0.0
1172,3596,1.0227,0,1.953125,0.0,0.0
1173,3596,1.0227,0,1.953125,0.0,0.0
1174,3596,1.0227,0,1.953125,0.0,0.0
1175,3596,1.0227,0,1.953125,0.0,0.0
1176,3595,1.0227,0,1.953125,0.0,0.0
1177,3595,1.0227,0,1.953125,0.0,0.0
1178,3595,1.0227,0,1.953125,0.0,0.0
1179,3595,1.0227,0,1.953125,0.0,0.0
1180,3595,1.2783,0,1.953125,0.0,0.0
1181,3595,1.2783,0,1.953125,0.0,0.0
1182,3595,1.2783,0,1.953125,0.0,0.0
1183,3595,1.2783,0,1.953125,0.0,0.0
1184,3595,1.2783,0,1.953125,0.0,0.0
1185,3595,1.2783,0,1.953125,0.0,0.0
1186,3595,1.2783,0,1.953125,0.0,0.0
1187,3596,1.2783,0,1.953125,0.0,0.0
1188,3596,1.2783,0,1.953125,0.0,0.0
1189,3596,1.2783,0,1.953125,0.0,0.0
1190,3596,1.0227,0,1.953125,0.0,0.0
1191,3596,1.0227,0,1.953125,0.0,0.0
1192,3596,1.0227,0,1.953125,0.0,0.0
1193,3596,1.0227,0,1.953125,0.0,0.0
1194,3597,1.0227,0,1.953125,0.0,0.0
1195,3597,1.0227,0,1.953125,0.0,0.0
1196,3597,1.0227,0,1.953125,0.0,0.0
1197,3597,1.0227,0,1.953125,0.0,0.0
1198,3597,1.0227,0,1.953125,0.0,0.0
1199,3597,1.0227,0,1.953125,0.0,0.0
1200,3598,0.7671,0,1.953125,0.0,0.0
1201,3598,0.7671,0,1.953125,0.0,0.0
1202,3598,0.7671,0,1.953125,0.0,0.0
1203,3598,0.7671,0,1.953125,0.0,0.0
1204,3598,0.7671,0,1.953125,0.0,0.0
1205,3598,0.7671,0,1.953125,0.0,0.0
1206,3599,0.7671,0,1.953125,0.0,0.0
1207,3599,0.7671,0,1.953125,0.0,0.0
1208,3599,0.7671,0,1.953125,0.0,0.0
1209,3599,0.7671,0,1.953125,0.0,0.0
1210,3599,0.2557,0,1.953125,0.0,0.0
1211,3599,0.2557,0,1.953125,0.0,0.0
1212,3599,0.2557,0,1.953125,0.0,0.0
1213,3600,0.2557,0,1.953125,0.0,0.0
1214,3600,0.2557,0,1.953125,0.0,0.0
1215,3600,0.2557,0,1.953125,0.0,0.0
1216,3600,0.2557,0,1.953125,0.0,0.0
1217,3600,0.2557,0,1.953125,0.0,0.0
1218,3600,0.2557,0,1.953125,0.0,0.0
1219,3600,0.2557,0,1.953125,0.0,0.0
