TIME,PULSES,CONTROLLERVOLTAGE,CONTROLLER,KP,TAUD,TAUI 
0,0,0.0001,0,0.976562,0.0,0.0
1,0,0.0001,0,0.976562,0.0,0.0
2,0,0.0001,0,0.976562,0.0,0.0
3,0,0.0001,0,0.976562,0.0,0.0
4,0,0.0001,0,0.976562,0.0,0.0
5,0,0.0001,0,0.976562,0.0,0.0
6,0,0.0001,0,0.976562,0.0,0.0
7,0,0.0001,0,0.976562,0.0,0.0
8,0,0.0001,0,0.976562,0.0,0.0
9,0,0.0001,0,0.976562,0.0,0.0
10,1,460.1943,0,0.976562,0.0,0.0
11,1,460.1943,0,0.976562,0.0,0.0
12,1,460.1943,0,0.976562,0.0,0.0
13,1,460.1943,0,0.976562,0.0,0.0
14,2,460.1943,0,0.976562,0.0,0.0
15,2,460.1943,0,0.976562,0.0,0.0
16,3,460.1943,0,0.976562,0.0,0.0
17,4,460.1943,0,0.976562,0.0,0.0
18,5,460.1943,0,0.976562,0.0,0.0
19,6,460.1943,0,0.976562,0.0,0.0
20,7,459.4273,0,0.976562,0.0,0.0
21,8,459.4273,0,0.976562,0.0,0.0
22,10,459.4273,0,0.976562,0.0,0.0
23,11,459.4273,0,0.976562,0.0,0.0
24,13,459.4273,0,0.976562,0.0,0.0
25,15,459.4273,0,0.976562,0.0,0.0
26,16,459.4273,0,0.976562,0.0,0.0
27,18,459.4273,0,0.976562,0.0,0.0
28,20,459.4273,0,0.976562,0.0,0.0
29,22,459.4273,0,0.976562,0.0,0.0
30,24,457.382,0,0.976562,0.0,0.0
31,26,457.382,0,0.976562,0.0,0.0
32,29,457.382,0,0.976562,0.0,0.0
33,31,457.382,0,0.976562,0.0,0.0
34,33,457.382,0,0.976562,0.0,0.0
35,36,457.382,0,0.976562,0.0,0.0
36,38,457.382,0,0.976562,0.0,0.0
37,41,457.382,0,0.976562,0.0,0.0
38,44,457.382,0,0.976562,0.0,0.0
39,46,457.382,0,0.976562,0.0,0.0
40,49,454.1862,0,0.976562,0.0,0.0
41,52,454.1862,0,0.976562,0.0,0.0
42,55,454.1862,0,0.976562,0.0,0.0
43,58,454.1862,0,0.976562,0.0,0.0
44,60,454.1862,0,0.976562,0.0,0.0
45,63,454.1862,0,0.976562,0.0,0.0
46,67,454.1862,0,0.976562,0.0,0.0
47,69,454.1862,0,0.976562,0.0,0.0
48,73,454.1862,0,0.976562,0.0,0.0
49,76,454.1862,0,0.976562,0.0,0.0
50,79,450.4791,0,0.976562,0.0,0.0
51,82,450.4791,0,0.976562,0.0,0.0
52,85,450.4791,0,0.976562,0.0,0.0
53,89,450.4791,0,0.976562,0.0,0.0
54,92,450.4791,0,0.976562,0.0,0.0
55,95,450.4791,0,0.976562,0.0,0.0
56,99,450.4791,0,0.976562,0.0,0.0
57,102,450.4791,0,0.976562,0.0,0.0
58,105,450.4791,0,0.976562,0.0,0.0
59,109,450.4791,0,0.976562,0.0,0.0
60,112,446.2606,0,0.976562,0.0,0.0
61,116,446.2606,0,0.976562,0.0,0.0
62,119,446.2606,0,0.976562,0.0,0.0
63,123,446.2606,0,0.976562,0.0,0.0
64,126,446.2606,0,0.976562,0.0,0.0
65,130,446.2606,0,0.976562,0.0,0.0
66,134,446.2606,0,0.976562,0.0,0.0
67,137,446.2606,0,0.976562,0.0,0.0
68,141,446.2606,0,0.976562,0.0,0.0
69,145,446.2606,0,0.976562,0.0,0.0
70,149,441.6587,0,0.976562,0.0,0.0
71,152,441.6587,0,0.976562,0.0,0.0
72,156,441.6587,0,0.976562,0.0,0.0
73,160,441.6587,0,0.976562,0.0,0.0
74,163,441.6587,0,0.976562,0.0,0.0
75,167,441.6587,0,0.976562,0.0,0.0
76,171,441.6587,0,0.976562,0.0,0.0
77,175,441.6587,0,0.976562,0.0,0.0
78,179,441.6587,0,0.976562,0.0,0.0
79,182,441.6587,0,0.976562,0.0,0.0
80,186,436.8011,0,0.976562,0.0,0.0
81,190,436.8011,0,0.976562,0.0,0.0
82,194,436.8011,0,0.976562,0.0,0.0
83,198,436.8011,0,0.976562,0.0,0.0
84,202,436.8011,0,0.976562,0.0,0.0
85,206,436.8011,0,0.976562,0.0,0.0
86,210,436.8011,0,0.976562,0.0,0.0
87,214,436.8011,0,0.976562,0.0,0.0
88,218,436.8011,0,0.976562,0.0,0.0
89,222,436.8011,0,0.976562,0.0,0.0
90,226,431.8156,0,0.976562,0.0,0.0
91,230,431.8156,0,0.976562,0.0,0.0
92,234,431.8156,0,0.976562,0.0,0.0
93,238,431.8156,0,0.976562,0.0,0.0
94,242,431.8156,0,0.976562,0.0,0.0
95,246,431.8156,0,0.976562,0.0,0.0
96,250,431.8156,0,0.976562,0.0,0.0
97,254,431.8156,0,0.976562,0.0,0.0
98,258,431.8156,0,0.976562,0.0,0.0
99,262,431.8156,0,0.976562,0.0,0.0
100,266,426.7024,0,0.976562,0.0,0.0
101,270,426.7024,0,0.976562,0.0,0.0
102,274,426.7024,0,0.976562,0.0,0.0
103,278,426.7024,0,0.976562,0.0,0.0
104,282,426.7024,0,0.976562,0.0,0.0
105,286,426.7024,0,0.976562,0.0,0.0
106,291,426.7024,0,0.976562,0.0,0.0
107,295,426.7024,0,0.976562,0.0,0.0
108,299,426.7024,0,0.976562,0.0,0.0
109,303,426.7024,0,0.976562,0.0,0.0
110,307,421.4612,0,0.976562,0.0,0.0
111,310,421.4612,0,0.976562,0.0,0.0
112,314,421.4612,0,0.976562,0.0,0.0
113,319,421.4612,0,0.976562,0.0,0.0
114,324,421.4612,0,0.976562,0.0,0.0
115,328,421.4612,0,0.976562,0.0,0.0
116,332,421.4612,0,0.976562,0.0,0.0
117,336,421.4612,0,0.976562,0.0,0.0
118,340,421.4612,0,0.976562,0.0,0.0
119,344,421.4612,0,0.976562,0.0,0.0
120,348,416.0923,0,0.976562,0.0,0.0
121,353,416.0923,0,0.976562,0.0,0.0
122,357,416.0923,0,0.976562,0.0,0.0
123,361,416.0923,0,0.976562,0.0,0.0
124,366,416.0923,0,0.976562,0.0,0.0
125,370,416.0923,0,0.976562,0.0,0.0
126,374,416.0923,0,0.976562,0.0,0.0
127,379,416.0923,0,0.976562,0.0,0.0
128,383,416.0923,0,0.976562,0.0,0.0
129,387,416.0923,0,0.976562,0.0,0.0
130,391,410.7234,0,0.976562,0.0,0.0
131,395,410.7234,0,0.976562,0.0,0.0
132,400,410.7234,0,0.976562,0.0,0.0
133,404,410.7234,0,0.976562,0.0,0.0
134,409,410.7234,0,0.976562,0.0,0.0
135,413,410.7234,0,0.976562,0.0,0.0
136,417,410.7234,0,0.976562,0.0,0.0
137,422,410.7234,0,0.976562,0.0,0.0
138,426,410.7234,0,0.976562,0.0,0.0
139,430,410.7234,0,0.976562,0.0,0.0
140,434,405.2266,0,0.976562,0.0,0.0
141,438,405.2266,0,0.976562,0.0,0.0
142,443,405.2266,0,0.976562,0.0,0.0
143,447,405.2266,0,0.976562,0.0,0.0
144,451,405.2266,0,0.976562,0.0,0.0
145,455,405.2266,0,0.976562,0.0,0.0
146,459,405.2266,0,0.976562,0.0,0.0
147,464,405.2266,0,0.976562,0.0,0.0
148,468,405.2266,0,0.976562,0.0,0.0
149,472,405.2266,0,0.976562,0.0,0.0
150,476,399.8577,0,0.976562,0.0,0.0
151,481,399.8577,0,0.976562,0.0,0.0
152,485,399.8577,0,0.976562,0.0,0.0
153,489,399.8577,0,0.976562,0.0,0.0
154,493,399.8577,0,0.976562,0.0,0.0
155,498,399.8577,0,0.976562,0.0,0.0
156,502,399.8577,0,0.976562,0.0,0.0
157,507,399.8577,0,0.976562,0.0,0.0
158,511,399.8577,0,0.976562,0.0,0.0
159,515,399.8577,0,0.976562,0.0,0.0
160,520,394.2331,0,0.976562,0.0,0.0
161,524,394.2331,0,0.976562,0.0,0.0
162,528,394.2331,0,0.976562,0.0,0.0
163,532,394.2331,0,0.976562,0.0,0.0
164,537,394.2331,0,0.976562,0.0,0.0
165,541,394.2331,0,0.976562,0.0,0.0
166,545,394.2331,0,0.976562,0.0,0.0
167,549,394.2331,0,0.976562,0.0,0.0
168,554,394.2331,0,0.976562,0.0,0.0
169,558,394.2331,0,0.976562,0.0,0.0
170,562,388.8642,0,0.976562,0.0,0.0
171,566,388.8642,0,0.976562,0.0,0.0
172,570,388.8642,0,0.976562,0.0,0.0
173,575,388.8642,0,0.976562,0.0,0.0
174,579,388.8642,0,0.976562,0.0,0.0
175,583,388.8642,0,0.976562,0.0,0.0
176,588,388.8642,0,0.976562,0.0,0.0
177,592,388.8642,0,0.976562,0.0,0.0
178,596,388.8642,0,0.976562,0.0,0.0
179,600,388.8642,0,0.976562,0.0,0.0
180,604,383.3674,0,0.976562,0.0,0.0
181,610,383.3674,0,0.976562,0.0,0.0
182,614,383.3674,0,0.976562,0.0,0.0
183,618,383.3674,0,0.976562,0.0,0.0
184,622,383.3674,0,0.976562,0.0,0.0
185,627,383.3674,0,0.976562,0.0,0.0
186,631,383.3674,0,0.976562,0.0,0.0
187,635,383.3674,0,0.976562,0.0,0.0
188,639,383.3674,0,0.976562,0.0,0.0
189,644,383.3674,0,0.976562,0.0,0.0
190,648,377.8706,0,0.976562,0.0,0.0
191,652,377.8706,0,0.976562,0.0,0.0
192,656,377.8706,0,0.976562,0.0,0.0
193,661,377.8706,0,0.976562,0.0,0.0
194,665,377.8706,0,0.976562,0.0,0.0
195,669,377.8706,0,0.976562,0.0,0.0
196,673,377.8706,0,0.976562,0.0,0.0
197,678,377.8706,0,0.976562,0.0,0.0
198,682,377.8706,0,0.976562,0.0,0.0
199,686,377.8706,0,0.976562,0.0,0.0
200,691,372.3738,0,0.976562,0.0,0.0
201,695,372.3738,0,0.976562,0.0,0.0
202,699,372.3738,0,0.976562,0.0,0.0
203,703,372.3738,0,0.976562,0.0,0.0
204,708,372.3738,0,0.976562,0.0,0.0
205,713,372.3738,0,0.976562,0.0,0.0
206,717,372.3738,0,0.976562,0.0,0.0
207,721,372.3738,0,0.976562,0.0,0.0
208,726,372.3738,0,0.976562,0.0,0.0
209,730,372.3738,0,0.976562,0.0,0.0
210,734,366.8771,0,0.976562,0.0,0.0
211,738,366.8771,0,0.976562,0.0,0.0
212,743,366.8771,0,0.976562,0.0,0.0
213,747,366.8771,0,0.976562,0.0,0.0
214,751,366.8771,0,0.976562,0.0,0.0
215,755,366.8771,0,0.976562,0.0,0.0
216,759,366.8771,0,0.976562,0.0,0.0
217,764,366.8771,0,0.976562,0.0,0.0
218,768,366.8771,0,0.976562,0.0,0.0
219,772,366.8771,0,0.976562,0.0,0.0
220,777,361.3803,0,0.976562,0.0,0.0
221,781,361.3803,0,0.976562,0.0,0.0
222,785,361.3803,0,0.976562,0.0,0.0
223,789,361.3803,0,0.976562,0.0,0.0
224,795,361.3803,0,0.976562,0.0,0.0
225,799,361.3803,0,0.976562,0.0,0.0
226,803,361.3803,0,0.976562,0.0,0.0
227,807,361.3803,0,0.976562,0.0,0.0
228,811,361.3803,0,0.976562,0.0,0.0
229,816,361.3803,0,0.976562,0.0,0.0
230,820,355.8836,0,0.976562,0.0,0.0
231,824,355.8836,0,0.976562,0.0,0.0
232,829,355.8836,0,0.976562,0.0,0.0
233,833,355.8836,0,0.976562,0.0,0.0
234,837,355.8836,0,0.976562,0.0,0.0
235,841,355.8836,0,0.976562,0.0,0.0
236,847,355.8836,0,0.976562,0.0,0.0
237,851,355.8836,0,0.976562,0.0,0.0
238,855,355.8836,0,0.976562,0.0,0.0
239,859,355.8836,0,0.976562,0.0,0.0
240,864,350.259,0,0.976562,0.0,0.0
241,868,350.259,0,0.976562,0.0,0.0
242,872,350.259,0,0.976562,0.0,0.0
243,877,350.259,0,0.976562,0.0,0.0
244,881,350.259,0,0.976562,0.0,0.0
245,885,350.259,0,0.976562,0.0,0.0
246,889,350.259,0,0.976562,0.0,0.0
247,893,350.259,0,0.976562,0.0,0.0
248,898,350.259,0,0.976562,0.0,0.0
249,903,350.259,0,0.976562,0.0,0.0
250,907,344.7622,0,0.976562,0.0,0.0
251,911,344.7622,0,0.976562,0.0,0.0
252,916,344.7622,0,0.976562,0.0,0.0
253,920,344.7622,0,0.976562,0.0,0.0
254,924,344.7622,0,0.976562,0.0,0.0
255,929,344.7622,0,0.976562,0.0,0.0
256,933,344.7622,0,0.976562,0.0,0.0
257,937,344.7622,0,0.976562,0.0,0.0
258,942,344.7622,0,0.976562,0.0,0.0
259,947,344.7622,0,0.976562,0.0,0.0
260,951,339.1376,0,0.976562,0.0,0.0
261,955,339.1376,0,0.976562,0.0,0.0
262,959,339.1376,0,0.976562,0.0,0.0
263,964,339.1376,0,0.976562,0.0,0.0
264,968,339.1376,0,0.976562,0.0,0.0
265,972,339.1376,0,0.976562,0.0,0.0
266,976,339.1376,0,0.976562,0.0,0.0
267,981,339.1376,0,0.976562,0.0,0.0
268,985,339.1376,0,0.976562,0.0,0.0
269,989,339.1376,0,0.976562,0.0,0.0
270,992,333.8965,0,0.976562,0.0,0.0
271,998,333.8965,0,0.976562,0.0,0.0
272,1002,333.8965,0,0.976562,0.0,0.0
273,1006,333.8965,0,0.976562,0.0,0.0
274,1010,333.8965,0,0.976562,0.0,0.0
275,1015,333.8965,0,0.976562,0.0,0.0
276,1019,333.8965,0,0.976562,0.0,0.0
277,1023,333.8965,0,0.976562,0.0,0.0
278,1028,333.8965,0,0.976562,0.0,0.0
279,1032,333.8965,0,0.976562,0.0,0.0
280,1036,328.2719,0,0.976562,0.0,0.0
281,1040,328.2719,0,0.976562,0.0,0.0
282,1045,328.2719,0,0.976562,0.0,0.0
283,1050,328.2719,0,0.976562,0.0,0.0
284,1054,328.2719,0,0.976562,0.0,0.0
285,1058,328.2719,0,0.976562,0.0,0.0
286,1063,328.2719,0,0.976562,0.0,0.0
287,1067,328.2719,0,0.976562,0.0,0.0
288,1071,328.2719,0,0.976562,0.0,0.0
289,1075,328.2719,0,0.976562,0.0,0.0
290,1080,322.6473,0,0.976562,0.0,0.0
291,1084,322.6473,0,0.976562,0.0,0.0
292,1088,322.6473,0,0.976562,0.0,0.0
293,1092,322.6473,0,0.976562,0.0,0.0
294,1098,322.6473,0,0.976562,0.0,0.0
295,1102,322.6473,0,0.976562,0.0,0.0
296,1106,322.6473,0,0.976562,0.0,0.0
297,1110,322.6473,0,0.976562,0.0,0.0
298,1115,322.6473,0,0.976562,0.0,0.0
299,1119,322.6473,0,0.976562,0.0,0.0
300,1123,317.1505,0,0.976562,0.0,0.0
301,1127,317.1505,0,0.976562,0.0,0.0
302,1132,317.1505,0,0.976562,0.0,0.0
303,1137,317.1505,0,0.976562,0.0,0.0
304,1141,317.1505,0,0.976562,0.0,0.0
305,1146,317.1505,0,0.976562,0.0,0.0
306,1151,317.1505,0,0.976562,0.0,0.0
307,1155,317.1505,0,0.976562,0.0,0.0
308,1159,317.1505,0,0.976562,0.0,0.0
309,1164,317.1505,0,0.976562,0.0,0.0
310,1168,311.3981,0,0.976562,0.0,0.0
311,1172,311.3981,0,0.976562,0.0,0.0
312,1176,311.3981,0,0.976562,0.0,0.0
313,1181,311.3981,0,0.976562,0.0,0.0
314,1185,311.3981,0,0.976562,0.0,0.0
315,1189,311.3981,0,0.976562,0.0,0.0
316,1193,311.3981,0,0.976562,0.0,0.0
317,1198,311.3981,0,0.976562,0.0,0.0
318,1202,311.3981,0,0.976562,0.0,0.0
319,1206,311.3981,0,0.976562,0.0,0.0
320,1210,306.0292,0,0.976562,0.0,0.0
321,1215,306.0292,0,0.976562,0.0,0.0
322,1219,306.0292,0,0.976562,0.0,0.0
323,1223,306.0292,0,0.976562,0.0,0.0
324,1227,306.0292,0,0.976562,0.0,0.0
325,1232,306.0292,0,0.976562,0.0,0.0
326,1235,306.0292,0,0.976562,0.0,0.0
327,1239,306.0292,0,0.976562,0.0,0.0
328,1243,306.0292,0,0.976562,0.0,0.0
329,1248,306.0292,0,0.976562,0.0,0.0
330,1252,300.6602,0,0.976562,0.0,0.0
331,1256,300.6602,0,0.976562,0.0,0.0
332,1260,300.6602,0,0.976562,0.0,0.0
333,1265,300.6602,0,0.976562,0.0,0.0
334,1269,300.6602,0,0.976562,0.0,0.0
335,1273,300.6602,0,0.976562,0.0,0.0
336,1278,300.6602,0,0.976562,0.0,0.0
337,1283,300.6602,0,0.976562,0.0,0.0
338,1287,300.6602,0,0.976562,0.0,0.0
339,1291,300.6602,0,0.976562,0.0,0.0
340,1295,295.0357,0,0.976562,0.0,0.0
341,1300,295.0357,0,0.976562,0.0,0.0
342,1304,295.0357,0,0.976562,0.0,0.0
343,1308,295.0357,0,0.976562,0.0,0.0
344,1313,295.0357,0,0.976562,0.0,0.0
345,1317,295.0357,0,0.976562,0.0,0.0
346,1321,295.0357,0,0.976562,0.0,0.0
347,1325,295.0357,0,0.976562,0.0,0.0
348,1331,295.0357,0,0.976562,0.0,0.0
349,1335,295.0357,0,0.976562,0.0,0.0
350,1339,289.5389,0,0.976562,0.0,0.0
351,1343,289.5389,0,0.976562,0.0,0.0
352,1348,289.5389,0,0.976562,0.0,0.0
353,1352,289.5389,0,0.976562,0.0,0.0
354,1356,289.5389,0,0.976562,0.0,0.0
355,1360,289.5389,0,0.976562,0.0,0.0
356,1365,289.5389,0,0.976562,0.0,0.0
357,1369,289.5389,0,0.976562,0.0,0.0
358,1373,289.5389,0,0.976562,0.0,0.0
359,1377,289.5389,0,0.976562,0.0,0.0
360,1383,284.0421,0,0.976562,0.0,0.0
361,1387,284.0421,0,0.976562,0.0,0.0
362,1391,284.0421,0,0.976562,0.0,0.0
363,1396,284.0421,0,0.976562,0.0,0.0
364,1400,284.0421,0,0.976562,0.0,0.0
365,1404,284.0421,0,0.976562,0.0,0.0
366,1408,284.0421,0,0.976562,0.0,0.0
367,1413,284.0421,0,0.976562,0.0,0.0
368,1417,284.0421,0,0.976562,0.0,0.0
369,1421,284.0421,0,0.976562,0.0,0.0
370,1425,278.5454,0,0.976562,0.0,0.0
371,1430,278.5454,0,0.976562,0.0,0.0
372,1434,278.5454,0,0.976562,0.0,0.0
373,1438,278.5454,0,0.976562,0.0,0.0
374,1442,278.5454,0,0.976562,0.0,0.0
375,1447,278.5454,0,0.976562,0.0,0.0
376,1451,278.5454,0,0.976562,0.0,0.0
377,1455,278.5454,0,0.976562,0.0,0.0
378,1459,278.5454,0,0.976562,0.0,0.0
379,1464,278.5454,0,0.976562,0.0,0.0
380,1468,273.0486,0,0.976562,0.0,0.0
381,1472,273.0486,0,0.976562,0.0,0.0
382,1475,273.0486,0,0.976562,0.0,0.0
383,1480,273.0486,0,0.976562,0.0,0.0
384,1484,273.0486,0,0.976562,0.0,0.0
385,1488,273.0486,0,0.976562,0.0,0.0
386,1492,273.0486,0,0.976562,0.0,0.0
387,1497,273.0486,0,0.976562,0.0,0.0
388,1501,273.0486,0,0.976562,0.0,0.0
389,1505,273.0486,0,0.976562,0.0,0.0
390,1510,267.6797,0,0.976562,0.0,0.0
391,1514,267.6797,0,0.976562,0.0,0.0
392,1518,267.6797,0,0.976562,0.0,0.0
393,1522,267.6797,0,0.976562,0.0,0.0
394,1526,267.6797,0,0.976562,0.0,0.0
395,1531,267.6797,0,0.976562,0.0,0.0
396,1535,267.6797,0,0.976562,0.0,0.0
397,1539,267.6797,0,0.976562,0.0,0.0
398,1544,267.6797,0,0.976562,0.0,0.0
399,1548,267.6797,0,0.976562,0.0,0.0
400,1552,262.3107,0,0.976562,0.0,0.0
401,1556,262.3107,0,0.976562,0.0,0.0
402,1561,262.3107,0,0.976562,0.0,0.0
403,1565,262.3107,0,0.976562,0.0,0.0
404,1569,262.3107,0,0.976562,0.0,0.0
405,1573,262.3107,0,0.976562,0.0,0.0
406,1578,262.3107,0,0.976562,0.0,0.0
407,1582,262.3107,0,0.976562,0.0,0.0
408,1586,262.3107,0,0.976562,0.0,0.0
409,1590,262.3107,0,0.976562,0.0,0.0
410,1595,256.814,0,0.976562,0.0,0.0
411,1599,256.814,0,0.976562,0.0,0.0
412,1604,256.814,0,0.976562,0.0,0.0
413,1609,256.814,0,0.976562,0.0,0.0
414,1613,256.814,0,0.976562,0.0,0.0
415,1617,256.814,0,0.976562,0.0,0.0
416,1621,256.814,0,0.976562,0.0,0.0
417,1625,256.814,0,0.976562,0.0,0.0
418,1630,256.814,0,0.976562,0.0,0.0
419,1634,256.814,0,0.976562,0.0,0.0
420,1638,251.3172,0,0.976562,0.0,0.0
421,1643,251.3172,0,0.976562,0.0,0.0
422,1647,251.3172,0,0.976562,0.0,0.0
423,1651,251.3172,0,0.976562,0.0,0.0
424,1655,251.3172,0,0.976562,0.0,0.0
425,1660,251.3172,0,0.976562,0.0,0.0
426,1664,251.3172,0,0.976562,0.0,0.0
427,1667,251.3172,0,0.976562,0.0,0.0
428,1671,251.3172,0,0.976562,0.0,0.0
429,1676,251.3172,0,0.976562,0.0,0.0
430,1680,245.9483,0,0.976562,0.0,0.0
431,1684,245.9483,0,0.976562,0.0,0.0
432,1688,245.9483,0,0.976562,0.0,0.0
433,1693,245.9483,0,0.976562,0.0,0.0
434,1697,245.9483,0,0.976562,0.0,0.0
435,1701,245.9483,0,0.976562,0.0,0.0
436,1705,245.9483,0,0.976562,0.0,0.0
437,1710,245.9483,0,0.976562,0.0,0.0
438,1714,245.9483,0,0.976562,0.0,0.0
439,1719,245.9483,0,0.976562,0.0,0.0
440,1723,240.4515,0,0.976562,0.0,0.0
441,1728,240.4515,0,0.976562,0.0,0.0
442,1732,240.4515,0,0.976562,0.0,0.0
443,1736,240.4515,0,0.976562,0.0,0.0
444,1741,240.4515,0,0.976562,0.0,0.0
445,1745,240.4515,0,0.976562,0.0,0.0
446,1750,240.4515,0,0.976562,0.0,0.0
447,1754,240.4515,0,0.976562,0.0,0.0
448,1760,240.4515,0,0.976562,0.0,0.0
449,1764,240.4515,0,0.976562,0.0,0.0
450,1769,234.6991,0,0.976562,0.0,0.0
451,1773,234.6991,0,0.976562,0.0,0.0
452,1778,234.6991,0,0.976562,0.0,0.0
453,1782,234.6991,0,0.976562,0.0,0.0
454,1786,234.6991,0,0.976562,0.0,0.0
455,1790,234.6991,0,0.976562,0.0,0.0
456,1795,234.6991,0,0.976562,0.0,0.0
457,1799,234.6991,0,0.976562,0.0,0.0
458,1803,234.6991,0,0.976562,0.0,0.0
459,1808,234.6991,0,0.976562,0.0,0.0
460,1813,228.9467,0,0.976562,0.0,0.0
461,1817,228.9467,0,0.976562,0.0,0.0
462,1821,228.9467,0,0.976562,0.0,0.0
463,1825,228.9467,0,0.976562,0.0,0.0
464,1830,228.9467,0,0.976562,0.0,0.0
465,1834,228.9467,0,0.976562,0.0,0.0
466,1838,228.9467,0,0.976562,0.0,0.0
467,1842,228.9467,0,0.976562,0.0,0.0
468,1847,228.9467,0,0.976562,0.0,0.0
469,1851,228.9467,0,0.976562,0.0,0.0
470,1855,223.5777,0,0.976562,0.0,0.0
471,1859,223.5777,0,0.976562,0.0,0.0
472,1864,223.5777,0,0.976562,0.0,0.0
473,1868,223.5777,0,0.976562,0.0,0.0
474,1872,223.5777,0,0.976562,0.0,0.0
475,1876,223.5777,0,0.976562,0.0,0.0
476,1881,223.5777,0,0.976562,0.0,0.0
477,1885,223.5777,0,0.976562,0.0,0.0
478,1889,223.5777,0,0.976562,0.0,0.0
479,1893,223.5777,0,0.976562,0.0,0.0
480,1898,218.0809,0,0.976562,0.0,0.0
481,1902,218.0809,0,0.976562,0.0,0.0
482,1907,218.0809,0,0.976562,0.0,0.0
483,1911,218.0809,0,0.976562,0.0,0.0
484,1916,218.0809,0,0.976562,0.0,0.0
485,1920,218.0809,0,0.976562,0.0,0.0
486,1924,218.0809,0,0.976562,0.0,0.0
487,1928,218.0809,0,0.976562,0.0,0.0
488,1933,218.0809,0,0.976562,0.0,0.0
489,1937,218.0809,0,0.976562,0.0,0.0
490,1941,212.5842,0,0.976562,0.0,0.0
491,1946,212.5842,0,0.976562,0.0,0.0
492,1950,212.5842,0,0.976562,0.0,0.0
493,1954,212.5842,0,0.976562,0.0,0.0
494,1958,212.5842,0,0.976562,0.0,0.0
495,1962,212.5842,0,0.976562,0.0,0.0
496,1967,212.5842,0,0.976562,0.0,0.0
497,1971,212.5842,0,0.976562,0.0,0.0
498,1975,212.5842,0,0.976562,0.0,0.0
499,1979,212.5842,0,0.976562,0.0,0.0
500,1984,207.0874,0,0.976562,0.0,0.0
501,1988,207.0874,0,0.976562,0.0,0.0
502,1992,207.0874,0,0.976562,0.0,0.0
503,1997,207.0874,0,0.976562,0.0,0.0
504,2001,207.0874,0,0.976562,0.0,0.0
505,2005,207.0874,0,0.976562,0.0,0.0
506,2009,207.0874,0,0.976562,0.0,0.0
507,2013,207.0874,0,0.976562,0.0,0.0
508,2018,207.0874,0,0.976562,0.0,0.0
509,2022,207.0874,0,0.976562,0.0,0.0
510,2026,201.7185,0,0.976562,0.0,0.0
511,2031,201.7185,0,0.976562,0.0,0.0
512,2035,201.7185,0,0.976562,0.0,0.0
513,2039,201.7185,0,0.976562,0.0,0.0
514,2043,201.7185,0,0.976562,0.0,0.0
515,2048,201.7185,0,0.976562,0.0,0.0
516,2052,201.7185,0,0.976562,0.0,0.0
517,2056,201.7185,0,0.976562,0.0,0.0
518,2060,201.7185,0,0.976562,0.0,0.0
519,2065,201.7185,0,0.976562,0.0,0.0
520,2069,196.2217,0,0.976562,0.0,0.0
521,2073,196.2217,0,0.976562,0.0,0.0
522,2077,196.2217,0,0.976562,0.0,0.0
523,2082,196.2217,0,0.976562,0.0,0.0
524,2086,196.2217,0,0.976562,0.0,0.0
525,2091,196.2217,0,0.976562,0.0,0.0
526,2095,196.2217,0,0.976562,0.0,0.0
527,2100,196.2217,0,0.976562,0.0,0.0
528,2104,196.2217,0,0.976562,0.0,0.0
529,2109,196.2217,0,0.976562,0.0,0.0
530,2113,190.5972,0,0.976562,0.0,0.0
531,2118,190.5972,0,0.976562,0.0,0.0
532,2122,190.5972,0,0.976562,0.0,0.0
533,2126,190.5972,0,0.976562,0.0,0.0
534,2130,190.5972,0,0.976562,0.0,0.0
535,2135,190.5972,0,0.976562,0.0,0.0
536,2139,190.5972,0,0.976562,0.0,0.0
537,2143,190.5972,0,0.976562,0.0,0.0
538,2148,190.5972,0,0.976562,0.0,0.0
539,2152,190.5972,0,0.976562,0.0,0.0
540,2157,185.1004,0,0.976562,0.0,0.0
541,2161,185.1004,0,0.976562,0.0,0.0
542,2165,185.1004,0,0.976562,0.0,0.0
543,2170,185.1004,0,0.976562,0.0,0.0
544,2174,185.1004,0,0.976562,0.0,0.0
545,2178,185.1004,0,0.976562,0.0,0.0
546,2183,185.1004,0,0.976562,0.0,0.0
547,2187,185.1004,0,0.976562,0.0,0.0
548,2191,185.1004,0,0.976562,0.0,0.0
549,2195,185.1004,0,0.976562,0.0,0.0
550,2200,179.4758,0,0.976562,0.0,0.0
551,2205,179.4758,0,0.976562,0.0,0.0
552,2209,179.4758,0,0.976562,0.0,0.0
553,2213,179.4758,0,0.976562,0.0,0.0
554,2218,179.4758,0,0.976562,0.0,0.0
555,2222,179.4758,0,0.976562,0.0,0.0
556,2226,179.4758,0,0.976562,0.0,0.0
557,2231,179.4758,0,0.976562,0.0,0.0
558,2235,179.4758,0,0.976562,0.0,0.0
559,2239,179.4758,0,0.976562,0.0,0.0
560,2243,173.979,0,0.976562,0.0,0.0
561,2248,173.979,0,0.976562,0.0,0.0
562,2252,173.979,0,0.976562,0.0,0.0
563,2257,173.979,0,0.976562,0.0,0.0
564,2261,173.979,0,0.976562,0.0,0.0
565,2266,173.979,0,0.976562,0.0,0.0
566,2270,173.979,0,0.976562,0.0,0.0
567,2274,173.979,0,0.976562,0.0,0.0
568,2278,173.979,0,0.976562,0.0,0.0
569,2283,173.979,0,0.976562,0.0,0.0
570,2287,168.3544,0,0.976562,0.0,0.0
571,2291,168.3544,0,0.976562,0.0,0.0
572,2295,168.3544,0,0.976562,0.0,0.0
573,2300,168.3544,0,0.976562,0.0,0.0
574,2303,168.3544,0,0.976562,0.0,0.0
575,2307,168.3544,0,0.976562,0.0,0.0
576,2311,168.3544,0,0.976562,0.0,0.0
577,2316,168.3544,0,0.976562,0.0,0.0
578,2320,168.3544,0,0.976562,0.0,0.0
579,2324,168.3544,0,0.976562,0.0,0.0
580,2329,162.9855,0,0.976562,0.0,0.0
581,2333,162.9855,0,0.976562,0.0,0.0
582,2337,162.9855,0,0.976562,0.0,0.0
583,2341,162.9855,0,0.976562,0.0,0.0
584,2346,162.9855,0,0.976562,0.0,0.0
585,2350,162.9855,0,0.976562,0.0,0.0
586,2354,162.9855,0,0.976562,0.0,0.0
587,2359,162.9855,0,0.976562,0.0,0.0
588,2364,162.9855,0,0.976562,0.0,0.0
589,2368,162.9855,0,0.976562,0.0,0.0
590,2372,157.4887,0,0.976562,0.0,0.0
591,2377,157.4887,0,0.976562,0.0,0.0
592,2381,157.4887,0,0.976562,0.0,0.0
593,2385,157.4887,0,0.976562,0.0,0.0
594,2389,157.4887,0,0.976562,0.0,0.0
595,2394,157.4887,0,0.976562,0.0,0.0
596,2399,157.4887,0,0.976562,0.0,0.0
597,2403,157.4887,0,0.976562,0.0,0.0
598,2407,157.4887,0,0.976562,0.0,0.0
599,2412,157.4887,0,0.976562,0.0,0.0
600,2416,151.8641,0,0.976562,0.0,0.0
601,2420,151.8641,0,0.976562,0.0,0.0
602,2425,151.8641,0,0.976562,0.0,0.0
603,2429,151.8641,0,0.976562,0.0,0.0
604,2433,151.8641,0,0.976562,0.0,0.0
605,2437,151.8641,0,0.976562,0.0,0.0
606,2442,151.8641,0,0.976562,0.0,0.0
607,2446,151.8641,0,0.976562,0.0,0.0
608,2450,151.8641,0,0.976562,0.0,0.0
609,2454,151.8641,0,0.976562,0.0,0.0
610,2459,146.3674,0,0.976562,0.0,0.0
611,2463,146.3674,0,0.976562,0.0,0.0
612,2467,146.3674,0,0.976562,0.0,0.0
613,2472,146.3674,0,0.976562,0.0,0.0
614,2476,146.3674,0,0.976562,0.0,0.0
615,2480,146.3674,0,0.976562,0.0,0.0
616,2484,146.3674,0,0.976562,0.0,0.0
617,2489,146.3674,0,0.976562,0.0,0.0
618,2493,146.3674,0,0.976562,0.0,0.0
619,2498,146.3674,0,0.976562,0.0,0.0
620,2502,140.8706,0,0.976562,0.0,0.0
621,2507,140.8706,0,0.976562,0.0,0.0
622,2511,140.8706,0,0.976562,0.0,0.0
623,2515,140.8706,0,0.976562,0.0,0.0
624,2520,140.8706,0,0.976562,0.0,0.0
625,2524,140.8706,0,0.976562,0.0,0.0
626,2528,140.8706,0,0.976562,0.0,0.0
627,2532,140.8706,0,0.976562,0.0,0.0
628,2537,140.8706,0,0.976562,0.0,0.0
629,2541,140.8706,0,0.976562,0.0,0.0
630,2544,135.3738,0,0.976562,0.0,0.0
631,2548,135.3738,0,0.976562,0.0,0.0
632,2553,135.3738,0,0.976562,0.0,0.0
633,2557,135.3738,0,0.976562,0.0,0.0
634,2561,135.3738,0,0.976562,0.0,0.0
635,2566,135.3738,0,0.976562,0.0,0.0
636,2570,135.3738,0,0.976562,0.0,0.0
637,2574,135.3738,0,0.976562,0.0,0.0
638,2578,135.3738,0,0.976562,0.0,0.0
639,2583,135.3738,0,0.976562,0.0,0.0
640,2587,130.0049,0,0.976562,0.0,0.0
641,2592,130.0049,0,0.976562,0.0,0.0
642,2596,130.0049,0,0.976562,0.0,0.0
643,2601,130.0049,0,0.976562,0.0,0.0
644,2605,130.0049,0,0.976562,0.0,0.0
645,2609,130.0049,0,0.976562,0.0,0.0
646,2614,130.0049,0,0.976562,0.0,0.0
647,2618,130.0049,0,0.976562,0.0,0.0
648,2622,130.0049,0,0.976562,0.0,0.0
649,2627,130.0049,0,0.976562,0.0,0.0
650,2631,124.3803,0,0.976562,0.0,0.0
651,2635,124.3803,0,0.976562,0.0,0.0
652,2640,124.3803,0,0.976562,0.0,0.0
653,2644,124.3803,0,0.976562,0.0,0.0
654,2649,124.3803,0,0.976562,0.0,0.0
655,2653,124.3803,0,0.976562,0.0,0.0
656,2657,124.3803,0,0.976562,0.0,0.0
657,2662,124.3803,0,0.976562,0.0,0.0
658,2666,124.3803,0,0.976562,0.0,0.0
659,2670,124.3803,0,0.976562,0.0,0.0
660,2675,118.7557,0,0.976562,0.0,0.0
661,2679,118.7557,0,0.976562,0.0,0.0
662,2683,118.7557,0,0.976562,0.0,0.0
663,2687,118.7557,0,0.976562,0.0,0.0
664,2691,118.7557,0,0.976562,0.0,0.0
665,2695,118.7557,0,0.976562,0.0,0.0
666,2699,118.7557,0,0.976562,0.0,0.0
667,2703,118.7557,0,0.976562,0.0,0.0
668,2708,118.7557,0,0.976562,0.0,0.0
669,2712,118.7557,0,0.976562,0.0,0.0
670,2716,113.5146,0,0.976562,0.0,0.0
671,2721,113.5146,0,0.976562,0.0,0.0
672,2725,113.5146,0,0.976562,0.0,0.0
673,2729,113.5146,0,0.976562,0.0,0.0
674,2733,113.5146,0,0.976562,0.0,0.0
675,2739,113.5146,0,0.976562,0.0,0.0
676,2743,113.5146,0,0.976562,0.0,0.0
677,2747,113.5146,0,0.976562,0.0,0.0
678,2751,113.5146,0,0.976562,0.0,0.0
679,2756,113.5146,0,0.976562,0.0,0.0
680,2760,107.89,0,0.976562,0.0,0.0
681,2764,107.89,0,0.976562,0.0,0.0
682,2769,107.89,0,0.976562,0.0,0.0
683,2773,107.89,0,0.976562,0.0,0.0
684,2777,107.89,0,0.976562,0.0,0.0
685,2781,107.89,0,0.976562,0.0,0.0
686,2785,107.89,0,0.976562,0.0,0.0
687,2789,107.89,0,0.976562,0.0,0.0
688,2793,107.89,0,0.976562,0.0,0.0
689,2797,107.89,0,0.976562,0.0,0.0
690,2802,102.5211,0,0.976562,0.0,0.0
691,2806,102.5211,0,0.976562,0.0,0.0
692,2810,102.5211,0,0.976562,0.0,0.0
693,2815,102.5211,0,0.976562,0.0,0.0
694,2820,102.5211,0,0.976562,0.0,0.0
695,2824,102.5211,0,0.976562,0.0,0.0
696,2828,102.5211,0,0.976562,0.0,0.0
697,2834,102.5211,0,0.976562,0.0,0.0
698,2838,102.5211,0,0.976562,0.0,0.0
699,2842,102.5211,0,0.976562,0.0,0.0
700,2846,96.8965,0,0.976562,0.0,0.0
701,2851,96.8965,0,0.976562,0.0,0.0
702,2855,96.8965,0,0.976562,0.0,0.0
703,2859,96.8965,0,0.976562,0.0,0.0
704,2864,96.8965,0,0.976562,0.0,0.0
705,2869,96.8965,0,0.976562,0.0,0.0
706,2873,96.8965,0,0.976562,0.0,0.0
707,2877,96.8965,0,0.976562,0.0,0.0
708,2882,96.8965,0,0.976562,0.0,0.0
709,2887,96.8965,0,0.976562,0.0,0.0
710,2891,91.1441,0,0.976562,0.0,0.0
711,2896,91.1441,0,0.976562,0.0,0.0
712,2900,91.1441,0,0.976562,0.0,0.0
713,2904,91.1441,0,0.976562,0.0,0.0
714,2908,91.1441,0,0.976562,0.0,0.0
715,2913,91.1441,0,0.976562,0.0,0.0
716,2917,91.1441,0,0.976562,0.0,0.0
717,2921,91.1441,0,0.976562,0.0,0.0
718,2926,91.1441,0,0.976562,0.0,0.0
719,2930,91.1441,0,0.976562,0.0,0.0
720,2933,85.6473,0,0.976562,0.0,0.0
721,2937,85.6473,0,0.976562,0.0,0.0
722,2942,85.6473,0,0.976562,0.0,0.0
723,2946,85.6473,0,0.976562,0.0,0.0
724,2951,85.6473,0,0.976562,0.0,0.0
725,2955,85.6473,0,0.976562,0.0,0.0
726,2960,85.6473,0,0.976562,0.0,0.0
727,2964,85.6473,0,0.976562,0.0,0.0
728,2968,85.6473,0,0.976562,0.0,0.0
729,2973,85.6473,0,0.976562,0.0,0.0
730,2977,80.1505,0,0.976562,0.0,0.0
731,2982,80.1505,0,0.976562,0.0,0.0
732,2986,80.1505,0,0.976562,0.0,0.0
733,2991,80.1505,0,0.976562,0.0,0.0
734,2995,80.1505,0,0.976562,0.0,0.0
735,2999,80.1505,0,0.976562,0.0,0.0
736,3004,80.1505,0,0.976562,0.0,0.0
737,3008,80.1505,0,0.976562,0.0,0.0
738,3012,80.1505,0,0.976562,0.0,0.0
739,3017,80.1505,0,0.976562,0.0,0.0
740,3022,74.3981,0,0.976562,0.0,0.0
741,3026,74.3981,0,0.976562,0.0,0.0
742,3029,74.3981,0,0.976562,0.0,0.0
743,3033,74.3981,0,0.976562,0.0,0.0
744,3038,74.3981,0,0.976562,0.0,0.0
745,3042,74.3981,0,0.976562,0.0,0.0
746,3046,74.3981,0,0.976562,0.0,0.0
747,3051,74.3981,0,0.976562,0.0,0.0
748,3055,74.3981,0,0.976562,0.0,0.0
749,3059,74.3981,0,0.976562,0.0,0.0
750,3063,69.0292,0,0.976562,0.0,0.0
751,3068,69.0292,0,0.976562,0.0,0.0
752,3072,69.0292,0,0.976562,0.0,0.0
753,3077,69.0292,0,0.976562,0.0,0.0
754,3081,69.0292,0,0.976562,0.0,0.0
755,3086,69.0292,0,0.976562,0.0,0.0
756,3090,69.0292,0,0.976562,0.0,0.0
757,3094,69.0292,0,0.976562,0.0,0.0
758,3099,69.0292,0,0.976562,0.0,0.0
759,3103,69.0292,0,0.976562,0.0,0.0
760,3107,63.5324,0,0.976562,0.0,0.0
761,3113,63.5324,0,0.976562,0.0,0.0
762,3117,63.5324,0,0.976562,0.0,0.0
763,3121,63.5324,0,0.976562,0.0,0.0
764,3125,63.5324,0,0.976562,0.0,0.0
765,3131,63.5324,0,0.976562,0.0,0.0
766,3135,63.5324,0,0.976562,0.0,0.0
767,3139,63.5324,0,0.976562,0.0,0.0
768,3143,63.5324,0,0.976562,0.0,0.0
769,3148,63.5324,0,0.976562,0.0,0.0
770,3152,57.78,0,0.976562,0.0,0.0
771,3156,57.78,0,0.976562,0.0,0.0
772,3161,57.78,0,0.976562,0.0,0.0
773,3165,57.78,0,0.976562,0.0,0.0
774,3169,57.78,0,0.976562,0.0,0.0
775,3173,57.78,0,0.976562,0.0,0.0
776,3178,57.78,0,0.976562,0.0,0.0
777,3182,57.78,0,0.976562,0.0,0.0
778,3186,57.78,0,0.976562,0.0,0.0
779,3191,57.78,0,0.976562,0.0,0.0
780,3195,52.2832,0,0.976562,0.0,0.0
781,3199,52.2832,0,0.976562,0.0,0.0
782,3203,52.2832,0,0.976562,0.0,0.0
783,3208,52.2832,0,0.976562,0.0,0.0
784,3212,52.2832,0,0.976562,0.0,0.0
785,3216,52.2832,0,0.976562,0.0,0.0
786,3220,52.2832,0,0.976562,0.0,0.0
787,3226,52.2832,0,0.976562,0.0,0.0
788,3230,52.2832,0,0.976562,0.0,0.0
789,3235,52.2832,0,0.976562,0.0,0.0
790,3239,46.5308,0,0.976562,0.0,0.0
791,3244,46.5308,0,0.976562,0.0,0.0
792,3248,46.5308,0,0.976562,0.0,0.0
793,3252,46.5308,0,0.976562,0.0,0.0
794,3257,46.5308,0,0.976562,0.0,0.0
795,3261,46.5308,0,0.976562,0.0,0.0
796,3265,46.5308,0,0.976562,0.0,0.0
797,3271,46.5308,0,0.976562,0.0,0.0
798,3275,46.5308,0,0.976562,0.0,0.0
799,3279,46.5308,0,0.976562,0.0,0.0
800,3283,41.034,0,0.976562,0.0,0.0
801,3287,41.034,0,0.976562,0.0,0.0
802,3292,41.034,0,0.976562,0.0,0.0
803,3296,41.034,0,0.976562,0.0,0.0
804,3300,41.034,0,0.976562,0.0,0.0
805,3305,41.034,0,0.976562,0.0,0.0
806,3309,41.034,0,0.976562,0.0,0.0
807,3313,41.034,0,0.976562,0.0,0.0
808,3318,41.034,0,0.976562,0.0,0.0
809,3322,41.034,0,0.976562,0.0,0.0
810,3327,35.5372,0,0.976562,0.0,0.0
811,3331,35.5372,0,0.976562,0.0,0.0
812,3336,35.5372,0,0.976562,0.0,0.0
813,3340,35.5372,0,0.976562,0.0,0.0
814,3344,35.5372,0,0.976562,0.0,0.0
815,3349,35.5372,0,0.976562,0.0,0.0
816,3353,35.5372,0,0.976562,0.0,0.0
817,3357,35.5372,0,0.976562,0.0,0.0
818,3361,35.5372,0,0.976562,0.0,0.0
819,3366,35.5372,0,0.976562,0.0,0.0
820,3370,29.9127,0,0.976562,0.0,0.0
821,3375,29.9127,0,0.976562,0.0,0.0
822,3379,29.9127,0,0.976562,0.0,0.0
823,3384,29.9127,0,0.976562,0.0,0.0
824,3388,29.9127,0,0.976562,0.0,0.0
825,3392,29.9127,0,0.976562,0.0,0.0
826,3397,29.9127,0,0.976562,0.0,0.0
827,3401,29.9127,0,0.976562,0.0,0.0
828,3405,29.9127,0,0.976562,0.0,0.0
829,3409,29.9127,0,0.976562,0.0,0.0
830,3414,24.2881,0,0.976562,0.0,0.0
831,3418,24.2881,0,0.976562,0.0,0.0
832,3421,24.2881,0,0.976562,0.0,0.0
833,3425,24.2881,0,0.976562,0.0,0.0
834,3430,24.2881,0,0.976562,0.0,0.0
835,3434,24.2881,0,0.976562,0.0,0.0
836,3438,24.2881,0,0.976562,0.0,0.0
837,3443,24.2881,0,0.976562,0.0,0.0
838,3447,24.2881,0,0.976562,0.0,0.0
839,3451,24.2881,0,0.976562,0.0,0.0
840,3455,18.9191,0,0.976562,0.0,0.0
841,3460,18.9191,0,0.976562,0.0,0.0
842,3464,18.9191,0,0.976562,0.0,0.0
843,3469,18.9191,0,0.976562,0.0,0.0
844,3473,18.9191,0,0.976562,0.0,0.0
845,3478,18.9191,0,0.976562,0.0,0.0
846,3482,18.9191,0,0.976562,0.0,0.0
847,3486,18.9191,0,0.976562,0.0,0.0
848,3491,18.9191,0,0.976562,0.0,0.0
849,3495,18.9191,0,0.976562,0.0,0.0
850,3499,13.4224,0,0.976562,0.0,0.0
851,3504,13.4224,0,0.976562,0.0,0.0
852,3509,13.4224,0,0.976562,0.0,0.0
853,3513,13.4224,0,0.976562,0.0,0.0
854,3517,13.4224,0,0.976562,0.0,0.0
855,3521,13.4224,0,0.976562,0.0,0.0
856,3526,13.4224,0,0.976562,0.0,0.0
857,3530,13.4224,0,0.976562,0.0,0.0
858,3534,13.4224,0,0.976562,0.0,0.0
859,3539,13.4224,0,0.976562,0.0,0.0
860,3543,7.7977,0,0.976562,0.0,0.0
861,3547,7.7977,0,0.976562,0.0,0.0
862,3551,7.7977,0,0.976562,0.0,0.0
863,3556,7.7977,0,0.976562,0.0,0.0
864,3560,7.7977,0,0.976562,0.0,0.0
865,3564,7.7977,0,0.976562,0.0,0.0
866,3568,7.7977,0,0.976562,0.0,0.0
867,3572,7.7977,0,0.976562,0.0,0.0
868,3576,7.7977,0,0.976562,0.0,0.0
869,3580,7.7977,0,0.976562,0.0,0.0
870,3584,2.5567,0,0.976562,0.0,0.0
871,3588,2.5567,0,0.976562,0.0,0.0
872,3592,2.5567,0,0.976562,0.0,0.0
873,3595,2.5567,0,0.976562,0.0,0.0
874,3599,2.5567,0,0.976562,0.0,0.0
875,3602,2.5567,0,0.976562,0.0,0.0
876,3606,2.5567,0,0.976562,0.0,0.0
877,3609,2.5567,0,0.976562,0.0,0.0
878,3613,2.5567,0,0.976562,0.0,0.0
879,3616,2.5567,0,0.976562,0.0,0.0
880,3619,-2.0453,0,0.976562,0.0,0.0
881,3622,-2.0453,0,0.976562,0.0,0.0
882,3625,-2.0453,0,0.976562,0.0,0.0
883,3628,-2.0453,0,0.976562,0.0,0.0
884,3631,-2.0453,0,0.976562,0.0,0.0
885,3633,-2.0453,0,0.976562,0.0,0.0
886,3636,-2.0453,0,0.976562,0.0,0.0
887,3638,-2.0453,0,0.976562,0.0,0.0
888,3641,-2.0453,0,0.976562,0.0,0.0
889,3643,-2.0453,0,0.976562,0.0,0.0
890,3645,-5.4967,0,0.976562,0.0,0.0
891,3647,-5.4967,0,0.976562,0.0,0.0
892,3649,-5.4967,0,0.976562,0.0,0.0
893,3651,-5.4967,0,0.976562,0.0,0.0
894,3653,-5.4967,0,0.976562,0.0,0.0
895,3654,-5.4967,0,0.976562,0.0,0.0
896,3656,-5.4967,0,0.976562,0.0,0.0
897,3657,-5.4967,0,0.976562,0.0,0.0
898,3658,-5.4967,0,0.976562,0.0,0.0
899,3659,-5.4967,0,0.976562,0.0,0.0
900,3660,-7.542,0,0.976562,0.0,0.0
901,3661,-7.542,0,0.976562,0.0,0.0
902,3662,-7.542,0,0.976562,0.0,0.0
903,3662,-7.542,0,0.976562,0.0,0.0
904,3663,-7.542,0,0.976562,0.0,0.0
905,3663,-7.542,0,0.976562,0.0,0.0
906,3664,-7.542,0,0.976562,0.0,0.0
907,3664,-7.542,0,0.976562,0.0,0.0
908,3664,-7.542,0,0.976562,0.0,0.0
909,3664,-7.542,0,0.976562,0.0,0.0
910,3664,-8.1812,0,0.976562,0.0,0.0
911,3663,-8.1812,0,0.976562,0.0,0.0
912,3663,-8.1812,0,0.976562,0.0,0.0
913,3663,-8.1812,0,0.976562,0.0,0.0
914,3662,-8.1812,0,0.976562,0.0,0.0
915,3661,-8.1812,0,0.976562,0.0,0.0
916,3661,-8.1812,0,0.976562,0.0,0.0
917,3660,-8.1812,0,0.976562,0.0,0.0
918,3659,-8.1812,0,0.976562,0.0,0.0
919,3658,-8.1812,0,0.976562,0.0,0.0
920,3657,-7.4142,0,0.976562,0.0,0.0
921,3656,-7.4142,0,0.976562,0.0,0.0
922,3655,-7.4142,0,0.976562,0.0,0.0
923,3654,-7.4142,0,0.976562,0.0,0.0
924,3652,-7.4142,0,0.976562,0.0,0.0
925,3651,-7.4142,0,0.976562,0.0,0.0
926,3650,-7.4142,0,0.976562,0.0,0.0
927,3649,-7.4142,0,0.976562,0.0,0.0
928,3647,-7.4142,0,0.976562,0.0,0.0
929,3646,-7.4142,0,0.976562,0.0,0.0
930,3644,-5.8802,0,0.976562,0.0,0.0
931,3643,-5.8802,0,0.976562,0.0,0.0
932,3641,-5.8802,0,0.976562,0.0,0.0
933,3639,-5.8802,0,0.976562,0.0,0.0
934,3638,-5.8802,0,0.976562,0.0,0.0
935,3636,-5.8802,0,0.976562,0.0,0.0
936,3635,-5.8802,0,0.976562,0.0,0.0
937,3633,-5.8802,0,0.976562,0.0,0.0
938,3631,-5.8802,0,0.976562,0.0,0.0
939,3630,-5.8802,0,0.976562,0.0,0.0
940,3628,-3.8349,0,0.976562,0.0,0.0
941,3626,-3.8349,0,0.976562,0.0,0.0
942,3625,-3.8349,0,0.976562,0.0,0.0
943,3623,-3.8349,0,0.976562,0.0,0.0
944,3621,-3.8349,0,0.976562,0.0,0.0
945,3620,-3.8349,0,0.976562,0.0,0.0
946,3618,-3.8349,0,0.976562,0.0,0.0
947,3616,-3.8349,0,0.976562,0.0,0.0
948,3615,-3.8349,0,0.976562,0.0,0.0
949,3613,-3.8349,0,0.976562,0.0,0.0
950,3612,-1.6618,0,0.976562,0.0,0.0
951,3610,-1.6618,0,0.976562,0.0,0.0
952,3609,-1.6618,0,0.976562,0.0,0.0
953,3607,-1.6618,0,0.976562,0.0,0.0
954,3606,-1.6618,0,0.976562,0.0,0.0
955,3604,-1.6618,0,0.976562,0.0,0.0
956,3603,-1.6618,0,0.976562,0.0,0.0
957,3601,-1.6618,0,0.976562,0.0,0.0
958,3600,-1.6618,0,0.976562,0.0,0.0
959,3599,-1.6618,0,0.976562,0.0,0.0
960,3598,0.1279,0,0.976562,0.0,0.0
961,3596,0.1279,0,0.976562,0.0,0.0
962,3595,0.1279,0,0.976562,0.0,0.0
963,3594,0.1279,0,0.976562,0.0,0.0
964,3593,0.1279,0,0.976562,0.0,0.0
965,3592,0.1279,0,0.976562,0.0,0.0
966,3591,0.1279,0,0.976562,0.0,0.0
967,3590,0.1279,0,0.976562,0.0,0.0
968,3589,0.1279,0,0.976562,0.0,0.0
969,3588,0.1279,0,0.976562,0.0,0.0
970,3587,1.534,0,0.976562,0.0,0.0
971,3586,1.534,0,0.976562,0.0,0.0
972,3585,1.534,0,0.976562,0.0,0.0
973,3585,1.534,0,0.976562,0.0,0.0
974,3584,1.534,0,0.976562,0.0,0.0
975,3583,1.534,0,0.976562,0.0,0.0
976,3583,1.534,0,0.976562,0.0,0.0
977,3582,1.534,0,0.976562,0.0,0.0
978,3582,1.534,0,0.976562,0.0,0.0
979,3581,1.534,0,0.976562,0.0,0.0
980,3581,2.4288,0,0.976562,0.0,0.0
981,3581,2.4288,0,0.976562,0.0,0.0
982,3580,2.4288,0,0.976562,0.0,0.0
983,3580,2.4288,0,0.976562,0.0,0.0
984,3580,2.4288,0,0.976562,0.0,0.0
985,3579,2.4288,0,0.976562,0.0,0.0
986,3579,2.4288,0,0.976562,0.0,0.0
987,3579,2.4288,0,0.976562,0.0,0.0
988,3579,2.4288,0,0.976562,0.0,0.0
989,3579,2.4288,0,0.976562,0.0,0.0
990,3579,2.6845,0,0.976562,0.0,0.0
991,3579,2.6845,0,0.976562,0.0,0.0
992,3579,2.6845,0,0.976562,0.0,0.0
993,3579,2.6845,0,0.976562,0.0,0.0
994,3580,2.6845,0,0.976562,0.0,0.0
995,3580,2.6845,0,0.976562,0.0,0.0
996,3580,2.6845,0,0.976562,0.0,0.0
997,3580,2.6845,0,0.976562,0.0,0.0
998,3581,2.6845,0,0.976562,0.0,0.0
999,3581,2.6845,0,0.976562,0.0,0.0
1000,3581,2.4288,0,0.976562,0.0,0.0
1001,3582,2.4288,0,0.976562,0.0,0.0
1002,3582,2.4288,0,0.976562,0.0,0.0
1003,3582,2.4288,0,0.976562,0.0,0.0
1004,3583,2.4288,0,0.976562,0.0,0.0
1005,3583,2.4288,0,0.976562,0.0,0.0
1006,3584,2.4288,0,0.976562,0.0,0.0
1007,3584,2.4288,0,0.976562,0.0,0.0
1008,3584,2.4288,0,0.976562,0.0,0.0
1009,3585,2.4288,0,0.976562,0.0,0.0
1010,3585,1.9175,0,0.976562,0.0,0.0
1011,3586,1.9175,0,0.976562,0.0,0.0
1012,3586,1.9175,0,0.976562,0.0,0.0
1013,3587,1.9175,0,0.976562,0.0,0.0
1014,3587,1.9175,0,0.976562,0.0,0.0
1015,3588,1.9175,0,0.976562,0.0,0.0
1016,3588,1.9175,0,0.976562,0.0,0.0
1017,3589,1.9175,0,0.976562,0.0,0.0
1018,3590,1.9175,0,0.976562,0.0,0.0
1019,3590,1.9175,0,0.976562,0.0,0.0
1020,3591,1.2783,0,0.976562,0.0,0.0
1021,3591,1.2783,0,0.976562,0.0,0.0
1022,3592,1.2783,0,0.976562,0.0,0.0
1023,3592,1.2783,0,0.976562,0.0,0.0
1024,3593,1.2783,0,0.976562,0.0,0.0
1025,3593,1.2783,0,0.976562,0.0,0.0
1026,3594,1.2783,0,0.976562,0.0,0.0
1027,3594,1.2783,0,0.976562,0.0,0.0
1028,3595,1.2783,0,0.976562,0.0,0.0
1029,3595,1.2783,0,0.976562,0.0,0.0
1030,3596,0.6392,0,0.976562,0.0,0.0
1031,3596,0.6392,0,0.976562,0.0,0.0
1032,3597,0.6392,0,0.976562,0.0,0.0
1033,3597,0.6392,0,0.976562,0.0,0.0
1034,3598,0.6392,0,0.976562,0.0,0.0
1035,3598,0.6392,0,0.976562,0.0,0.0
1036,3598,0.6392,0,0.976562,0.0,0.0
1037,3599,0.6392,0,0.976562,0.0,0.0
1038,3599,0.6392,0,0.976562,0.0,0.0
1039,3600,0.6392,0,0.976562,0.0,0.0
