TIME,PULSES,CONTROLLERVOLTAGE,CONTROLLER,KP,TAUD,TAUI 
0,0,0.0305,0,500.0,0.0,0.0
1,0,0.0305,0,500.0,0.0,0.0
2,0,0.0305,0,500.0,0.0,0.0
3,0,0.0305,0,500.0,0.0,0.0
4,0,0.0305,0,500.0,0.0,0.0
5,0,0.0305,0,500.0,0.0,0.0
6,0,0.0305,0,500.0,0.0,0.0
7,0,0.0305,0,500.0,0.0,0.0
8,0,0.0305,0,500.0,0.0,0.0
9,0,0.0305,0,500.0,0.0,0.0
10,0,235619.4688,0,500.0,0.0,0.0
11,0,235619.4688,0,500.0,0.0,0.0
12,0,235619.4688,0,500.0,0.0,0.0
13,1,235619.4688,0,500.0,0.0,0.0
14,1,235619.4688,0,500.0,0.0,0.0
15,2,235619.4688,0,500.0,0.0,0.0
16,2,235619.4688,0,500.0,0.0,0.0
17,3,235619.4688,0,500.0,0.0,0.0
18,4,235619.4688,0,500.0,0.0,0.0
19,5,235619.4688,0,500.0,0.0,0.0
20,6,235292.2031,0,500.0,0.0,0.0
21,7,235292.2031,0,500.0,0.0,0.0
22,9,235292.2031,0,500.0,0.0,0.0
23,10,235292.2031,0,500.0,0.0,0.0
24,12,235292.2031,0,500.0,0.0,0.0
25,13,235292.2031,0,500.0,0.0,0.0
26,15,235292.2031,0,500.0,0.0,0.0
27,17,235292.2031,0,500.0,0.0,0.0
28,19,235292.2031,0,500.0,0.0,0.0
29,21,235292.2031,0,500.0,0.0,0.0
30,23,234245.0156,0,500.0,0.0,0.0
31,26,234245.0156,0,500.0,0.0,0.0
32,28,234245.0156,0,500.0,0.0,0.0
33,30,234245.0156,0,500.0,0.0,0.0
34,32,234245.0156,0,500.0,0.0,0.0
35,35,234245.0156,0,500.0,0.0,0.0
36,37,234245.0156,0,500.0,0.0,0.0
37,40,234245.0156,0,500.0,0.0,0.0
38,43,234245.0156,0,500.0,0.0,0.0
39,45,234245.0156,0,500.0,0.0,0.0
40,48,232674.2188,0,500.0,0.0,0.0
41,51,232674.2188,0,500.0,0.0,0.0
42,53,232674.2188,0,500.0,0.0,0.0
43,56,232674.2188,0,500.0,0.0,0.0
44,59,232674.2188,0,500.0,0.0,0.0
45,62,232674.2188,0,500.0,0.0,0.0
46,65,232674.2188,0,500.0,0.0,0.0
47,68,232674.2188,0,500.0,0.0,0.0
48,71,232674.2188,0,500.0,0.0,0.0
49,74,232674.2188,0,500.0,0.0,0.0
50,77,230776.1719,0,500.0,0.0,0.0
51,80,230776.1719,0,500.0,0.0,0.0
52,84,230776.1719,0,500.0,0.0,0.0
53,87,230776.1719,0,500.0,0.0,0.0
54,90,230776.1719,0,500.0,0.0,0.0
55,93,230776.1719,0,500.0,0.0,0.0
56,97,230776.1719,0,500.0,0.0,0.0
57,100,230776.1719,0,500.0,0.0,0.0
58,103,230776.1719,0,500.0,0.0,0.0
59,107,230776.1719,0,500.0,0.0,0.0
60,110,228616.3281,0,500.0,0.0,0.0
61,114,228616.3281,0,500.0,0.0,0.0
62,118,228616.3281,0,500.0,0.0,0.0
63,121,228616.3281,0,500.0,0.0,0.0
64,125,228616.3281,0,500.0,0.0,0.0
65,129,228616.3281,0,500.0,0.0,0.0
66,132,228616.3281,0,500.0,0.0,0.0
67,136,228616.3281,0,500.0,0.0,0.0
68,139,228616.3281,0,500.0,0.0,0.0
69,143,228616.3281,0,500.0,0.0,0.0
70,147,226260.125,0,500.0,0.0,0.0
71,151,226260.125,0,500.0,0.0,0.0
72,155,226260.125,0,500.0,0.0,0.0
73,158,226260.125,0,500.0,0.0,0.0
74,162,226260.125,0,500.0,0.0,0.0
75,164,226260.125,0,500.0,0.0,0.0
76,168,226260.125,0,500.0,0.0,0.0
77,172,226260.125,0,500.0,0.0,0.0
78,176,226260.125,0,500.0,0.0,0.0
79,179,226260.125,0,500.0,0.0,0.0
80,183,223838.4844,0,500.0,0.0,0.0
81,187,223838.4844,0,500.0,0.0,0.0
82,191,223838.4844,0,500.0,0.0,0.0
83,194,223838.4844,0,500.0,0.0,0.0
84,198,223838.4844,0,500.0,0.0,0.0
85,203,223838.4844,0,500.0,0.0,0.0
86,207,223838.4844,0,500.0,0.0,0.0
87,211,223838.4844,0,500.0,0.0,0.0
88,214,223838.4844,0,500.0,0.0,0.0
89,218,223838.4844,0,500.0,0.0,0.0
90,222,221351.3906,0,500.0,0.0,0.0
91,226,221351.3906,0,500.0,0.0,0.0
92,230,221351.3906,0,500.0,0.0,0.0
93,233,221351.3906,0,500.0,0.0,0.0
94,237,221351.3906,0,500.0,0.0,0.0
95,241,221351.3906,0,500.0,0.0,0.0
96,245,221351.3906,0,500.0,0.0,0.0
97,249,221351.3906,0,500.0,0.0,0.0
98,253,221351.3906,0,500.0,0.0,0.0
99,257,221351.3906,0,500.0,0.0,0.0
100,260,218798.8594,0,500.0,0.0,0.0
101,264,218798.8594,0,500.0,0.0,0.0
102,269,218798.8594,0,500.0,0.0,0.0
103,273,218798.8594,0,500.0,0.0,0.0
104,277,218798.8594,0,500.0,0.0,0.0
105,281,218798.8594,0,500.0,0.0,0.0
106,285,218798.8594,0,500.0,0.0,0.0
107,289,218798.8594,0,500.0,0.0,0.0
108,294,218798.8594,0,500.0,0.0,0.0
109,298,218798.8594,0,500.0,0.0,0.0
110,302,216115.4063,0,500.0,0.0,0.0
111,305,216115.4063,0,500.0,0.0,0.0
112,310,216115.4063,0,500.0,0.0,0.0
113,314,216115.4063,0,500.0,0.0,0.0
114,319,216115.4063,0,500.0,0.0,0.0
115,323,216115.4063,0,500.0,0.0,0.0
116,327,216115.4063,0,500.0,0.0,0.0
117,331,216115.4063,0,500.0,0.0,0.0
118,335,216115.4063,0,500.0,0.0,0.0
119,339,216115.4063,0,500.0,0.0,0.0
120,344,213431.9688,0,500.0,0.0,0.0
121,348,213431.9688,0,500.0,0.0,0.0
122,353,213431.9688,0,500.0,0.0,0.0
123,357,213431.9688,0,500.0,0.0,0.0
124,361,213431.9688,0,500.0,0.0,0.0
125,365,213431.9688,0,500.0,0.0,0.0
126,371,213431.9688,0,500.0,0.0,0.0
127,375,213431.9688,0,500.0,0.0,0.0
128,379,213431.9688,0,500.0,0.0,0.0
129,383,213431.9688,0,500.0,0.0,0.0
130,387,210552.1719,0,500.0,0.0,0.0
131,391,210552.1719,0,500.0,0.0,0.0
132,394,210552.1719,0,500.0,0.0,0.0
133,398,210552.1719,0,500.0,0.0,0.0
134,403,210552.1719,0,500.0,0.0,0.0
135,407,210552.1719,0,500.0,0.0,0.0
136,410,210552.1719,0,500.0,0.0,0.0
137,414,210552.1719,0,500.0,0.0,0.0
138,420,210552.1719,0,500.0,0.0,0.0
139,424,210552.1719,0,500.0,0.0,0.0
140,428,207868.7344,0,500.0,0.0,0.0
141,432,207868.7344,0,500.0,0.0,0.0
142,436,207868.7344,0,500.0,0.0,0.0
143,440,207868.7344,0,500.0,0.0,0.0
144,445,207868.7344,0,500.0,0.0,0.0
145,449,207868.7344,0,500.0,0.0,0.0
146,453,207868.7344,0,500.0,0.0,0.0
147,457,207868.7344,0,500.0,0.0,0.0
148,462,207868.7344,0,500.0,0.0,0.0
149,466,207868.7344,0,500.0,0.0,0.0
150,471,205119.8281,0,500.0,0.0,0.0
151,475,205119.8281,0,500.0,0.0,0.0
152,479,205119.8281,0,500.0,0.0,0.0
153,483,205119.8281,0,500.0,0.0,0.0
154,487,205119.8281,0,500.0,0.0,0.0
155,491,205119.8281,0,500.0,0.0,0.0
156,495,205119.8281,0,500.0,0.0,0.0
157,499,205119.8281,0,500.0,0.0,0.0
158,503,205119.8281,0,500.0,0.0,0.0
159,507,205119.8281,0,500.0,0.0,0.0
160,512,202436.3906,0,500.0,0.0,0.0
161,516,202436.3906,0,500.0,0.0,0.0
162,521,202436.3906,0,500.0,0.0,0.0
163,525,202436.3906,0,500.0,0.0,0.0
164,529,202436.3906,0,500.0,0.0,0.0
165,533,202436.3906,0,500.0,0.0,0.0
166,537,202436.3906,0,500.0,0.0,0.0
167,541,202436.3906,0,500.0,0.0,0.0
168,544,202436.3906,0,500.0,0.0,0.0
169,548,202436.3906,0,500.0,0.0,0.0
170,553,199752.9375,0,500.0,0.0,0.0
171,557,199752.9375,0,500.0,0.0,0.0
172,563,199752.9375,0,500.0,0.0,0.0
173,567,199752.9375,0,500.0,0.0,0.0
174,572,199752.9375,0,500.0,0.0,0.0
175,576,199752.9375,0,500.0,0.0,0.0
176,580,199752.9375,0,500.0,0.0,0.0
177,584,199752.9375,0,500.0,0.0,0.0
178,588,199752.9375,0,500.0,0.0,0.0
179,592,199752.9375,0,500.0,0.0,0.0
180,596,196873.1563,0,500.0,0.0,0.0
181,600,196873.1563,0,500.0,0.0,0.0
182,604,196873.1563,0,500.0,0.0,0.0
183,608,196873.1563,0,500.0,0.0,0.0
184,612,196873.1563,0,500.0,0.0,0.0
185,616,196873.1563,0,500.0,0.0,0.0
186,620,196873.1563,0,500.0,0.0,0.0
187,624,196873.1563,0,500.0,0.0,0.0
188,628,196873.1563,0,500.0,0.0,0.0
189,632,196873.1563,0,500.0,0.0,0.0
190,636,194189.7188,0,500.0,0.0,0.0
191,640,194189.7188,0,500.0,0.0,0.0
192,645,194189.7188,0,500.0,0.0,0.0
193,649,194189.7188,0,500.0,0.0,0.0
194,653,194189.7188,0,500.0,0.0,0.0
195,657,194189.7188,0,500.0,0.0,0.0
196,661,194189.7188,0,500.0,0.0,0.0
197,665,194189.7188,0,500.0,0.0,0.0
198,671,194189.7188,0,500.0,0.0,0.0
199,675,194189.7188,0,500.0,0.0,0.0
200,679,191375.3594,0,500.0,0.0,0.0
201,683,191375.3594,0,500.0,0.0,0.0
202,687,191375.3594,0,500.0,0.0,0.0
203,691,191375.3594,0,500.0,0.0,0.0
204,694,191375.3594,0,500.0,0.0,0.0
205,698,191375.3594,0,500.0,0.0,0.0
206,702,191375.3594,0,500.0,0.0,0.0
207,706,191375.3594,0,500.0,0.0,0.0
208,711,191375.3594,0,500.0,0.0,0.0
209,716,191375.3594,0,500.0,0.0,0.0
210,720,188757.375,0,500.0,0.0,0.0
211,724,188757.375,0,500.0,0.0,0.0
212,728,188757.375,0,500.0,0.0,0.0
213,732,188757.375,0,500.0,0.0,0.0
214,736,188757.375,0,500.0,0.0,0.0
215,740,188757.375,0,500.0,0.0,0.0
216,744,188757.375,0,500.0,0.0,0.0
217,748,188757.375,0,500.0,0.0,0.0
218,753,188757.375,0,500.0,0.0,0.0
219,757,188757.375,0,500.0,0.0,0.0
220,760,186073.9219,0,500.0,0.0,0.0
221,764,186073.9219,0,500.0,0.0,0.0
222,769,186073.9219,0,500.0,0.0,0.0
223,773,186073.9219,0,500.0,0.0,0.0
224,777,186073.9219,0,500.0,0.0,0.0
225,781,186073.9219,0,500.0,0.0,0.0
226,785,186073.9219,0,500.0,0.0,0.0
227,789,186073.9219,0,500.0,0.0,0.0
228,793,186073.9219,0,500.0,0.0,0.0
229,797,186073.9219,0,500.0,0.0,0.0
230,801,183455.9375,0,500.0,0.0,0.0
231,805,183455.9375,0,500.0,0.0,0.0
232,808,183455.9375,0,500.0,0.0,0.0
233,812,183455.9375,0,500.0,0.0,0.0
234,818,183455.9375,0,500.0,0.0,0.0
235,822,183455.9375,0,500.0,0.0,0.0
236,826,183455.9375,0,500.0,0.0,0.0
237,830,183455.9375,0,500.0,0.0,0.0
238,834,183455.9375,0,500.0,0.0,0.0
239,838,183455.9375,0,500.0,0.0,0.0
240,843,180707.0313,0,500.0,0.0,0.0
241,847,180707.0313,0,500.0,0.0,0.0
242,852,180707.0313,0,500.0,0.0,0.0
243,856,180707.0313,0,500.0,0.0,0.0
244,861,180707.0313,0,500.0,0.0,0.0
245,866,180707.0313,0,500.0,0.0,0.0
246,872,180707.0313,0,500.0,0.0,0.0
247,876,180707.0313,0,500.0,0.0,0.0
248,881,180707.0313,0,500.0,0.0,0.0
249,885,180707.0313,0,500.0,0.0,0.0
250,889,177696.3438,0,500.0,0.0,0.0
251,893,177696.3438,0,500.0,0.0,0.0
252,898,177696.3438,0,500.0,0.0,0.0
253,902,177696.3438,0,500.0,0.0,0.0
254,906,177696.3438,0,500.0,0.0,0.0
255,910,177696.3438,0,500.0,0.0,0.0
256,914,177696.3438,0,500.0,0.0,0.0
257,918,177696.3438,0,500.0,0.0,0.0
258,923,177696.3438,0,500.0,0.0,0.0
259,927,177696.3438,0,500.0,0.0,0.0
260,931,174947.4531,0,500.0,0.0,0.0
261,935,174947.4531,0,500.0,0.0,0.0
262,939,174947.4531,0,500.0,0.0,0.0
263,943,174947.4531,0,500.0,0.0,0.0
264,947,174947.4531,0,500.0,0.0,0.0
265,951,174947.4531,0,500.0,0.0,0.0
266,956,174947.4531,0,500.0,0.0,0.0
267,960,174947.4531,0,500.0,0.0,0.0
268,965,174947.4531,0,500.0,0.0,0.0
269,969,174947.4531,0,500.0,0.0,0.0
270,974,172198.5625,0,500.0,0.0,0.0
271,978,172198.5625,0,500.0,0.0,0.0
272,982,172198.5625,0,500.0,0.0,0.0
273,986,172198.5625,0,500.0,0.0,0.0
274,990,172198.5625,0,500.0,0.0,0.0
275,994,172198.5625,0,500.0,0.0,0.0
276,998,172198.5625,0,500.0,0.0,0.0
277,1002,172198.5625,0,500.0,0.0,0.0
278,1007,172198.5625,0,500.0,0.0,0.0
279,1011,172198.5625,0,500.0,0.0,0.0
280,1016,169449.6719,0,500.0,0.0,0.0
281,1020,169449.6719,0,500.0,0.0,0.0
282,1024,169449.6719,0,500.0,0.0,0.0
283,1028,169449.6719,0,500.0,0.0,0.0
284,1033,169449.6719,0,500.0,0.0,0.0
285,1037,169449.6719,0,500.0,0.0,0.0
286,1041,169449.6719,0,500.0,0.0,0.0
287,1045,169449.6719,0,500.0,0.0,0.0
288,1050,169449.6719,0,500.0,0.0,0.0
289,1054,169449.6719,0,500.0,0.0,0.0
290,1059,166569.875,0,500.0,0.0,0.0
291,1063,166569.875,0,500.0,0.0,0.0
292,1068,166569.875,0,500.0,0.0,0.0
293,1073,166569.875,0,500.0,0.0,0.0
294,1077,166569.875,0,500.0,0.0,0.0
295,1081,166569.875,0,500.0,0.0,0.0
296,1085,166569.875,0,500.0,0.0,0.0
297,1089,166569.875,0,500.0,0.0,0.0
298,1093,166569.875,0,500.0,0.0,0.0
299,1097,166569.875,0,500.0,0.0,0.0
300,1101,163820.9844,0,500.0,0.0,0.0
301,1105,163820.9844,0,500.0,0.0,0.0
302,1109,163820.9844,0,500.0,0.0,0.0
303,1113,163820.9844,0,500.0,0.0,0.0
304,1118,163820.9844,0,500.0,0.0,0.0
305,1122,163820.9844,0,500.0,0.0,0.0
306,1126,163820.9844,0,500.0,0.0,0.0
307,1130,163820.9844,0,500.0,0.0,0.0
308,1134,163820.9844,0,500.0,0.0,0.0
309,1138,163820.9844,0,500.0,0.0,0.0
310,1142,161137.5469,0,500.0,0.0,0.0
311,1146,161137.5469,0,500.0,0.0,0.0
312,1150,161137.5469,0,500.0,0.0,0.0
313,1154,161137.5469,0,500.0,0.0,0.0
314,1159,161137.5469,0,500.0,0.0,0.0
315,1163,161137.5469,0,500.0,0.0,0.0
316,1168,161137.5469,0,500.0,0.0,0.0
317,1173,161137.5469,0,500.0,0.0,0.0
318,1177,161137.5469,0,500.0,0.0,0.0
319,1181,161137.5469,0,500.0,0.0,0.0
320,1185,158257.75,0,500.0,0.0,0.0
321,1189,158257.75,0,500.0,0.0,0.0
322,1193,158257.75,0,500.0,0.0,0.0
323,1198,158257.75,0,500.0,0.0,0.0
324,1202,158257.75,0,500.0,0.0,0.0
325,1206,158257.75,0,500.0,0.0,0.0
326,1210,158257.75,0,500.0,0.0,0.0
327,1215,158257.75,0,500.0,0.0,0.0
328,1219,158257.75,0,500.0,0.0,0.0
329,1223,158257.75,0,500.0,0.0,0.0
330,1228,155508.8438,0,500.0,0.0,0.0
331,1233,155508.8438,0,500.0,0.0,0.0
332,1237,155508.8438,0,500.0,0.0,0.0
333,1241,155508.8438,0,500.0,0.0,0.0
334,1245,155508.8438,0,500.0,0.0,0.0
335,1250,155508.8438,0,500.0,0.0,0.0
336,1254,155508.8438,0,500.0,0.0,0.0
337,1259,155508.8438,0,500.0,0.0,0.0
338,1263,155508.8438,0,500.0,0.0,0.0
339,1268,155508.8438,0,500.0,0.0,0.0
340,1272,152629.0625,0,500.0,0.0,0.0
341,1276,152629.0625,0,500.0,0.0,0.0
342,1280,152629.0625,0,500.0,0.0,0.0
343,1284,152629.0625,0,500.0,0.0,0.0
344,1288,152629.0625,0,500.0,0.0,0.0
345,1292,152629.0625,0,500.0,0.0,0.0
346,1296,152629.0625,0,500.0,0.0,0.0
347,1301,152629.0625,0,500.0,0.0,0.0
348,1305,152629.0625,0,500.0,0.0,0.0
349,1309,152629.0625,0,500.0,0.0,0.0
350,1313,149945.625,0,500.0,0.0,0.0
351,1317,149945.625,0,500.0,0.0,0.0
352,1321,149945.625,0,500.0,0.0,0.0
353,1326,149945.625,0,500.0,0.0,0.0
354,1330,149945.625,0,500.0,0.0,0.0
355,1334,149945.625,0,500.0,0.0,0.0
356,1338,149945.625,0,500.0,0.0,0.0
357,1342,149945.625,0,500.0,0.0,0.0
358,1346,149945.625,0,500.0,0.0,0.0
359,1350,149945.625,0,500.0,0.0,0.0
360,1354,147262.1719,0,500.0,0.0,0.0
361,1358,147262.1719,0,500.0,0.0,0.0
362,1362,147262.1719,0,500.0,0.0,0.0
363,1366,147262.1719,0,500.0,0.0,0.0
364,1370,147262.1719,0,500.0,0.0,0.0
365,1374,147262.1719,0,500.0,0.0,0.0
366,1378,147262.1719,0,500.0,0.0,0.0
367,1382,147262.1719,0,500.0,0.0,0.0
368,1386,147262.1719,0,500.0,0.0,0.0
369,1390,147262.1719,0,500.0,0.0,0.0
370,1394,144644.1719,0,500.0,0.0,0.0
371,1398,144644.1719,0,500.0,0.0,0.0
372,1402,144644.1719,0,500.0,0.0,0.0
373,1407,144644.1719,0,500.0,0.0,0.0
374,1411,144644.1719,0,500.0,0.0,0.0
375,1416,144644.1719,0,500.0,0.0,0.0
376,1420,144644.1719,0,500.0,0.0,0.0
377,1425,144644.1719,0,500.0,0.0,0.0
378,1429,144644.1719,0,500.0,0.0,0.0
379,1433,144644.1719,0,500.0,0.0,0.0
380,1437,141764.375,0,500.0,0.0,0.0
381,1441,141764.375,0,500.0,0.0,0.0
382,1445,141764.375,0,500.0,0.0,0.0
383,1449,141764.375,0,500.0,0.0,0.0
384,1453,141764.375,0,500.0,0.0,0.0
385,1457,141764.375,0,500.0,0.0,0.0
386,1461,141764.375,0,500.0,0.0,0.0
387,1465,141764.375,0,500.0,0.0,0.0
388,1469,141764.375,0,500.0,0.0,0.0
389,1475,141764.375,0,500.0,0.0,0.0
390,1479,139015.4844,0,500.0,0.0,0.0
391,1483,139015.4844,0,500.0,0.0,0.0
392,1487,139015.4844,0,500.0,0.0,0.0
393,1491,139015.4844,0,500.0,0.0,0.0
394,1495,139015.4844,0,500.0,0.0,0.0
395,1499,139015.4844,0,500.0,0.0,0.0
396,1503,139015.4844,0,500.0,0.0,0.0
397,1508,139015.4844,0,500.0,0.0,0.0
398,1512,139015.4844,0,500.0,0.0,0.0
399,1518,139015.4844,0,500.0,0.0,0.0
400,1523,136201.1406,0,500.0,0.0,0.0
401,1529,136201.1406,0,500.0,0.0,0.0
402,1533,136201.1406,0,500.0,0.0,0.0
403,1537,136201.1406,0,500.0,0.0,0.0
404,1541,136201.1406,0,500.0,0.0,0.0
405,1545,136201.1406,0,500.0,0.0,0.0
406,1549,136201.1406,0,500.0,0.0,0.0
407,1552,136201.1406,0,500.0,0.0,0.0
408,1556,136201.1406,0,500.0,0.0,0.0
409,1560,136201.1406,0,500.0,0.0,0.0
410,1564,133517.7031,0,500.0,0.0,0.0
411,1567,133517.7031,0,500.0,0.0,0.0
412,1571,133517.7031,0,500.0,0.0,0.0
413,1575,133517.7031,0,500.0,0.0,0.0
414,1579,133517.7031,0,500.0,0.0,0.0
415,1583,133517.7031,0,500.0,0.0,0.0
416,1587,133517.7031,0,500.0,0.0,0.0
417,1591,133517.7031,0,500.0,0.0,0.0
418,1595,133517.7031,0,500.0,0.0,0.0
419,1599,133517.7031,0,500.0,0.0,0.0
420,1603,130965.1484,0,500.0,0.0,0.0
421,1608,130965.1484,0,500.0,0.0,0.0
422,1612,130965.1484,0,500.0,0.0,0.0
423,1616,130965.1484,0,500.0,0.0,0.0
424,1620,130965.1484,0,500.0,0.0,0.0
425,1624,130965.1484,0,500.0,0.0,0.0
426,1628,130965.1484,0,500.0,0.0,0.0
427,1632,130965.1484,0,500.0,0.0,0.0
428,1636,130965.1484,0,500.0,0.0,0.0
429,1640,130965.1484,0,500.0,0.0,0.0
430,1644,128281.7109,0,500.0,0.0,0.0
431,1649,128281.7109,0,500.0,0.0,0.0
432,1653,128281.7109,0,500.0,0.0,0.0
433,1658,128281.7109,0,500.0,0.0,0.0
434,1662,128281.7109,0,500.0,0.0,0.0
435,1666,128281.7109,0,500.0,0.0,0.0
436,1670,128281.7109,0,500.0,0.0,0.0
437,1674,128281.7109,0,500.0,0.0,0.0
438,1678,128281.7109,0,500.0,0.0,0.0
439,1682,128281.7109,0,500.0,0.0,0.0
440,1686,125467.3672,0,500.0,0.0,0.0
441,1690,125467.3672,0,500.0,0.0,0.0
442,1694,125467.3672,0,500.0,0.0,0.0
443,1699,125467.3672,0,500.0,0.0,0.0
444,1703,125467.3672,0,500.0,0.0,0.0
445,1708,125467.3672,0,500.0,0.0,0.0
446,1712,125467.3672,0,500.0,0.0,0.0
447,1716,125467.3672,0,500.0,0.0,0.0
448,1720,125467.3672,0,500.0,0.0,0.0
449,1726,125467.3672,0,500.0,0.0,0.0
450,1730,122587.5781,0,500.0,0.0,0.0
451,1735,122587.5781,0,500.0,0.0,0.0
452,1738,122587.5781,0,500.0,0.0,0.0
453,1743,122587.5781,0,500.0,0.0,0.0
454,1747,122587.5781,0,500.0,0.0,0.0
455,1751,122587.5781,0,500.0,0.0,0.0
456,1754,122587.5781,0,500.0,0.0,0.0
457,1759,122587.5781,0,500.0,0.0,0.0
458,1762,122587.5781,0,500.0,0.0,0.0
459,1767,122587.5781,0,500.0,0.0,0.0
460,1771,119969.5781,0,500.0,0.0,0.0
461,1776,119969.5781,0,500.0,0.0,0.0
462,1780,119969.5781,0,500.0,0.0,0.0
463,1784,119969.5781,0,500.0,0.0,0.0
464,1788,119969.5781,0,500.0,0.0,0.0
465,1792,119969.5781,0,500.0,0.0,0.0
466,1796,119969.5781,0,500.0,0.0,0.0
467,1801,119969.5781,0,500.0,0.0,0.0
468,1805,119969.5781,0,500.0,0.0,0.0
469,1810,119969.5781,0,500.0,0.0,0.0
470,1814,117155.2344,0,500.0,0.0,0.0
471,1819,117155.2344,0,500.0,0.0,0.0
472,1823,117155.2344,0,500.0,0.0,0.0
473,1828,117155.2344,0,500.0,0.0,0.0
474,1832,117155.2344,0,500.0,0.0,0.0
475,1836,117155.2344,0,500.0,0.0,0.0
476,1840,117155.2344,0,500.0,0.0,0.0
477,1844,117155.2344,0,500.0,0.0,0.0
478,1848,117155.2344,0,500.0,0.0,0.0
479,1852,117155.2344,0,500.0,0.0,0.0
480,1856,114406.3438,0,500.0,0.0,0.0
481,1860,114406.3438,0,500.0,0.0,0.0
482,1864,114406.3438,0,500.0,0.0,0.0
483,1868,114406.3438,0,500.0,0.0,0.0
484,1872,114406.3438,0,500.0,0.0,0.0
485,1877,114406.3438,0,500.0,0.0,0.0
486,1881,114406.3438,0,500.0,0.0,0.0
487,1885,114406.3438,0,500.0,0.0,0.0
488,1889,114406.3438,0,500.0,0.0,0.0
489,1894,114406.3438,0,500.0,0.0,0.0
490,1897,111657.4453,0,500.0,0.0,0.0
491,1900,111657.4453,0,500.0,0.0,0.0
492,1905,111657.4453,0,500.0,0.0,0.0
493,1909,111657.4453,0,500.0,0.0,0.0
494,1913,111657.4453,0,500.0,0.0,0.0
495,1916,111657.4453,0,500.0,0.0,0.0
496,1920,111657.4453,0,500.0,0.0,0.0
497,1924,111657.4453,0,500.0,0.0,0.0
498,1928,111657.4453,0,500.0,0.0,0.0
499,1932,111657.4453,0,500.0,0.0,0.0
500,1936,109170.3594,0,500.0,0.0,0.0
501,1940,109170.3594,0,500.0,0.0,0.0
502,1944,109170.3594,0,500.0,0.0,0.0
503,1948,109170.3594,0,500.0,0.0,0.0
504,1952,109170.3594,0,500.0,0.0,0.0
505,1956,109170.3594,0,500.0,0.0,0.0
506,1960,109170.3594,0,500.0,0.0,0.0
507,1963,109170.3594,0,500.0,0.0,0.0
508,1968,109170.3594,0,500.0,0.0,0.0
509,1973,109170.3594,0,500.0,0.0,0.0
510,1977,106421.4609,0,500.0,0.0,0.0
511,1981,106421.4609,0,500.0,0.0,0.0
512,1985,106421.4609,0,500.0,0.0,0.0
513,1989,106421.4609,0,500.0,0.0,0.0
514,1994,106421.4609,0,500.0,0.0,0.0
515,1998,106421.4609,0,500.0,0.0,0.0
516,2002,106421.4609,0,500.0,0.0,0.0
517,2006,106421.4609,0,500.0,0.0,0.0
518,2010,106421.4609,0,500.0,0.0,0.0
519,2014,106421.4609,0,500.0,0.0,0.0
520,2019,103738.0234,0,500.0,0.0,0.0
521,2023,103738.0234,0,500.0,0.0,0.0
522,2027,103738.0234,0,500.0,0.0,0.0
523,2031,103738.0234,0,500.0,0.0,0.0
524,2035,103738.0234,0,500.0,0.0,0.0
525,2039,103738.0234,0,500.0,0.0,0.0
526,2042,103738.0234,0,500.0,0.0,0.0
527,2046,103738.0234,0,500.0,0.0,0.0
528,2051,103738.0234,0,500.0,0.0,0.0
529,2055,103738.0234,0,500.0,0.0,0.0
530,2060,101120.0234,0,500.0,0.0,0.0
531,2064,101120.0234,0,500.0,0.0,0.0
532,2068,101120.0234,0,500.0,0.0,0.0
533,2072,101120.0234,0,500.0,0.0,0.0
534,2076,101120.0234,0,500.0,0.0,0.0
535,2080,101120.0234,0,500.0,0.0,0.0
536,2084,101120.0234,0,500.0,0.0,0.0
537,2088,101120.0234,0,500.0,0.0,0.0
538,2093,101120.0234,0,500.0,0.0,0.0
539,2097,101120.0234,0,500.0,0.0,0.0
540,2101,98371.1406,0,500.0,0.0,0.0
541,2105,98371.1406,0,500.0,0.0,0.0
542,2108,98371.1406,0,500.0,0.0,0.0
543,2112,98371.1406,0,500.0,0.0,0.0
544,2116,98371.1406,0,500.0,0.0,0.0
545,2120,98371.1406,0,500.0,0.0,0.0
546,2124,98371.1406,0,500.0,0.0,0.0
547,2128,98371.1406,0,500.0,0.0,0.0
548,2133,98371.1406,0,500.0,0.0,0.0
549,2137,98371.1406,0,500.0,0.0,0.0
550,2140,95753.1406,0,500.0,0.0,0.0
551,2144,95753.1406,0,500.0,0.0,0.0
552,2149,95753.1406,0,500.0,0.0,0.0
553,2153,95753.1406,0,500.0,0.0,0.0
554,2157,95753.1406,0,500.0,0.0,0.0
555,2161,95753.1406,0,500.0,0.0,0.0
556,2166,95753.1406,0,500.0,0.0,0.0
557,2170,95753.1406,0,500.0,0.0,0.0
558,2174,95753.1406,0,500.0,0.0,0.0
559,2178,95753.1406,0,500.0,0.0,0.0
560,2182,93069.6875,0,500.0,0.0,0.0
561,2186,93069.6875,0,500.0,0.0,0.0
562,2190,93069.6875,0,500.0,0.0,0.0
563,2194,93069.6875,0,500.0,0.0,0.0
564,2199,93069.6875,0,500.0,0.0,0.0
565,2203,93069.6875,0,500.0,0.0,0.0
566,2206,93069.6875,0,500.0,0.0,0.0
567,2210,93069.6875,0,500.0,0.0,0.0
568,2215,93069.6875,0,500.0,0.0,0.0
569,2219,93069.6875,0,500.0,0.0,0.0
570,2223,90320.7969,0,500.0,0.0,0.0
571,2227,90320.7969,0,500.0,0.0,0.0
572,2231,90320.7969,0,500.0,0.0,0.0
573,2235,90320.7969,0,500.0,0.0,0.0
574,2240,90320.7969,0,500.0,0.0,0.0
575,2244,90320.7969,0,500.0,0.0,0.0
576,2248,90320.7969,0,500.0,0.0,0.0
577,2252,90320.7969,0,500.0,0.0,0.0
578,2256,90320.7969,0,500.0,0.0,0.0
579,2261,90320.7969,0,500.0,0.0,0.0
580,2265,87637.3594,0,500.0,0.0,0.0
581,2269,87637.3594,0,500.0,0.0,0.0
582,2273,87637.3594,0,500.0,0.0,0.0
583,2277,87637.3594,0,500.0,0.0,0.0
584,2281,87637.3594,0,500.0,0.0,0.0
585,2285,87637.3594,0,500.0,0.0,0.0
586,2289,87637.3594,0,500.0,0.0,0.0
587,2293,87637.3594,0,500.0,0.0,0.0
588,2298,87637.3594,0,500.0,0.0,0.0
589,2302,87637.3594,0,500.0,0.0,0.0
590,2307,84953.9219,0,500.0,0.0,0.0
591,2311,84953.9219,0,500.0,0.0,0.0
592,2315,84953.9219,0,500.0,0.0,0.0
593,2319,84953.9219,0,500.0,0.0,0.0
594,2323,84953.9219,0,500.0,0.0,0.0
595,2327,84953.9219,0,500.0,0.0,0.0
596,2331,84953.9219,0,500.0,0.0,0.0
597,2335,84953.9219,0,500.0,0.0,0.0
598,2339,84953.9219,0,500.0,0.0,0.0
599,2343,84953.9219,0,500.0,0.0,0.0
600,2347,82205.0156,0,500.0,0.0,0.0
601,2351,82205.0156,0,500.0,0.0,0.0
602,2354,82205.0156,0,500.0,0.0,0.0
603,2358,82205.0156,0,500.0,0.0,0.0
604,2363,82205.0156,0,500.0,0.0,0.0
605,2367,82205.0156,0,500.0,0.0,0.0
606,2371,82205.0156,0,500.0,0.0,0.0
607,2375,82205.0156,0,500.0,0.0,0.0
608,2379,82205.0156,0,500.0,0.0,0.0
609,2383,82205.0156,0,500.0,0.0,0.0
610,2387,79652.4844,0,500.0,0.0,0.0
611,2391,79652.4844,0,500.0,0.0,0.0
612,2396,79652.4844,0,500.0,0.0,0.0
613,2400,79652.4844,0,500.0,0.0,0.0
614,2405,79652.4844,0,500.0,0.0,0.0
615,2409,79652.4844,0,500.0,0.0,0.0
616,2413,79652.4844,0,500.0,0.0,0.0
617,2417,79652.4844,0,500.0,0.0,0.0
618,2421,79652.4844,0,500.0,0.0,0.0
619,2425,79652.4844,0,500.0,0.0,0.0
620,2429,76903.5781,0,500.0,0.0,0.0
621,2432,76903.5781,0,500.0,0.0,0.0
622,2436,76903.5781,0,500.0,0.0,0.0
623,2441,76903.5781,0,500.0,0.0,0.0
624,2445,76903.5781,0,500.0,0.0,0.0
625,2450,76903.5781,0,500.0,0.0,0.0
626,2454,76903.5781,0,500.0,0.0,0.0
627,2458,76903.5781,0,500.0,0.0,0.0
628,2463,76903.5781,0,500.0,0.0,0.0
629,2467,76903.5781,0,500.0,0.0,0.0
630,2471,74154.6953,0,500.0,0.0,0.0
631,2475,74154.6953,0,500.0,0.0,0.0
632,2479,74154.6953,0,500.0,0.0,0.0
633,2483,74154.6953,0,500.0,0.0,0.0
634,2487,74154.6953,0,500.0,0.0,0.0
635,2492,74154.6953,0,500.0,0.0,0.0
636,2496,74154.6953,0,500.0,0.0,0.0
637,2500,74154.6953,0,500.0,0.0,0.0
638,2504,74154.6953,0,500.0,0.0,0.0
639,2508,74154.6953,0,500.0,0.0,0.0
640,2512,71471.25,0,500.0,0.0,0.0
641,2516,71471.25,0,500.0,0.0,0.0
642,2520,71471.25,0,500.0,0.0,0.0
643,2524,71471.25,0,500.0,0.0,0.0
644,2528,71471.25,0,500.0,0.0,0.0
645,2533,71471.25,0,500.0,0.0,0.0
646,2537,71471.25,0,500.0,0.0,0.0
647,2542,71471.25,0,500.0,0.0,0.0
648,2546,71471.25,0,500.0,0.0,0.0
649,2551,71471.25,0,500.0,0.0,0.0
650,2555,68591.4453,0,500.0,0.0,0.0
651,2560,68591.4453,0,500.0,0.0,0.0
652,2564,68591.4453,0,500.0,0.0,0.0
653,2568,68591.4453,0,500.0,0.0,0.0
654,2572,68591.4453,0,500.0,0.0,0.0
655,2576,68591.4453,0,500.0,0.0,0.0
656,2580,68591.4453,0,500.0,0.0,0.0
657,2584,68591.4453,0,500.0,0.0,0.0
658,2588,68591.4453,0,500.0,0.0,0.0
659,2592,68591.4453,0,500.0,0.0,0.0
660,2596,65973.4688,0,500.0,0.0,0.0
661,2600,65973.4688,0,500.0,0.0,0.0
662,2604,65973.4688,0,500.0,0.0,0.0
663,2608,65973.4688,0,500.0,0.0,0.0
664,2612,65973.4688,0,500.0,0.0,0.0
665,2616,65973.4688,0,500.0,0.0,0.0
666,2620,65973.4688,0,500.0,0.0,0.0
667,2624,65973.4688,0,500.0,0.0,0.0
668,2628,65973.4688,0,500.0,0.0,0.0
669,2632,65973.4688,0,500.0,0.0,0.0
670,2636,63355.4688,0,500.0,0.0,0.0
671,2640,63355.4688,0,500.0,0.0,0.0
672,2644,63355.4688,0,500.0,0.0,0.0
673,2648,63355.4688,0,500.0,0.0,0.0
674,2652,63355.4688,0,500.0,0.0,0.0
675,2657,63355.4688,0,500.0,0.0,0.0
676,2661,63355.4688,0,500.0,0.0,0.0
677,2665,63355.4688,0,500.0,0.0,0.0
678,2669,63355.4688,0,500.0,0.0,0.0
679,2673,63355.4688,0,500.0,0.0,0.0
680,2677,60672.0273,0,500.0,0.0,0.0
681,2682,60672.0273,0,500.0,0.0,0.0
682,2686,60672.0273,0,500.0,0.0,0.0
683,2691,60672.0273,0,500.0,0.0,0.0
684,2695,60672.0273,0,500.0,0.0,0.0
685,2699,60672.0273,0,500.0,0.0,0.0
686,2703,60672.0273,0,500.0,0.0,0.0
687,2708,60672.0273,0,500.0,0.0,0.0
688,2712,60672.0273,0,500.0,0.0,0.0
689,2716,60672.0273,0,500.0,0.0,0.0
690,2720,57857.6797,0,500.0,0.0,0.0
691,2724,57857.6797,0,500.0,0.0,0.0
692,2728,57857.6797,0,500.0,0.0,0.0
693,2733,57857.6797,0,500.0,0.0,0.0
694,2737,57857.6797,0,500.0,0.0,0.0
695,2741,57857.6797,0,500.0,0.0,0.0
696,2745,57857.6797,0,500.0,0.0,0.0
697,2748,57857.6797,0,500.0,0.0,0.0
698,2753,57857.6797,0,500.0,0.0,0.0
699,2758,57857.6797,0,500.0,0.0,0.0
700,2762,55108.7813,0,500.0,0.0,0.0
701,2766,55108.7813,0,500.0,0.0,0.0
702,2770,55108.7813,0,500.0,0.0,0.0
703,2774,55108.7813,0,500.0,0.0,0.0
704,2778,55108.7813,0,500.0,0.0,0.0
705,2781,55108.7813,0,500.0,0.0,0.0
706,2785,55108.7813,0,500.0,0.0,0.0
707,2789,55108.7813,0,500.0,0.0,0.0
708,2793,55108.7813,0,500.0,0.0,0.0
709,2796,55108.7813,0,500.0,0.0,0.0
710,2800,52621.6875,0,500.0,0.0,0.0
711,2804,52621.6875,0,500.0,0.0,0.0
712,2808,52621.6875,0,500.0,0.0,0.0
713,2812,52621.6875,0,500.0,0.0,0.0
714,2816,52621.6875,0,500.0,0.0,0.0
715,2820,52621.6875,0,500.0,0.0,0.0
716,2825,52621.6875,0,500.0,0.0,0.0
717,2829,52621.6875,0,500.0,0.0,0.0
718,2834,52621.6875,0,500.0,0.0,0.0
719,2838,52621.6875,0,500.0,0.0,0.0
720,2841,49807.3438,0,500.0,0.0,0.0
721,2845,49807.3438,0,500.0,0.0,0.0
722,2851,49807.3438,0,500.0,0.0,0.0
723,2855,49807.3438,0,500.0,0.0,0.0
724,2859,49807.3438,0,500.0,0.0,0.0
725,2863,49807.3438,0,500.0,0.0,0.0
726,2867,49807.3438,0,500.0,0.0,0.0
727,2871,49807.3438,0,500.0,0.0,0.0
728,2874,49807.3438,0,500.0,0.0,0.0
729,2878,49807.3438,0,500.0,0.0,0.0
730,2882,47254.8047,0,500.0,0.0,0.0
731,2886,47254.8047,0,500.0,0.0,0.0
732,2890,47254.8047,0,500.0,0.0,0.0
733,2894,47254.8047,0,500.0,0.0,0.0
734,2898,47254.8047,0,500.0,0.0,0.0
735,2902,47254.8047,0,500.0,0.0,0.0
736,2906,47254.8047,0,500.0,0.0,0.0
737,2910,47254.8047,0,500.0,0.0,0.0
738,2914,47254.8047,0,500.0,0.0,0.0
739,2918,47254.8047,0,500.0,0.0,0.0
740,2922,44571.3672,0,500.0,0.0,0.0
741,2926,44571.3672,0,500.0,0.0,0.0
742,2931,44571.3672,0,500.0,0.0,0.0
743,2935,44571.3672,0,500.0,0.0,0.0
744,2938,44571.3672,0,500.0,0.0,0.0
745,2943,44571.3672,0,500.0,0.0,0.0
746,2947,44571.3672,0,500.0,0.0,0.0
747,2951,44571.3672,0,500.0,0.0,0.0
748,2955,44571.3672,0,500.0,0.0,0.0
749,2959,44571.3672,0,500.0,0.0,0.0
750,2963,41953.3672,0,500.0,0.0,0.0
751,2967,41953.3672,0,500.0,0.0,0.0
752,2970,41953.3672,0,500.0,0.0,0.0
753,2974,41953.3672,0,500.0,0.0,0.0
754,2979,41953.3672,0,500.0,0.0,0.0
755,2983,41953.3672,0,500.0,0.0,0.0
756,2987,41953.3672,0,500.0,0.0,0.0
757,2991,41953.3672,0,500.0,0.0,0.0
758,2995,41953.3672,0,500.0,0.0,0.0
759,2999,41953.3672,0,500.0,0.0,0.0
760,3003,39269.9141,0,500.0,0.0,0.0
761,3007,39269.9141,0,500.0,0.0,0.0
762,3011,39269.9141,0,500.0,0.0,0.0
763,3016,39269.9141,0,500.0,0.0,0.0
764,3021,39269.9141,0,500.0,0.0,0.0
765,3025,39269.9141,0,500.0,0.0,0.0
766,3030,39269.9141,0,500.0,0.0,0.0
767,3034,39269.9141,0,500.0,0.0,0.0
768,3037,39269.9141,0,500.0,0.0,0.0
769,3041,39269.9141,0,500.0,0.0,0.0
770,3046,36586.4727,0,500.0,0.0,0.0
771,3050,36586.4727,0,500.0,0.0,0.0
772,3054,36586.4727,0,500.0,0.0,0.0
773,3058,36586.4727,0,500.0,0.0,0.0
774,3062,36586.4727,0,500.0,0.0,0.0
775,3066,36586.4727,0,500.0,0.0,0.0
776,3069,36586.4727,0,500.0,0.0,0.0
777,3073,36586.4727,0,500.0,0.0,0.0
778,3078,36586.4727,0,500.0,0.0,0.0
779,3082,36586.4727,0,500.0,0.0,0.0
780,3086,33837.5859,0,500.0,0.0,0.0
781,3090,33837.5859,0,500.0,0.0,0.0
782,3095,33837.5859,0,500.0,0.0,0.0
783,3100,33837.5859,0,500.0,0.0,0.0
784,3104,33837.5859,0,500.0,0.0,0.0
785,3108,33837.5859,0,500.0,0.0,0.0
786,3112,33837.5859,0,500.0,0.0,0.0
787,3116,33837.5859,0,500.0,0.0,0.0
788,3119,33837.5859,0,500.0,0.0,0.0
789,3123,33837.5859,0,500.0,0.0,0.0
790,3127,31219.5898,0,500.0,0.0,0.0
791,3131,31219.5898,0,500.0,0.0,0.0
792,3136,31219.5898,0,500.0,0.0,0.0
793,3140,31219.5898,0,500.0,0.0,0.0
794,3144,31219.5898,0,500.0,0.0,0.0
795,3148,31219.5898,0,500.0,0.0,0.0
796,3152,31219.5898,0,500.0,0.0,0.0
797,3156,31219.5898,0,500.0,0.0,0.0
798,3160,31219.5898,0,500.0,0.0,0.0
799,3163,31219.5898,0,500.0,0.0,0.0
800,3167,28601.5937,0,500.0,0.0,0.0
801,3171,28601.5937,0,500.0,0.0,0.0
802,3175,28601.5937,0,500.0,0.0,0.0
803,3179,28601.5937,0,500.0,0.0,0.0
804,3183,28601.5937,0,500.0,0.0,0.0
805,3189,28601.5937,0,500.0,0.0,0.0
806,3193,28601.5937,0,500.0,0.0,0.0
807,3197,28601.5937,0,500.0,0.0,0.0
808,3201,28601.5937,0,500.0,0.0,0.0
809,3205,28601.5937,0,500.0,0.0,0.0
810,3209,25852.707,0,500.0,0.0,0.0
811,3212,25852.707,0,500.0,0.0,0.0
812,3216,25852.707,0,500.0,0.0,0.0
813,3220,25852.707,0,500.0,0.0,0.0
814,3224,25852.707,0,500.0,0.0,0.0
815,3227,25852.707,0,500.0,0.0,0.0
816,3231,25852.707,0,500.0,0.0,0.0
817,3236,25852.707,0,500.0,0.0,0.0
818,3240,25852.707,0,500.0,0.0,0.0
819,3244,25852.707,0,500.0,0.0,0.0
820,3248,23234.7109,0,500.0,0.0,0.0
821,3252,23234.7109,0,500.0,0.0,0.0
822,3256,23234.7109,0,500.0,0.0,0.0
823,3260,23234.7109,0,500.0,0.0,0.0
824,3264,23234.7109,0,500.0,0.0,0.0
825,3269,23234.7109,0,500.0,0.0,0.0
826,3273,23234.7109,0,500.0,0.0,0.0
827,3276,23234.7109,0,500.0,0.0,0.0
828,3281,23234.7109,0,500.0,0.0,0.0
829,3285,23234.7109,0,500.0,0.0,0.0
830,3289,20616.7148,0,500.0,0.0,0.0
831,3293,20616.7148,0,500.0,0.0,0.0
832,3297,20616.7148,0,500.0,0.0,0.0
833,3301,20616.7148,0,500.0,0.0,0.0
834,3305,20616.7148,0,500.0,0.0,0.0
835,3310,20616.7148,0,500.0,0.0,0.0
836,3314,20616.7148,0,500.0,0.0,0.0
837,3319,20616.7148,0,500.0,0.0,0.0
838,3323,20616.7148,0,500.0,0.0,0.0
839,3327,20616.7148,0,500.0,0.0,0.0
840,3331,17867.8125,0,500.0,0.0,0.0
841,3336,17867.8125,0,500.0,0.0,0.0
842,3340,17867.8125,0,500.0,0.0,0.0
843,3344,17867.8125,0,500.0,0.0,0.0
844,3348,17867.8125,0,500.0,0.0,0.0
845,3352,17867.8125,0,500.0,0.0,0.0
846,3356,17867.8125,0,500.0,0.0,0.0
847,3359,17867.8125,0,500.0,0.0,0.0
848,3363,17867.8125,0,500.0,0.0,0.0
849,3367,17867.8125,0,500.0,0.0,0.0
850,3371,15184.3721,0,500.0,0.0,0.0
851,3377,15184.3721,0,500.0,0.0,0.0
852,3381,15184.3721,0,500.0,0.0,0.0
853,3385,15184.3721,0,500.0,0.0,0.0
854,3389,15184.3721,0,500.0,0.0,0.0
855,3393,15184.3721,0,500.0,0.0,0.0
856,3397,15184.3721,0,500.0,0.0,0.0
857,3401,15184.3721,0,500.0,0.0,0.0
858,3405,15184.3721,0,500.0,0.0,0.0
859,3407,15184.3721,0,500.0,0.0,0.0
860,3411,12631.8359,0,500.0,0.0,0.0
861,3415,12631.8359,0,500.0,0.0,0.0
862,3419,12631.8359,0,500.0,0.0,0.0
863,3423,12631.8359,0,500.0,0.0,0.0
864,3427,12631.8359,0,500.0,0.0,0.0
865,3433,12631.8359,0,500.0,0.0,0.0
866,3437,12631.8359,0,500.0,0.0,0.0
867,3441,12631.8359,0,500.0,0.0,0.0
868,3445,12631.8359,0,500.0,0.0,0.0
869,3450,12631.8359,0,500.0,0.0,0.0
870,3454,9817.4893,0,500.0,0.0,0.0
871,3458,9817.4893,0,500.0,0.0,0.0
872,3462,9817.4893,0,500.0,0.0,0.0
873,3467,9817.4893,0,500.0,0.0,0.0
874,3471,9817.4893,0,500.0,0.0,0.0
875,3476,9817.4893,0,500.0,0.0,0.0
876,3480,9817.4893,0,500.0,0.0,0.0
877,3485,9817.4893,0,500.0,0.0,0.0
878,3489,9817.4893,0,500.0,0.0,0.0
879,3493,9817.4893,0,500.0,0.0,0.0
880,3497,7003.1436,0,500.0,0.0,0.0
881,3501,7003.1436,0,500.0,0.0,0.0
882,3504,7003.1436,0,500.0,0.0,0.0
883,3508,7003.1436,0,500.0,0.0,0.0
884,3513,7003.1436,0,500.0,0.0,0.0
885,3517,7003.1436,0,500.0,0.0,0.0
886,3521,7003.1436,0,500.0,0.0,0.0
887,3525,7003.1436,0,500.0,0.0,0.0
888,3529,7003.1436,0,500.0,0.0,0.0
889,3534,7003.1436,0,500.0,0.0,0.0
890,3538,4319.7021,0,500.0,0.0,0.0
891,3542,4319.7021,0,500.0,0.0,0.0
892,3546,4319.7021,0,500.0,0.0,0.0
893,3550,4319.7021,0,500.0,0.0,0.0
894,3553,4319.7021,0,500.0,0.0,0.0
895,3557,4319.7021,0,500.0,0.0,0.0
896,3561,4319.7021,0,500.0,0.0,0.0
897,3565,4319.7021,0,500.0,0.0,0.0
898,3568,4319.7021,0,500.0,0.0,0.0
899,3572,4319.7021,0,500.0,0.0,0.0
900,3577,1832.6111,0,500.0,0.0,0.0
901,3581,1832.6111,0,500.0,0.0,0.0
902,3585,1832.6111,0,500.0,0.0,0.0
903,3589,1832.6111,0,500.0,0.0,0.0
904,3593,1832.6111,0,500.0,0.0,0.0
905,3597,1832.6111,0,500.0,0.0,0.0
906,3602,1832.6111,0,500.0,0.0,0.0
907,3606,1832.6111,0,500.0,0.0,0.0
908,3610,1832.6111,0,500.0,0.0,0.0
909,3614,1832.6111,0,500.0,0.0,0.0
910,3619,-981.7352,0,500.0,0.0,0.0
911,3623,-981.7352,0,500.0,0.0,0.0
912,3626,-981.7352,0,500.0,0.0,0.0
913,3630,-981.7352,0,500.0,0.0,0.0
914,3633,-981.7352,0,500.0,0.0,0.0
915,3636,-981.7352,0,500.0,0.0,0.0
916,3639,-981.7352,0,500.0,0.0,0.0
917,3642,-981.7352,0,500.0,0.0,0.0
918,3644,-981.7352,0,500.0,0.0,0.0
919,3647,-981.7352,0,500.0,0.0,0.0
920,3649,-3076.126,0,500.0,0.0,0.0
921,3651,-3076.126,0,500.0,0.0,0.0
922,3652,-3076.126,0,500.0,0.0,0.0
923,3654,-3076.126,0,500.0,0.0,0.0
924,3655,-3076.126,0,500.0,0.0,0.0
925,3656,-3076.126,0,500.0,0.0,0.0
926,3657,-3076.126,0,500.0,0.0,0.0
927,3658,-3076.126,0,500.0,0.0,0.0
928,3659,-3076.126,0,500.0,0.0,0.0
929,3659,-3076.126,0,500.0,0.0,0.0
930,3659,-3861.5264,0,500.0,0.0,0.0
931,3660,-3861.5264,0,500.0,0.0,0.0
932,3660,-3861.5264,0,500.0,0.0,0.0
933,3659,-3861.5264,0,500.0,0.0,0.0
934,3659,-3861.5264,0,500.0,0.0,0.0
935,3659,-3861.5264,0,500.0,0.0,0.0
936,3658,-3861.5264,0,500.0,0.0,0.0
937,3657,-3861.5264,0,500.0,0.0,0.0
938,3656,-3861.5264,0,500.0,0.0,0.0
939,3655,-3861.5264,0,500.0,0.0,0.0
940,3654,-3599.7314,0,500.0,0.0,0.0
941,3653,-3599.7314,0,500.0,0.0,0.0
942,3652,-3599.7314,0,500.0,0.0,0.0
943,3651,-3599.7314,0,500.0,0.0,0.0
944,3649,-3599.7314,0,500.0,0.0,0.0
945,3648,-3599.7314,0,500.0,0.0,0.0
946,3646,-3599.7314,0,500.0,0.0,0.0
947,3644,-3599.7314,0,500.0,0.0,0.0
948,3642,-3599.7314,0,500.0,0.0,0.0
949,3640,-3599.7314,0,500.0,0.0,0.0
950,3638,-2617.981,0,500.0,0.0,0.0
951,3636,-2617.981,0,500.0,0.0,0.0
952,3634,-2617.981,0,500.0,0.0,0.0
953,3632,-2617.981,0,500.0,0.0,0.0
954,3630,-2617.981,0,500.0,0.0,0.0
955,3627,-2617.981,0,500.0,0.0,0.0
956,3625,-2617.981,0,500.0,0.0,0.0
957,3622,-2617.981,0,500.0,0.0,0.0
958,3620,-2617.981,0,500.0,0.0,0.0
959,3617,-2617.981,0,500.0,0.0,0.0
960,3614,-1112.6404,0,500.0,0.0,0.0
961,3612,-1112.6404,0,500.0,0.0,0.0
962,3609,-1112.6404,0,500.0,0.0,0.0
963,3606,-1112.6404,0,500.0,0.0,0.0
964,3603,-1112.6404,0,500.0,0.0,0.0
965,3600,-1112.6404,0,500.0,0.0,0.0
966,3597,-1112.6404,0,500.0,0.0,0.0
967,3594,-1112.6404,0,500.0,0.0,0.0
968,3591,-1112.6404,0,500.0,0.0,0.0
969,3588,-1112.6404,0,500.0,0.0,0.0
970,3585,785.4156,0,500.0,0.0,0.0
971,3582,785.4156,0,500.0,0.0,0.0
972,3579,785.4156,0,500.0,0.0,0.0
973,3577,785.4156,0,500.0,0.0,0.0
974,3574,785.4156,0,500.0,0.0,0.0
975,3572,785.4156,0,500.0,0.0,0.0
976,3570,785.4156,0,500.0,0.0,0.0
977,3568,785.4156,0,500.0,0.0,0.0
978,3567,785.4156,0,500.0,0.0,0.0
979,3565,785.4156,0,500.0,0.0,0.0
980,3564,2290.7563,0,500.0,0.0,0.0
981,3563,2290.7563,0,500.0,0.0,0.0
982,3562,2290.7563,0,500.0,0.0,0.0
983,3561,2290.7563,0,500.0,0.0,0.0
984,3561,2290.7563,0,500.0,0.0,0.0
985,3561,2290.7563,0,500.0,0.0,0.0
986,3561,2290.7563,0,500.0,0.0,0.0
987,3560,2290.7563,0,500.0,0.0,0.0
988,3560,2290.7563,0,500.0,0.0,0.0
989,3561,2290.7563,0,500.0,0.0,0.0
990,3561,2552.5513,0,500.0,0.0,0.0
991,3561,2552.5513,0,500.0,0.0,0.0
992,3562,2552.5513,0,500.0,0.0,0.0
993,3562,2552.5513,0,500.0,0.0,0.0
994,3563,2552.5513,0,500.0,0.0,0.0
995,3564,2552.5513,0,500.0,0.0,0.0
996,3565,2552.5513,0,500.0,0.0,0.0
997,3566,2552.5513,0,500.0,0.0,0.0
998,3567,2552.5513,0,500.0,0.0,0.0
999,3569,2552.5513,0,500.0,0.0,0.0
1000,3570,2028.9612,0,500.0,0.0,0.0
1001,3572,2028.9612,0,500.0,0.0,0.0
1002,3574,2028.9612,0,500.0,0.0,0.0
1003,3575,2028.9612,0,500.0,0.0,0.0
1004,3577,2028.9612,0,500.0,0.0,0.0
1005,3579,2028.9612,0,500.0,0.0,0.0
1006,3581,2028.9612,0,500.0,0.0,0.0
1007,3583,2028.9612,0,500.0,0.0,0.0
1008,3586,2028.9612,0,500.0,0.0,0.0
1009,3588,2028.9612,0,500.0,0.0,0.0
1010,3590,785.4156,0,500.0,0.0,0.0
1011,3592,785.4156,0,500.0,0.0,0.0
1012,3595,785.4156,0,500.0,0.0,0.0
1013,3597,785.4156,0,500.0,0.0,0.0
1014,3600,785.4156,0,500.0,0.0,0.0
1015,3603,785.4156,0,500.0,0.0,0.0
1016,3605,785.4156,0,500.0,0.0,0.0
1017,3608,785.4156,0,500.0,0.0,0.0
1018,3611,785.4156,0,500.0,0.0,0.0
1019,3614,785.4156,0,500.0,0.0,0.0
1020,3616,-916.2903,0,500.0,0.0,0.0
1021,3619,-916.2903,0,500.0,0.0,0.0
1022,3622,-916.2903,0,500.0,0.0,0.0
1023,3624,-916.2903,0,500.0,0.0,0.0
1024,3627,-916.2903,0,500.0,0.0,0.0
1025,3629,-916.2903,0,500.0,0.0,0.0
1026,3630,-916.2903,0,500.0,0.0,0.0
1027,3632,-916.2903,0,500.0,0.0,0.0
1028,3633,-916.2903,0,500.0,0.0,0.0
1029,3635,-916.2903,0,500.0,0.0,0.0
1030,3636,-2290.7256,0,500.0,0.0,0.0
1031,3637,-2290.7256,0,500.0,0.0,0.0
1032,3637,-2290.7256,0,500.0,0.0,0.0
1033,3638,-2290.7256,0,500.0,0.0,0.0
1034,3638,-2290.7256,0,500.0,0.0,0.0
1035,3638,-2290.7256,0,500.0,0.0,0.0
1036,3638,-2290.7256,0,500.0,0.0,0.0
1037,3638,-2290.7256,0,500.0,0.0,0.0
1038,3638,-2290.7256,0,500.0,0.0,0.0
1039,3637,-2290.7256,0,500.0,0.0,0.0
1040,3636,-2421.6309,0,500.0,0.0,0.0
1041,3636,-2421.6309,0,500.0,0.0,0.0
1042,3635,-2421.6309,0,500.0,0.0,0.0
1043,3633,-2421.6309,0,500.0,0.0,0.0
1044,3632,-2421.6309,0,500.0,0.0,0.0
1045,3631,-2421.6309,0,500.0,0.0,0.0
1046,3629,-2421.6309,0,500.0,0.0,0.0
1047,3628,-2421.6309,0,500.0,0.0,0.0
1048,3626,-2421.6309,0,500.0,0.0,0.0
1049,3625,-2421.6309,0,500.0,0.0,0.0
1050,3623,-1570.7855,0,500.0,0.0,0.0
1051,3621,-1570.7855,0,500.0,0.0,0.0
1052,3619,-1570.7855,0,500.0,0.0,0.0
1053,3617,-1570.7855,0,500.0,0.0,0.0
1054,3615,-1570.7855,0,500.0,0.0,0.0
1055,3612,-1570.7855,0,500.0,0.0,0.0
1056,3610,-1570.7855,0,500.0,0.0,0.0
1057,3608,-1570.7855,0,500.0,0.0,0.0
1058,3605,-1570.7855,0,500.0,0.0,0.0
1059,3603,-1570.7855,0,500.0,0.0,0.0
1060,3601,-196.3348,0,500.0,0.0,0.0
1061,3598,-196.3348,0,500.0,0.0,0.0
1062,3595,-196.3348,0,500.0,0.0,0.0
1063,3593,-196.3348,0,500.0,0.0,0.0
1064,3590,-196.3348,0,500.0,0.0,0.0
1065,3587,-196.3348,0,500.0,0.0,0.0
1066,3585,-196.3348,0,500.0,0.0,0.0
1067,3582,-196.3348,0,500.0,0.0,0.0
1068,3579,-196.3348,0,500.0,0.0,0.0
1069,3576,-196.3348,0,500.0,0.0,0.0
1070,3573,1636.261,0,500.0,0.0,0.0
1071,3570,1636.261,0,500.0,0.0,0.0
1072,3567,1636.261,0,500.0,0.0,0.0
1073,3565,1636.261,0,500.0,0.0,0.0
1074,3562,1636.261,0,500.0,0.0,0.0
1075,3561,1636.261,0,500.0,0.0,0.0
1076,3559,1636.261,0,500.0,0.0,0.0
1077,3558,1636.261,0,500.0,0.0,0.0
1078,3556,1636.261,0,500.0,0.0,0.0
1079,3555,1636.261,0,500.0,0.0,0.0
1080,3554,2945.2515,0,500.0,0.0,0.0
1081,3553,2945.2515,0,500.0,0.0,0.0
1082,3552,2945.2515,0,500.0,0.0,0.0
1083,3551,2945.2515,0,500.0,0.0,0.0
1084,3551,2945.2515,0,500.0,0.0,0.0
1085,3551,2945.2515,0,500.0,0.0,0.0
1086,3551,2945.2515,0,500.0,0.0,0.0
1087,3551,2945.2515,0,500.0,0.0,0.0
1088,3551,2945.2515,0,500.0,0.0,0.0
1089,3551,2945.2515,0,500.0,0.0,0.0
1090,3552,3207.0618,0,500.0,0.0,0.0
1091,3553,3207.0618,0,500.0,0.0,0.0
1092,3553,3207.0618,0,500.0,0.0,0.0
1093,3554,3207.0618,0,500.0,0.0,0.0
1094,3556,3207.0618,0,500.0,0.0,0.0
1095,3557,3207.0618,0,500.0,0.0,0.0
1096,3558,3207.0618,0,500.0,0.0,0.0
1097,3559,3207.0618,0,500.0,0.0,0.0
1098,3561,3207.0618,0,500.0,0.0,0.0
1099,3562,3207.0618,0,500.0,0.0,0.0
1100,3564,2421.6614,0,500.0,0.0,0.0
1101,3566,2421.6614,0,500.0,0.0,0.0
1102,3568,2421.6614,0,500.0,0.0,0.0
1103,3570,2421.6614,0,500.0,0.0,0.0
1104,3572,2421.6614,0,500.0,0.0,0.0
1105,3574,2421.6614,0,500.0,0.0,0.0
1106,3576,2421.6614,0,500.0,0.0,0.0
1107,3578,2421.6614,0,500.0,0.0,0.0
1108,3581,2421.6614,0,500.0,0.0,0.0
1109,3583,2421.6614,0,500.0,0.0,0.0
1110,3586,1112.6556,0,500.0,0.0,0.0
1111,3589,1112.6556,0,500.0,0.0,0.0
1112,3592,1112.6556,0,500.0,0.0,0.0
1113,3594,1112.6556,0,500.0,0.0,0.0
1114,3597,1112.6556,0,500.0,0.0,0.0
1115,3600,1112.6556,0,500.0,0.0,0.0
1116,3602,1112.6556,0,500.0,0.0,0.0
1117,3605,1112.6556,0,500.0,0.0,0.0
1118,3608,1112.6556,0,500.0,0.0,0.0
1119,3611,1112.6556,0,500.0,0.0,0.0
1120,3614,-719.9402,0,500.0,0.0,0.0
1121,3617,-719.9402,0,500.0,0.0,0.0
1122,3620,-719.9402,0,500.0,0.0,0.0
1123,3622,-719.9402,0,500.0,0.0,0.0
1124,3624,-719.9402,0,500.0,0.0,0.0
1125,3626,-719.9402,0,500.0,0.0,0.0
1126,3628,-719.9402,0,500.0,0.0,0.0
1127,3630,-719.9402,0,500.0,0.0,0.0
1128,3631,-719.9402,0,500.0,0.0,0.0
1129,3633,-719.9402,0,500.0,0.0,0.0
1130,3634,-2159.8359,0,500.0,0.0,0.0
1131,3635,-2159.8359,0,500.0,0.0,0.0
1132,3635,-2159.8359,0,500.0,0.0,0.0
1133,3636,-2159.8359,0,500.0,0.0,0.0
1134,3637,-2159.8359,0,500.0,0.0,0.0
1135,3637,-2159.8359,0,500.0,0.0,0.0
1136,3637,-2159.8359,0,500.0,0.0,0.0
1137,3637,-2159.8359,0,500.0,0.0,0.0
1138,3637,-2159.8359,0,500.0,0.0,0.0
1139,3637,-2159.8359,0,500.0,0.0,0.0
1140,3636,-2421.6309,0,500.0,0.0,0.0
1141,3636,-2421.6309,0,500.0,0.0,0.0
1142,3635,-2421.6309,0,500.0,0.0,0.0
1143,3634,-2421.6309,0,500.0,0.0,0.0
1144,3633,-2421.6309,0,500.0,0.0,0.0
1145,3633,-2421.6309,0,500.0,0.0,0.0
1146,3631,-2421.6309,0,500.0,0.0,0.0
1147,3630,-2421.6309,0,500.0,0.0,0.0
1148,3629,-2421.6309,0,500.0,0.0,0.0
1149,3627,-2421.6309,0,500.0,0.0,0.0
1150,3626,-1767.1356,0,500.0,0.0,0.0
1151,3624,-1767.1356,0,500.0,0.0,0.0
1152,3622,-1767.1356,0,500.0,0.0,0.0
1153,3621,-1767.1356,0,500.0,0.0,0.0
1154,3619,-1767.1356,0,500.0,0.0,0.0
1155,3617,-1767.1356,0,500.0,0.0,0.0
1156,3615,-1767.1356,0,500.0,0.0,0.0
1157,3613,-1767.1356,0,500.0,0.0,0.0
1158,3611,-1767.1356,0,500.0,0.0,0.0
1159,3608,-1767.1356,0,500.0,0.0,0.0
1160,3606,-523.5901,0,500.0,0.0,0.0
1161,3604,-523.5901,0,500.0,0.0,0.0
1162,3601,-523.5901,0,500.0,0.0,0.0
1163,3599,-523.5901,0,500.0,0.0,0.0
1164,3596,-523.5901,0,500.0,0.0,0.0
1165,3594,-523.5901,0,500.0,0.0,0.0
1166,3591,-523.5901,0,500.0,0.0,0.0
1167,3588,-523.5901,0,500.0,0.0,0.0
1168,3585,-523.5901,0,500.0,0.0,0.0
1169,3583,-523.5901,0,500.0,0.0,0.0
1170,3580,1178.1158,0,500.0,0.0,0.0
1171,3577,1178.1158,0,500.0,0.0,0.0
1172,3574,1178.1158,0,500.0,0.0,0.0
1173,3572,1178.1158,0,500.0,0.0,0.0
1174,3570,1178.1158,0,500.0,0.0,0.0
1175,3568,1178.1158,0,500.0,0.0,0.0
1176,3566,1178.1158,0,500.0,0.0,0.0
1177,3564,1178.1158,0,500.0,0.0,0.0
1178,3563,1178.1158,0,500.0,0.0,0.0
1179,3562,1178.1158,0,500.0,0.0,0.0
1180,3560,2552.5513,0,500.0,0.0,0.0
1181,3560,2552.5513,0,500.0,0.0,0.0
1182,3559,2552.5513,0,500.0,0.0,0.0
1183,3558,2552.5513,0,500.0,0.0,0.0
1184,3558,2552.5513,0,500.0,0.0,0.0
1185,3558,2552.5513,0,500.0,0.0,0.0
1186,3558,2552.5513,0,500.0,0.0,0.0
1187,3558,2552.5513,0,500.0,0.0,0.0
1188,3559,2552.5513,0,500.0,0.0,0.0
1189,3559,2552.5513,0,500.0,0.0,0.0
1190,3560,2683.4565,0,500.0,0.0,0.0
1191,3561,2683.4565,0,500.0,0.0,0.0
1192,3562,2683.4565,0,500.0,0.0,0.0
1193,3563,2683.4565,0,500.0,0.0,0.0
1194,3564,2683.4565,0,500.0,0.0,0.0
1195,3565,2683.4565,0,500.0,0.0,0.0
1196,3567,2683.4565,0,500.0,0.0,0.0
1197,3568,2683.4565,0,500.0,0.0,0.0
1198,3570,2683.4565,0,500.0,0.0,0.0
1199,3572,2683.4565,0,500.0,0.0,0.0
1200,3574,1832.6111,0,500.0,0.0,0.0
1201,3575,1832.6111,0,500.0,0.0,0.0
1202,3578,1832.6111,0,500.0,0.0,0.0
1203,3580,1832.6111,0,500.0,0.0,0.0
1204,3582,1832.6111,0,500.0,0.0,0.0
1205,3584,1832.6111,0,500.0,0.0,0.0
1206,3586,1832.6111,0,500.0,0.0,0.0
1207,3589,1832.6111,0,500.0,0.0,0.0
1208,3591,1832.6111,0,500.0,0.0,0.0
1209,3593,1832.6111,0,500.0,0.0,0.0
1210,3596,392.7155,0,500.0,0.0,0.0
1211,3599,392.7155,0,500.0,0.0,0.0
1212,3601,392.7155,0,500.0,0.0,0.0
1213,3604,392.7155,0,500.0,0.0,0.0
1214,3607,392.7155,0,500.0,0.0,0.0
1215,3609,392.7155,0,500.0,0.0,0.0
1216,3612,392.7155,0,500.0,0.0,0.0
1217,3615,392.7155,0,500.0,0.0,0.0
1218,3618,392.7155,0,500.0,0.0,0.0
1219,3621,392.7155,0,500.0,0.0,0.0
1220,3624,-1374.4354,0,500.0,0.0,0.0
1221,3627,-1374.4354,0,500.0,0.0,0.0
1222,3630,-1374.4354,0,500.0,0.0,0.0
1223,3632,-1374.4354,0,500.0,0.0,0.0
1224,3635,-1374.4354,0,500.0,0.0,0.0
1225,3637,-1374.4354,0,500.0,0.0,0.0
1226,3639,-1374.4354,0,500.0,0.0,0.0
1227,3640,-1374.4354,0,500.0,0.0,0.0
1228,3642,-1374.4354,0,500.0,0.0,0.0
1229,3643,-1374.4354,0,500.0,0.0,0.0
1230,3644,-2814.3311,0,500.0,0.0,0.0
1231,3645,-2814.3311,0,500.0,0.0,0.0
1232,3646,-2814.3311,0,500.0,0.0,0.0
1233,3647,-2814.3311,0,500.0,0.0,0.0
1234,3647,-2814.3311,0,500.0,0.0,0.0
1235,3648,-2814.3311,0,500.0,0.0,0.0
1236,3648,-2814.3311,0,500.0,0.0,0.0
1237,3648,-2814.3311,0,500.0,0.0,0.0
1238,3647,-2814.3311,0,500.0,0.0,0.0
1239,3647,-2814.3311,0,500.0,0.0,0.0
1240,3646,-3076.126,0,500.0,0.0,0.0
1241,3645,-3076.126,0,500.0,0.0,0.0
1242,3645,-3076.126,0,500.0,0.0,0.0
1243,3643,-3076.126,0,500.0,0.0,0.0
1244,3642,-3076.126,0,500.0,0.0,0.0
1245,3641,-3076.126,0,500.0,0.0,0.0
1246,3640,-3076.126,0,500.0,0.0,0.0
1247,3638,-3076.126,0,500.0,0.0,0.0
1248,3637,-3076.126,0,500.0,0.0,0.0
1249,3635,-3076.126,0,500.0,0.0,0.0
1250,3634,-2290.7256,0,500.0,0.0,0.0
1251,3632,-2290.7256,0,500.0,0.0,0.0
1252,3630,-2290.7256,0,500.0,0.0,0.0
1253,3628,-2290.7256,0,500.0,0.0,0.0
1254,3626,-2290.7256,0,500.0,0.0,0.0
1255,3624,-2290.7256,0,500.0,0.0,0.0
1256,3621,-2290.7256,0,500.0,0.0,0.0
1257,3619,-2290.7256,0,500.0,0.0,0.0
1258,3617,-2290.7256,0,500.0,0.0,0.0
1259,3615,-2290.7256,0,500.0,0.0,0.0
1260,3612,-916.2903,0,500.0,0.0,0.0
1261,3610,-916.2903,0,500.0,0.0,0.0
1262,3607,-916.2903,0,500.0,0.0,0.0
1263,3604,-916.2903,0,500.0,0.0,0.0
1264,3602,-916.2903,0,500.0,0.0,0.0
1265,3599,-916.2903,0,500.0,0.0,0.0
1266,3596,-916.2903,0,500.0,0.0,0.0
1267,3593,-916.2903,0,500.0,0.0,0.0
1268,3591,-916.2903,0,500.0,0.0,0.0
1269,3588,-916.2903,0,500.0,0.0,0.0
1270,3585,785.4156,0,500.0,0.0,0.0
1271,3582,785.4156,0,500.0,0.0,0.0
1272,3579,785.4156,0,500.0,0.0,0.0
1273,3577,785.4156,0,500.0,0.0,0.0
1274,3574,785.4156,0,500.0,0.0,0.0
1275,3572,785.4156,0,500.0,0.0,0.0
1276,3571,785.4156,0,500.0,0.0,0.0
1277,3569,785.4156,0,500.0,0.0,0.0
1278,3567,785.4156,0,500.0,0.0,0.0
1279,3566,785.4156,0,500.0,0.0,0.0
1280,3565,2225.3113,0,500.0,0.0,0.0
1281,3564,2225.3113,0,500.0,0.0,0.0
1282,3564,2225.3113,0,500.0,0.0,0.0
1283,3563,2225.3113,0,500.0,0.0,0.0
1284,3563,2225.3113,0,500.0,0.0,0.0
1285,3563,2225.3113,0,500.0,0.0,0.0
1286,3563,2225.3113,0,500.0,0.0,0.0
1287,3563,2225.3113,0,500.0,0.0,0.0
1288,3563,2225.3113,0,500.0,0.0,0.0
1289,3563,2225.3113,0,500.0,0.0,0.0
1290,3564,2421.6614,0,500.0,0.0,0.0
1291,3564,2421.6614,0,500.0,0.0,0.0
1292,3565,2421.6614,0,500.0,0.0,0.0
1293,3566,2421.6614,0,500.0,0.0,0.0
1294,3566,2421.6614,0,500.0,0.0,0.0
1295,3567,2421.6614,0,500.0,0.0,0.0
1296,3569,2421.6614,0,500.0,0.0,0.0
1297,3570,2421.6614,0,500.0,0.0,0.0
1298,3572,2421.6614,0,500.0,0.0,0.0
1299,3573,2421.6614,0,500.0,0.0,0.0
1300,3575,1767.1509,0,500.0,0.0,0.0
1301,3576,1767.1509,0,500.0,0.0,0.0
1302,3578,1767.1509,0,500.0,0.0,0.0
1303,3580,1767.1509,0,500.0,0.0,0.0
1304,3582,1767.1509,0,500.0,0.0,0.0
1305,3584,1767.1509,0,500.0,0.0,0.0
1306,3586,1767.1509,0,500.0,0.0,0.0
1307,3588,1767.1509,0,500.0,0.0,0.0
1308,3591,1767.1509,0,500.0,0.0,0.0
1309,3593,1767.1509,0,500.0,0.0,0.0
1310,3595,458.1604,0,500.0,0.0,0.0
1311,3598,458.1604,0,500.0,0.0,0.0
1312,3600,458.1604,0,500.0,0.0,0.0
1313,3603,458.1604,0,500.0,0.0,0.0
1314,3605,458.1604,0,500.0,0.0,0.0
1315,3608,458.1604,0,500.0,0.0,0.0
1316,3611,458.1604,0,500.0,0.0,0.0
1317,3614,458.1604,0,500.0,0.0,0.0
1318,3616,458.1604,0,500.0,0.0,0.0
1319,3619,458.1604,0,500.0,0.0,0.0
1320,3622,-1308.9905,0,500.0,0.0,0.0
1321,3625,-1308.9905,0,500.0,0.0,0.0
1322,3628,-1308.9905,0,500.0,0.0,0.0
1323,3630,-1308.9905,0,500.0,0.0,0.0
1324,3632,-1308.9905,0,500.0,0.0,0.0
1325,3634,-1308.9905,0,500.0,0.0,0.0
1326,3636,-1308.9905,0,500.0,0.0,0.0
1327,3638,-1308.9905,0,500.0,0.0,0.0
1328,3639,-1308.9905,0,500.0,0.0,0.0
1329,3640,-1308.9905,0,500.0,0.0,0.0
1330,3641,-2683.4258,0,500.0,0.0,0.0
1331,3642,-2683.4258,0,500.0,0.0,0.0
1332,3643,-2683.4258,0,500.0,0.0,0.0
1333,3643,-2683.4258,0,500.0,0.0,0.0
1334,3644,-2683.4258,0,500.0,0.0,0.0
1335,3644,-2683.4258,0,500.0,0.0,0.0
1336,3644,-2683.4258,0,500.0,0.0,0.0
1337,3644,-2683.4258,0,500.0,0.0,0.0
1338,3644,-2683.4258,0,500.0,0.0,0.0
1339,3644,-2683.4258,0,500.0,0.0,0.0
1340,3643,-2879.7759,0,500.0,0.0,0.0
1341,3643,-2879.7759,0,500.0,0.0,0.0
1342,3642,-2879.7759,0,500.0,0.0,0.0
1343,3642,-2879.7759,0,500.0,0.0,0.0
1344,3641,-2879.7759,0,500.0,0.0,0.0
1345,3640,-2879.7759,0,500.0,0.0,0.0
1346,3639,-2879.7759,0,500.0,0.0,0.0
1347,3638,-2879.7759,0,500.0,0.0,0.0
1348,3636,-2879.7759,0,500.0,0.0,0.0
1349,3635,-2879.7759,0,500.0,0.0,0.0
1350,3633,-2290.7256,0,500.0,0.0,0.0
1351,3632,-2290.7256,0,500.0,0.0,0.0
1352,3630,-2290.7256,0,500.0,0.0,0.0
1353,3628,-2290.7256,0,500.0,0.0,0.0
1354,3626,-2290.7256,0,500.0,0.0,0.0
1355,3624,-2290.7256,0,500.0,0.0,0.0
1356,3622,-2290.7256,0,500.0,0.0,0.0
1357,3620,-2290.7256,0,500.0,0.0,0.0
1358,3618,-2290.7256,0,500.0,0.0,0.0
1359,3616,-2290.7256,0,500.0,0.0,0.0
1360,3613,-1047.1802,0,500.0,0.0,0.0
1361,3611,-1047.1802,0,500.0,0.0,0.0
1362,3609,-1047.1802,0,500.0,0.0,0.0
1363,3606,-1047.1802,0,500.0,0.0,0.0
1364,3604,-1047.1802,0,500.0,0.0,0.0
1365,3601,-1047.1802,0,500.0,0.0,0.0
1366,3598,-1047.1802,0,500.0,0.0,0.0
1367,3596,-1047.1802,0,500.0,0.0,0.0
1368,3593,-1047.1802,0,500.0,0.0,0.0
1369,3590,-1047.1802,0,500.0,0.0,0.0
1370,3587,654.5105,0,500.0,0.0,0.0
1371,3585,654.5105,0,500.0,0.0,0.0
1372,3582,654.5105,0,500.0,0.0,0.0
1373,3580,654.5105,0,500.0,0.0,0.0
1374,3577,654.5105,0,500.0,0.0,0.0
1375,3575,654.5105,0,500.0,0.0,0.0
1376,3573,654.5105,0,500.0,0.0,0.0
1377,3572,654.5105,0,500.0,0.0,0.0
1378,3571,654.5105,0,500.0,0.0,0.0
1379,3569,654.5105,0,500.0,0.0,0.0
1380,3568,2028.9612,0,500.0,0.0,0.0
1381,3567,2028.9612,0,500.0,0.0,0.0
1382,3567,2028.9612,0,500.0,0.0,0.0
1383,3566,2028.9612,0,500.0,0.0,0.0
1384,3566,2028.9612,0,500.0,0.0,0.0
1385,3566,2028.9612,0,500.0,0.0,0.0
1386,3566,2028.9612,0,500.0,0.0,0.0
1387,3566,2028.9612,0,500.0,0.0,0.0
1388,3567,2028.9612,0,500.0,0.0,0.0
1389,3567,2028.9612,0,500.0,0.0,0.0
1390,3568,2159.8511,0,500.0,0.0,0.0
1391,3569,2159.8511,0,500.0,0.0,0.0
1392,3570,2159.8511,0,500.0,0.0,0.0
1393,3572,2159.8511,0,500.0,0.0,0.0
1394,3573,2159.8511,0,500.0,0.0,0.0
1395,3574,2159.8511,0,500.0,0.0,0.0
1396,3576,2159.8511,0,500.0,0.0,0.0
1397,3577,2159.8511,0,500.0,0.0,0.0
1398,3579,2159.8511,0,500.0,0.0,0.0
1399,3581,2159.8511,0,500.0,0.0,0.0
1400,3583,1243.5608,0,500.0,0.0,0.0
1401,3585,1243.5608,0,500.0,0.0,0.0
1402,3587,1243.5608,0,500.0,0.0,0.0
1403,3589,1243.5608,0,500.0,0.0,0.0
1404,3591,1243.5608,0,500.0,0.0,0.0
1405,3593,1243.5608,0,500.0,0.0,0.0
1406,3595,1243.5608,0,500.0,0.0,0.0
1407,3598,1243.5608,0,500.0,0.0,0.0
1408,3600,1243.5608,0,500.0,0.0,0.0
1409,3603,1243.5608,0,500.0,0.0,0.0
1410,3605,-196.3348,0,500.0,0.0,0.0
1411,3608,-196.3348,0,500.0,0.0,0.0
1412,3610,-196.3348,0,500.0,0.0,0.0
1413,3612,-196.3348,0,500.0,0.0,0.0
1414,3614,-196.3348,0,500.0,0.0,0.0
1415,3616,-196.3348,0,500.0,0.0,0.0
1416,3617,-196.3348,0,500.0,0.0,0.0
1417,3618,-196.3348,0,500.0,0.0,0.0
1418,3620,-196.3348,0,500.0,0.0,0.0
1419,3620,-196.3348,0,500.0,0.0,0.0
1420,3621,-1308.9905,0,500.0,0.0,0.0
1421,3622,-1308.9905,0,500.0,0.0,0.0
1422,3622,-1308.9905,0,500.0,0.0,0.0
1423,3623,-1308.9905,0,500.0,0.0,0.0
1424,3623,-1308.9905,0,500.0,0.0,0.0
1425,3623,-1308.9905,0,500.0,0.0,0.0
1426,3622,-1308.9905,0,500.0,0.0,0.0
1427,3622,-1308.9905,0,500.0,0.0,0.0
1428,3621,-1308.9905,0,500.0,0.0,0.0
1429,3621,-1308.9905,0,500.0,0.0,0.0
1430,3620,-1308.9905,0,500.0,0.0,0.0
1431,3619,-1308.9905,0,500.0,0.0,0.0
1432,3618,-1308.9905,0,500.0,0.0,0.0
1433,3617,-1308.9905,0,500.0,0.0,0.0
1434,3615,-1308.9905,0,500.0,0.0,0.0
1435,3614,-1308.9905,0,500.0,0.0,0.0
1436,3612,-1308.9905,0,500.0,0.0,0.0
1437,3611,-1308.9905,0,500.0,0.0,0.0
1438,3609,-1308.9905,0,500.0,0.0,0.0
1439,3607,-1308.9905,0,500.0,0.0,0.0
1440,3606,-458.1299,0,500.0,0.0,0.0
1441,3604,-458.1299,0,500.0,0.0,0.0
1442,3602,-458.1299,0,500.0,0.0,0.0
1443,3600,-458.1299,0,500.0,0.0,0.0
1444,3598,-458.1299,0,500.0,0.0,0.0
1445,3595,-458.1299,0,500.0,0.0,0.0
1446,3593,-458.1299,0,500.0,0.0,0.0
1447,3591,-458.1299,0,500.0,0.0,0.0
1448,3588,-458.1299,0,500.0,0.0,0.0
1449,3586,-458.1299,0,500.0,0.0,0.0
1450,3583,916.3055,0,500.0,0.0,0.0
1451,3581,916.3055,0,500.0,0.0,0.0
1452,3579,916.3055,0,500.0,0.0,0.0
1453,3576,916.3055,0,500.0,0.0,0.0
1454,3574,916.3055,0,500.0,0.0,0.0
1455,3573,916.3055,0,500.0,0.0,0.0
1456,3571,916.3055,0,500.0,0.0,0.0
1457,3571,916.3055,0,500.0,0.0,0.0
1458,3570,916.3055,0,500.0,0.0,0.0
1459,3569,916.3055,0,500.0,0.0,0.0
1460,3568,2028.9612,0,500.0,0.0,0.0
1461,3568,2028.9612,0,500.0,0.0,0.0
1462,3567,2028.9612,0,500.0,0.0,0.0
1463,3567,2028.9612,0,500.0,0.0,0.0
1464,3567,2028.9612,0,500.0,0.0,0.0
1465,3567,2028.9612,0,500.0,0.0,0.0
1466,3568,2028.9612,0,500.0,0.0,0.0
1467,3568,2028.9612,0,500.0,0.0,0.0
1468,3569,2028.9612,0,500.0,0.0,0.0
1469,3570,2028.9612,0,500.0,0.0,0.0
1470,3571,1963.501,0,500.0,0.0,0.0
1471,3572,1963.501,0,500.0,0.0,0.0
1472,3573,1963.501,0,500.0,0.0,0.0
1473,3574,1963.501,0,500.0,0.0,0.0
1474,3576,1963.501,0,500.0,0.0,0.0
1475,3578,1963.501,0,500.0,0.0,0.0
1476,3579,1963.501,0,500.0,0.0,0.0
1477,3581,1963.501,0,500.0,0.0,0.0
1478,3583,1963.501,0,500.0,0.0,0.0
1479,3585,1963.501,0,500.0,0.0,0.0
1480,3587,981.7657,0,500.0,0.0,0.0
1481,3589,981.7657,0,500.0,0.0,0.0
1482,3591,981.7657,0,500.0,0.0,0.0
1483,3593,981.7657,0,500.0,0.0,0.0
1484,3595,981.7657,0,500.0,0.0,0.0
1485,3598,981.7657,0,500.0,0.0,0.0
1486,3600,981.7657,0,500.0,0.0,0.0
1487,3602,981.7657,0,500.0,0.0,0.0
1488,3605,981.7657,0,500.0,0.0,0.0
1489,3607,981.7657,0,500.0,0.0,0.0
1490,3610,-523.5901,0,500.0,0.0,0.0
1491,3613,-523.5901,0,500.0,0.0,0.0
1492,3615,-523.5901,0,500.0,0.0,0.0
1493,3617,-523.5901,0,500.0,0.0,0.0
1494,3619,-523.5901,0,500.0,0.0,0.0
1495,3621,-523.5901,0,500.0,0.0,0.0
1496,3623,-523.5901,0,500.0,0.0,0.0
1497,3624,-523.5901,0,500.0,0.0,0.0
1498,3625,-523.5901,0,500.0,0.0,0.0
1499,3626,-523.5901,0,500.0,0.0,0.0
1500,3627,-1701.6907,0,500.0,0.0,0.0
1501,3628,-1701.6907,0,500.0,0.0,0.0
1502,3628,-1701.6907,0,500.0,0.0,0.0
1503,3629,-1701.6907,0,500.0,0.0,0.0
1504,3629,-1701.6907,0,500.0,0.0,0.0
1505,3629,-1701.6907,0,500.0,0.0,0.0
1506,3629,-1701.6907,0,500.0,0.0,0.0
1507,3629,-1701.6907,0,500.0,0.0,0.0
1508,3629,-1701.6907,0,500.0,0.0,0.0
1509,3628,-1701.6907,0,500.0,0.0,0.0
1510,3628,-1832.5806,0,500.0,0.0,0.0
1511,3627,-1832.5806,0,500.0,0.0,0.0
1512,3627,-1832.5806,0,500.0,0.0,0.0
1513,3626,-1832.5806,0,500.0,0.0,0.0
1514,3625,-1832.5806,0,500.0,0.0,0.0
1515,3624,-1832.5806,0,500.0,0.0,0.0
1516,3623,-1832.5806,0,500.0,0.0,0.0
1517,3621,-1832.5806,0,500.0,0.0,0.0
1518,3620,-1832.5806,0,500.0,0.0,0.0
1519,3618,-1832.5806,0,500.0,0.0,0.0
1520,3617,-1178.0853,0,500.0,0.0,0.0
1521,3615,-1178.0853,0,500.0,0.0,0.0
1522,3613,-1178.0853,0,500.0,0.0,0.0
1523,3611,-1178.0853,0,500.0,0.0,0.0
1524,3610,-1178.0853,0,500.0,0.0,0.0
1525,3608,-1178.0853,0,500.0,0.0,0.0
1526,3605,-1178.0853,0,500.0,0.0,0.0
1527,3603,-1178.0853,0,500.0,0.0,0.0
1528,3601,-1178.0853,0,500.0,0.0,0.0
1529,3599,-1178.0853,0,500.0,0.0,0.0
1530,3596,65.4602,0,500.0,0.0,0.0
1531,3594,65.4602,0,500.0,0.0,0.0
1532,3592,65.4602,0,500.0,0.0,0.0
1533,3590,65.4602,0,500.0,0.0,0.0
1534,3588,65.4602,0,500.0,0.0,0.0
1535,3587,65.4602,0,500.0,0.0,0.0
1536,3585,65.4602,0,500.0,0.0,0.0
1537,3584,65.4602,0,500.0,0.0,0.0
1538,3583,65.4602,0,500.0,0.0,0.0
1539,3582,65.4602,0,500.0,0.0,0.0
1540,3582,1178.1158,0,500.0,0.0,0.0
1541,3581,1178.1158,0,500.0,0.0,0.0
1542,3581,1178.1158,0,500.0,0.0,0.0
1543,3581,1178.1158,0,500.0,0.0,0.0
1544,3581,1178.1158,0,500.0,0.0,0.0
1545,3581,1178.1158,0,500.0,0.0,0.0
1546,3582,1178.1158,0,500.0,0.0,0.0
1547,3582,1178.1158,0,500.0,0.0,0.0
1548,3583,1178.1158,0,500.0,0.0,0.0
1549,3584,1178.1158,0,500.0,0.0,0.0
1550,3585,1047.2107,0,500.0,0.0,0.0
1551,3586,1047.2107,0,500.0,0.0,0.0
1552,3587,1047.2107,0,500.0,0.0,0.0
1553,3590,1047.2107,0,500.0,0.0,0.0
1554,3591,1047.2107,0,500.0,0.0,0.0
1555,3593,1047.2107,0,500.0,0.0,0.0
1556,3594,1047.2107,0,500.0,0.0,0.0
1557,3596,1047.2107,0,500.0,0.0,0.0
1558,3598,1047.2107,0,500.0,0.0,0.0
1559,3600,1047.2107,0,500.0,0.0,0.0
