TIME,PULSES,CONTROLLERVOLTAGE,CONTROLLER,KP,TAUD,TAUI 
0,0,0.2,1,2.0,0.01,0.0
1,0,0.2,1,2.0,0.01,0.0
2,0,0.2,1,2.0,0.01,0.0
3,0,0.2,1,2.0,0.01,0.0
4,0,0.2,1,2.0,0.01,0.0
5,0,0.2,1,2.0,0.01,0.0
6,0,0.2,1,2.0,0.01,0.0
7,0,0.2,1,2.0,0.01,0.0
8,0,0.2,1,2.0,0.01,0.0
9,0,0.2,1,2.0,0.01,0.0
10,0,942.48,1,2.0,0.01,0.0
11,0,942.48,1,2.0,0.01,0.0
12,0,942.48,1,2.0,0.01,0.0
13,0,942.48,1,2.0,0.01,0.0
14,1,942.48,1,2.0,0.01,0.0
15,1,942.48,1,2.0,0.01,0.0
16,2,942.48,1,2.0,0.01,0.0
17,3,942.48,1,2.0,0.01,0.0
18,4,942.48,1,2.0,0.01,0.0
19,5,942.48,1,2.0,0.01,0.0
20,6,939.86,1,2.0,0.01,0.0
21,7,939.86,1,2.0,0.01,0.0
22,9,939.86,1,2.0,0.01,0.0
23,10,939.86,1,2.0,0.01,0.0
24,12,939.86,1,2.0,0.01,0.0
25,14,939.86,1,2.0,0.01,0.0
26,15,939.86,1,2.0,0.01,0.0
27,17,939.86,1,2.0,0.01,0.0
28,19,939.86,1,2.0,0.01,0.0
29,21,939.86,1,2.0,0.01,0.0
30,23,932.79,1,2.0,0.01,0.0
31,25,932.79,1,2.0,0.01,0.0
32,28,932.79,1,2.0,0.01,0.0
33,30,932.79,1,2.0,0.01,0.0
34,32,932.79,1,2.0,0.01,0.0
35,35,932.79,1,2.0,0.01,0.0
36,37,932.79,1,2.0,0.01,0.0
37,40,932.79,1,2.0,0.01,0.0
38,43,932.79,1,2.0,0.01,0.0
39,45,932.79,1,2.0,0.01,0.0
40,48,923.89,1,2.0,0.01,0.0
41,51,923.89,1,2.0,0.01,0.0
42,54,923.89,1,2.0,0.01,0.0
43,57,923.89,1,2.0,0.01,0.0
44,60,923.89,1,2.0,0.01,0.0
45,62,923.89,1,2.0,0.01,0.0
46,65,923.89,1,2.0,0.01,0.0
47,68,923.89,1,2.0,0.01,0.0
48,72,923.89,1,2.0,0.01,0.0
49,75,923.89,1,2.0,0.01,0.0
50,78,915.25,1,2.0,0.01,0.0
51,81,915.25,1,2.0,0.01,0.0
52,84,915.25,1,2.0,0.01,0.0
53,87,915.25,1,2.0,0.01,0.0
54,91,915.25,1,2.0,0.01,0.0
55,94,915.25,1,2.0,0.01,0.0
56,97,915.25,1,2.0,0.01,0.0
57,101,915.25,1,2.0,0.01,0.0
58,104,915.25,1,2.0,0.01,0.0
59,108,915.25,1,2.0,0.01,0.0
60,111,905.56,1,2.0,0.01,0.0
61,115,905.56,1,2.0,0.01,0.0
62,118,905.56,1,2.0,0.01,0.0
63,121,905.56,1,2.0,0.01,0.0
64,125,905.56,1,2.0,0.01,0.0
65,129,905.56,1,2.0,0.01,0.0
66,132,905.56,1,2.0,0.01,0.0
67,136,905.56,1,2.0,0.01,0.0
68,139,905.56,1,2.0,0.01,0.0
69,143,905.56,1,2.0,0.01,0.0
70,147,895.88,1,2.0,0.01,0.0
71,150,895.88,1,2.0,0.01,0.0
72,154,895.88,1,2.0,0.01,0.0
73,158,895.88,1,2.0,0.01,0.0
74,162,895.88,1,2.0,0.01,0.0
75,165,895.88,1,2.0,0.01,0.0
76,169,895.88,1,2.0,0.01,0.0
77,173,895.88,1,2.0,0.01,0.0
78,176,895.88,1,2.0,0.01,0.0
79,180,895.88,1,2.0,0.01,0.0
80,184,885.14,1,2.0,0.01,0.0
81,188,885.14,1,2.0,0.01,0.0
82,192,885.14,1,2.0,0.01,0.0
83,196,885.14,1,2.0,0.01,0.0
84,200,885.14,1,2.0,0.01,0.0
85,203,885.14,1,2.0,0.01,0.0
86,207,885.14,1,2.0,0.01,0.0
87,211,885.14,1,2.0,0.01,0.0
88,215,885.14,1,2.0,0.01,0.0
89,219,885.14,1,2.0,0.01,0.0
90,223,875.2,1,2.0,0.01,0.0
91,227,875.2,1,2.0,0.01,0.0
92,231,875.2,1,2.0,0.01,0.0
93,235,875.2,1,2.0,0.01,0.0
94,239,875.2,1,2.0,0.01,0.0
95,243,875.2,1,2.0,0.01,0.0
96,247,875.2,1,2.0,0.01,0.0
97,251,875.2,1,2.0,0.01,0.0
98,254,875.2,1,2.0,0.01,0.0
99,258,875.2,1,2.0,0.01,0.0
100,262,864.2,1,2.0,0.01,0.0
101,266,864.2,1,2.0,0.01,0.0
102,270,864.2,1,2.0,0.01,0.0
103,274,864.2,1,2.0,0.01,0.0
104,278,864.2,1,2.0,0.01,0.0
105,282,864.2,1,2.0,0.01,0.0
106,286,864.2,1,2.0,0.01,0.0
107,291,864.2,1,2.0,0.01,0.0
108,295,864.2,1,2.0,0.01,0.0
109,299,864.2,1,2.0,0.01,0.0
110,303,853.73,1,2.0,0.01,0.0
111,307,853.73,1,2.0,0.01,0.0
112,311,853.73,1,2.0,0.01,0.0
113,315,853.73,1,2.0,0.01,0.0
114,319,853.73,1,2.0,0.01,0.0
115,323,853.73,1,2.0,0.01,0.0
116,327,853.73,1,2.0,0.01,0.0
117,331,853.73,1,2.0,0.01,0.0
118,335,853.73,1,2.0,0.01,0.0
119,339,853.73,1,2.0,0.01,0.0
120,343,842.73,1,2.0,0.01,0.0
121,347,842.73,1,2.0,0.01,0.0
122,351,842.73,1,2.0,0.01,0.0
123,356,842.73,1,2.0,0.01,0.0
124,360,842.73,1,2.0,0.01,0.0
125,364,842.73,1,2.0,0.01,0.0
126,368,842.73,1,2.0,0.01,0.0
127,372,842.73,1,2.0,0.01,0.0
128,376,842.73,1,2.0,0.01,0.0
129,380,842.73,1,2.0,0.01,0.0
130,384,832.52,1,2.0,0.01,0.0
131,388,832.52,1,2.0,0.01,0.0
132,393,832.52,1,2.0,0.01,0.0
133,397,832.52,1,2.0,0.01,0.0
134,401,832.52,1,2.0,0.01,0.0
135,405,832.52,1,2.0,0.01,0.0
136,409,832.52,1,2.0,0.01,0.0
137,413,832.52,1,2.0,0.01,0.0
138,418,832.52,1,2.0,0.01,0.0
139,422,832.52,1,2.0,0.01,0.0
140,426,820.48,1,2.0,0.01,0.0
141,431,820.48,1,2.0,0.01,0.0
142,435,820.48,1,2.0,0.01,0.0
143,439,820.48,1,2.0,0.01,0.0
144,443,820.48,1,2.0,0.01,0.0
145,447,820.48,1,2.0,0.01,0.0
146,451,820.48,1,2.0,0.01,0.0
147,455,820.48,1,2.0,0.01,0.0
148,460,820.48,1,2.0,0.01,0.0
149,464,820.48,1,2.0,0.01,0.0
150,468,810.27,1,2.0,0.01,0.0
151,472,810.27,1,2.0,0.01,0.0
152,476,810.27,1,2.0,0.01,0.0
153,480,810.27,1,2.0,0.01,0.0
154,484,810.27,1,2.0,0.01,0.0
155,489,810.27,1,2.0,0.01,0.0
156,493,810.27,1,2.0,0.01,0.0
157,497,810.27,1,2.0,0.01,0.0
158,501,810.27,1,2.0,0.01,0.0
159,505,810.27,1,2.0,0.01,0.0
160,509,799.54,1,2.0,0.01,0.0
161,514,799.54,1,2.0,0.01,0.0
162,519,799.54,1,2.0,0.01,0.0
163,523,799.54,1,2.0,0.01,0.0
164,527,799.54,1,2.0,0.01,0.0
165,531,799.54,1,2.0,0.01,0.0
166,535,799.54,1,2.0,0.01,0.0
167,539,799.54,1,2.0,0.01,0.0
168,544,799.54,1,2.0,0.01,0.0
169,548,799.54,1,2.0,0.01,0.0
170,552,787.75,1,2.0,0.01,0.0
171,556,787.75,1,2.0,0.01,0.0
172,560,787.75,1,2.0,0.01,0.0
173,565,787.75,1,2.0,0.01,0.0
174,569,787.75,1,2.0,0.01,0.0
175,574,787.75,1,2.0,0.01,0.0
176,578,787.75,1,2.0,0.01,0.0
177,582,787.75,1,2.0,0.01,0.0
178,586,787.75,1,2.0,0.01,0.0
179,590,787.75,1,2.0,0.01,0.0
180,594,776.5,1,2.0,0.01,0.0
181,599,776.5,1,2.0,0.01,0.0
182,603,776.5,1,2.0,0.01,0.0
183,607,776.5,1,2.0,0.01,0.0
184,611,776.5,1,2.0,0.01,0.0
185,615,776.5,1,2.0,0.01,0.0
186,619,776.5,1,2.0,0.01,0.0
187,624,776.5,1,2.0,0.01,0.0
188,628,776.5,1,2.0,0.01,0.0
189,632,776.5,1,2.0,0.01,0.0
190,636,766.29,1,2.0,0.01,0.0
191,640,766.29,1,2.0,0.01,0.0
192,645,766.29,1,2.0,0.01,0.0
193,649,766.29,1,2.0,0.01,0.0
194,653,766.29,1,2.0,0.01,0.0
195,657,766.29,1,2.0,0.01,0.0
196,661,766.29,1,2.0,0.01,0.0
197,665,766.29,1,2.0,0.01,0.0
198,669,766.29,1,2.0,0.01,0.0
199,674,766.29,1,2.0,0.01,0.0
200,678,755.03,1,2.0,0.01,0.0
201,682,755.03,1,2.0,0.01,0.0
202,686,755.03,1,2.0,0.01,0.0
203,690,755.03,1,2.0,0.01,0.0
204,695,755.03,1,2.0,0.01,0.0
205,699,755.03,1,2.0,0.01,0.0
206,703,755.03,1,2.0,0.01,0.0
207,707,755.03,1,2.0,0.01,0.0
208,711,755.03,1,2.0,0.01,0.0
209,715,755.03,1,2.0,0.01,0.0
210,719,744.03,1,2.0,0.01,0.0
211,724,744.03,1,2.0,0.01,0.0
212,728,744.03,1,2.0,0.01,0.0
213,732,744.03,1,2.0,0.01,0.0
214,736,744.03,1,2.0,0.01,0.0
215,740,744.03,1,2.0,0.01,0.0
216,745,744.03,1,2.0,0.01,0.0
217,749,744.03,1,2.0,0.01,0.0
218,753,744.03,1,2.0,0.01,0.0
219,758,744.03,1,2.0,0.01,0.0
220,762,733.04,1,2.0,0.01,0.0
221,766,733.04,1,2.0,0.01,0.0
222,771,733.04,1,2.0,0.01,0.0
223,775,733.04,1,2.0,0.01,0.0
224,779,733.04,1,2.0,0.01,0.0
225,783,733.04,1,2.0,0.01,0.0
226,787,733.04,1,2.0,0.01,0.0
227,792,733.04,1,2.0,0.01,0.0
228,796,733.04,1,2.0,0.01,0.0
229,800,733.04,1,2.0,0.01,0.0
230,804,722.04,1,2.0,0.01,0.0
231,808,722.04,1,2.0,0.01,0.0
232,812,722.04,1,2.0,0.01,0.0
233,816,722.04,1,2.0,0.01,0.0
234,821,722.04,1,2.0,0.01,0.0
235,825,722.04,1,2.0,0.01,0.0
236,829,722.04,1,2.0,0.01,0.0
237,833,722.04,1,2.0,0.01,0.0
238,838,722.04,1,2.0,0.01,0.0
239,842,722.04,1,2.0,0.01,0.0
240,846,711.05,1,2.0,0.01,0.0
241,850,711.05,1,2.0,0.01,0.0
242,855,711.05,1,2.0,0.01,0.0
243,859,711.05,1,2.0,0.01,0.0
244,863,711.05,1,2.0,0.01,0.0
245,868,711.05,1,2.0,0.01,0.0
246,872,711.05,1,2.0,0.01,0.0
247,876,711.05,1,2.0,0.01,0.0
248,880,711.05,1,2.0,0.01,0.0
249,884,711.05,1,2.0,0.01,0.0
250,889,699.53,1,2.0,0.01,0.0
251,893,699.53,1,2.0,0.01,0.0
252,897,699.53,1,2.0,0.01,0.0
253,901,699.53,1,2.0,0.01,0.0
254,905,699.53,1,2.0,0.01,0.0
255,910,699.53,1,2.0,0.01,0.0
256,914,699.53,1,2.0,0.01,0.0
257,918,699.53,1,2.0,0.01,0.0
258,922,699.53,1,2.0,0.01,0.0
259,926,699.53,1,2.0,0.01,0.0
260,930,688.79,1,2.0,0.01,0.0
261,935,688.79,1,2.0,0.01,0.0
262,939,688.79,1,2.0,0.01,0.0
263,943,688.79,1,2.0,0.01,0.0
264,947,688.79,1,2.0,0.01,0.0
265,951,688.79,1,2.0,0.01,0.0
266,955,688.79,1,2.0,0.01,0.0
267,960,688.79,1,2.0,0.01,0.0
268,964,688.79,1,2.0,0.01,0.0
269,968,688.79,1,2.0,0.01,0.0
270,972,678.32,1,2.0,0.01,0.0
271,977,678.32,1,2.0,0.01,0.0
272,981,678.32,1,2.0,0.01,0.0
273,985,678.32,1,2.0,0.01,0.0
274,989,678.32,1,2.0,0.01,0.0
275,993,678.32,1,2.0,0.01,0.0
276,998,678.32,1,2.0,0.01,0.0
277,1002,678.32,1,2.0,0.01,0.0
278,1007,678.32,1,2.0,0.01,0.0
279,1011,678.32,1,2.0,0.01,0.0
280,1015,666.54,1,2.0,0.01,0.0
281,1019,666.54,1,2.0,0.01,0.0
282,1024,666.54,1,2.0,0.01,0.0
283,1028,666.54,1,2.0,0.01,0.0
284,1032,666.54,1,2.0,0.01,0.0
285,1036,666.54,1,2.0,0.01,0.0
286,1040,666.54,1,2.0,0.01,0.0
287,1044,666.54,1,2.0,0.01,0.0
288,1049,666.54,1,2.0,0.01,0.0
289,1053,666.54,1,2.0,0.01,0.0
290,1057,655.81,1,2.0,0.01,0.0
291,1061,655.81,1,2.0,0.01,0.0
292,1065,655.81,1,2.0,0.01,0.0
293,1070,655.81,1,2.0,0.01,0.0
294,1074,655.81,1,2.0,0.01,0.0
295,1078,655.81,1,2.0,0.01,0.0
296,1082,655.81,1,2.0,0.01,0.0
297,1086,655.81,1,2.0,0.01,0.0
298,1090,655.81,1,2.0,0.01,0.0
299,1095,655.81,1,2.0,0.01,0.0
300,1099,644.81,1,2.0,0.01,0.0
301,1103,644.81,1,2.0,0.01,0.0
302,1107,644.81,1,2.0,0.01,0.0
303,1111,644.81,1,2.0,0.01,0.0
304,1116,644.81,1,2.0,0.01,0.0
305,1120,644.81,1,2.0,0.01,0.0
306,1124,644.81,1,2.0,0.01,0.0
307,1128,644.81,1,2.0,0.01,0.0
308,1132,644.81,1,2.0,0.01,0.0
309,1136,644.81,1,2.0,0.01,0.0
310,1141,633.82,1,2.0,0.01,0.0
311,1146,633.82,1,2.0,0.01,0.0
312,1150,633.82,1,2.0,0.01,0.0
313,1154,633.82,1,2.0,0.01,0.0
314,1158,633.82,1,2.0,0.01,0.0
315,1163,633.82,1,2.0,0.01,0.0
316,1167,633.82,1,2.0,0.01,0.0
317,1171,633.82,1,2.0,0.01,0.0
318,1175,633.82,1,2.0,0.01,0.0
319,1179,633.82,1,2.0,0.01,0.0
320,1183,622.3,1,2.0,0.01,0.0
321,1188,622.3,1,2.0,0.01,0.0
322,1193,622.3,1,2.0,0.01,0.0
323,1197,622.3,1,2.0,0.01,0.0
324,1201,622.3,1,2.0,0.01,0.0
325,1205,622.3,1,2.0,0.01,0.0
326,1210,622.3,1,2.0,0.01,0.0
327,1214,622.3,1,2.0,0.01,0.0
328,1218,622.3,1,2.0,0.01,0.0
329,1222,622.3,1,2.0,0.01,0.0
330,1226,611.04,1,2.0,0.01,0.0
331,1231,611.04,1,2.0,0.01,0.0
332,1235,611.04,1,2.0,0.01,0.0
333,1239,611.04,1,2.0,0.01,0.0
334,1243,611.04,1,2.0,0.01,0.0
335,1247,611.04,1,2.0,0.01,0.0
336,1251,611.04,1,2.0,0.01,0.0
337,1256,611.04,1,2.0,0.01,0.0
338,1260,611.04,1,2.0,0.01,0.0
339,1264,611.04,1,2.0,0.01,0.0
340,1268,600.83,1,2.0,0.01,0.0
341,1272,600.83,1,2.0,0.01,0.0
342,1277,600.83,1,2.0,0.01,0.0
343,1281,600.83,1,2.0,0.01,0.0
344,1285,600.83,1,2.0,0.01,0.0
345,1289,600.83,1,2.0,0.01,0.0
346,1293,600.83,1,2.0,0.01,0.0
347,1297,600.83,1,2.0,0.01,0.0
348,1302,600.83,1,2.0,0.01,0.0
349,1306,600.83,1,2.0,0.01,0.0
350,1310,589.57,1,2.0,0.01,0.0
351,1314,589.57,1,2.0,0.01,0.0
352,1319,589.57,1,2.0,0.01,0.0
353,1323,589.57,1,2.0,0.01,0.0
354,1327,589.57,1,2.0,0.01,0.0
355,1331,589.57,1,2.0,0.01,0.0
356,1335,589.57,1,2.0,0.01,0.0
357,1340,589.57,1,2.0,0.01,0.0
358,1345,589.57,1,2.0,0.01,0.0
359,1349,589.57,1,2.0,0.01,0.0
360,1353,578.05,1,2.0,0.01,0.0
361,1357,578.05,1,2.0,0.01,0.0
362,1361,578.05,1,2.0,0.01,0.0
363,1366,578.05,1,2.0,0.01,0.0
364,1370,578.05,1,2.0,0.01,0.0
365,1374,578.05,1,2.0,0.01,0.0
366,1378,578.05,1,2.0,0.01,0.0
367,1382,578.05,1,2.0,0.01,0.0
368,1386,578.05,1,2.0,0.01,0.0
369,1391,578.05,1,2.0,0.01,0.0
370,1395,567.32,1,2.0,0.01,0.0
371,1399,567.32,1,2.0,0.01,0.0
372,1403,567.32,1,2.0,0.01,0.0
373,1407,567.32,1,2.0,0.01,0.0
374,1412,567.32,1,2.0,0.01,0.0
375,1416,567.32,1,2.0,0.01,0.0
376,1420,567.32,1,2.0,0.01,0.0
377,1424,567.32,1,2.0,0.01,0.0
378,1428,567.32,1,2.0,0.01,0.0
379,1433,567.32,1,2.0,0.01,0.0
380,1437,556.32,1,2.0,0.01,0.0
381,1441,556.32,1,2.0,0.01,0.0
382,1445,556.32,1,2.0,0.01,0.0
383,1449,556.32,1,2.0,0.01,0.0
384,1454,556.32,1,2.0,0.01,0.0
385,1458,556.32,1,2.0,0.01,0.0
386,1462,556.32,1,2.0,0.01,0.0
387,1466,556.32,1,2.0,0.01,0.0
388,1470,556.32,1,2.0,0.01,0.0
389,1474,556.32,1,2.0,0.01,0.0
390,1479,545.33,1,2.0,0.01,0.0
391,1484,545.33,1,2.0,0.01,0.0
392,1488,545.33,1,2.0,0.01,0.0
393,1492,545.33,1,2.0,0.01,0.0
394,1496,545.33,1,2.0,0.01,0.0
395,1501,545.33,1,2.0,0.01,0.0
396,1505,545.33,1,2.0,0.01,0.0
397,1509,545.33,1,2.0,0.01,0.0
398,1513,545.33,1,2.0,0.01,0.0
399,1517,545.33,1,2.0,0.01,0.0
400,1521,533.81,1,2.0,0.01,0.0
401,1526,533.81,1,2.0,0.01,0.0
402,1530,533.81,1,2.0,0.01,0.0
403,1534,533.81,1,2.0,0.01,0.0
404,1538,533.81,1,2.0,0.01,0.0
405,1542,533.81,1,2.0,0.01,0.0
406,1547,533.81,1,2.0,0.01,0.0
407,1551,533.81,1,2.0,0.01,0.0
408,1555,533.81,1,2.0,0.01,0.0
409,1559,533.81,1,2.0,0.01,0.0
410,1563,523.08,1,2.0,0.01,0.0
411,1568,523.08,1,2.0,0.01,0.0
412,1572,523.08,1,2.0,0.01,0.0
413,1576,523.08,1,2.0,0.01,0.0
414,1581,523.08,1,2.0,0.01,0.0
415,1585,523.08,1,2.0,0.01,0.0
416,1589,523.08,1,2.0,0.01,0.0
417,1594,523.08,1,2.0,0.01,0.0
418,1598,523.08,1,2.0,0.01,0.0
419,1602,523.08,1,2.0,0.01,0.0
420,1606,511.56,1,2.0,0.01,0.0
421,1610,511.56,1,2.0,0.01,0.0
422,1615,511.56,1,2.0,0.01,0.0
423,1619,511.56,1,2.0,0.01,0.0
424,1623,511.56,1,2.0,0.01,0.0
425,1628,511.56,1,2.0,0.01,0.0
426,1632,511.56,1,2.0,0.01,0.0
427,1637,511.56,1,2.0,0.01,0.0
428,1641,511.56,1,2.0,0.01,0.0
429,1645,511.56,1,2.0,0.01,0.0
430,1649,500.82,1,2.0,0.01,0.0
431,1653,500.82,1,2.0,0.01,0.0
432,1658,500.82,1,2.0,0.01,0.0
433,1662,500.82,1,2.0,0.01,0.0
434,1666,500.82,1,2.0,0.01,0.0
435,1670,500.82,1,2.0,0.01,0.0
436,1674,500.82,1,2.0,0.01,0.0
437,1678,500.82,1,2.0,0.01,0.0
438,1683,500.82,1,2.0,0.01,0.0
439,1687,500.82,1,2.0,0.01,0.0
440,1691,489.83,1,2.0,0.01,0.0
441,1695,489.83,1,2.0,0.01,0.0
442,1700,489.83,1,2.0,0.01,0.0
443,1704,489.83,1,2.0,0.01,0.0
444,1708,489.83,1,2.0,0.01,0.0
445,1712,489.83,1,2.0,0.01,0.0
446,1716,489.83,1,2.0,0.01,0.0
447,1720,489.83,1,2.0,0.01,0.0
448,1725,489.83,1,2.0,0.01,0.0
449,1729,489.83,1,2.0,0.01,0.0
450,1733,478.83,1,2.0,0.01,0.0
451,1737,478.83,1,2.0,0.01,0.0
452,1741,478.83,1,2.0,0.01,0.0
453,1746,478.83,1,2.0,0.01,0.0
454,1750,478.83,1,2.0,0.01,0.0
455,1754,478.83,1,2.0,0.01,0.0
456,1758,478.83,1,2.0,0.01,0.0
457,1762,478.83,1,2.0,0.01,0.0
458,1766,478.83,1,2.0,0.01,0.0
459,1771,478.83,1,2.0,0.01,0.0
460,1776,467.84,1,2.0,0.01,0.0
461,1780,467.84,1,2.0,0.01,0.0
462,1784,467.84,1,2.0,0.01,0.0
463,1788,467.84,1,2.0,0.01,0.0
464,1793,467.84,1,2.0,0.01,0.0
465,1797,467.84,1,2.0,0.01,0.0
466,1801,467.84,1,2.0,0.01,0.0
467,1805,467.84,1,2.0,0.01,0.0
468,1809,467.84,1,2.0,0.01,0.0
469,1814,467.84,1,2.0,0.01,0.0
470,1818,456.32,1,2.0,0.01,0.0
471,1822,456.32,1,2.0,0.01,0.0
472,1826,456.32,1,2.0,0.01,0.0
473,1830,456.32,1,2.0,0.01,0.0
474,1835,456.32,1,2.0,0.01,0.0
475,1839,456.32,1,2.0,0.01,0.0
476,1843,456.32,1,2.0,0.01,0.0
477,1847,456.32,1,2.0,0.01,0.0
478,1851,456.32,1,2.0,0.01,0.0
479,1856,456.32,1,2.0,0.01,0.0
480,1860,445.58,1,2.0,0.01,0.0
481,1864,445.58,1,2.0,0.01,0.0
482,1868,445.58,1,2.0,0.01,0.0
483,1872,445.58,1,2.0,0.01,0.0
484,1876,445.58,1,2.0,0.01,0.0
485,1881,445.58,1,2.0,0.01,0.0
486,1885,445.58,1,2.0,0.01,0.0
487,1889,445.58,1,2.0,0.01,0.0
488,1893,445.58,1,2.0,0.01,0.0
489,1897,445.58,1,2.0,0.01,0.0
490,1902,434.59,1,2.0,0.01,0.0
491,1906,434.59,1,2.0,0.01,0.0
492,1910,434.59,1,2.0,0.01,0.0
493,1914,434.59,1,2.0,0.01,0.0
494,1919,434.59,1,2.0,0.01,0.0
495,1923,434.59,1,2.0,0.01,0.0
496,1928,434.59,1,2.0,0.01,0.0
497,1932,434.59,1,2.0,0.01,0.0
498,1936,434.59,1,2.0,0.01,0.0
499,1940,434.59,1,2.0,0.01,0.0
500,1945,423.07,1,2.0,0.01,0.0
501,1949,423.07,1,2.0,0.01,0.0
502,1953,423.07,1,2.0,0.01,0.0
503,1957,423.07,1,2.0,0.01,0.0
504,1961,423.07,1,2.0,0.01,0.0
505,1965,423.07,1,2.0,0.01,0.0
506,1970,423.07,1,2.0,0.01,0.0
507,1974,423.07,1,2.0,0.01,0.0
508,1978,423.07,1,2.0,0.01,0.0
509,1982,423.07,1,2.0,0.01,0.0
510,1986,412.33,1,2.0,0.01,0.0
511,1991,412.33,1,2.0,0.01,0.0
512,1995,412.33,1,2.0,0.01,0.0
513,1999,412.33,1,2.0,0.01,0.0
514,2003,412.33,1,2.0,0.01,0.0
515,2007,412.33,1,2.0,0.01,0.0
516,2011,412.33,1,2.0,0.01,0.0
517,2016,412.33,1,2.0,0.01,0.0
518,2020,412.33,1,2.0,0.01,0.0
519,2024,412.33,1,2.0,0.01,0.0
520,2028,401.86,1,2.0,0.01,0.0
521,2033,401.86,1,2.0,0.01,0.0
522,2037,401.86,1,2.0,0.01,0.0
523,2041,401.86,1,2.0,0.01,0.0
524,2045,401.86,1,2.0,0.01,0.0
525,2049,401.86,1,2.0,0.01,0.0
526,2053,401.86,1,2.0,0.01,0.0
527,2058,401.86,1,2.0,0.01,0.0
528,2062,401.86,1,2.0,0.01,0.0
529,2065,401.86,1,2.0,0.01,0.0
530,2069,391.13,1,2.0,0.01,0.0
531,2073,391.13,1,2.0,0.01,0.0
532,2078,391.13,1,2.0,0.01,0.0
533,2082,391.13,1,2.0,0.01,0.0
534,2086,391.13,1,2.0,0.01,0.0
535,2090,391.13,1,2.0,0.01,0.0
536,2094,391.13,1,2.0,0.01,0.0
537,2099,391.13,1,2.0,0.01,0.0
538,2103,391.13,1,2.0,0.01,0.0
539,2107,391.13,1,2.0,0.01,0.0
540,2112,379.87,1,2.0,0.01,0.0
541,2116,379.87,1,2.0,0.01,0.0
542,2120,379.87,1,2.0,0.01,0.0
543,2125,379.87,1,2.0,0.01,0.0
544,2129,379.87,1,2.0,0.01,0.0
545,2133,379.87,1,2.0,0.01,0.0
546,2137,379.87,1,2.0,0.01,0.0
547,2141,379.87,1,2.0,0.01,0.0
548,2146,379.87,1,2.0,0.01,0.0
549,2150,379.87,1,2.0,0.01,0.0
550,2154,368.35,1,2.0,0.01,0.0
551,2158,368.35,1,2.0,0.01,0.0
552,2162,368.35,1,2.0,0.01,0.0
553,2167,368.35,1,2.0,0.01,0.0
554,2171,368.35,1,2.0,0.01,0.0
555,2175,368.35,1,2.0,0.01,0.0
556,2179,368.35,1,2.0,0.01,0.0
557,2183,368.35,1,2.0,0.01,0.0
558,2188,368.35,1,2.0,0.01,0.0
559,2192,368.35,1,2.0,0.01,0.0
560,2196,357.62,1,2.0,0.01,0.0
561,2200,357.62,1,2.0,0.01,0.0
562,2204,357.62,1,2.0,0.01,0.0
563,2209,357.62,1,2.0,0.01,0.0
564,2214,357.62,1,2.0,0.01,0.0
565,2218,357.62,1,2.0,0.01,0.0
566,2222,357.62,1,2.0,0.01,0.0
567,2226,357.62,1,2.0,0.01,0.0
568,2231,357.62,1,2.0,0.01,0.0
569,2235,357.62,1,2.0,0.01,0.0
570,2239,346.1,1,2.0,0.01,0.0
571,2243,346.1,1,2.0,0.01,0.0
572,2247,346.1,1,2.0,0.01,0.0
573,2251,346.1,1,2.0,0.01,0.0
574,2255,346.1,1,2.0,0.01,0.0
575,2259,346.1,1,2.0,0.01,0.0
576,2263,346.1,1,2.0,0.01,0.0
577,2267,346.1,1,2.0,0.01,0.0
578,2271,346.1,1,2.0,0.01,0.0
579,2276,346.1,1,2.0,0.01,0.0
580,2280,335.89,1,2.0,0.01,0.0
581,2284,335.89,1,2.0,0.01,0.0
582,2288,335.89,1,2.0,0.01,0.0
583,2292,335.89,1,2.0,0.01,0.0
584,2297,335.89,1,2.0,0.01,0.0
585,2301,335.89,1,2.0,0.01,0.0
586,2306,335.89,1,2.0,0.01,0.0
587,2310,335.89,1,2.0,0.01,0.0
588,2314,335.89,1,2.0,0.01,0.0
589,2319,335.89,1,2.0,0.01,0.0
590,2323,324.11,1,2.0,0.01,0.0
591,2327,324.11,1,2.0,0.01,0.0
592,2331,324.11,1,2.0,0.01,0.0
593,2335,324.11,1,2.0,0.01,0.0
594,2340,324.11,1,2.0,0.01,0.0
595,2344,324.11,1,2.0,0.01,0.0
596,2348,324.11,1,2.0,0.01,0.0
597,2352,324.11,1,2.0,0.01,0.0
598,2356,324.11,1,2.0,0.01,0.0
599,2360,324.11,1,2.0,0.01,0.0
600,2365,313.37,1,2.0,0.01,0.0
601,2369,313.37,1,2.0,0.01,0.0
602,2373,313.37,1,2.0,0.01,0.0
603,2377,313.37,1,2.0,0.01,0.0
604,2382,313.37,1,2.0,0.01,0.0
605,2386,313.37,1,2.0,0.01,0.0
606,2390,313.37,1,2.0,0.01,0.0
607,2394,313.37,1,2.0,0.01,0.0
608,2398,313.37,1,2.0,0.01,0.0
609,2402,313.37,1,2.0,0.01,0.0
610,2407,302.38,1,2.0,0.01,0.0
611,2411,302.38,1,2.0,0.01,0.0
612,2415,302.38,1,2.0,0.01,0.0
613,2419,302.38,1,2.0,0.01,0.0
614,2424,302.38,1,2.0,0.01,0.0
615,2428,302.38,1,2.0,0.01,0.0
616,2432,302.38,1,2.0,0.01,0.0
617,2436,302.38,1,2.0,0.01,0.0
618,2440,302.38,1,2.0,0.01,0.0
619,2444,302.38,1,2.0,0.01,0.0
620,2449,291.38,1,2.0,0.01,0.0
621,2453,291.38,1,2.0,0.01,0.0
622,2457,291.38,1,2.0,0.01,0.0
623,2461,291.38,1,2.0,0.01,0.0
624,2465,291.38,1,2.0,0.01,0.0
625,2470,291.38,1,2.0,0.01,0.0
626,2474,291.38,1,2.0,0.01,0.0
627,2478,291.38,1,2.0,0.01,0.0
628,2482,291.38,1,2.0,0.01,0.0
629,2486,291.38,1,2.0,0.01,0.0
630,2490,280.39,1,2.0,0.01,0.0
631,2495,280.39,1,2.0,0.01,0.0
632,2499,280.39,1,2.0,0.01,0.0
633,2503,280.39,1,2.0,0.01,0.0
634,2507,280.39,1,2.0,0.01,0.0
635,2511,280.39,1,2.0,0.01,0.0
636,2516,280.39,1,2.0,0.01,0.0
637,2520,280.39,1,2.0,0.01,0.0
638,2524,280.39,1,2.0,0.01,0.0
639,2528,280.39,1,2.0,0.01,0.0
640,2532,269.39,1,2.0,0.01,0.0
641,2537,269.39,1,2.0,0.01,0.0
642,2541,269.39,1,2.0,0.01,0.0
643,2545,269.39,1,2.0,0.01,0.0
644,2549,269.39,1,2.0,0.01,0.0
645,2553,269.39,1,2.0,0.01,0.0
646,2558,269.39,1,2.0,0.01,0.0
647,2562,269.39,1,2.0,0.01,0.0
648,2566,269.39,1,2.0,0.01,0.0
649,2570,269.39,1,2.0,0.01,0.0
650,2574,258.4,1,2.0,0.01,0.0
651,2579,258.4,1,2.0,0.01,0.0
652,2583,258.4,1,2.0,0.01,0.0
653,2587,258.4,1,2.0,0.01,0.0
654,2591,258.4,1,2.0,0.01,0.0
655,2595,258.4,1,2.0,0.01,0.0
656,2600,258.4,1,2.0,0.01,0.0
657,2604,258.4,1,2.0,0.01,0.0
658,2608,258.4,1,2.0,0.01,0.0
659,2612,258.4,1,2.0,0.01,0.0
660,2616,247.4,1,2.0,0.01,0.0
661,2621,247.4,1,2.0,0.01,0.0
662,2625,247.4,1,2.0,0.01,0.0
663,2629,247.4,1,2.0,0.01,0.0
664,2633,247.4,1,2.0,0.01,0.0
665,2637,247.4,1,2.0,0.01,0.0
666,2642,247.4,1,2.0,0.01,0.0
667,2646,247.4,1,2.0,0.01,0.0
668,2650,247.4,1,2.0,0.01,0.0
669,2654,247.4,1,2.0,0.01,0.0
670,2658,236.4,1,2.0,0.01,0.0
671,2663,236.4,1,2.0,0.01,0.0
672,2667,236.4,1,2.0,0.01,0.0
673,2671,236.4,1,2.0,0.01,0.0
674,2675,236.4,1,2.0,0.01,0.0
675,2679,236.4,1,2.0,0.01,0.0
676,2683,236.4,1,2.0,0.01,0.0
677,2688,236.4,1,2.0,0.01,0.0
678,2692,236.4,1,2.0,0.01,0.0
679,2696,236.4,1,2.0,0.01,0.0
680,2700,225.93,1,2.0,0.01,0.0
681,2705,225.93,1,2.0,0.01,0.0
682,2709,225.93,1,2.0,0.01,0.0
683,2713,225.93,1,2.0,0.01,0.0
684,2717,225.93,1,2.0,0.01,0.0
685,2721,225.93,1,2.0,0.01,0.0
686,2726,225.93,1,2.0,0.01,0.0
687,2730,225.93,1,2.0,0.01,0.0
688,2734,225.93,1,2.0,0.01,0.0
689,2738,225.93,1,2.0,0.01,0.0
690,2742,214.68,1,2.0,0.01,0.0
691,2746,214.68,1,2.0,0.01,0.0
692,2751,214.68,1,2.0,0.01,0.0
693,2755,214.68,1,2.0,0.01,0.0
694,2759,214.68,1,2.0,0.01,0.0
695,2763,214.68,1,2.0,0.01,0.0
696,2767,214.68,1,2.0,0.01,0.0
697,2772,214.68,1,2.0,0.01,0.0
698,2776,214.68,1,2.0,0.01,0.0
699,2780,214.68,1,2.0,0.01,0.0
700,2785,203.68,1,2.0,0.01,0.0
701,2789,203.68,1,2.0,0.01,0.0
702,2794,203.68,1,2.0,0.01,0.0
703,2798,203.68,1,2.0,0.01,0.0
704,2802,203.68,1,2.0,0.01,0.0
705,2806,203.68,1,2.0,0.01,0.0
706,2810,203.68,1,2.0,0.01,0.0
707,2815,203.68,1,2.0,0.01,0.0
708,2819,203.68,1,2.0,0.01,0.0
709,2823,203.68,1,2.0,0.01,0.0
710,2827,192.16,1,2.0,0.01,0.0
711,2831,192.16,1,2.0,0.01,0.0
712,2837,192.16,1,2.0,0.01,0.0
713,2841,192.16,1,2.0,0.01,0.0
714,2845,192.16,1,2.0,0.01,0.0
715,2849,192.16,1,2.0,0.01,0.0
716,2853,192.16,1,2.0,0.01,0.0
717,2858,192.16,1,2.0,0.01,0.0
718,2862,192.16,1,2.0,0.01,0.0
719,2866,192.16,1,2.0,0.01,0.0
720,2870,180.9,1,2.0,0.01,0.0
721,2874,180.9,1,2.0,0.01,0.0
722,2878,180.9,1,2.0,0.01,0.0
723,2883,180.9,1,2.0,0.01,0.0
724,2887,180.9,1,2.0,0.01,0.0
725,2891,180.9,1,2.0,0.01,0.0
726,2895,180.9,1,2.0,0.01,0.0
727,2900,180.9,1,2.0,0.01,0.0
728,2904,180.9,1,2.0,0.01,0.0
729,2908,180.9,1,2.0,0.01,0.0
730,2912,170.17,1,2.0,0.01,0.0
731,2916,170.17,1,2.0,0.01,0.0
732,2920,170.17,1,2.0,0.01,0.0
733,2925,170.17,1,2.0,0.01,0.0
734,2929,170.17,1,2.0,0.01,0.0
735,2933,170.17,1,2.0,0.01,0.0
736,2937,170.17,1,2.0,0.01,0.0
737,2941,170.17,1,2.0,0.01,0.0
738,2946,170.17,1,2.0,0.01,0.0
739,2950,170.17,1,2.0,0.01,0.0
740,2954,159.17,1,2.0,0.01,0.0
741,2958,159.17,1,2.0,0.01,0.0
742,2962,159.17,1,2.0,0.01,0.0
743,2967,159.17,1,2.0,0.01,0.0
744,2971,159.17,1,2.0,0.01,0.0
745,2975,159.17,1,2.0,0.01,0.0
746,2979,159.17,1,2.0,0.01,0.0
747,2983,159.17,1,2.0,0.01,0.0
748,2988,159.17,1,2.0,0.01,0.0
749,2992,159.17,1,2.0,0.01,0.0
750,2996,148.18,1,2.0,0.01,0.0
751,3000,148.18,1,2.0,0.01,0.0
752,3004,148.18,1,2.0,0.01,0.0
753,3009,148.18,1,2.0,0.01,0.0
754,3013,148.18,1,2.0,0.01,0.0
755,3017,148.18,1,2.0,0.01,0.0
756,3021,148.18,1,2.0,0.01,0.0
757,3025,148.18,1,2.0,0.01,0.0
758,3030,148.18,1,2.0,0.01,0.0
759,3034,148.18,1,2.0,0.01,0.0
760,3038,137.18,1,2.0,0.01,0.0
761,3042,137.18,1,2.0,0.01,0.0
762,3046,137.18,1,2.0,0.01,0.0
763,3051,137.18,1,2.0,0.01,0.0
764,3055,137.18,1,2.0,0.01,0.0
765,3059,137.18,1,2.0,0.01,0.0
766,3063,137.18,1,2.0,0.01,0.0
767,3067,137.18,1,2.0,0.01,0.0
768,3072,137.18,1,2.0,0.01,0.0
769,3076,137.18,1,2.0,0.01,0.0
770,3080,126.19,1,2.0,0.01,0.0
771,3084,126.19,1,2.0,0.01,0.0
772,3088,126.19,1,2.0,0.01,0.0
773,3093,126.19,1,2.0,0.01,0.0
774,3097,126.19,1,2.0,0.01,0.0
775,3101,126.19,1,2.0,0.01,0.0
776,3105,126.19,1,2.0,0.01,0.0
777,3109,126.19,1,2.0,0.01,0.0
778,3113,126.19,1,2.0,0.01,0.0
779,3118,126.19,1,2.0,0.01,0.0
780,3123,115.19,1,2.0,0.01,0.0
781,3127,115.19,1,2.0,0.01,0.0
782,3131,115.19,1,2.0,0.01,0.0
783,3136,115.19,1,2.0,0.01,0.0
784,3140,115.19,1,2.0,0.01,0.0
785,3144,115.19,1,2.0,0.01,0.0
786,3148,115.19,1,2.0,0.01,0.0
787,3152,115.19,1,2.0,0.01,0.0
788,3157,115.19,1,2.0,0.01,0.0
789,3161,115.19,1,2.0,0.01,0.0
790,3165,103.67,1,2.0,0.01,0.0
791,3169,103.67,1,2.0,0.01,0.0
792,3174,103.67,1,2.0,0.01,0.0
793,3179,103.67,1,2.0,0.01,0.0
794,3183,103.67,1,2.0,0.01,0.0
795,3187,103.67,1,2.0,0.01,0.0
796,3191,103.67,1,2.0,0.01,0.0
797,3195,103.67,1,2.0,0.01,0.0
798,3200,103.67,1,2.0,0.01,0.0
799,3204,103.67,1,2.0,0.01,0.0
800,3208,92.42,1,2.0,0.01,0.0
801,3212,92.42,1,2.0,0.01,0.0
802,3216,92.42,1,2.0,0.01,0.0
803,3220,92.42,1,2.0,0.01,0.0
804,3225,92.42,1,2.0,0.01,0.0
805,3229,92.42,1,2.0,0.01,0.0
806,3233,92.42,1,2.0,0.01,0.0
807,3237,92.42,1,2.0,0.01,0.0
808,3241,92.42,1,2.0,0.01,0.0
809,3246,92.42,1,2.0,0.01,0.0
810,3250,81.68,1,2.0,0.01,0.0
811,3254,81.68,1,2.0,0.01,0.0
812,3258,81.68,1,2.0,0.01,0.0
813,3262,81.68,1,2.0,0.01,0.0
814,3267,81.68,1,2.0,0.01,0.0
815,3271,81.68,1,2.0,0.01,0.0
816,3275,81.68,1,2.0,0.01,0.0
817,3279,81.68,1,2.0,0.01,0.0
818,3283,81.68,1,2.0,0.01,0.0
819,3288,81.68,1,2.0,0.01,0.0
820,3292,70.69,1,2.0,0.01,0.0
821,3296,70.69,1,2.0,0.01,0.0
822,3300,70.69,1,2.0,0.01,0.0
823,3304,70.69,1,2.0,0.01,0.0
824,3308,70.69,1,2.0,0.01,0.0
825,3313,70.69,1,2.0,0.01,0.0
826,3318,70.69,1,2.0,0.01,0.0
827,3322,70.69,1,2.0,0.01,0.0
828,3326,70.69,1,2.0,0.01,0.0
829,3331,70.69,1,2.0,0.01,0.0
830,3335,59.17,1,2.0,0.01,0.0
831,3339,59.17,1,2.0,0.01,0.0
832,3343,59.17,1,2.0,0.01,0.0
833,3347,59.17,1,2.0,0.01,0.0
834,3351,59.17,1,2.0,0.01,0.0
835,3356,59.17,1,2.0,0.01,0.0
836,3360,59.17,1,2.0,0.01,0.0
837,3364,59.17,1,2.0,0.01,0.0
838,3368,59.17,1,2.0,0.01,0.0
839,3372,59.17,1,2.0,0.01,0.0
840,3377,48.43,1,2.0,0.01,0.0
841,3381,48.43,1,2.0,0.01,0.0
842,3385,48.43,1,2.0,0.01,0.0
843,3389,48.43,1,2.0,0.01,0.0
844,3393,48.43,1,2.0,0.01,0.0
845,3398,48.43,1,2.0,0.01,0.0
846,3402,48.43,1,2.0,0.01,0.0
847,3406,48.43,1,2.0,0.01,0.0
848,3410,48.43,1,2.0,0.01,0.0
849,3414,48.43,1,2.0,0.01,0.0
850,3418,37.44,1,2.0,0.01,0.0
851,3423,37.44,1,2.0,0.01,0.0
852,3427,37.44,1,2.0,0.01,0.0
853,3431,37.44,1,2.0,0.01,0.0
854,3435,37.44,1,2.0,0.01,0.0
855,3440,37.44,1,2.0,0.01,0.0
856,3444,37.44,1,2.0,0.01,0.0
857,3448,37.44,1,2.0,0.01,0.0
858,3452,37.44,1,2.0,0.01,0.0
859,3456,37.44,1,2.0,0.01,0.0
860,3460,26.44,1,2.0,0.01,0.0
861,3465,26.44,1,2.0,0.01,0.0
862,3469,26.44,1,2.0,0.01,0.0
863,3473,26.44,1,2.0,0.01,0.0
864,3477,26.44,1,2.0,0.01,0.0
865,3481,26.44,1,2.0,0.01,0.0
866,3486,26.44,1,2.0,0.01,0.0
867,3490,26.44,1,2.0,0.01,0.0
868,3494,26.44,1,2.0,0.01,0.0
869,3498,26.44,1,2.0,0.01,0.0
870,3502,15.45,1,2.0,0.01,0.0
871,3507,15.45,1,2.0,0.01,0.0
872,3511,15.45,1,2.0,0.01,0.0
873,3515,15.45,1,2.0,0.01,0.0
874,3519,15.45,1,2.0,0.01,0.0
875,3523,15.45,1,2.0,0.01,0.0
876,3528,15.45,1,2.0,0.01,0.0
877,3532,15.45,1,2.0,0.01,0.0
878,3536,15.45,1,2.0,0.01,0.0
879,3540,15.45,1,2.0,0.01,0.0
880,3544,4.97,1,2.0,0.01,0.0
881,3548,4.97,1,2.0,0.01,0.0
882,3553,4.97,1,2.0,0.01,0.0
883,3557,4.97,1,2.0,0.01,0.0
884,3561,4.97,1,2.0,0.01,0.0
885,3565,4.97,1,2.0,0.01,0.0
886,3568,4.97,1,2.0,0.01,0.0
887,3572,4.97,1,2.0,0.01,0.0
888,3576,4.97,1,2.0,0.01,0.0
889,3580,4.97,1,2.0,0.01,0.0
890,3583,-5.24,1,2.0,0.01,0.0
891,3587,-5.24,1,2.0,0.01,0.0
892,3590,-5.24,1,2.0,0.01,0.0
893,3593,-5.24,1,2.0,0.01,0.0
894,3596,-5.24,1,2.0,0.01,0.0
895,3599,-5.24,1,2.0,0.01,0.0
896,3602,-5.24,1,2.0,0.01,0.0
897,3604,-5.24,1,2.0,0.01,0.0
898,3607,-5.24,1,2.0,0.01,0.0
899,3609,-5.24,1,2.0,0.01,0.0
900,3611,-9.95,1,2.0,0.01,0.0
901,3613,-9.95,1,2.0,0.01,0.0
902,3615,-9.95,1,2.0,0.01,0.0
903,3617,-9.95,1,2.0,0.01,0.0
904,3618,-9.95,1,2.0,0.01,0.0
905,3620,-9.95,1,2.0,0.01,0.0
906,3621,-9.95,1,2.0,0.01,0.0
907,3622,-9.95,1,2.0,0.01,0.0
908,3623,-9.95,1,2.0,0.01,0.0
909,3623,-9.95,1,2.0,0.01,0.0
910,3624,-9.69,1,2.0,0.01,0.0
911,3624,-9.69,1,2.0,0.01,0.0
912,3625,-9.69,1,2.0,0.01,0.0
913,3625,-9.69,1,2.0,0.01,0.0
914,3625,-9.69,1,2.0,0.01,0.0
915,3624,-9.69,1,2.0,0.01,0.0
916,3624,-9.69,1,2.0,0.01,0.0
917,3623,-9.69,1,2.0,0.01,0.0
918,3623,-9.69,1,2.0,0.01,0.0
919,3622,-9.69,1,2.0,0.01,0.0
920,3621,-5.5,1,2.0,0.01,0.0
921,3620,-5.5,1,2.0,0.01,0.0
922,3619,-5.5,1,2.0,0.01,0.0
923,3618,-5.5,1,2.0,0.01,0.0
924,3617,-5.5,1,2.0,0.01,0.0
925,3616,-5.5,1,2.0,0.01,0.0
926,3615,-5.5,1,2.0,0.01,0.0
927,3613,-5.5,1,2.0,0.01,0.0
928,3612,-5.5,1,2.0,0.01,0.0
929,3611,-5.5,1,2.0,0.01,0.0
930,3610,0.0,1,2.0,0.01,0.0
931,3609,0.0,1,2.0,0.01,0.0
932,3607,0.0,1,2.0,0.01,0.0
933,3606,0.0,1,2.0,0.01,0.0
934,3605,0.0,1,2.0,0.01,0.0
935,3604,0.0,1,2.0,0.01,0.0
936,3603,0.0,1,2.0,0.01,0.0
937,3602,0.0,1,2.0,0.01,0.0
938,3601,0.0,1,2.0,0.01,0.0
939,3600,0.0,1,2.0,0.01,0.0
940,3599,2.88,1,2.0,0.01,0.0
941,3598,2.88,1,2.0,0.01,0.0
942,3598,2.88,1,2.0,0.01,0.0
943,3597,2.88,1,2.0,0.01,0.0
944,3596,2.88,1,2.0,0.01,0.0
945,3596,2.88,1,2.0,0.01,0.0
946,3595,2.88,1,2.0,0.01,0.0
947,3595,2.88,1,2.0,0.01,0.0
948,3594,2.88,1,2.0,0.01,0.0
949,3594,2.88,1,2.0,0.01,0.0
950,3594,3.14,1,2.0,0.01,0.0
951,3594,3.14,1,2.0,0.01,0.0
952,3593,3.14,1,2.0,0.01,0.0
953,3593,3.14,1,2.0,0.01,0.0
954,3593,3.14,1,2.0,0.01,0.0
955,3593,3.14,1,2.0,0.01,0.0
956,3593,3.14,1,2.0,0.01,0.0
957,3594,3.14,1,2.0,0.01,0.0
958,3594,3.14,1,2.0,0.01,0.0
959,3594,3.14,1,2.0,0.01,0.0
960,3594,1.57,1,2.0,0.01,0.0
961,3595,1.57,1,2.0,0.01,0.0
962,3595,1.57,1,2.0,0.01,0.0
963,3595,1.57,1,2.0,0.01,0.0
964,3596,1.57,1,2.0,0.01,0.0
965,3596,1.57,1,2.0,0.01,0.0
966,3596,1.57,1,2.0,0.01,0.0
967,3597,1.57,1,2.0,0.01,0.0
968,3597,1.57,1,2.0,0.01,0.0
969,3598,1.57,1,2.0,0.01,0.0
970,3598,-0.52,1,2.0,0.01,0.0
971,3598,-0.52,1,2.0,0.01,0.0
972,3599,-0.52,1,2.0,0.01,0.0
973,3599,-0.52,1,2.0,0.01,0.0
974,3599,-0.52,1,2.0,0.01,0.0
975,3599,-0.52,1,2.0,0.01,0.0
976,3600,-0.52,1,2.0,0.01,0.0
977,3600,-0.52,1,2.0,0.01,0.0
978,3600,-0.52,1,2.0,0.01,0.0
979,3600,-0.52,1,2.0,0.01,0.0
980,3600,-0.52,1,2.0,0.01,0.0
981,3601,-0.52,1,2.0,0.01,0.0
982,3601,-0.52,1,2.0,0.01,0.0
983,3601,-0.52,1,2.0,0.01,0.0
984,3601,-0.52,1,2.0,0.01,0.0
985,3601,-0.52,1,2.0,0.01,0.0
986,3601,-0.52,1,2.0,0.01,0.0
987,3601,-0.52,1,2.0,0.01,0.0
988,3601,-0.52,1,2.0,0.01,0.0
989,3601,-0.52,1,2.0,0.01,0.0
990,3601,-0.52,1,2.0,0.01,0.0
991,3601,-0.52,1,2.0,0.01,0.0
992,3601,-0.52,1,2.0,0.01,0.0
993,3601,-0.52,1,2.0,0.01,0.0
994,3601,-0.52,1,2.0,0.01,0.0
995,3601,-0.52,1,2.0,0.01,0.0
996,3601,-0.52,1,2.0,0.01,0.0
997,3601,-0.52,1,2.0,0.01,0.0
998,3601,-0.52,1,2.0,0.01,0.0
999,3601,-0.52,1,2.0,0.01,0.0
1000,3601,-0.26,1,2.0,0.01,0.0
1001,3601,-0.26,1,2.0,0.01,0.0
1002,3601,-0.26,1,2.0,0.01,0.0
1003,3601,-0.26,1,2.0,0.01,0.0
1004,3601,-0.26,1,2.0,0.01,0.0
1005,3601,-0.26,1,2.0,0.01,0.0
1006,3601,-0.26,1,2.0,0.01,0.0
1007,3601,-0.26,1,2.0,0.01,0.0
1008,3601,-0.26,1,2.0,0.01,0.0
1009,3601,-0.26,1,2.0,0.01,0.0
1010,3601,-0.26,1,2.0,0.01,0.0
1011,3601,-0.26,1,2.0,0.01,0.0
1012,3601,-0.26,1,2.0,0.01,0.0
1013,3601,-0.26,1,2.0,0.01,0.0
1014,3601,-0.26,1,2.0,0.01,0.0
1015,3601,-0.26,1,2.0,0.01,0.0
1016,3601,-0.26,1,2.0,0.01,0.0
1017,3601,-0.26,1,2.0,0.01,0.0
1018,3601,-0.26,1,2.0,0.01,0.0
1019,3601,-0.26,1,2.0,0.01,0.0
1020,3601,-0.26,1,2.0,0.01,0.0
1021,3601,-0.26,1,2.0,0.01,0.0
1022,3601,-0.26,1,2.0,0.01,0.0
1023,3601,-0.26,1,2.0,0.01,0.0
1024,3601,-0.26,1,2.0,0.01,0.0
1025,3601,-0.26,1,2.0,0.01,0.0
1026,3601,-0.26,1,2.0,0.01,0.0
1027,3601,-0.26,1,2.0,0.01,0.0
1028,3601,-0.26,1,2.0,0.01,0.0
1029,3601,-0.26,1,2.0,0.01,0.0
1030,3601,-0.26,1,2.0,0.01,0.0
1031,3601,-0.26,1,2.0,0.01,0.0
1032,3601,-0.26,1,2.0,0.01,0.0
1033,3601,-0.26,1,2.0,0.01,0.0
1034,3601,-0.26,1,2.0,0.01,0.0
1035,3601,-0.26,1,2.0,0.01,0.0
1036,3601,-0.26,1,2.0,0.01,0.0
1037,3601,-0.26,1,2.0,0.01,0.0
1038,3601,-0.26,1,2.0,0.01,0.0
1039,3601,-0.26,1,2.0,0.01,0.0
1040,3601,-0.26,1,2.0,0.01,0.0
1041,3601,-0.26,1,2.0,0.01,0.0
1042,3601,-0.26,1,2.0,0.01,0.0
1043,3601,-0.26,1,2.0,0.01,0.0
1044,3601,-0.26,1,2.0,0.01,0.0
1045,3601,-0.26,1,2.0,0.01,0.0
1046,3601,-0.26,1,2.0,0.01,0.0
1047,3601,-0.26,1,2.0,0.01,0.0
1048,3601,-0.26,1,2.0,0.01,0.0
1049,3601,-0.26,1,2.0,0.01,0.0
1050,3601,-0.26,1,2.0,0.01,0.0
1051,3601,-0.26,1,2.0,0.01,0.0
1052,3601,-0.26,1,2.0,0.01,0.0
1053,3601,-0.26,1,2.0,0.01,0.0
1054,3601,-0.26,1,2.0,0.01,0.0
1055,3601,-0.26,1,2.0,0.01,0.0
1056,3601,-0.26,1,2.0,0.01,0.0
1057,3601,-0.26,1,2.0,0.01,0.0
1058,3601,-0.26,1,2.0,0.01,0.0
1059,3601,-0.26,1,2.0,0.01,0.0
1060,3601,-0.26,1,2.0,0.01,0.0
1061,3601,-0.26,1,2.0,0.01,0.0
1062,3601,-0.26,1,2.0,0.01,0.0
1063,3601,-0.26,1,2.0,0.01,0.0
1064,3601,-0.26,1,2.0,0.01,0.0
1065,3601,-0.26,1,2.0,0.01,0.0
1066,3601,-0.26,1,2.0,0.01,0.0
1067,3601,-0.26,1,2.0,0.01,0.0
1068,3601,-0.26,1,2.0,0.01,0.0
1069,3601,-0.26,1,2.0,0.01,0.0
1070,3601,-0.26,1,2.0,0.01,0.0
1071,3601,-0.26,1,2.0,0.01,0.0
1072,3601,-0.26,1,2.0,0.01,0.0
1073,3601,-0.26,1,2.0,0.01,0.0
1074,3601,-0.26,1,2.0,0.01,0.0
1075,3601,-0.26,1,2.0,0.01,0.0
1076,3601,-0.26,1,2.0,0.01,0.0
1077,3601,-0.26,1,2.0,0.01,0.0
1078,3601,-0.26,1,2.0,0.01,0.0
1079,3601,-0.26,1,2.0,0.01,0.0
1080,3601,-0.26,1,2.0,0.01,0.0
1081,3601,-0.26,1,2.0,0.01,0.0
1082,3601,-0.26,1,2.0,0.01,0.0
1083,3601,-0.26,1,2.0,0.01,0.0
1084,3601,-0.26,1,2.0,0.01,0.0
1085,3601,-0.26,1,2.0,0.01,0.0
1086,3601,-0.26,1,2.0,0.01,0.0
1087,3601,-0.26,1,2.0,0.01,0.0
1088,3601,-0.26,1,2.0,0.01,0.0
1089,3601,-0.26,1,2.0,0.01,0.0
1090,3601,-0.26,1,2.0,0.01,0.0
1091,3601,-0.26,1,2.0,0.01,0.0
1092,3601,-0.26,1,2.0,0.01,0.0
1093,3601,-0.26,1,2.0,0.01,0.0
1094,3601,-0.26,1,2.0,0.01,0.0
1095,3601,-0.26,1,2.0,0.01,0.0
1096,3601,-0.26,1,2.0,0.01,0.0
1097,3601,-0.26,1,2.0,0.01,0.0
1098,3601,-0.26,1,2.0,0.01,0.0
1099,3601,-0.26,1,2.0,0.01,0.0
1100,3601,-0.26,1,2.0,0.01,0.0
1101,3601,-0.26,1,2.0,0.01,0.0
1102,3601,-0.26,1,2.0,0.01,0.0
1103,3601,-0.26,1,2.0,0.01,0.0
1104,3601,-0.26,1,2.0,0.01,0.0
1105,3601,-0.26,1,2.0,0.01,0.0
1106,3601,-0.26,1,2.0,0.01,0.0
1107,3601,-0.26,1,2.0,0.01,0.0
1108,3601,-0.26,1,2.0,0.01,0.0
1109,3601,-0.26,1,2.0,0.01,0.0
1110,3601,-0.26,1,2.0,0.01,0.0
1111,3601,-0.26,1,2.0,0.01,0.0
1112,3601,-0.26,1,2.0,0.01,0.0
1113,3601,-0.26,1,2.0,0.01,0.0
1114,3601,-0.26,1,2.0,0.01,0.0
1115,3601,-0.26,1,2.0,0.01,0.0
1116,3601,-0.26,1,2.0,0.01,0.0
1117,3601,-0.26,1,2.0,0.01,0.0
1118,3601,-0.26,1,2.0,0.01,0.0
1119,3601,-0.26,1,2.0,0.01,0.0
1120,3601,-0.26,1,2.0,0.01,0.0
1121,3601,-0.26,1,2.0,0.01,0.0
1122,3601,-0.26,1,2.0,0.01,0.0
1123,3601,-0.26,1,2.0,0.01,0.0
1124,3601,-0.26,1,2.0,0.01,0.0
1125,3601,-0.26,1,2.0,0.01,0.0
1126,3601,-0.26,1,2.0,0.01,0.0
1127,3601,-0.26,1,2.0,0.01,0.0
1128,3601,-0.26,1,2.0,0.01,0.0
1129,3601,-0.26,1,2.0,0.01,0.0
1130,3601,-0.26,1,2.0,0.01,0.0
1131,3601,-0.26,1,2.0,0.01,0.0
1132,3601,-0.26,1,2.0,0.01,0.0
1133,3601,-0.26,1,2.0,0.01,0.0
1134,3601,-0.26,1,2.0,0.01,0.0
1135,3601,-0.26,1,2.0,0.01,0.0
1136,3601,-0.26,1,2.0,0.01,0.0
1137,3601,-0.26,1,2.0,0.01,0.0
1138,3601,-0.26,1,2.0,0.01,0.0
1139,3601,-0.26,1,2.0,0.01,0.0
1140,3601,-0.26,1,2.0,0.01,0.0
1141,3601,-0.26,1,2.0,0.01,0.0
1142,3601,-0.26,1,2.0,0.01,0.0
1143,3601,-0.26,1,2.0,0.01,0.0
1144,3601,-0.26,1,2.0,0.01,0.0
1145,3601,-0.26,1,2.0,0.01,0.0
1146,3601,-0.26,1,2.0,0.01,0.0
1147,3601,-0.26,1,2.0,0.01,0.0
1148,3601,-0.26,1,2.0,0.01,0.0
1149,3601,-0.26,1,2.0,0.01,0.0
1150,3601,-0.26,1,2.0,0.01,0.0
1151,3601,-0.26,1,2.0,0.01,0.0
1152,3601,-0.26,1,2.0,0.01,0.0
1153,3601,-0.26,1,2.0,0.01,0.0
1154,3601,-0.26,1,2.0,0.01,0.0
1155,3601,-0.26,1,2.0,0.01,0.0
1156,3601,-0.26,1,2.0,0.01,0.0
1157,3601,-0.26,1,2.0,0.01,0.0
1158,3601,-0.26,1,2.0,0.01,0.0
1159,3601,-0.26,1,2.0,0.01,0.0
1160,3601,-0.26,1,2.0,0.01,0.0
1161,3601,-0.26,1,2.0,0.01,0.0
1162,3601,-0.26,1,2.0,0.01,0.0
1163,3601,-0.26,1,2.0,0.01,0.0
1164,3601,-0.26,1,2.0,0.01,0.0
1165,3601,-0.26,1,2.0,0.01,0.0
1166,3601,-0.26,1,2.0,0.01,0.0
1167,3601,-0.26,1,2.0,0.01,0.0
1168,3601,-0.26,1,2.0,0.01,0.0
1169,3601,-0.26,1,2.0,0.01,0.0
1170,3601,-0.26,1,2.0,0.01,0.0
1171,3601,-0.26,1,2.0,0.01,0.0
1172,3601,-0.26,1,2.0,0.01,0.0
1173,3601,-0.26,1,2.0,0.01,0.0
1174,3601,-0.26,1,2.0,0.01,0.0
1175,3601,-0.26,1,2.0,0.01,0.0
1176,3601,-0.26,1,2.0,0.01,0.0
1177,3601,-0.26,1,2.0,0.01,0.0
1178,3601,-0.26,1,2.0,0.01,0.0
1179,3601,-0.26,1,2.0,0.01,0.0
1180,3601,-0.26,1,2.0,0.01,0.0
1181,3601,-0.26,1,2.0,0.01,0.0
1182,3601,-0.26,1,2.0,0.01,0.0
1183,3601,-0.26,1,2.0,0.01,0.0
1184,3601,-0.26,1,2.0,0.01,0.0
1185,3601,-0.26,1,2.0,0.01,0.0
1186,3601,-0.26,1,2.0,0.01,0.0
1187,3601,-0.26,1,2.0,0.01,0.0
1188,3601,-0.26,1,2.0,0.01,0.0
1189,3601,-0.26,1,2.0,0.01,0.0
1190,3601,-0.26,1,2.0,0.01,0.0
1191,3601,-0.26,1,2.0,0.01,0.0
1192,3601,-0.26,1,2.0,0.01,0.0
1193,3601,-0.26,1,2.0,0.01,0.0
1194,3601,-0.26,1,2.0,0.01,0.0
1195,3601,-0.26,1,2.0,0.01,0.0
1196,3601,-0.26,1,2.0,0.01,0.0
1197,3601,-0.26,1,2.0,0.01,0.0
1198,3601,-0.26,1,2.0,0.01,0.0
1199,3601,-0.26,1,2.0,0.01,0.0
1200,3601,-0.26,1,2.0,0.01,0.0
1201,3601,-0.26,1,2.0,0.01,0.0
1202,3601,-0.26,1,2.0,0.01,0.0
1203,3601,-0.26,1,2.0,0.01,0.0
1204,3601,-0.26,1,2.0,0.01,0.0
1205,3601,-0.26,1,2.0,0.01,0.0
1206,3601,-0.26,1,2.0,0.01,0.0
1207,3601,-0.26,1,2.0,0.01,0.0
1208,3601,-0.26,1,2.0,0.01,0.0
1209,3601,-0.26,1,2.0,0.01,0.0
1210,3601,-0.26,1,2.0,0.01,0.0
1211,3601,-0.26,1,2.0,0.01,0.0
1212,3601,-0.26,1,2.0,0.01,0.0
1213,3601,-0.26,1,2.0,0.01,0.0
1214,3601,-0.26,1,2.0,0.01,0.0
1215,3601,-0.26,1,2.0,0.01,0.0
1216,3601,-0.26,1,2.0,0.01,0.0
1217,3601,-0.26,1,2.0,0.01,0.0
1218,3601,-0.26,1,2.0,0.01,0.0
1219,3601,-0.26,1,2.0,0.01,0.0
1220,3601,-0.26,1,2.0,0.01,0.0
1221,3601,-0.26,1,2.0,0.01,0.0
1222,3601,-0.26,1,2.0,0.01,0.0
1223,3601,-0.26,1,2.0,0.01,0.0
1224,3601,-0.26,1,2.0,0.01,0.0
1225,3601,-0.26,1,2.0,0.01,0.0
1226,3601,-0.26,1,2.0,0.01,0.0
1227,3601,-0.26,1,2.0,0.01,0.0
1228,3601,-0.26,1,2.0,0.01,0.0
1229,3601,-0.26,1,2.0,0.01,0.0
1230,3601,-0.26,1,2.0,0.01,0.0
1231,3601,-0.26,1,2.0,0.01,0.0
1232,3601,-0.26,1,2.0,0.01,0.0
1233,3601,-0.26,1,2.0,0.01,0.0
1234,3601,-0.26,1,2.0,0.01,0.0
1235,3601,-0.26,1,2.0,0.01,0.0
1236,3601,-0.26,1,2.0,0.01,0.0
1237,3601,-0.26,1,2.0,0.01,0.0
1238,3601,-0.26,1,2.0,0.01,0.0
1239,3601,-0.26,1,2.0,0.01,0.0
1240,3601,-0.26,1,2.0,0.01,0.0
1241,3601,-0.26,1,2.0,0.01,0.0
1242,3601,-0.26,1,2.0,0.01,0.0
1243,3601,-0.26,1,2.0,0.01,0.0
1244,3601,-0.26,1,2.0,0.01,0.0
1245,3601,-0.26,1,2.0,0.01,0.0
1246,3601,-0.26,1,2.0,0.01,0.0
1247,3601,-0.26,1,2.0,0.01,0.0
1248,3601,-0.26,1,2.0,0.01,0.0
1249,3601,-0.26,1,2.0,0.01,0.0
1250,3601,-0.26,1,2.0,0.01,0.0
1251,3601,-0.26,1,2.0,0.01,0.0
1252,3601,-0.26,1,2.0,0.01,0.0
1253,3601,-0.26,1,2.0,0.01,0.0
1254,3601,-0.26,1,2.0,0.01,0.0
1255,3601,-0.26,1,2.0,0.01,0.0
1256,3601,-0.26,1,2.0,0.01,0.0
1257,3601,-0.26,1,2.0,0.01,0.0
1258,3601,-0.26,1,2.0,0.01,0.0
1259,3601,-0.26,1,2.0,0.01,0.0
1260,3601,-0.26,1,2.0,0.01,0.0
1261,3601,-0.26,1,2.0,0.01,0.0
1262,3601,-0.26,1,2.0,0.01,0.0
1263,3601,-0.26,1,2.0,0.01,0.0
1264,3601,-0.26,1,2.0,0.01,0.0
1265,3601,-0.26,1,2.0,0.01,0.0
1266,3601,-0.26,1,2.0,0.01,0.0
1267,3601,-0.26,1,2.0,0.01,0.0
1268,3601,-0.26,1,2.0,0.01,0.0
1269,3601,-0.26,1,2.0,0.01,0.0
1270,3601,-0.26,1,2.0,0.01,0.0
1271,3601,-0.26,1,2.0,0.01,0.0
1272,3601,-0.26,1,2.0,0.01,0.0
1273,3601,-0.26,1,2.0,0.01,0.0
1274,3601,-0.26,1,2.0,0.01,0.0
1275,3601,-0.26,1,2.0,0.01,0.0
1276,3601,-0.26,1,2.0,0.01,0.0
1277,3601,-0.26,1,2.0,0.01,0.0
1278,3601,-0.26,1,2.0,0.01,0.0
1279,3601,-0.26,1,2.0,0.01,0.0
1280,3601,-0.26,1,2.0,0.01,0.0
1281,3601,-0.26,1,2.0,0.01,0.0
1282,3601,-0.26,1,2.0,0.01,0.0
1283,3601,-0.26,1,2.0,0.01,0.0
1284,3601,-0.26,1,2.0,0.01,0.0
1285,3601,-0.26,1,2.0,0.01,0.0
1286,3601,-0.26,1,2.0,0.01,0.0
1287,3601,-0.26,1,2.0,0.01,0.0
1288,3601,-0.26,1,2.0,0.01,0.0
1289,3601,-0.26,1,2.0,0.01,0.0
1290,3601,-0.26,1,2.0,0.01,0.0
1291,3601,-0.26,1,2.0,0.01,0.0
1292,3601,-0.26,1,2.0,0.01,0.0
1293,3601,-0.26,1,2.0,0.01,0.0
1294,3601,-0.26,1,2.0,0.01,0.0
1295,3601,-0.26,1,2.0,0.01,0.0
1296,3601,-0.26,1,2.0,0.01,0.0
1297,3601,-0.26,1,2.0,0.01,0.0
1298,3601,-0.26,1,2.0,0.01,0.0
1299,3601,-0.26,1,2.0,0.01,0.0
1300,3601,-0.26,1,2.0,0.01,0.0
1301,3601,-0.26,1,2.0,0.01,0.0
1302,3601,-0.26,1,2.0,0.01,0.0
1303,3601,-0.26,1,2.0,0.01,0.0
1304,3601,-0.26,1,2.0,0.01,0.0
1305,3601,-0.26,1,2.0,0.01,0.0
1306,3601,-0.26,1,2.0,0.01,0.0
1307,3601,-0.26,1,2.0,0.01,0.0
1308,3601,-0.26,1,2.0,0.01,0.0
1309,3601,-0.26,1,2.0,0.01,0.0
1310,3601,-0.26,1,2.0,0.01,0.0
1311,3601,-0.26,1,2.0,0.01,0.0
1312,3601,-0.26,1,2.0,0.01,0.0
1313,3601,-0.26,1,2.0,0.01,0.0
1314,3601,-0.26,1,2.0,0.01,0.0
1315,3601,-0.26,1,2.0,0.01,0.0
1316,3601,-0.26,1,2.0,0.01,0.0
1317,3601,-0.26,1,2.0,0.01,0.0
1318,3601,-0.26,1,2.0,0.01,0.0
1319,3601,-0.26,1,2.0,0.01,0.0
1320,3601,-0.26,1,2.0,0.01,0.0
1321,3601,-0.26,1,2.0,0.01,0.0
1322,3601,-0.26,1,2.0,0.01,0.0
1323,3601,-0.26,1,2.0,0.01,0.0
1324,3601,-0.26,1,2.0,0.01,0.0
1325,3601,-0.26,1,2.0,0.01,0.0
1326,3601,-0.26,1,2.0,0.01,0.0
1327,3601,-0.26,1,2.0,0.01,0.0
1328,3601,-0.26,1,2.0,0.01,0.0
1329,3601,-0.26,1,2.0,0.01,0.0
1330,3601,-0.26,1,2.0,0.01,0.0
1331,3601,-0.26,1,2.0,0.01,0.0
1332,3601,-0.26,1,2.0,0.01,0.0
1333,3601,-0.26,1,2.0,0.01,0.0
1334,3601,-0.26,1,2.0,0.01,0.0
1335,3601,-0.26,1,2.0,0.01,0.0
1336,3601,-0.26,1,2.0,0.01,0.0
1337,3601,-0.26,1,2.0,0.01,0.0
1338,3601,-0.26,1,2.0,0.01,0.0
1339,3601,-0.26,1,2.0,0.01,0.0
1340,3601,-0.26,1,2.0,0.01,0.0
1341,3601,-0.26,1,2.0,0.01,0.0
1342,3601,-0.26,1,2.0,0.01,0.0
1343,3601,-0.26,1,2.0,0.01,0.0
1344,3601,-0.26,1,2.0,0.01,0.0
1345,3601,-0.26,1,2.0,0.01,0.0
1346,3601,-0.26,1,2.0,0.01,0.0
1347,3601,-0.26,1,2.0,0.01,0.0
1348,3601,-0.26,1,2.0,0.01,0.0
1349,3601,-0.26,1,2.0,0.01,0.0
1350,3601,-0.26,1,2.0,0.01,0.0
1351,3601,-0.26,1,2.0,0.01,0.0
1352,3601,-0.26,1,2.0,0.01,0.0
1353,3601,-0.26,1,2.0,0.01,0.0
1354,3601,-0.26,1,2.0,0.01,0.0
1355,3601,-0.26,1,2.0,0.01,0.0
1356,3601,-0.26,1,2.0,0.01,0.0
1357,3601,-0.26,1,2.0,0.01,0.0
1358,3601,-0.26,1,2.0,0.01,0.0
1359,3601,-0.26,1,2.0,0.01,0.0
1360,3601,-0.26,1,2.0,0.01,0.0
1361,3601,-0.26,1,2.0,0.01,0.0
1362,3601,-0.26,1,2.0,0.01,0.0
1363,3601,-0.26,1,2.0,0.01,0.0
1364,3601,-0.26,1,2.0,0.01,0.0
1365,3601,-0.26,1,2.0,0.01,0.0
1366,3601,-0.26,1,2.0,0.01,0.0
1367,3601,-0.26,1,2.0,0.01,0.0
1368,3601,-0.26,1,2.0,0.01,0.0
1369,3601,-0.26,1,2.0,0.01,0.0
1370,3601,-0.26,1,2.0,0.01,0.0
1371,3601,-0.26,1,2.0,0.01,0.0
1372,3601,-0.26,1,2.0,0.01,0.0
1373,3601,-0.26,1,2.0,0.01,0.0
1374,3601,-0.26,1,2.0,0.01,0.0
1375,3601,-0.26,1,2.0,0.01,0.0
1376,3601,-0.26,1,2.0,0.01,0.0
1377,3601,-0.26,1,2.0,0.01,0.0
1378,3601,-0.26,1,2.0,0.01,0.0
1379,3601,-0.26,1,2.0,0.01,0.0
1380,3601,-0.26,1,2.0,0.01,0.0
1381,3601,-0.26,1,2.0,0.01,0.0
1382,3601,-0.26,1,2.0,0.01,0.0
1383,3601,-0.26,1,2.0,0.01,0.0
1384,3601,-0.26,1,2.0,0.01,0.0
1385,3601,-0.26,1,2.0,0.01,0.0
1386,3601,-0.26,1,2.0,0.01,0.0
1387,3601,-0.26,1,2.0,0.01,0.0
1388,3601,-0.26,1,2.0,0.01,0.0
1389,3601,-0.26,1,2.0,0.01,0.0
1390,3601,-0.26,1,2.0,0.01,0.0
1391,3601,-0.26,1,2.0,0.01,0.0
1392,3601,-0.26,1,2.0,0.01,0.0
1393,3601,-0.26,1,2.0,0.01,0.0
1394,3601,-0.26,1,2.0,0.01,0.0
1395,3601,-0.26,1,2.0,0.01,0.0
1396,3601,-0.26,1,2.0,0.01,0.0
1397,3601,-0.26,1,2.0,0.01,0.0
1398,3601,-0.26,1,2.0,0.01,0.0
1399,3601,-0.26,1,2.0,0.01,0.0
1400,3601,-0.26,1,2.0,0.01,0.0
1401,3601,-0.26,1,2.0,0.01,0.0
1402,3601,-0.26,1,2.0,0.01,0.0
1403,3601,-0.26,1,2.0,0.01,0.0
1404,3601,-0.26,1,2.0,0.01,0.0
1405,3601,-0.26,1,2.0,0.01,0.0
1406,3601,-0.26,1,2.0,0.01,0.0
1407,3601,-0.26,1,2.0,0.01,0.0
1408,3601,-0.26,1,2.0,0.01,0.0
1409,3601,-0.26,1,2.0,0.01,0.0
1410,3601,-0.26,1,2.0,0.01,0.0
1411,3601,-0.26,1,2.0,0.01,0.0
1412,3601,-0.26,1,2.0,0.01,0.0
1413,3601,-0.26,1,2.0,0.01,0.0
1414,3601,-0.26,1,2.0,0.01,0.0
1415,3601,-0.26,1,2.0,0.01,0.0
1416,3601,-0.26,1,2.0,0.01,0.0
1417,3601,-0.26,1,2.0,0.01,0.0
1418,3601,-0.26,1,2.0,0.01,0.0
1419,3601,-0.26,1,2.0,0.01,0.0
1420,3601,-0.26,1,2.0,0.01,0.0
1421,3601,-0.26,1,2.0,0.01,0.0
1422,3601,-0.26,1,2.0,0.01,0.0
1423,3601,-0.26,1,2.0,0.01,0.0
1424,3601,-0.26,1,2.0,0.01,0.0
1425,3601,-0.26,1,2.0,0.01,0.0
1426,3601,-0.26,1,2.0,0.01,0.0
1427,3601,-0.26,1,2.0,0.01,0.0
1428,3601,-0.26,1,2.0,0.01,0.0
1429,3601,-0.26,1,2.0,0.01,0.0
1430,3601,-0.26,1,2.0,0.01,0.0
1431,3601,-0.26,1,2.0,0.01,0.0
1432,3601,-0.26,1,2.0,0.01,0.0
1433,3601,-0.26,1,2.0,0.01,0.0
1434,3601,-0.26,1,2.0,0.01,0.0
1435,3601,-0.26,1,2.0,0.01,0.0
1436,3601,-0.26,1,2.0,0.01,0.0
1437,3601,-0.26,1,2.0,0.01,0.0
1438,3601,-0.26,1,2.0,0.01,0.0
1439,3601,-0.26,1,2.0,0.01,0.0
1440,3601,-0.26,1,2.0,0.01,0.0
1441,3601,-0.26,1,2.0,0.01,0.0
1442,3601,-0.26,1,2.0,0.01,0.0
1443,3601,-0.26,1,2.0,0.01,0.0
1444,3601,-0.26,1,2.0,0.01,0.0
1445,3601,-0.26,1,2.0,0.01,0.0
1446,3601,-0.26,1,2.0,0.01,0.0
1447,3601,-0.26,1,2.0,0.01,0.0
1448,3601,-0.26,1,2.0,0.01,0.0
1449,3601,-0.26,1,2.0,0.01,0.0
1450,3601,-0.26,1,2.0,0.01,0.0
1451,3601,-0.26,1,2.0,0.01,0.0
1452,3601,-0.26,1,2.0,0.01,0.0
1453,3601,-0.26,1,2.0,0.01,0.0
1454,3601,-0.26,1,2.0,0.01,0.0
1455,3601,-0.26,1,2.0,0.01,0.0
1456,3601,-0.26,1,2.0,0.01,0.0
1457,3601,-0.26,1,2.0,0.01,0.0
1458,3601,-0.26,1,2.0,0.01,0.0
1459,3601,-0.26,1,2.0,0.01,0.0
1460,3601,-0.26,1,2.0,0.01,0.0
1461,3601,-0.26,1,2.0,0.01,0.0
1462,3601,-0.26,1,2.0,0.01,0.0
1463,3601,-0.26,1,2.0,0.01,0.0
1464,3601,-0.26,1,2.0,0.01,0.0
1465,3601,-0.26,1,2.0,0.01,0.0
1466,3601,-0.26,1,2.0,0.01,0.0
1467,3601,-0.26,1,2.0,0.01,0.0
1468,3601,-0.26,1,2.0,0.01,0.0
1469,3601,-0.26,1,2.0,0.01,0.0
1470,3601,-0.26,1,2.0,0.01,0.0
1471,3601,-0.26,1,2.0,0.01,0.0
1472,3601,-0.26,1,2.0,0.01,0.0
1473,3601,-0.26,1,2.0,0.01,0.0
1474,3601,-0.26,1,2.0,0.01,0.0
1475,3601,-0.26,1,2.0,0.01,0.0
1476,3601,-0.26,1,2.0,0.01,0.0
1477,3601,-0.26,1,2.0,0.01,0.0
1478,3601,-0.26,1,2.0,0.01,0.0
1479,3601,-0.26,1,2.0,0.01,0.0
1480,3601,-0.26,1,2.0,0.01,0.0
1481,3601,-0.26,1,2.0,0.01,0.0
1482,3601,-0.26,1,2.0,0.01,0.0
1483,3601,-0.26,1,2.0,0.01,0.0
1484,3601,-0.26,1,2.0,0.01,0.0
1485,3601,-0.26,1,2.0,0.01,0.0
1486,3601,-0.26,1,2.0,0.01,0.0
1487,3601,-0.26,1,2.0,0.01,0.0
1488,3601,-0.26,1,2.0,0.01,0.0
1489,3601,-0.26,1,2.0,0.01,0.0
1490,3601,-0.26,1,2.0,0.01,0.0
1491,3601,-0.26,1,2.0,0.01,0.0
1492,3601,-0.26,1,2.0,0.01,0.0
1493,3601,-0.26,1,2.0,0.01,0.0
1494,3601,-0.26,1,2.0,0.01,0.0
1495,3601,-0.26,1,2.0,0.01,0.0
1496,3601,-0.26,1,2.0,0.01,0.0
1497,3601,-0.26,1,2.0,0.01,0.0
1498,3601,-0.26,1,2.0,0.01,0.0
1499,3601,-0.26,1,2.0,0.01,0.0
1500,3601,-0.26,1,2.0,0.01,0.0
1501,3601,-0.26,1,2.0,0.01,0.0
1502,3601,-0.26,1,2.0,0.01,0.0
1503,3601,-0.26,1,2.0,0.01,0.0
1504,3601,-0.26,1,2.0,0.01,0.0
1505,3601,-0.26,1,2.0,0.01,0.0
1506,3601,-0.26,1,2.0,0.01,0.0
1507,3601,-0.26,1,2.0,0.01,0.0
1508,3601,-0.26,1,2.0,0.01,0.0
1509,3601,-0.26,1,2.0,0.01,0.0
1510,3601,-0.26,1,2.0,0.01,0.0
1511,3601,-0.26,1,2.0,0.01,0.0
1512,3601,-0.26,1,2.0,0.01,0.0
1513,3601,-0.26,1,2.0,0.01,0.0
1514,3601,-0.26,1,2.0,0.01,0.0
1515,3601,-0.26,1,2.0,0.01,0.0
1516,3601,-0.26,1,2.0,0.01,0.0
1517,3601,-0.26,1,2.0,0.01,0.0
1518,3601,-0.26,1,2.0,0.01,0.0
1519,3601,-0.26,1,2.0,0.01,0.0
1520,3601,-0.26,1,2.0,0.01,0.0
1521,3601,-0.26,1,2.0,0.01,0.0
1522,3601,-0.26,1,2.0,0.01,0.0
1523,3601,-0.26,1,2.0,0.01,0.0
1524,3601,-0.26,1,2.0,0.01,0.0
1525,3601,-0.26,1,2.0,0.01,0.0
1526,3601,-0.26,1,2.0,0.01,0.0
1527,3601,-0.26,1,2.0,0.01,0.0
1528,3601,-0.26,1,2.0,0.01,0.0
1529,3601,-0.26,1,2.0,0.01,0.0
1530,3601,-0.26,1,2.0,0.01,0.0
1531,3601,-0.26,1,2.0,0.01,0.0
1532,3601,-0.26,1,2.0,0.01,0.0
1533,3601,-0.26,1,2.0,0.01,0.0
1534,3601,-0.26,1,2.0,0.01,0.0
1535,3601,-0.26,1,2.0,0.01,0.0
1536,3601,-0.26,1,2.0,0.01,0.0
1537,3601,-0.26,1,2.0,0.01,0.0
1538,3601,-0.26,1,2.0,0.01,0.0
1539,3601,-0.26,1,2.0,0.01,0.0
1540,3601,-0.26,1,2.0,0.01,0.0
1541,3601,-0.26,1,2.0,0.01,0.0
1542,3601,-0.26,1,2.0,0.01,0.0
1543,3601,-0.26,1,2.0,0.01,0.0
1544,3601,-0.26,1,2.0,0.01,0.0
1545,3601,-0.26,1,2.0,0.01,0.0
1546,3601,-0.26,1,2.0,0.01,0.0
1547,3601,-0.26,1,2.0,0.01,0.0
1548,3601,-0.26,1,2.0,0.01,0.0
1549,3601,-0.26,1,2.0,0.01,0.0
1550,3601,-0.26,1,2.0,0.01,0.0
1551,3601,-0.26,1,2.0,0.01,0.0
1552,3601,-0.26,1,2.0,0.01,0.0
1553,3601,-0.26,1,2.0,0.01,0.0
1554,3601,-0.26,1,2.0,0.01,0.0
1555,3601,-0.26,1,2.0,0.01,0.0
1556,3601,-0.26,1,2.0,0.01,0.0
1557,3601,-0.26,1,2.0,0.01,0.0
1558,3601,-0.26,1,2.0,0.01,0.0
1559,3601,-0.26,1,2.0,0.01,0.0
1560,3601,-0.26,1,2.0,0.01,0.0
1561,3601,-0.26,1,2.0,0.01,0.0
1562,3601,-0.26,1,2.0,0.01,0.0
1563,3601,-0.26,1,2.0,0.01,0.0
1564,3601,-0.26,1,2.0,0.01,0.0
1565,3601,-0.26,1,2.0,0.01,0.0
1566,3601,-0.26,1,2.0,0.01,0.0
1567,3601,-0.26,1,2.0,0.01,0.0
1568,3601,-0.26,1,2.0,0.01,0.0
1569,3601,-0.26,1,2.0,0.01,0.0
1570,3601,-0.26,1,2.0,0.01,0.0
1571,3601,-0.26,1,2.0,0.01,0.0
1572,3601,-0.26,1,2.0,0.01,0.0
1573,3601,-0.26,1,2.0,0.01,0.0
1574,3601,-0.26,1,2.0,0.01,0.0
1575,3601,-0.26,1,2.0,0.01,0.0
1576,3601,-0.26,1,2.0,0.01,0.0
1577,3601,-0.26,1,2.0,0.01,0.0
1578,3601,-0.26,1,2.0,0.01,0.0
1579,3601,-0.26,1,2.0,0.01,0.0
1580,3601,-0.26,1,2.0,0.01,0.0
1581,3601,-0.26,1,2.0,0.01,0.0
1582,3601,-0.26,1,2.0,0.01,0.0
1583,3601,-0.26,1,2.0,0.01,0.0
1584,3601,-0.26,1,2.0,0.01,0.0
1585,3601,-0.26,1,2.0,0.01,0.0
1586,3601,-0.26,1,2.0,0.01,0.0
1587,3601,-0.26,1,2.0,0.01,0.0
1588,3601,-0.26,1,2.0,0.01,0.0
1589,3601,-0.26,1,2.0,0.01,0.0
1590,3601,-0.26,1,2.0,0.01,0.0
1591,3601,-0.26,1,2.0,0.01,0.0
1592,3601,-0.26,1,2.0,0.01,0.0
1593,3601,-0.26,1,2.0,0.01,0.0
1594,3601,-0.26,1,2.0,0.01,0.0
1595,3601,-0.26,1,2.0,0.01,0.0
1596,3601,-0.26,1,2.0,0.01,0.0
1597,3601,-0.26,1,2.0,0.01,0.0
1598,3601,-0.26,1,2.0,0.01,0.0
1599,3601,-0.26,1,2.0,0.01,0.0
1600,3601,-0.26,1,2.0,0.01,0.0
1601,3601,-0.26,1,2.0,0.01,0.0
1602,3601,-0.26,1,2.0,0.01,0.0
1603,3601,-0.26,1,2.0,0.01,0.0
1604,3601,-0.26,1,2.0,0.01,0.0
1605,3601,-0.26,1,2.0,0.01,0.0
1606,3601,-0.26,1,2.0,0.01,0.0
1607,3601,-0.26,1,2.0,0.01,0.0
1608,3601,-0.26,1,2.0,0.01,0.0
1609,3601,-0.26,1,2.0,0.01,0.0
1610,3601,-0.26,1,2.0,0.01,0.0
1611,3601,-0.26,1,2.0,0.01,0.0
1612,3601,-0.26,1,2.0,0.01,0.0
1613,3601,-0.26,1,2.0,0.01,0.0
1614,3601,-0.26,1,2.0,0.01,0.0
1615,3601,-0.26,1,2.0,0.01,0.0
1616,3601,-0.26,1,2.0,0.01,0.0
1617,3601,-0.26,1,2.0,0.01,0.0
1618,3601,-0.26,1,2.0,0.01,0.0
1619,3601,-0.26,1,2.0,0.01,0.0
1620,3601,-0.26,1,2.0,0.01,0.0
1621,3601,-0.26,1,2.0,0.01,0.0
1622,3601,-0.26,1,2.0,0.01,0.0
1623,3601,-0.26,1,2.0,0.01,0.0
1624,3601,-0.26,1,2.0,0.01,0.0
1625,3601,-0.26,1,2.0,0.01,0.0
1626,3601,-0.26,1,2.0,0.01,0.0
1627,3601,-0.26,1,2.0,0.01,0.0
1628,3601,-0.26,1,2.0,0.01,0.0
1629,3601,-0.26,1,2.0,0.01,0.0
1630,3601,-0.26,1,2.0,0.01,0.0
1631,3601,-0.26,1,2.0,0.01,0.0
1632,3601,-0.26,1,2.0,0.01,0.0
1633,3601,-0.26,1,2.0,0.01,0.0
1634,3601,-0.26,1,2.0,0.01,0.0
1635,3601,-0.26,1,2.0,0.01,0.0
1636,3601,-0.26,1,2.0,0.01,0.0
1637,3601,-0.26,1,2.0,0.01,0.0
1638,3601,-0.26,1,2.0,0.01,0.0
1639,3601,-0.26,1,2.0,0.01,0.0
1640,3601,-0.26,1,2.0,0.01,0.0
1641,3601,-0.26,1,2.0,0.01,0.0
1642,3601,-0.26,1,2.0,0.01,0.0
1643,3601,-0.26,1,2.0,0.01,0.0
1644,3601,-0.26,1,2.0,0.01,0.0
1645,3601,-0.26,1,2.0,0.01,0.0
1646,3601,-0.26,1,2.0,0.01,0.0
1647,3601,-0.26,1,2.0,0.01,0.0
1648,3601,-0.26,1,2.0,0.01,0.0
1649,3601,-0.26,1,2.0,0.01,0.0
1650,3601,-0.26,1,2.0,0.01,0.0
1651,3601,-0.26,1,2.0,0.01,0.0
1652,3601,-0.26,1,2.0,0.01,0.0
1653,3601,-0.26,1,2.0,0.01,0.0
1654,3601,-0.26,1,2.0,0.01,0.0
1655,3601,-0.26,1,2.0,0.01,0.0
1656,3601,-0.26,1,2.0,0.01,0.0
1657,3601,-0.26,1,2.0,0.01,0.0
1658,3601,-0.26,1,2.0,0.01,0.0
1659,3601,-0.26,1,2.0,0.01,0.0
1660,3601,-0.26,1,2.0,0.01,0.0
1661,3601,-0.26,1,2.0,0.01,0.0
1662,3601,-0.26,1,2.0,0.01,0.0
1663,3601,-0.26,1,2.0,0.01,0.0
1664,3601,-0.26,1,2.0,0.01,0.0
1665,3601,-0.26,1,2.0,0.01,0.0
1666,3601,-0.26,1,2.0,0.01,0.0
1667,3601,-0.26,1,2.0,0.01,0.0
1668,3601,-0.26,1,2.0,0.01,0.0
1669,3601,-0.26,1,2.0,0.01,0.0
1670,3601,-0.26,1,2.0,0.01,0.0
1671,3601,-0.26,1,2.0,0.01,0.0
1672,3601,-0.26,1,2.0,0.01,0.0
1673,3601,-0.26,1,2.0,0.01,0.0
1674,3601,-0.26,1,2.0,0.01,0.0
1675,3601,-0.26,1,2.0,0.01,0.0
1676,3601,-0.26,1,2.0,0.01,0.0
1677,3601,-0.26,1,2.0,0.01,0.0
1678,3601,-0.26,1,2.0,0.01,0.0
1679,3601,-0.26,1,2.0,0.01,0.0
1680,3601,-0.26,1,2.0,0.01,0.0
1681,3601,-0.26,1,2.0,0.01,0.0
1682,3601,-0.26,1,2.0,0.01,0.0
1683,3601,-0.26,1,2.0,0.01,0.0
1684,3601,-0.26,1,2.0,0.01,0.0
1685,3601,-0.26,1,2.0,0.01,0.0
1686,3601,-0.26,1,2.0,0.01,0.0
1687,3601,-0.26,1,2.0,0.01,0.0
1688,3601,-0.26,1,2.0,0.01,0.0
1689,3601,-0.26,1,2.0,0.01,0.0
1690,3601,-0.26,1,2.0,0.01,0.0
1691,3601,-0.26,1,2.0,0.01,0.0
1692,3601,-0.26,1,2.0,0.01,0.0
1693,3601,-0.26,1,2.0,0.01,0.0
1694,3601,-0.26,1,2.0,0.01,0.0
1695,3601,-0.26,1,2.0,0.01,0.0
1696,3601,-0.26,1,2.0,0.01,0.0
1697,3601,-0.26,1,2.0,0.01,0.0
1698,3601,-0.26,1,2.0,0.01,0.0
1699,3601,-0.26,1,2.0,0.01,0.0
1700,3601,-0.26,1,2.0,0.01,0.0
1701,3601,-0.26,1,2.0,0.01,0.0
1702,3601,-0.26,1,2.0,0.01,0.0
1703,3601,-0.26,1,2.0,0.01,0.0
1704,3601,-0.26,1,2.0,0.01,0.0
1705,3601,-0.26,1,2.0,0.01,0.0
1706,3601,-0.26,1,2.0,0.01,0.0
1707,3601,-0.26,1,2.0,0.01,0.0
1708,3601,-0.26,1,2.0,0.01,0.0
1709,3601,-0.26,1,2.0,0.01,0.0
1710,3601,-0.26,1,2.0,0.01,0.0
1711,3601,-0.26,1,2.0,0.01,0.0
1712,3601,-0.26,1,2.0,0.01,0.0
1713,3601,-0.26,1,2.0,0.01,0.0
1714,3601,-0.26,1,2.0,0.01,0.0
1715,3601,-0.26,1,2.0,0.01,0.0
1716,3601,-0.26,1,2.0,0.01,0.0
1717,3601,-0.26,1,2.0,0.01,0.0
1718,3601,-0.26,1,2.0,0.01,0.0
1719,3601,-0.26,1,2.0,0.01,0.0
1720,3601,-0.26,1,2.0,0.01,0.0
1721,3601,-0.26,1,2.0,0.01,0.0
1722,3601,-0.26,1,2.0,0.01,0.0
1723,3601,-0.26,1,2.0,0.01,0.0
1724,3601,-0.26,1,2.0,0.01,0.0
1725,3601,-0.26,1,2.0,0.01,0.0
1726,3601,-0.26,1,2.0,0.01,0.0
1727,3601,-0.26,1,2.0,0.01,0.0
1728,3601,-0.26,1,2.0,0.01,0.0
1729,3601,-0.26,1,2.0,0.01,0.0
1730,3601,-0.26,1,2.0,0.01,0.0
1731,3601,-0.26,1,2.0,0.01,0.0
1732,3601,-0.26,1,2.0,0.01,0.0
1733,3601,-0.26,1,2.0,0.01,0.0
1734,3601,-0.26,1,2.0,0.01,0.0
1735,3601,-0.26,1,2.0,0.01,0.0
1736,3601,-0.26,1,2.0,0.01,0.0
1737,3601,-0.26,1,2.0,0.01,0.0
1738,3601,-0.26,1,2.0,0.01,0.0
1739,3601,-0.26,1,2.0,0.01,0.0
1740,3601,-0.26,1,2.0,0.01,0.0
1741,3601,-0.26,1,2.0,0.01,0.0
1742,3601,-0.26,1,2.0,0.01,0.0
1743,3601,-0.26,1,2.0,0.01,0.0
1744,3601,-0.26,1,2.0,0.01,0.0
1745,3601,-0.26,1,2.0,0.01,0.0
1746,3601,-0.26,1,2.0,0.01,0.0
1747,3601,-0.26,1,2.0,0.01,0.0
1748,3601,-0.26,1,2.0,0.01,0.0
1749,3601,-0.26,1,2.0,0.01,0.0
1750,3601,-0.26,1,2.0,0.01,0.0
1751,3601,-0.26,1,2.0,0.01,0.0
1752,3601,-0.26,1,2.0,0.01,0.0
1753,3601,-0.26,1,2.0,0.01,0.0
1754,3601,-0.26,1,2.0,0.01,0.0
1755,3601,-0.26,1,2.0,0.01,0.0
1756,3601,-0.26,1,2.0,0.01,0.0
1757,3601,-0.26,1,2.0,0.01,0.0
1758,3601,-0.26,1,2.0,0.01,0.0
1759,3601,-0.26,1,2.0,0.01,0.0
1760,3601,-0.26,1,2.0,0.01,0.0
1761,3601,-0.26,1,2.0,0.01,0.0
1762,3601,-0.26,1,2.0,0.01,0.0
1763,3601,-0.26,1,2.0,0.01,0.0
1764,3601,-0.26,1,2.0,0.01,0.0
1765,3601,-0.26,1,2.0,0.01,0.0
1766,3601,-0.26,1,2.0,0.01,0.0
1767,3601,-0.26,1,2.0,0.01,0.0
1768,3601,-0.26,1,2.0,0.01,0.0
1769,3601,-0.26,1,2.0,0.01,0.0
1770,3601,-0.26,1,2.0,0.01,0.0
1771,3601,-0.26,1,2.0,0.01,0.0
1772,3601,-0.26,1,2.0,0.01,0.0
1773,3601,-0.26,1,2.0,0.01,0.0
1774,3601,-0.26,1,2.0,0.01,0.0
1775,3601,-0.26,1,2.0,0.01,0.0
1776,3601,-0.26,1,2.0,0.01,0.0
1777,3601,-0.26,1,2.0,0.01,0.0
1778,3601,-0.26,1,2.0,0.01,0.0
1779,3601,-0.26,1,2.0,0.01,0.0
1780,3601,-0.26,1,2.0,0.01,0.0
1781,3601,-0.26,1,2.0,0.01,0.0
1782,3601,-0.26,1,2.0,0.01,0.0
1783,3601,-0.26,1,2.0,0.01,0.0
1784,3601,-0.26,1,2.0,0.01,0.0
1785,3601,-0.26,1,2.0,0.01,0.0
1786,3601,-0.26,1,2.0,0.01,0.0
1787,3601,-0.26,1,2.0,0.01,0.0
1788,3601,-0.26,1,2.0,0.01,0.0
1789,3601,-0.26,1,2.0,0.01,0.0
1790,3601,-0.26,1,2.0,0.01,0.0
1791,3601,-0.26,1,2.0,0.01,0.0
1792,3601,-0.26,1,2.0,0.01,0.0
1793,3601,-0.26,1,2.0,0.01,0.0
1794,3601,-0.26,1,2.0,0.01,0.0
1795,3601,-0.26,1,2.0,0.01,0.0
1796,3601,-0.26,1,2.0,0.01,0.0
1797,3601,-0.26,1,2.0,0.01,0.0
1798,3601,-0.26,1,2.0,0.01,0.0
1799,3601,-0.26,1,2.0,0.01,0.0
1800,3601,-0.26,1,2.0,0.01,0.0
1801,3601,-0.26,1,2.0,0.01,0.0
1802,3601,-0.26,1,2.0,0.01,0.0
1803,3601,-0.26,1,2.0,0.01,0.0
1804,3601,-0.26,1,2.0,0.01,0.0
1805,3601,-0.26,1,2.0,0.01,0.0
1806,3601,-0.26,1,2.0,0.01,0.0
1807,3601,-0.26,1,2.0,0.01,0.0
1808,3601,-0.26,1,2.0,0.01,0.0
1809,3601,-0.26,1,2.0,0.01,0.0
1810,3601,-0.26,1,2.0,0.01,0.0
1811,3601,-0.26,1,2.0,0.01,0.0
1812,3601,-0.26,1,2.0,0.01,0.0
1813,3601,-0.26,1,2.0,0.01,0.0
1814,3601,-0.26,1,2.0,0.01,0.0
1815,3601,-0.26,1,2.0,0.01,0.0
1816,3601,-0.26,1,2.0,0.01,0.0
1817,3601,-0.26,1,2.0,0.01,0.0
1818,3601,-0.26,1,2.0,0.01,0.0
1819,3601,-0.26,1,2.0,0.01,0.0
1820,3601,-0.26,1,2.0,0.01,0.0
1821,3601,-0.26,1,2.0,0.01,0.0
1822,3601,-0.26,1,2.0,0.01,0.0
1823,3601,-0.26,1,2.0,0.01,0.0
1824,3601,-0.26,1,2.0,0.01,0.0
1825,3601,-0.26,1,2.0,0.01,0.0
1826,3601,-0.26,1,2.0,0.01,0.0
1827,3601,-0.26,1,2.0,0.01,0.0
1828,3601,-0.26,1,2.0,0.01,0.0
1829,3601,-0.26,1,2.0,0.01,0.0
1830,3601,-0.26,1,2.0,0.01,0.0
1831,3601,-0.26,1,2.0,0.01,0.0
1832,3601,-0.26,1,2.0,0.01,0.0
1833,3601,-0.26,1,2.0,0.01,0.0
1834,3601,-0.26,1,2.0,0.01,0.0
1835,3601,-0.26,1,2.0,0.01,0.0
1836,3601,-0.26,1,2.0,0.01,0.0
1837,3601,-0.26,1,2.0,0.01,0.0
1838,3601,-0.26,1,2.0,0.01,0.0
1839,3601,-0.26,1,2.0,0.01,0.0
1840,3601,-0.26,1,2.0,0.01,0.0
1841,3601,-0.26,1,2.0,0.01,0.0
1842,3601,-0.26,1,2.0,0.01,0.0
1843,3601,-0.26,1,2.0,0.01,0.0
1844,3601,-0.26,1,2.0,0.01,0.0
1845,3601,-0.26,1,2.0,0.01,0.0
1846,3601,-0.26,1,2.0,0.01,0.0
1847,3601,-0.26,1,2.0,0.01,0.0
1848,3601,-0.26,1,2.0,0.01,0.0
1849,3601,-0.26,1,2.0,0.01,0.0
1850,3601,-0.26,1,2.0,0.01,0.0
1851,3601,-0.26,1,2.0,0.01,0.0
1852,3601,-0.26,1,2.0,0.01,0.0
1853,3601,-0.26,1,2.0,0.01,0.0
1854,3601,-0.26,1,2.0,0.01,0.0
1855,3601,-0.26,1,2.0,0.01,0.0
1856,3601,-0.26,1,2.0,0.01,0.0
1857,3601,-0.26,1,2.0,0.01,0.0
1858,3601,-0.26,1,2.0,0.01,0.0
1859,3601,-0.26,1,2.0,0.01,0.0
1860,3601,-0.26,1,2.0,0.01,0.0
1861,3601,-0.26,1,2.0,0.01,0.0
1862,3601,-0.26,1,2.0,0.01,0.0
1863,3601,-0.26,1,2.0,0.01,0.0
1864,3601,-0.26,1,2.0,0.01,0.0
1865,3601,-0.26,1,2.0,0.01,0.0
1866,3601,-0.26,1,2.0,0.01,0.0
1867,3601,-0.26,1,2.0,0.01,0.0
1868,3601,-0.26,1,2.0,0.01,0.0
1869,3601,-0.26,1,2.0,0.01,0.0
1870,3601,-0.26,1,2.0,0.01,0.0
1871,3601,-0.26,1,2.0,0.01,0.0
1872,3601,-0.26,1,2.0,0.01,0.0
1873,3601,-0.26,1,2.0,0.01,0.0
1874,3601,-0.26,1,2.0,0.01,0.0
1875,3601,-0.26,1,2.0,0.01,0.0
1876,3601,-0.26,1,2.0,0.01,0.0
1877,3601,-0.26,1,2.0,0.01,0.0
1878,3601,-0.26,1,2.0,0.01,0.0
1879,3601,-0.26,1,2.0,0.01,0.0
1880,3601,-0.26,1,2.0,0.01,0.0
1881,3601,-0.26,1,2.0,0.01,0.0
1882,3601,-0.26,1,2.0,0.01,0.0
1883,3601,-0.26,1,2.0,0.01,0.0
1884,3601,-0.26,1,2.0,0.01,0.0
1885,3601,-0.26,1,2.0,0.01,0.0
1886,3601,-0.26,1,2.0,0.01,0.0
1887,3601,-0.26,1,2.0,0.01,0.0
1888,3601,-0.26,1,2.0,0.01,0.0
1889,3601,-0.26,1,2.0,0.01,0.0
1890,3601,-0.26,1,2.0,0.01,0.0
1891,3601,-0.26,1,2.0,0.01,0.0
1892,3601,-0.26,1,2.0,0.01,0.0
1893,3601,-0.26,1,2.0,0.01,0.0
1894,3601,-0.26,1,2.0,0.01,0.0
1895,3601,-0.26,1,2.0,0.01,0.0
1896,3601,-0.26,1,2.0,0.01,0.0
1897,3601,-0.26,1,2.0,0.01,0.0
1898,3601,-0.26,1,2.0,0.01,0.0
1899,3601,-0.26,1,2.0,0.01,0.0
1900,3601,-0.26,1,2.0,0.01,0.0
1901,3601,-0.26,1,2.0,0.01,0.0
1902,3601,-0.26,1,2.0,0.01,0.0
1903,3601,-0.26,1,2.0,0.01,0.0
1904,3601,-0.26,1,2.0,0.01,0.0
1905,3601,-0.26,1,2.0,0.01,0.0
1906,3601,-0.26,1,2.0,0.01,0.0
1907,3601,-0.26,1,2.0,0.01,0.0
1908,3601,-0.26,1,2.0,0.01,0.0
1909,3601,-0.26,1,2.0,0.01,0.0
1910,3601,-0.26,1,2.0,0.01,0.0
1911,3601,-0.26,1,2.0,0.01,0.0
1912,3601,-0.26,1,2.0,0.01,0.0
1913,3601,-0.26,1,2.0,0.01,0.0
1914,3601,-0.26,1,2.0,0.01,0.0
1915,3601,-0.26,1,2.0,0.01,0.0
1916,3601,-0.26,1,2.0,0.01,0.0
1917,3601,-0.26,1,2.0,0.01,0.0
1918,3601,-0.26,1,2.0,0.01,0.0
1919,3601,-0.26,1,2.0,0.01,0.0
1920,3601,-0.26,1,2.0,0.01,0.0
1921,3601,-0.26,1,2.0,0.01,0.0
1922,3601,-0.26,1,2.0,0.01,0.0
1923,3601,-0.26,1,2.0,0.01,0.0
1924,3601,-0.26,1,2.0,0.01,0.0
1925,3601,-0.26,1,2.0,0.01,0.0
1926,3601,-0.26,1,2.0,0.01,0.0
1927,3601,-0.26,1,2.0,0.01,0.0
1928,3601,-0.26,1,2.0,0.01,0.0
1929,3601,-0.26,1,2.0,0.01,0.0
1930,3601,-0.26,1,2.0,0.01,0.0
1931,3601,-0.26,1,2.0,0.01,0.0
1932,3601,-0.26,1,2.0,0.01,0.0
1933,3601,-0.26,1,2.0,0.01,0.0
1934,3601,-0.26,1,2.0,0.01,0.0
1935,3601,-0.26,1,2.0,0.01,0.0
1936,3601,-0.26,1,2.0,0.01,0.0
1937,3601,-0.26,1,2.0,0.01,0.0
1938,3601,-0.26,1,2.0,0.01,0.0
1939,3601,-0.26,1,2.0,0.01,0.0
1940,3601,-0.26,1,2.0,0.01,0.0
1941,3601,-0.26,1,2.0,0.01,0.0
1942,3601,-0.26,1,2.0,0.01,0.0
1943,3601,-0.26,1,2.0,0.01,0.0
1944,3601,-0.26,1,2.0,0.01,0.0
1945,3601,-0.26,1,2.0,0.01,0.0
1946,3601,-0.26,1,2.0,0.01,0.0
1947,3601,-0.26,1,2.0,0.01,0.0
1948,3601,-0.26,1,2.0,0.01,0.0
1949,3601,-0.26,1,2.0,0.01,0.0
1950,3601,-0.26,1,2.0,0.01,0.0
1951,3601,-0.26,1,2.0,0.01,0.0
1952,3601,-0.26,1,2.0,0.01,0.0
1953,3601,-0.26,1,2.0,0.01,0.0
1954,3601,-0.26,1,2.0,0.01,0.0
1955,3601,-0.26,1,2.0,0.01,0.0
1956,3601,-0.26,1,2.0,0.01,0.0
1957,3601,-0.26,1,2.0,0.01,0.0
1958,3601,-0.26,1,2.0,0.01,0.0
1959,3601,-0.26,1,2.0,0.01,0.0
1960,3601,-0.26,1,2.0,0.01,0.0
1961,3601,-0.26,1,2.0,0.01,0.0
1962,3601,-0.26,1,2.0,0.01,0.0
1963,3601,-0.26,1,2.0,0.01,0.0
1964,3601,-0.26,1,2.0,0.01,0.0
1965,3601,-0.26,1,2.0,0.01,0.0
1966,3601,-0.26,1,2.0,0.01,0.0
1967,3601,-0.26,1,2.0,0.01,0.0
1968,3601,-0.26,1,2.0,0.01,0.0
1969,3601,-0.26,1,2.0,0.01,0.0
1970,3601,-0.26,1,2.0,0.01,0.0
1971,3601,-0.26,1,2.0,0.01,0.0
1972,3601,-0.26,1,2.0,0.01,0.0
1973,3601,-0.26,1,2.0,0.01,0.0
1974,3601,-0.26,1,2.0,0.01,0.0
1975,3601,-0.26,1,2.0,0.01,0.0
1976,3601,-0.26,1,2.0,0.01,0.0
1977,3601,-0.26,1,2.0,0.01,0.0
1978,3601,-0.26,1,2.0,0.01,0.0
1979,3601,-0.26,1,2.0,0.01,0.0
1980,3601,-0.26,1,2.0,0.01,0.0
1981,3601,-0.26,1,2.0,0.01,0.0
1982,3601,-0.26,1,2.0,0.01,0.0
1983,3601,-0.26,1,2.0,0.01,0.0
1984,3601,-0.26,1,2.0,0.01,0.0
1985,3601,-0.26,1,2.0,0.01,0.0
1986,3601,-0.26,1,2.0,0.01,0.0
1987,3601,-0.26,1,2.0,0.01,0.0
1988,3601,-0.26,1,2.0,0.01,0.0
1989,3601,-0.26,1,2.0,0.01,0.0
1990,3601,-0.26,1,2.0,0.01,0.0
1991,3601,-0.26,1,2.0,0.01,0.0
1992,3601,-0.26,1,2.0,0.01,0.0
1993,3601,-0.26,1,2.0,0.01,0.0
1994,3601,-0.26,1,2.0,0.01,0.0
1995,3601,-0.26,1,2.0,0.01,0.0
1996,3601,-0.26,1,2.0,0.01,0.0
1997,3601,-0.26,1,2.0,0.01,0.0
1998,3601,-0.26,1,2.0,0.01,0.0
1999,3601,-0.26,1,2.0,0.01,0.0
2000,3601,-0.26,1,2.0,0.01,0.0
2001,3601,-0.26,1,2.0,0.01,0.0
2002,3601,-0.26,1,2.0,0.01,0.0
2003,3601,-0.26,1,2.0,0.01,0.0
2004,3601,-0.26,1,2.0,0.01,0.0
2005,3601,-0.26,1,2.0,0.01,0.0
2006,3601,-0.26,1,2.0,0.01,0.0
2007,3601,-0.26,1,2.0,0.01,0.0
2008,3601,-0.26,1,2.0,0.01,0.0
2009,3601,-0.26,1,2.0,0.01,0.0
2010,3601,-0.26,1,2.0,0.01,0.0
2011,3601,-0.26,1,2.0,0.01,0.0
2012,3601,-0.26,1,2.0,0.01,0.0
2013,3601,-0.26,1,2.0,0.01,0.0
2014,3601,-0.26,1,2.0,0.01,0.0
2015,3601,-0.26,1,2.0,0.01,0.0
2016,3601,-0.26,1,2.0,0.01,0.0
2017,3601,-0.26,1,2.0,0.01,0.0
2018,3601,-0.26,1,2.0,0.01,0.0
2019,3601,-0.26,1,2.0,0.01,0.0
2020,3601,-0.26,1,2.0,0.01,0.0
2021,3601,-0.26,1,2.0,0.01,0.0
2022,3601,-0.26,1,2.0,0.01,0.0
2023,3601,-0.26,1,2.0,0.01,0.0
2024,3601,-0.26,1,2.0,0.01,0.0
2025,3601,-0.26,1,2.0,0.01,0.0
2026,3601,-0.26,1,2.0,0.01,0.0
2027,3601,-0.26,1,2.0,0.01,0.0
2028,3601,-0.26,1,2.0,0.01,0.0
2029,3601,-0.26,1,2.0,0.01,0.0
2030,3601,-0.26,1,2.0,0.01,0.0
2031,3601,-0.26,1,2.0,0.01,0.0
2032,3601,-0.26,1,2.0,0.01,0.0
2033,3601,-0.26,1,2.0,0.01,0.0
2034,3601,-0.26,1,2.0,0.01,0.0
2035,3601,-0.26,1,2.0,0.01,0.0
2036,3601,-0.26,1,2.0,0.01,0.0
2037,3601,-0.26,1,2.0,0.01,0.0
2038,3601,-0.26,1,2.0,0.01,0.0
2039,3601,-0.26,1,2.0,0.01,0.0
2040,3601,-0.26,1,2.0,0.01,0.0
2041,3601,-0.26,1,2.0,0.01,0.0
2042,3601,-0.26,1,2.0,0.01,0.0
2043,3601,-0.26,1,2.0,0.01,0.0
2044,3601,-0.26,1,2.0,0.01,0.0
2045,3601,-0.26,1,2.0,0.01,0.0
2046,3601,-0.26,1,2.0,0.01,0.0
2047,3601,-0.26,1,2.0,0.01,0.0
2048,3601,-0.26,1,2.0,0.01,0.0
2049,3601,-0.26,1,2.0,0.01,0.0
2050,3601,-0.26,1,2.0,0.01,0.0
2051,3601,-0.26,1,2.0,0.01,0.0
2052,3601,-0.26,1,2.0,0.01,0.0
2053,3601,-0.26,1,2.0,0.01,0.0
2054,3601,-0.26,1,2.0,0.01,0.0
2055,3601,-0.26,1,2.0,0.01,0.0
2056,3601,-0.26,1,2.0,0.01,0.0
2057,3601,-0.26,1,2.0,0.01,0.0
2058,3601,-0.26,1,2.0,0.01,0.0
2059,3601,-0.26,1,2.0,0.01,0.0
2060,3601,-0.26,1,2.0,0.01,0.0
2061,3601,-0.26,1,2.0,0.01,0.0
2062,3601,-0.26,1,2.0,0.01,0.0
2063,3601,-0.26,1,2.0,0.01,0.0
2064,3601,-0.26,1,2.0,0.01,0.0
2065,3601,-0.26,1,2.0,0.01,0.0
2066,3601,-0.26,1,2.0,0.01,0.0
2067,3601,-0.26,1,2.0,0.01,0.0
2068,3601,-0.26,1,2.0,0.01,0.0
2069,3601,-0.26,1,2.0,0.01,0.0
2070,3601,-0.26,1,2.0,0.01,0.0
2071,3601,-0.26,1,2.0,0.01,0.0
2072,3601,-0.26,1,2.0,0.01,0.0
2073,3601,-0.26,1,2.0,0.01,0.0
2074,3601,-0.26,1,2.0,0.01,0.0
2075,3601,-0.26,1,2.0,0.01,0.0
2076,3601,-0.26,1,2.0,0.01,0.0
2077,3601,-0.26,1,2.0,0.01,0.0
2078,3601,-0.26,1,2.0,0.01,0.0
2079,3601,-0.26,1,2.0,0.01,0.0
2080,3601,-0.26,1,2.0,0.01,0.0
2081,3601,-0.26,1,2.0,0.01,0.0
2082,3601,-0.26,1,2.0,0.01,0.0
2083,3601,-0.26,1,2.0,0.01,0.0
2084,3601,-0.26,1,2.0,0.01,0.0
2085,3601,-0.26,1,2.0,0.01,0.0
2086,3601,-0.26,1,2.0,0.01,0.0
2087,3601,-0.26,1,2.0,0.01,0.0
2088,3601,-0.26,1,2.0,0.01,0.0
2089,3601,-0.26,1,2.0,0.01,0.0
2090,3601,-0.26,1,2.0,0.01,0.0
2091,3601,-0.26,1,2.0,0.01,0.0
2092,3601,-0.26,1,2.0,0.01,0.0
2093,3601,-0.26,1,2.0,0.01,0.0
2094,3601,-0.26,1,2.0,0.01,0.0
2095,3601,-0.26,1,2.0,0.01,0.0
2096,3601,-0.26,1,2.0,0.01,0.0
2097,3601,-0.26,1,2.0,0.01,0.0
2098,3601,-0.26,1,2.0,0.01,0.0
2099,3601,-0.26,1,2.0,0.01,0.0
2100,3601,-0.26,1,2.0,0.01,0.0
2101,3601,-0.26,1,2.0,0.01,0.0
2102,3601,-0.26,1,2.0,0.01,0.0
2103,3601,-0.26,1,2.0,0.01,0.0
2104,3601,-0.26,1,2.0,0.01,0.0
2105,3601,-0.26,1,2.0,0.01,0.0
2106,3601,-0.26,1,2.0,0.01,0.0
2107,3601,-0.26,1,2.0,0.01,0.0
2108,3601,-0.26,1,2.0,0.01,0.0
2109,3601,-0.26,1,2.0,0.01,0.0
2110,3601,-0.26,1,2.0,0.01,0.0
2111,3601,-0.26,1,2.0,0.01,0.0
2112,3601,-0.26,1,2.0,0.01,0.0
2113,3601,-0.26,1,2.0,0.01,0.0
2114,3601,-0.26,1,2.0,0.01,0.0
2115,3601,-0.26,1,2.0,0.01,0.0
2116,3601,-0.26,1,2.0,0.01,0.0
2117,3601,-0.26,1,2.0,0.01,0.0
2118,3601,-0.26,1,2.0,0.01,0.0
2119,3601,-0.26,1,2.0,0.01,0.0
2120,3601,-0.26,1,2.0,0.01,0.0
2121,3601,-0.26,1,2.0,0.01,0.0
2122,3601,-0.26,1,2.0,0.01,0.0
2123,3601,-0.26,1,2.0,0.01,0.0
2124,3601,-0.26,1,2.0,0.01,0.0
2125,3601,-0.26,1,2.0,0.01,0.0
2126,3601,-0.26,1,2.0,0.01,0.0
2127,3601,-0.26,1,2.0,0.01,0.0
2128,3601,-0.26,1,2.0,0.01,0.0
2129,3601,-0.26,1,2.0,0.01,0.0
2130,3601,-0.26,1,2.0,0.01,0.0
2131,3601,-0.26,1,2.0,0.01,0.0
2132,3601,-0.26,1,2.0,0.01,0.0
2133,3601,-0.26,1,2.0,0.01,0.0
2134,3601,-0.26,1,2.0,0.01,0.0
2135,3601,-0.26,1,2.0,0.01,0.0
2136,3601,-0.26,1,2.0,0.01,0.0
2137,3601,-0.26,1,2.0,0.01,0.0
2138,3601,-0.26,1,2.0,0.01,0.0
2139,3601,-0.26,1,2.0,0.01,0.0
2140,3601,-0.26,1,2.0,0.01,0.0
2141,3601,-0.26,1,2.0,0.01,0.0
2142,3601,-0.26,1,2.0,0.01,0.0
2143,3601,-0.26,1,2.0,0.01,0.0
2144,3601,-0.26,1,2.0,0.01,0.0
2145,3601,-0.26,1,2.0,0.01,0.0
2146,3601,-0.26,1,2.0,0.01,0.0
2147,3601,-0.26,1,2.0,0.01,0.0
2148,3601,-0.26,1,2.0,0.01,0.0
2149,3601,-0.26,1,2.0,0.01,0.0
2150,3601,-0.26,1,2.0,0.01,0.0
2151,3601,-0.26,1,2.0,0.01,0.0
2152,3601,-0.26,1,2.0,0.01,0.0
2153,3601,-0.26,1,2.0,0.01,0.0
2154,3601,-0.26,1,2.0,0.01,0.0
2155,3601,-0.26,1,2.0,0.01,0.0
2156,3601,-0.26,1,2.0,0.01,0.0
2157,3601,-0.26,1,2.0,0.01,0.0
2158,3601,-0.26,1,2.0,0.01,0.0
2159,3601,-0.26,1,2.0,0.01,0.0
2160,3601,-0.26,1,2.0,0.01,0.0
2161,3601,-0.26,1,2.0,0.01,0.0
2162,3601,-0.26,1,2.0,0.01,0.0
2163,3601,-0.26,1,2.0,0.01,0.0
2164,3601,-0.26,1,2.0,0.01,0.0
2165,3601,-0.26,1,2.0,0.01,0.0
2166,3601,-0.26,1,2.0,0.01,0.0
2167,3601,-0.26,1,2.0,0.01,0.0
2168,3601,-0.26,1,2.0,0.01,0.0
2169,3601,-0.26,1,2.0,0.01,0.0
2170,3601,-0.26,1,2.0,0.01,0.0
2171,3601,-0.26,1,2.0,0.01,0.0
2172,3601,-0.26,1,2.0,0.01,0.0
2173,3601,-0.26,1,2.0,0.01,0.0
2174,3601,-0.26,1,2.0,0.01,0.0
2175,3601,-0.26,1,2.0,0.01,0.0
2176,3601,-0.26,1,2.0,0.01,0.0
2177,3601,-0.26,1,2.0,0.01,0.0
2178,3601,-0.26,1,2.0,0.01,0.0
2179,3601,-0.26,1,2.0,0.01,0.0
2180,3601,-0.26,1,2.0,0.01,0.0
2181,3601,-0.26,1,2.0,0.01,0.0
2182,3601,-0.26,1,2.0,0.01,0.0
2183,3601,-0.26,1,2.0,0.01,0.0
2184,3601,-0.26,1,2.0,0.01,0.0
2185,3601,-0.26,1,2.0,0.01,0.0
2186,3601,-0.26,1,2.0,0.01,0.0
2187,3601,-0.26,1,2.0,0.01,0.0
2188,3601,-0.26,1,2.0,0.01,0.0
2189,3601,-0.26,1,2.0,0.01,0.0
2190,3601,-0.26,1,2.0,0.01,0.0
2191,3601,-0.26,1,2.0,0.01,0.0
2192,3601,-0.26,1,2.0,0.01,0.0
2193,3601,-0.26,1,2.0,0.01,0.0
2194,3601,-0.26,1,2.0,0.01,0.0
2195,3601,-0.26,1,2.0,0.01,0.0
2196,3601,-0.26,1,2.0,0.01,0.0
2197,3601,-0.26,1,2.0,0.01,0.0
2198,3601,-0.26,1,2.0,0.01,0.0
2199,3601,-0.26,1,2.0,0.01,0.0
2200,3601,-0.26,1,2.0,0.01,0.0
2201,3601,-0.26,1,2.0,0.01,0.0
2202,3601,-0.26,1,2.0,0.01,0.0
2203,3601,-0.26,1,2.0,0.01,0.0
2204,3601,-0.26,1,2.0,0.01,0.0
2205,3601,-0.26,1,2.0,0.01,0.0
2206,3601,-0.26,1,2.0,0.01,0.0
2207,3601,-0.26,1,2.0,0.01,0.0
2208,3601,-0.26,1,2.0,0.01,0.0
2209,3601,-0.26,1,2.0,0.01,0.0
2210,3601,-0.26,1,2.0,0.01,0.0
2211,3601,-0.26,1,2.0,0.01,0.0
2212,3601,-0.26,1,2.0,0.01,0.0
2213,3601,-0.26,1,2.0,0.01,0.0
2214,3601,-0.26,1,2.0,0.01,0.0
2215,3601,-0.26,1,2.0,0.01,0.0
2216,3601,-0.26,1,2.0,0.01,0.0
2217,3601,-0.26,1,2.0,0.01,0.0
2218,3601,-0.26,1,2.0,0.01,0.0
2219,3601,-0.26,1,2.0,0.01,0.0
2220,3601,-0.26,1,2.0,0.01,0.0
2221,3601,-0.26,1,2.0,0.01,0.0
2222,3601,-0.26,1,2.0,0.01,0.0
2223,3601,-0.26,1,2.0,0.01,0.0
2224,3601,-0.26,1,2.0,0.01,0.0
2225,3601,-0.26,1,2.0,0.01,0.0
2226,3601,-0.26,1,2.0,0.01,0.0
2227,3601,-0.26,1,2.0,0.01,0.0
2228,3601,-0.26,1,2.0,0.01,0.0
2229,3601,-0.26,1,2.0,0.01,0.0
2230,3601,-0.26,1,2.0,0.01,0.0
2231,3601,-0.26,1,2.0,0.01,0.0
2232,3601,-0.26,1,2.0,0.01,0.0
2233,3601,-0.26,1,2.0,0.01,0.0
2234,3601,-0.26,1,2.0,0.01,0.0
2235,3601,-0.26,1,2.0,0.01,0.0
2236,3601,-0.26,1,2.0,0.01,0.0
2237,3601,-0.26,1,2.0,0.01,0.0
2238,3601,-0.26,1,2.0,0.01,0.0
2239,3601,-0.26,1,2.0,0.01,0.0
2240,3601,-0.26,1,2.0,0.01,0.0
2241,3601,-0.26,1,2.0,0.01,0.0
2242,3601,-0.26,1,2.0,0.01,0.0
2243,3601,-0.26,1,2.0,0.01,0.0
2244,3601,-0.26,1,2.0,0.01,0.0
2245,3601,-0.26,1,2.0,0.01,0.0
2246,3601,-0.26,1,2.0,0.01,0.0
2247,3601,-0.26,1,2.0,0.01,0.0
2248,3601,-0.26,1,2.0,0.01,0.0
2249,3601,-0.26,1,2.0,0.01,0.0
2250,3601,-0.26,1,2.0,0.01,0.0
2251,3601,-0.26,1,2.0,0.01,0.0
2252,3601,-0.26,1,2.0,0.01,0.0
2253,3601,-0.26,1,2.0,0.01,0.0
2254,3601,-0.26,1,2.0,0.01,0.0
2255,3601,-0.26,1,2.0,0.01,0.0
2256,3601,-0.26,1,2.0,0.01,0.0
2257,3601,-0.26,1,2.0,0.01,0.0
2258,3601,-0.26,1,2.0,0.01,0.0
2259,3601,-0.26,1,2.0,0.01,0.0
2260,3601,-0.26,1,2.0,0.01,0.0
2261,3601,-0.26,1,2.0,0.01,0.0
2262,3601,-0.26,1,2.0,0.01,0.0
2263,3601,-0.26,1,2.0,0.01,0.0
2264,3601,-0.26,1,2.0,0.01,0.0
2265,3601,-0.26,1,2.0,0.01,0.0
2266,3601,-0.26,1,2.0,0.01,0.0
2267,3601,-0.26,1,2.0,0.01,0.0
2268,3601,-0.26,1,2.0,0.01,0.0
2269,3601,-0.26,1,2.0,0.01,0.0
2270,3601,-0.26,1,2.0,0.01,0.0
2271,3601,-0.26,1,2.0,0.01,0.0
2272,3601,-0.26,1,2.0,0.01,0.0
2273,3601,-0.26,1,2.0,0.01,0.0
2274,3601,-0.26,1,2.0,0.01,0.0
2275,3601,-0.26,1,2.0,0.01,0.0
2276,3601,-0.26,1,2.0,0.01,0.0
2277,3601,-0.26,1,2.0,0.01,0.0
2278,3601,-0.26,1,2.0,0.01,0.0
2279,3601,-0.26,1,2.0,0.01,0.0
2280,3601,-0.26,1,2.0,0.01,0.0
2281,3601,-0.26,1,2.0,0.01,0.0
2282,3601,-0.26,1,2.0,0.01,0.0
2283,3601,-0.26,1,2.0,0.01,0.0
2284,3601,-0.26,1,2.0,0.01,0.0
2285,3601,-0.26,1,2.0,0.01,0.0
2286,3601,-0.26,1,2.0,0.01,0.0
2287,3601,-0.26,1,2.0,0.01,0.0
2288,3601,-0.26,1,2.0,0.01,0.0
2289,3601,-0.26,1,2.0,0.01,0.0
2290,3601,-0.26,1,2.0,0.01,0.0
2291,3601,-0.26,1,2.0,0.01,0.0
2292,3601,-0.26,1,2.0,0.01,0.0
2293,3601,-0.26,1,2.0,0.01,0.0
2294,3601,-0.26,1,2.0,0.01,0.0
2295,3601,-0.26,1,2.0,0.01,0.0
2296,3601,-0.26,1,2.0,0.01,0.0
2297,3601,-0.26,1,2.0,0.01,0.0
2298,3601,-0.26,1,2.0,0.01,0.0
2299,3601,-0.26,1,2.0,0.01,0.0
2300,3601,-0.26,1,2.0,0.01,0.0
2301,3601,-0.26,1,2.0,0.01,0.0
2302,3601,-0.26,1,2.0,0.01,0.0
2303,3601,-0.26,1,2.0,0.01,0.0
2304,3601,-0.26,1,2.0,0.01,0.0
2305,3601,-0.26,1,2.0,0.01,0.0
2306,3601,-0.26,1,2.0,0.01,0.0
2307,3601,-0.26,1,2.0,0.01,0.0
2308,3601,-0.26,1,2.0,0.01,0.0
2309,3601,-0.26,1,2.0,0.01,0.0
2310,3601,-0.26,1,2.0,0.01,0.0
2311,3601,-0.26,1,2.0,0.01,0.0
2312,3601,-0.26,1,2.0,0.01,0.0
2313,3601,-0.26,1,2.0,0.01,0.0
2314,3601,-0.26,1,2.0,0.01,0.0
2315,3601,-0.26,1,2.0,0.01,0.0
2316,3601,-0.26,1,2.0,0.01,0.0
2317,3601,-0.26,1,2.0,0.01,0.0
2318,3601,-0.26,1,2.0,0.01,0.0
2319,3601,-0.26,1,2.0,0.01,0.0
2320,3601,-0.26,1,2.0,0.01,0.0
2321,3601,-0.26,1,2.0,0.01,0.0
2322,3601,-0.26,1,2.0,0.01,0.0
2323,3601,-0.26,1,2.0,0.01,0.0
2324,3601,-0.26,1,2.0,0.01,0.0
2325,3601,-0.26,1,2.0,0.01,0.0
2326,3601,-0.26,1,2.0,0.01,0.0
2327,3601,-0.26,1,2.0,0.01,0.0
2328,3601,-0.26,1,2.0,0.01,0.0
2329,3601,-0.26,1,2.0,0.01,0.0
2330,3601,-0.26,1,2.0,0.01,0.0
2331,3601,-0.26,1,2.0,0.01,0.0
2332,3601,-0.26,1,2.0,0.01,0.0
2333,3601,-0.26,1,2.0,0.01,0.0
2334,3601,-0.26,1,2.0,0.01,0.0
2335,3601,-0.26,1,2.0,0.01,0.0
2336,3601,-0.26,1,2.0,0.01,0.0
2337,3601,-0.26,1,2.0,0.01,0.0
2338,3601,-0.26,1,2.0,0.01,0.0
2339,3601,-0.26,1,2.0,0.01,0.0
2340,3601,-0.26,1,2.0,0.01,0.0
2341,3601,-0.26,1,2.0,0.01,0.0
2342,3601,-0.26,1,2.0,0.01,0.0
2343,3601,-0.26,1,2.0,0.01,0.0
2344,3601,-0.26,1,2.0,0.01,0.0
2345,3601,-0.26,1,2.0,0.01,0.0
2346,3601,-0.26,1,2.0,0.01,0.0
2347,3601,-0.26,1,2.0,0.01,0.0
2348,3601,-0.26,1,2.0,0.01,0.0
2349,3601,-0.26,1,2.0,0.01,0.0
2350,3601,-0.26,1,2.0,0.01,0.0
2351,3601,-0.26,1,2.0,0.01,0.0
2352,3601,-0.26,1,2.0,0.01,0.0
2353,3601,-0.26,1,2.0,0.01,0.0
2354,3601,-0.26,1,2.0,0.01,0.0
2355,3601,-0.26,1,2.0,0.01,0.0
2356,3601,-0.26,1,2.0,0.01,0.0
2357,3601,-0.26,1,2.0,0.01,0.0
2358,3601,-0.26,1,2.0,0.01,0.0
2359,3601,-0.26,1,2.0,0.01,0.0
2360,3601,-0.26,1,2.0,0.01,0.0
2361,3601,-0.26,1,2.0,0.01,0.0
2362,3601,-0.26,1,2.0,0.01,0.0
2363,3601,-0.26,1,2.0,0.01,0.0
2364,3601,-0.26,1,2.0,0.01,0.0
2365,3601,-0.26,1,2.0,0.01,0.0
2366,3601,-0.26,1,2.0,0.01,0.0
2367,3601,-0.26,1,2.0,0.01,0.0
2368,3601,-0.26,1,2.0,0.01,0.0
2369,3601,-0.26,1,2.0,0.01,0.0
2370,3601,-0.26,1,2.0,0.01,0.0
2371,3601,-0.26,1,2.0,0.01,0.0
2372,3601,-0.26,1,2.0,0.01,0.0
2373,3601,-0.26,1,2.0,0.01,0.0
2374,3601,-0.26,1,2.0,0.01,0.0
2375,3601,-0.26,1,2.0,0.01,0.0
2376,3601,-0.26,1,2.0,0.01,0.0
2377,3601,-0.26,1,2.0,0.01,0.0
2378,3601,-0.26,1,2.0,0.01,0.0
2379,3601,-0.26,1,2.0,0.01,0.0
2380,3601,-0.26,1,2.0,0.01,0.0
2381,3601,-0.26,1,2.0,0.01,0.0
2382,3601,-0.26,1,2.0,0.01,0.0
2383,3601,-0.26,1,2.0,0.01,0.0
2384,3601,-0.26,1,2.0,0.01,0.0
2385,3601,-0.26,1,2.0,0.01,0.0
2386,3601,-0.26,1,2.0,0.01,0.0
2387,3601,-0.26,1,2.0,0.01,0.0
2388,3601,-0.26,1,2.0,0.01,0.0
2389,3601,-0.26,1,2.0,0.01,0.0
2390,3601,-0.26,1,2.0,0.01,0.0
2391,3601,-0.26,1,2.0,0.01,0.0
2392,3601,-0.26,1,2.0,0.01,0.0
2393,3601,-0.26,1,2.0,0.01,0.0
2394,3601,-0.26,1,2.0,0.01,0.0
2395,3601,-0.26,1,2.0,0.01,0.0
2396,3601,-0.26,1,2.0,0.01,0.0
2397,3601,-0.26,1,2.0,0.01,0.0
2398,3601,-0.26,1,2.0,0.01,0.0
2399,3601,-0.26,1,2.0,0.01,0.0
2400,3601,-0.26,1,2.0,0.01,0.0
2401,3601,-0.26,1,2.0,0.01,0.0
2402,3601,-0.26,1,2.0,0.01,0.0
2403,3601,-0.26,1,2.0,0.01,0.0
2404,3601,-0.26,1,2.0,0.01,0.0
2405,3601,-0.26,1,2.0,0.01,0.0
2406,3601,-0.26,1,2.0,0.01,0.0
2407,3601,-0.26,1,2.0,0.01,0.0
2408,3601,-0.26,1,2.0,0.01,0.0
2409,3601,-0.26,1,2.0,0.01,0.0
2410,3601,-0.26,1,2.0,0.01,0.0
2411,3601,-0.26,1,2.0,0.01,0.0
2412,3601,-0.26,1,2.0,0.01,0.0
2413,3601,-0.26,1,2.0,0.01,0.0
2414,3601,-0.26,1,2.0,0.01,0.0
2415,3601,-0.26,1,2.0,0.01,0.0
2416,3601,-0.26,1,2.0,0.01,0.0
2417,3601,-0.26,1,2.0,0.01,0.0
2418,3601,-0.26,1,2.0,0.01,0.0
2419,3601,-0.26,1,2.0,0.01,0.0
2420,3601,-0.26,1,2.0,0.01,0.0
2421,3601,-0.26,1,2.0,0.01,0.0
2422,3601,-0.26,1,2.0,0.01,0.0
2423,3601,-0.26,1,2.0,0.01,0.0
2424,3601,-0.26,1,2.0,0.01,0.0
2425,3601,-0.26,1,2.0,0.01,0.0
2426,3601,-0.26,1,2.0,0.01,0.0
2427,3601,-0.26,1,2.0,0.01,0.0
2428,3601,-0.26,1,2.0,0.01,0.0
2429,3601,-0.26,1,2.0,0.01,0.0
2430,3601,-0.26,1,2.0,0.01,0.0
2431,3601,-0.26,1,2.0,0.01,0.0
2432,3601,-0.26,1,2.0,0.01,0.0
2433,3601,-0.26,1,2.0,0.01,0.0
2434,3601,-0.26,1,2.0,0.01,0.0
2435,3601,-0.26,1,2.0,0.01,0.0
2436,3601,-0.26,1,2.0,0.01,0.0
2437,3601,-0.26,1,2.0,0.01,0.0
2438,3601,-0.26,1,2.0,0.01,0.0
2439,3601,-0.26,1,2.0,0.01,0.0
2440,3601,-0.26,1,2.0,0.01,0.0
2441,3601,-0.26,1,2.0,0.01,0.0
2442,3601,-0.26,1,2.0,0.01,0.0
2443,3601,-0.26,1,2.0,0.01,0.0
2444,3601,-0.26,1,2.0,0.01,0.0
2445,3601,-0.26,1,2.0,0.01,0.0
2446,3601,-0.26,1,2.0,0.01,0.0
2447,3601,-0.26,1,2.0,0.01,0.0
2448,3601,-0.26,1,2.0,0.01,0.0
2449,3601,-0.26,1,2.0,0.01,0.0
2450,3601,-0.26,1,2.0,0.01,0.0
2451,3601,-0.26,1,2.0,0.01,0.0
2452,3601,-0.26,1,2.0,0.01,0.0
2453,3601,-0.26,1,2.0,0.01,0.0
2454,3601,-0.26,1,2.0,0.01,0.0
2455,3601,-0.26,1,2.0,0.01,0.0
2456,3601,-0.26,1,2.0,0.01,0.0
2457,3601,-0.26,1,2.0,0.01,0.0
2458,3601,-0.26,1,2.0,0.01,0.0
2459,3601,-0.26,1,2.0,0.01,0.0
2460,3601,-0.26,1,2.0,0.01,0.0
2461,3601,-0.26,1,2.0,0.01,0.0
2462,3601,-0.26,1,2.0,0.01,0.0
2463,3601,-0.26,1,2.0,0.01,0.0
2464,3601,-0.26,1,2.0,0.01,0.0
2465,3601,-0.26,1,2.0,0.01,0.0
2466,3601,-0.26,1,2.0,0.01,0.0
2467,3601,-0.26,1,2.0,0.01,0.0
2468,3601,-0.26,1,2.0,0.01,0.0
2469,3601,-0.26,1,2.0,0.01,0.0
2470,3601,-0.26,1,2.0,0.01,0.0
2471,3601,-0.26,1,2.0,0.01,0.0
2472,3601,-0.26,1,2.0,0.01,0.0
2473,3601,-0.26,1,2.0,0.01,0.0
2474,3601,-0.26,1,2.0,0.01,0.0
2475,3601,-0.26,1,2.0,0.01,0.0
2476,3601,-0.26,1,2.0,0.01,0.0
2477,3601,-0.26,1,2.0,0.01,0.0
2478,3601,-0.26,1,2.0,0.01,0.0
2479,3601,-0.26,1,2.0,0.01,0.0
2480,3601,-0.26,1,2.0,0.01,0.0
2481,3601,-0.26,1,2.0,0.01,0.0
2482,3601,-0.26,1,2.0,0.01,0.0
2483,3601,-0.26,1,2.0,0.01,0.0
2484,3601,-0.26,1,2.0,0.01,0.0
2485,3601,-0.26,1,2.0,0.01,0.0
2486,3601,-0.26,1,2.0,0.01,0.0
2487,3601,-0.26,1,2.0,0.01,0.0
2488,3601,-0.26,1,2.0,0.01,0.0
2489,3601,-0.26,1,2.0,0.01,0.0
2490,3601,-0.26,1,2.0,0.01,0.0
2491,3601,-0.26,1,2.0,0.01,0.0
2492,3601,-0.26,1,2.0,0.01,0.0
2493,3601,-0.26,1,2.0,0.01,0.0
2494,3601,-0.26,1,2.0,0.01,0.0
2495,3601,-0.26,1,2.0,0.01,0.0
2496,3601,-0.26,1,2.0,0.01,0.0
2497,3601,-0.26,1,2.0,0.01,0.0
2498,3601,-0.26,1,2.0,0.01,0.0
2499,3601,-0.26,1,2.0,0.01,0.0
2500,3601,-0.26,1,2.0,0.01,0.0
2501,3601,-0.26,1,2.0,0.01,0.0
2502,3601,-0.26,1,2.0,0.01,0.0
2503,3601,-0.26,1,2.0,0.01,0.0
2504,3601,-0.26,1,2.0,0.01,0.0
2505,3601,-0.26,1,2.0,0.01,0.0
2506,3601,-0.26,1,2.0,0.01,0.0
2507,3601,-0.26,1,2.0,0.01,0.0
2508,3601,-0.26,1,2.0,0.01,0.0
2509,3601,-0.26,1,2.0,0.01,0.0
2510,3601,-0.26,1,2.0,0.01,0.0
2511,3601,-0.26,1,2.0,0.01,0.0
2512,3601,-0.26,1,2.0,0.01,0.0
2513,3601,-0.26,1,2.0,0.01,0.0
2514,3601,-0.26,1,2.0,0.01,0.0
2515,3601,-0.26,1,2.0,0.01,0.0
2516,3601,-0.26,1,2.0,0.01,0.0
2517,3601,-0.26,1,2.0,0.01,0.0
2518,3601,-0.26,1,2.0,0.01,0.0
2519,3601,-0.26,1,2.0,0.01,0.0
2520,3601,-0.26,1,2.0,0.01,0.0
2521,3601,-0.26,1,2.0,0.01,0.0
2522,3601,-0.26,1,2.0,0.01,0.0
2523,3601,-0.26,1,2.0,0.01,0.0
2524,3601,-0.26,1,2.0,0.01,0.0
2525,3601,-0.26,1,2.0,0.01,0.0
2526,3601,-0.26,1,2.0,0.01,0.0
2527,3601,-0.26,1,2.0,0.01,0.0
2528,3601,-0.26,1,2.0,0.01,0.0
2529,3601,-0.26,1,2.0,0.01,0.0
2530,3601,-0.26,1,2.0,0.01,0.0
2531,3601,-0.26,1,2.0,0.01,0.0
2532,3601,-0.26,1,2.0,0.01,0.0
2533,3601,-0.26,1,2.0,0.01,0.0
2534,3601,-0.26,1,2.0,0.01,0.0
2535,3601,-0.26,1,2.0,0.01,0.0
2536,3601,-0.26,1,2.0,0.01,0.0
2537,3601,-0.26,1,2.0,0.01,0.0
2538,3601,-0.26,1,2.0,0.01,0.0
2539,3601,-0.26,1,2.0,0.01,0.0
2540,3601,-0.26,1,2.0,0.01,0.0
2541,3601,-0.26,1,2.0,0.01,0.0
2542,3601,-0.26,1,2.0,0.01,0.0
2543,3601,-0.26,1,2.0,0.01,0.0
2544,3601,-0.26,1,2.0,0.01,0.0
2545,3601,-0.26,1,2.0,0.01,0.0
2546,3601,-0.26,1,2.0,0.01,0.0
2547,3601,-0.26,1,2.0,0.01,0.0
2548,3601,-0.26,1,2.0,0.01,0.0
2549,3601,-0.26,1,2.0,0.01,0.0
2550,3601,-0.26,1,2.0,0.01,0.0
2551,3601,-0.26,1,2.0,0.01,0.0
2552,3601,-0.26,1,2.0,0.01,0.0
2553,3601,-0.26,1,2.0,0.01,0.0
2554,3601,-0.26,1,2.0,0.01,0.0
2555,3601,-0.26,1,2.0,0.01,0.0
2556,3601,-0.26,1,2.0,0.01,0.0
2557,3601,-0.26,1,2.0,0.01,0.0
2558,3601,-0.26,1,2.0,0.01,0.0
2559,3601,-0.26,1,2.0,0.01,0.0
2560,3601,-0.26,1,2.0,0.01,0.0
2561,3601,-0.26,1,2.0,0.01,0.0
2562,3601,-0.26,1,2.0,0.01,0.0
2563,3601,-0.26,1,2.0,0.01,0.0
2564,3601,-0.26,1,2.0,0.01,0.0
2565,3601,-0.26,1,2.0,0.01,0.0
2566,3601,-0.26,1,2.0,0.01,0.0
2567,3601,-0.26,1,2.0,0.01,0.0
2568,3601,-0.26,1,2.0,0.01,0.0
2569,3601,-0.26,1,2.0,0.01,0.0
2570,3601,-0.26,1,2.0,0.01,0.0
2571,3601,-0.26,1,2.0,0.01,0.0
2572,3601,-0.26,1,2.0,0.01,0.0
2573,3601,-0.26,1,2.0,0.01,0.0
2574,3601,-0.26,1,2.0,0.01,0.0
2575,3601,-0.26,1,2.0,0.01,0.0
2576,3601,-0.26,1,2.0,0.01,0.0
2577,3601,-0.26,1,2.0,0.01,0.0
2578,3601,-0.26,1,2.0,0.01,0.0
2579,3601,-0.26,1,2.0,0.01,0.0
2580,3601,-0.26,1,2.0,0.01,0.0
2581,3601,-0.26,1,2.0,0.01,0.0
2582,3601,-0.26,1,2.0,0.01,0.0
2583,3601,-0.26,1,2.0,0.01,0.0
2584,3601,-0.26,1,2.0,0.01,0.0
2585,3601,-0.26,1,2.0,0.01,0.0
2586,3601,-0.26,1,2.0,0.01,0.0
2587,3601,-0.26,1,2.0,0.01,0.0
2588,3601,-0.26,1,2.0,0.01,0.0
2589,3601,-0.26,1,2.0,0.01,0.0
2590,3601,-0.26,1,2.0,0.01,0.0
2591,3601,-0.26,1,2.0,0.01,0.0
2592,3601,-0.26,1,2.0,0.01,0.0
2593,3601,-0.26,1,2.0,0.01,0.0
2594,3601,-0.26,1,2.0,0.01,0.0
2595,3601,-0.26,1,2.0,0.01,0.0
2596,3601,-0.26,1,2.0,0.01,0.0
2597,3601,-0.26,1,2.0,0.01,0.0
2598,3601,-0.26,1,2.0,0.01,0.0
2599,3601,-0.26,1,2.0,0.01,0.0
2600,3601,-0.26,1,2.0,0.01,0.0
2601,3601,-0.26,1,2.0,0.01,0.0
2602,3601,-0.26,1,2.0,0.01,0.0
2603,3601,-0.26,1,2.0,0.01,0.0
2604,3601,-0.26,1,2.0,0.01,0.0
2605,3601,-0.26,1,2.0,0.01,0.0
2606,3601,-0.26,1,2.0,0.01,0.0
2607,3601,-0.26,1,2.0,0.01,0.0
2608,3601,-0.26,1,2.0,0.01,0.0
2609,3601,-0.26,1,2.0,0.01,0.0
2610,3601,-0.26,1,2.0,0.01,0.0
2611,3601,-0.26,1,2.0,0.01,0.0
2612,3601,-0.26,1,2.0,0.01,0.0
2613,3601,-0.26,1,2.0,0.01,0.0
2614,3601,-0.26,1,2.0,0.01,0.0
2615,3601,-0.26,1,2.0,0.01,0.0
2616,3601,-0.26,1,2.0,0.01,0.0
2617,3601,-0.26,1,2.0,0.01,0.0
2618,3601,-0.26,1,2.0,0.01,0.0
2619,3601,-0.26,1,2.0,0.01,0.0
2620,3601,-0.26,1,2.0,0.01,0.0
2621,3601,-0.26,1,2.0,0.01,0.0
2622,3601,-0.26,1,2.0,0.01,0.0
2623,3601,-0.26,1,2.0,0.01,0.0
2624,3601,-0.26,1,2.0,0.01,0.0
2625,3601,-0.26,1,2.0,0.01,0.0
2626,3601,-0.26,1,2.0,0.01,0.0
2627,3601,-0.26,1,2.0,0.01,0.0
2628,3601,-0.26,1,2.0,0.01,0.0
2629,3601,-0.26,1,2.0,0.01,0.0
2630,3601,-0.26,1,2.0,0.01,0.0
2631,3601,-0.26,1,2.0,0.01,0.0
2632,3601,-0.26,1,2.0,0.01,0.0
2633,3601,-0.26,1,2.0,0.01,0.0
2634,3601,-0.26,1,2.0,0.01,0.0
2635,3601,-0.26,1,2.0,0.01,0.0
2636,3601,-0.26,1,2.0,0.01,0.0
2637,3601,-0.26,1,2.0,0.01,0.0
2638,3601,-0.26,1,2.0,0.01,0.0
2639,3601,-0.26,1,2.0,0.01,0.0
2640,3601,-0.26,1,2.0,0.01,0.0
2641,3601,-0.26,1,2.0,0.01,0.0
2642,3601,-0.26,1,2.0,0.01,0.0
2643,3601,-0.26,1,2.0,0.01,0.0
2644,3601,-0.26,1,2.0,0.01,0.0
2645,3601,-0.26,1,2.0,0.01,0.0
2646,3601,-0.26,1,2.0,0.01,0.0
2647,3601,-0.26,1,2.0,0.01,0.0
2648,3601,-0.26,1,2.0,0.01,0.0
2649,3601,-0.26,1,2.0,0.01,0.0
2650,3601,-0.26,1,2.0,0.01,0.0
2651,3601,-0.26,1,2.0,0.01,0.0
2652,3601,-0.26,1,2.0,0.01,0.0
2653,3601,-0.26,1,2.0,0.01,0.0
2654,3601,-0.26,1,2.0,0.01,0.0
2655,3601,-0.26,1,2.0,0.01,0.0
2656,3601,-0.26,1,2.0,0.01,0.0
2657,3601,-0.26,1,2.0,0.01,0.0
2658,3601,-0.26,1,2.0,0.01,0.0
2659,3601,-0.26,1,2.0,0.01,0.0
2660,3601,-0.26,1,2.0,0.01,0.0
2661,3601,-0.26,1,2.0,0.01,0.0
2662,3601,-0.26,1,2.0,0.01,0.0
2663,3601,-0.26,1,2.0,0.01,0.0
2664,3601,-0.26,1,2.0,0.01,0.0
2665,3601,-0.26,1,2.0,0.01,0.0
2666,3601,-0.26,1,2.0,0.01,0.0
2667,3601,-0.26,1,2.0,0.01,0.0
2668,3601,-0.26,1,2.0,0.01,0.0
2669,3601,-0.26,1,2.0,0.01,0.0
2670,3601,-0.26,1,2.0,0.01,0.0
2671,3601,-0.26,1,2.0,0.01,0.0
2672,3601,-0.26,1,2.0,0.01,0.0
2673,3601,-0.26,1,2.0,0.01,0.0
2674,3601,-0.26,1,2.0,0.01,0.0
2675,3601,-0.26,1,2.0,0.01,0.0
2676,3601,-0.26,1,2.0,0.01,0.0
2677,3601,-0.26,1,2.0,0.01,0.0
2678,3601,-0.26,1,2.0,0.01,0.0
2679,3601,-0.26,1,2.0,0.01,0.0
2680,3601,-0.26,1,2.0,0.01,0.0
2681,3601,-0.26,1,2.0,0.01,0.0
2682,3601,-0.26,1,2.0,0.01,0.0
2683,3601,-0.26,1,2.0,0.01,0.0
2684,3601,-0.26,1,2.0,0.01,0.0
2685,3601,-0.26,1,2.0,0.01,0.0
2686,3601,-0.26,1,2.0,0.01,0.0
2687,3601,-0.26,1,2.0,0.01,0.0
2688,3601,-0.26,1,2.0,0.01,0.0
2689,3601,-0.26,1,2.0,0.01,0.0
2690,3601,-0.26,1,2.0,0.01,0.0
2691,3601,-0.26,1,2.0,0.01,0.0
2692,3601,-0.26,1,2.0,0.01,0.0
2693,3601,-0.26,1,2.0,0.01,0.0
2694,3601,-0.26,1,2.0,0.01,0.0
2695,3601,-0.26,1,2.0,0.01,0.0
2696,3601,-0.26,1,2.0,0.01,0.0
2697,3601,-0.26,1,2.0,0.01,0.0
2698,3601,-0.26,1,2.0,0.01,0.0
2699,3601,-0.26,1,2.0,0.01,0.0
2700,3601,-0.26,1,2.0,0.01,0.0
2701,3601,-0.26,1,2.0,0.01,0.0
2702,3601,-0.26,1,2.0,0.01,0.0
2703,3601,-0.26,1,2.0,0.01,0.0
2704,3601,-0.26,1,2.0,0.01,0.0
2705,3601,-0.26,1,2.0,0.01,0.0
2706,3601,-0.26,1,2.0,0.01,0.0
2707,3601,-0.26,1,2.0,0.01,0.0
2708,3601,-0.26,1,2.0,0.01,0.0
2709,3601,-0.26,1,2.0,0.01,0.0
2710,3601,-0.26,1,2.0,0.01,0.0
2711,3601,-0.26,1,2.0,0.01,0.0
2712,3601,-0.26,1,2.0,0.01,0.0
2713,3601,-0.26,1,2.0,0.01,0.0
2714,3601,-0.26,1,2.0,0.01,0.0
2715,3601,-0.26,1,2.0,0.01,0.0
2716,3601,-0.26,1,2.0,0.01,0.0
2717,3601,-0.26,1,2.0,0.01,0.0
2718,3601,-0.26,1,2.0,0.01,0.0
2719,3601,-0.26,1,2.0,0.01,0.0
2720,3601,-0.26,1,2.0,0.01,0.0
2721,3601,-0.26,1,2.0,0.01,0.0
2722,3601,-0.26,1,2.0,0.01,0.0
2723,3601,-0.26,1,2.0,0.01,0.0
2724,3601,-0.26,1,2.0,0.01,0.0
2725,3601,-0.26,1,2.0,0.01,0.0
2726,3601,-0.26,1,2.0,0.01,0.0
2727,3601,-0.26,1,2.0,0.01,0.0
2728,3601,-0.26,1,2.0,0.01,0.0
2729,3601,-0.26,1,2.0,0.01,0.0
2730,3601,-0.26,1,2.0,0.01,0.0
2731,3601,-0.26,1,2.0,0.01,0.0
2732,3601,-0.26,1,2.0,0.01,0.0
2733,3601,-0.26,1,2.0,0.01,0.0
2734,3601,-0.26,1,2.0,0.01,0.0
2735,3601,-0.26,1,2.0,0.01,0.0
2736,3601,-0.26,1,2.0,0.01,0.0
2737,3601,-0.26,1,2.0,0.01,0.0
2738,3601,-0.26,1,2.0,0.01,0.0
2739,3601,-0.26,1,2.0,0.01,0.0
2740,3601,-0.26,1,2.0,0.01,0.0
2741,3601,-0.26,1,2.0,0.01,0.0
2742,3601,-0.26,1,2.0,0.01,0.0
2743,3601,-0.26,1,2.0,0.01,0.0
2744,3601,-0.26,1,2.0,0.01,0.0
2745,3601,-0.26,1,2.0,0.01,0.0
2746,3601,-0.26,1,2.0,0.01,0.0
2747,3601,-0.26,1,2.0,0.01,0.0
2748,3601,-0.26,1,2.0,0.01,0.0
2749,3601,-0.26,1,2.0,0.01,0.0
2750,3601,-0.26,1,2.0,0.01,0.0
2751,3601,-0.26,1,2.0,0.01,0.0
2752,3601,-0.26,1,2.0,0.01,0.0
2753,3601,-0.26,1,2.0,0.01,0.0
2754,3601,-0.26,1,2.0,0.01,0.0
2755,3601,-0.26,1,2.0,0.01,0.0
2756,3601,-0.26,1,2.0,0.01,0.0
2757,3601,-0.26,1,2.0,0.01,0.0
2758,3601,-0.26,1,2.0,0.01,0.0
2759,3601,-0.26,1,2.0,0.01,0.0
2760,3601,-0.26,1,2.0,0.01,0.0
2761,3601,-0.26,1,2.0,0.01,0.0
2762,3601,-0.26,1,2.0,0.01,0.0
2763,3601,-0.26,1,2.0,0.01,0.0
2764,3601,-0.26,1,2.0,0.01,0.0
2765,3601,-0.26,1,2.0,0.01,0.0
2766,3601,-0.26,1,2.0,0.01,0.0
2767,3601,-0.26,1,2.0,0.01,0.0
2768,3601,-0.26,1,2.0,0.01,0.0
2769,3601,-0.26,1,2.0,0.01,0.0
2770,3601,-0.26,1,2.0,0.01,0.0
2771,3601,-0.26,1,2.0,0.01,0.0
2772,3601,-0.26,1,2.0,0.01,0.0
2773,3601,-0.26,1,2.0,0.01,0.0
2774,3601,-0.26,1,2.0,0.01,0.0
2775,3601,-0.26,1,2.0,0.01,0.0
2776,3601,-0.26,1,2.0,0.01,0.0
2777,3601,-0.26,1,2.0,0.01,0.0
2778,3601,-0.26,1,2.0,0.01,0.0
2779,3601,-0.26,1,2.0,0.01,0.0
2780,3601,-0.26,1,2.0,0.01,0.0
2781,3601,-0.26,1,2.0,0.01,0.0
2782,3601,-0.26,1,2.0,0.01,0.0
2783,3601,-0.26,1,2.0,0.01,0.0
2784,3601,-0.26,1,2.0,0.01,0.0
2785,3601,-0.26,1,2.0,0.01,0.0
2786,3601,-0.26,1,2.0,0.01,0.0
2787,3601,-0.26,1,2.0,0.01,0.0
2788,3601,-0.26,1,2.0,0.01,0.0
2789,3601,-0.26,1,2.0,0.01,0.0
2790,3601,-0.26,1,2.0,0.01,0.0
2791,3601,-0.26,1,2.0,0.01,0.0
2792,3601,-0.26,1,2.0,0.01,0.0
2793,3601,-0.26,1,2.0,0.01,0.0
2794,3601,-0.26,1,2.0,0.01,0.0
2795,3601,-0.26,1,2.0,0.01,0.0
2796,3601,-0.26,1,2.0,0.01,0.0
2797,3601,-0.26,1,2.0,0.01,0.0
2798,3601,-0.26,1,2.0,0.01,0.0
2799,3601,-0.26,1,2.0,0.01,0.0
2800,3601,-0.26,1,2.0,0.01,0.0
2801,3601,-0.26,1,2.0,0.01,0.0
2802,3601,-0.26,1,2.0,0.01,0.0
2803,3601,-0.26,1,2.0,0.01,0.0
2804,3601,-0.26,1,2.0,0.01,0.0
2805,3601,-0.26,1,2.0,0.01,0.0
2806,3601,-0.26,1,2.0,0.01,0.0
2807,3601,-0.26,1,2.0,0.01,0.0
2808,3601,-0.26,1,2.0,0.01,0.0
2809,3601,-0.26,1,2.0,0.01,0.0
2810,3601,-0.26,1,2.0,0.01,0.0
2811,3601,-0.26,1,2.0,0.01,0.0
2812,3601,-0.26,1,2.0,0.01,0.0
2813,3601,-0.26,1,2.0,0.01,0.0
2814,3601,-0.26,1,2.0,0.01,0.0
2815,3601,-0.26,1,2.0,0.01,0.0
2816,3601,-0.26,1,2.0,0.01,0.0
2817,3601,-0.26,1,2.0,0.01,0.0
2818,3601,-0.26,1,2.0,0.01,0.0
2819,3601,-0.26,1,2.0,0.01,0.0
2820,3601,-0.26,1,2.0,0.01,0.0
2821,3601,-0.26,1,2.0,0.01,0.0
2822,3601,-0.26,1,2.0,0.01,0.0
2823,3601,-0.26,1,2.0,0.01,0.0
2824,3601,-0.26,1,2.0,0.01,0.0
2825,3601,-0.26,1,2.0,0.01,0.0
2826,3601,-0.26,1,2.0,0.01,0.0
2827,3601,-0.26,1,2.0,0.01,0.0
2828,3601,-0.26,1,2.0,0.01,0.0
2829,3601,-0.26,1,2.0,0.01,0.0
2830,3601,-0.26,1,2.0,0.01,0.0
2831,3601,-0.26,1,2.0,0.01,0.0
2832,3601,-0.26,1,2.0,0.01,0.0
2833,3601,-0.26,1,2.0,0.01,0.0
2834,3601,-0.26,1,2.0,0.01,0.0
2835,3601,-0.26,1,2.0,0.01,0.0
2836,3601,-0.26,1,2.0,0.01,0.0
2837,3601,-0.26,1,2.0,0.01,0.0
2838,3601,-0.26,1,2.0,0.01,0.0
2839,3601,-0.26,1,2.0,0.01,0.0
2840,3601,-0.26,1,2.0,0.01,0.0
2841,3601,-0.26,1,2.0,0.01,0.0
2842,3601,-0.26,1,2.0,0.01,0.0
2843,3601,-0.26,1,2.0,0.01,0.0
2844,3601,-0.26,1,2.0,0.01,0.0
2845,3601,-0.26,1,2.0,0.01,0.0
2846,3601,-0.26,1,2.0,0.01,0.0
2847,3601,-0.26,1,2.0,0.01,0.0
2848,3601,-0.26,1,2.0,0.01,0.0
2849,3601,-0.26,1,2.0,0.01,0.0
2850,3601,-0.26,1,2.0,0.01,0.0
2851,3601,-0.26,1,2.0,0.01,0.0
2852,3601,-0.26,1,2.0,0.01,0.0
2853,3601,-0.26,1,2.0,0.01,0.0
2854,3601,-0.26,1,2.0,0.01,0.0
2855,3601,-0.26,1,2.0,0.01,0.0
2856,3601,-0.26,1,2.0,0.01,0.0
2857,3601,-0.26,1,2.0,0.01,0.0
2858,3601,-0.26,1,2.0,0.01,0.0
2859,3601,-0.26,1,2.0,0.01,0.0
2860,3601,-0.26,1,2.0,0.01,0.0
2861,3601,-0.26,1,2.0,0.01,0.0
2862,3601,-0.26,1,2.0,0.01,0.0
2863,3601,-0.26,1,2.0,0.01,0.0
2864,3601,-0.26,1,2.0,0.01,0.0
2865,3601,-0.26,1,2.0,0.01,0.0
2866,3601,-0.26,1,2.0,0.01,0.0
2867,3601,-0.26,1,2.0,0.01,0.0
2868,3601,-0.26,1,2.0,0.01,0.0
2869,3601,-0.26,1,2.0,0.01,0.0
2870,3601,-0.26,1,2.0,0.01,0.0
2871,3601,-0.26,1,2.0,0.01,0.0
2872,3601,-0.26,1,2.0,0.01,0.0
2873,3601,-0.26,1,2.0,0.01,0.0
2874,3601,-0.26,1,2.0,0.01,0.0
2875,3601,-0.26,1,2.0,0.01,0.0
2876,3601,-0.26,1,2.0,0.01,0.0
2877,3601,-0.26,1,2.0,0.01,0.0
2878,3601,-0.26,1,2.0,0.01,0.0
2879,3601,-0.26,1,2.0,0.01,0.0
2880,3601,-0.26,1,2.0,0.01,0.0
2881,3601,-0.26,1,2.0,0.01,0.0
2882,3601,-0.26,1,2.0,0.01,0.0
2883,3601,-0.26,1,2.0,0.01,0.0
2884,3601,-0.26,1,2.0,0.01,0.0
2885,3601,-0.26,1,2.0,0.01,0.0
2886,3601,-0.26,1,2.0,0.01,0.0
2887,3601,-0.26,1,2.0,0.01,0.0
2888,3601,-0.26,1,2.0,0.01,0.0
2889,3601,-0.26,1,2.0,0.01,0.0
2890,3601,-0.26,1,2.0,0.01,0.0
2891,3601,-0.26,1,2.0,0.01,0.0
2892,3601,-0.26,1,2.0,0.01,0.0
2893,3601,-0.26,1,2.0,0.01,0.0
2894,3601,-0.26,1,2.0,0.01,0.0
2895,3601,-0.26,1,2.0,0.01,0.0
2896,3601,-0.26,1,2.0,0.01,0.0
2897,3601,-0.26,1,2.0,0.01,0.0
2898,3601,-0.26,1,2.0,0.01,0.0
2899,3601,-0.26,1,2.0,0.01,0.0
2900,3601,-0.26,1,2.0,0.01,0.0
2901,3601,-0.26,1,2.0,0.01,0.0
2902,3601,-0.26,1,2.0,0.01,0.0
2903,3601,-0.26,1,2.0,0.01,0.0
2904,3601,-0.26,1,2.0,0.01,0.0
2905,3601,-0.26,1,2.0,0.01,0.0
2906,3601,-0.26,1,2.0,0.01,0.0
2907,3601,-0.26,1,2.0,0.01,0.0
2908,3601,-0.26,1,2.0,0.01,0.0
2909,3601,-0.26,1,2.0,0.01,0.0
2910,3601,-0.26,1,2.0,0.01,0.0
2911,3601,-0.26,1,2.0,0.01,0.0
2912,3601,-0.26,1,2.0,0.01,0.0
2913,3601,-0.26,1,2.0,0.01,0.0
2914,3601,-0.26,1,2.0,0.01,0.0
2915,3601,-0.26,1,2.0,0.01,0.0
2916,3601,-0.26,1,2.0,0.01,0.0
2917,3601,-0.26,1,2.0,0.01,0.0
2918,3601,-0.26,1,2.0,0.01,0.0
2919,3601,-0.26,1,2.0,0.01,0.0
2920,3601,-0.26,1,2.0,0.01,0.0
2921,3601,-0.26,1,2.0,0.01,0.0
2922,3601,-0.26,1,2.0,0.01,0.0
2923,3601,-0.26,1,2.0,0.01,0.0
2924,3601,-0.26,1,2.0,0.01,0.0
2925,3601,-0.26,1,2.0,0.01,0.0
2926,3601,-0.26,1,2.0,0.01,0.0
2927,3601,-0.26,1,2.0,0.01,0.0
2928,3601,-0.26,1,2.0,0.01,0.0
2929,3601,-0.26,1,2.0,0.01,0.0
2930,3601,-0.26,1,2.0,0.01,0.0
2931,3601,-0.26,1,2.0,0.01,0.0
2932,3601,-0.26,1,2.0,0.01,0.0
2933,3601,-0.26,1,2.0,0.01,0.0
2934,3601,-0.26,1,2.0,0.01,0.0
2935,3601,-0.26,1,2.0,0.01,0.0
2936,3601,-0.26,1,2.0,0.01,0.0
2937,3601,-0.26,1,2.0,0.01,0.0
2938,3601,-0.26,1,2.0,0.01,0.0
2939,3601,-0.26,1,2.0,0.01,0.0
2940,3601,-0.26,1,2.0,0.01,0.0
2941,3601,-0.26,1,2.0,0.01,0.0
2942,3601,-0.26,1,2.0,0.01,0.0
2943,3601,-0.26,1,2.0,0.01,0.0
2944,3601,-0.26,1,2.0,0.01,0.0
2945,3601,-0.26,1,2.0,0.01,0.0
2946,3601,-0.26,1,2.0,0.01,0.0
2947,3601,-0.26,1,2.0,0.01,0.0
2948,3601,-0.26,1,2.0,0.01,0.0
2949,3601,-0.26,1,2.0,0.01,0.0
2950,3601,-0.26,1,2.0,0.01,0.0
2951,3601,-0.26,1,2.0,0.01,0.0
2952,3601,-0.26,1,2.0,0.01,0.0
2953,3601,-0.26,1,2.0,0.01,0.0
2954,3601,-0.26,1,2.0,0.01,0.0
2955,3601,-0.26,1,2.0,0.01,0.0
2956,3601,-0.26,1,2.0,0.01,0.0
2957,3601,-0.26,1,2.0,0.01,0.0
2958,3601,-0.26,1,2.0,0.01,0.0
2959,3601,-0.26,1,2.0,0.01,0.0
2960,3601,-0.26,1,2.0,0.01,0.0
2961,3601,-0.26,1,2.0,0.01,0.0
2962,3601,-0.26,1,2.0,0.01,0.0
2963,3601,-0.26,1,2.0,0.01,0.0
2964,3601,-0.26,1,2.0,0.01,0.0
2965,3601,-0.26,1,2.0,0.01,0.0
2966,3601,-0.26,1,2.0,0.01,0.0
2967,3601,-0.26,1,2.0,0.01,0.0
2968,3601,-0.26,1,2.0,0.01,0.0
2969,3601,-0.26,1,2.0,0.01,0.0
2970,3601,-0.26,1,2.0,0.01,0.0
2971,3601,-0.26,1,2.0,0.01,0.0
2972,3601,-0.26,1,2.0,0.01,0.0
2973,3601,-0.26,1,2.0,0.01,0.0
2974,3601,-0.26,1,2.0,0.01,0.0
2975,3601,-0.26,1,2.0,0.01,0.0
2976,3601,-0.26,1,2.0,0.01,0.0
2977,3601,-0.26,1,2.0,0.01,0.0
2978,3601,-0.26,1,2.0,0.01,0.0
2979,3601,-0.26,1,2.0,0.01,0.0
2980,3601,-0.26,1,2.0,0.01,0.0
2981,3601,-0.26,1,2.0,0.01,0.0
2982,3601,-0.26,1,2.0,0.01,0.0
2983,3601,-0.26,1,2.0,0.01,0.0
2984,3601,-0.26,1,2.0,0.01,0.0
2985,3601,-0.26,1,2.0,0.01,0.0
2986,3601,-0.26,1,2.0,0.01,0.0
2987,3601,-0.26,1,2.0,0.01,0.0
2988,3601,-0.26,1,2.0,0.01,0.0
2989,3601,-0.26,1,2.0,0.01,0.0
2990,3601,-0.26,1,2.0,0.01,0.0
2991,3601,-0.26,1,2.0,0.01,0.0
2992,3601,-0.26,1,2.0,0.01,0.0
2993,3601,-0.26,1,2.0,0.01,0.0
2994,3601,-0.26,1,2.0,0.01,0.0
2995,3601,-0.26,1,2.0,0.01,0.0
2996,3601,-0.26,1,2.0,0.01,0.0
2997,3601,-0.26,1,2.0,0.01,0.0
2998,3601,-0.26,1,2.0,0.01,0.0
2999,3601,-0.26,1,2.0,0.01,0.0
3000,3601,-0.26,1,2.0,0.01,0.0
3001,3601,-0.26,1,2.0,0.01,0.0
3002,3601,-0.26,1,2.0,0.01,0.0
3003,3601,-0.26,1,2.0,0.01,0.0
3004,3601,-0.26,1,2.0,0.01,0.0
3005,3601,-0.26,1,2.0,0.01,0.0
3006,3601,-0.26,1,2.0,0.01,0.0
3007,3601,-0.26,1,2.0,0.01,0.0
3008,3601,-0.26,1,2.0,0.01,0.0
3009,3601,-0.26,1,2.0,0.01,0.0
