TIME,PULSES,CONTROLLERVOLTAGE,CONTROLLER,KP,TAUD,TAUI 
NEXT EXPERIMENT0,0,0.0002,0,3.90625,0.0,0.0
1,0,0.0002,0,3.90625,0.0,0.0
2,0,0.0002,0,3.90625,0.0,0.0
3,0,0.0002,0,3.90625,0.0,0.0
4,0,0.0002,0,3.90625,0.0,0.0
5,0,0.0002,0,3.90625,0.0,0.0
6,0,0.0002,0,3.90625,0.0,0.0
7,0,0.0002,0,3.90625,0.0,0.0
8,0,0.0002,0,3.90625,0.0,0.0
9,0,0.0002,0,3.90625,0.0,0.0
10,0,1840.7771,0,3.90625,0.0,0.0
11,0,1840.7771,0,3.90625,0.0,0.0
12,1,1840.7771,0,3.90625,0.0,0.0
13,1,1840.7771,0,3.90625,0.0,0.0
14,1,1840.7771,0,3.90625,0.0,0.0
15,2,1840.7771,0,3.90625,0.0,0.0
16,3,1840.7771,0,3.90625,0.0,0.0
17,4,1840.7771,0,3.90625,0.0,0.0
18,5,1840.7771,0,3.90625,0.0,0.0
19,6,1840.7771,0,3.90625,0.0,0.0
20,7,1837.7091,0,3.90625,0.0,0.0
21,8,1837.7091,0,3.90625,0.0,0.0
22,10,1837.7091,0,3.90625,0.0,0.0
23,11,1837.7091,0,3.90625,0.0,0.0
24,13,1837.7091,0,3.90625,0.0,0.0
25,15,1837.7091,0,3.90625,0.0,0.0
26,16,1837.7091,0,3.90625,0.0,0.0
27,18,1837.7091,0,3.90625,0.0,0.0
28,20,1837.7091,0,3.90625,0.0,0.0
29,22,1837.7091,0,3.90625,0.0,0.0
30,24,1829.5278,0,3.90625,0.0,0.0
31,27,1829.5278,0,3.90625,0.0,0.0
32,29,1829.5278,0,3.90625,0.0,0.0
33,31,1829.5278,0,3.90625,0.0,0.0
34,34,1829.5278,0,3.90625,0.0,0.0
35,36,1829.5278,0,3.90625,0.0,0.0
36,39,1829.5278,0,3.90625,0.0,0.0
37,41,1829.5278,0,3.90625,0.0,0.0
38,44,1829.5278,0,3.90625,0.0,0.0
39,47,1829.5278,0,3.90625,0.0,0.0
40,49,1816.7446,0,3.90625,0.0,0.0
41,52,1816.7446,0,3.90625,0.0,0.0
42,55,1816.7446,0,3.90625,0.0,0.0
43,58,1816.7446,0,3.90625,0.0,0.0
44,61,1816.7446,0,3.90625,0.0,0.0
45,64,1816.7446,0,3.90625,0.0,0.0
46,67,1816.7446,0,3.90625,0.0,0.0
47,70,1816.7446,0,3.90625,0.0,0.0
48,73,1816.7446,0,3.90625,0.0,0.0
49,76,1816.7446,0,3.90625,0.0,0.0
50,79,1801.9163,0,3.90625,0.0,0.0
51,82,1801.9163,0,3.90625,0.0,0.0
52,86,1801.9163,0,3.90625,0.0,0.0
53,89,1801.9163,0,3.90625,0.0,0.0
54,92,1801.9163,0,3.90625,0.0,0.0
55,96,1801.9163,0,3.90625,0.0,0.0
56,99,1801.9163,0,3.90625,0.0,0.0
57,102,1801.9163,0,3.90625,0.0,0.0
58,106,1801.9163,0,3.90625,0.0,0.0
59,109,1801.9163,0,3.90625,0.0,0.0
60,113,1785.0424,0,3.90625,0.0,0.0
61,116,1785.0424,0,3.90625,0.0,0.0
62,120,1785.0424,0,3.90625,0.0,0.0
63,123,1785.0424,0,3.90625,0.0,0.0
64,127,1785.0424,0,3.90625,0.0,0.0
65,130,1785.0424,0,3.90625,0.0,0.0
66,134,1785.0424,0,3.90625,0.0,0.0
67,138,1785.0424,0,3.90625,0.0,0.0
68,140,1785.0424,0,3.90625,0.0,0.0
69,144,1785.0424,0,3.90625,0.0,0.0
70,148,1767.146,0,3.90625,0.0,0.0
71,151,1767.146,0,3.90625,0.0,0.0
72,155,1767.146,0,3.90625,0.0,0.0
73,159,1767.146,0,3.90625,0.0,0.0
74,163,1767.146,0,3.90625,0.0,0.0
75,166,1767.146,0,3.90625,0.0,0.0
76,170,1767.146,0,3.90625,0.0,0.0
77,174,1767.146,0,3.90625,0.0,0.0
78,178,1767.146,0,3.90625,0.0,0.0
79,182,1767.146,0,3.90625,0.0,0.0
80,186,1747.7156,0,3.90625,0.0,0.0
81,190,1747.7156,0,3.90625,0.0,0.0
82,193,1747.7156,0,3.90625,0.0,0.0
83,197,1747.7156,0,3.90625,0.0,0.0
84,201,1747.7156,0,3.90625,0.0,0.0
85,205,1747.7156,0,3.90625,0.0,0.0
86,209,1747.7156,0,3.90625,0.0,0.0
87,213,1747.7156,0,3.90625,0.0,0.0
88,217,1747.7156,0,3.90625,0.0,0.0
89,221,1747.7156,0,3.90625,0.0,0.0
90,225,1727.7738,0,3.90625,0.0,0.0
91,229,1727.7738,0,3.90625,0.0,0.0
92,233,1727.7738,0,3.90625,0.0,0.0
93,237,1727.7738,0,3.90625,0.0,0.0
94,241,1727.7738,0,3.90625,0.0,0.0
95,245,1727.7738,0,3.90625,0.0,0.0
96,249,1727.7738,0,3.90625,0.0,0.0
97,254,1727.7738,0,3.90625,0.0,0.0
98,258,1727.7738,0,3.90625,0.0,0.0
99,262,1727.7738,0,3.90625,0.0,0.0
100,266,1706.8094,0,3.90625,0.0,0.0
101,270,1706.8094,0,3.90625,0.0,0.0
102,274,1706.8094,0,3.90625,0.0,0.0
103,278,1706.8094,0,3.90625,0.0,0.0
104,282,1706.8094,0,3.90625,0.0,0.0
105,287,1706.8094,0,3.90625,0.0,0.0
106,291,1706.8094,0,3.90625,0.0,0.0
107,295,1706.8094,0,3.90625,0.0,0.0
108,299,1706.8094,0,3.90625,0.0,0.0
109,303,1706.8094,0,3.90625,0.0,0.0
110,307,1685.845,0,3.90625,0.0,0.0
111,311,1685.845,0,3.90625,0.0,0.0
112,315,1685.845,0,3.90625,0.0,0.0
113,319,1685.845,0,3.90625,0.0,0.0
114,324,1685.845,0,3.90625,0.0,0.0
115,328,1685.845,0,3.90625,0.0,0.0
116,332,1685.845,0,3.90625,0.0,0.0
117,336,1685.845,0,3.90625,0.0,0.0
118,340,1685.845,0,3.90625,0.0,0.0
119,345,1685.845,0,3.90625,0.0,0.0
120,349,1663.8579,0,3.90625,0.0,0.0
121,354,1663.8579,0,3.90625,0.0,0.0
122,359,1663.8579,0,3.90625,0.0,0.0
123,363,1663.8579,0,3.90625,0.0,0.0
124,367,1663.8579,0,3.90625,0.0,0.0
125,371,1663.8579,0,3.90625,0.0,0.0
126,375,1663.8579,0,3.90625,0.0,0.0
127,381,1663.8579,0,3.90625,0.0,0.0
128,386,1663.8579,0,3.90625,0.0,0.0
129,390,1663.8579,0,3.90625,0.0,0.0
130,394,1641.3596,0,3.90625,0.0,0.0
131,398,1641.3596,0,3.90625,0.0,0.0
132,403,1641.3596,0,3.90625,0.0,0.0
133,408,1641.3596,0,3.90625,0.0,0.0
134,412,1641.3596,0,3.90625,0.0,0.0
135,416,1641.3596,0,3.90625,0.0,0.0
136,420,1641.3596,0,3.90625,0.0,0.0
137,424,1641.3596,0,3.90625,0.0,0.0
138,429,1641.3596,0,3.90625,0.0,0.0
139,433,1641.3596,0,3.90625,0.0,0.0
140,437,1619.3724,0,3.90625,0.0,0.0
141,441,1619.3724,0,3.90625,0.0,0.0
142,447,1619.3724,0,3.90625,0.0,0.0
143,451,1619.3724,0,3.90625,0.0,0.0
144,453,1619.3724,0,3.90625,0.0,0.0
145,457,1619.3724,0,3.90625,0.0,0.0
146,461,1619.3724,0,3.90625,0.0,0.0
147,466,1619.3724,0,3.90625,0.0,0.0
148,470,1619.3724,0,3.90625,0.0,0.0
149,474,1619.3724,0,3.90625,0.0,0.0
150,478,1598.4081,0,3.90625,0.0,0.0
151,483,1598.4081,0,3.90625,0.0,0.0
152,488,1598.4081,0,3.90625,0.0,0.0
153,492,1598.4081,0,3.90625,0.0,0.0
154,496,1598.4081,0,3.90625,0.0,0.0
155,499,1598.4081,0,3.90625,0.0,0.0
156,503,1598.4081,0,3.90625,0.0,0.0
157,508,1598.4081,0,3.90625,0.0,0.0
158,512,1598.4081,0,3.90625,0.0,0.0
159,516,1598.4081,0,3.90625,0.0,0.0
160,520,1576.9323,0,3.90625,0.0,0.0
161,525,1576.9323,0,3.90625,0.0,0.0
162,529,1576.9323,0,3.90625,0.0,0.0
163,533,1576.9323,0,3.90625,0.0,0.0
164,538,1576.9323,0,3.90625,0.0,0.0
165,543,1576.9323,0,3.90625,0.0,0.0
166,547,1576.9323,0,3.90625,0.0,0.0
167,551,1576.9323,0,3.90625,0.0,0.0
168,555,1576.9323,0,3.90625,0.0,0.0
169,559,1576.9323,0,3.90625,0.0,0.0
170,564,1554.434,0,3.90625,0.0,0.0
171,568,1554.434,0,3.90625,0.0,0.0
172,572,1554.434,0,3.90625,0.0,0.0
173,577,1554.434,0,3.90625,0.0,0.0
174,581,1554.434,0,3.90625,0.0,0.0
175,585,1554.434,0,3.90625,0.0,0.0
176,590,1554.434,0,3.90625,0.0,0.0
177,595,1554.434,0,3.90625,0.0,0.0
178,600,1554.434,0,3.90625,0.0,0.0
179,604,1554.434,0,3.90625,0.0,0.0
180,608,1531.9355,0,3.90625,0.0,0.0
181,613,1531.9355,0,3.90625,0.0,0.0
182,617,1531.9355,0,3.90625,0.0,0.0
183,621,1531.9355,0,3.90625,0.0,0.0
184,625,1531.9355,0,3.90625,0.0,0.0
185,630,1531.9355,0,3.90625,0.0,0.0
186,634,1531.9355,0,3.90625,0.0,0.0
187,638,1531.9355,0,3.90625,0.0,0.0
188,642,1531.9355,0,3.90625,0.0,0.0
189,646,1531.9355,0,3.90625,0.0,0.0
190,651,1509.9485,0,3.90625,0.0,0.0
191,655,1509.9485,0,3.90625,0.0,0.0
192,659,1509.9485,0,3.90625,0.0,0.0
193,663,1509.9485,0,3.90625,0.0,0.0
194,668,1509.9485,0,3.90625,0.0,0.0
195,672,1509.9485,0,3.90625,0.0,0.0
196,677,1509.9485,0,3.90625,0.0,0.0
197,682,1509.9485,0,3.90625,0.0,0.0
198,687,1509.9485,0,3.90625,0.0,0.0
199,691,1509.9485,0,3.90625,0.0,0.0
200,696,1487.4501,0,3.90625,0.0,0.0
201,700,1487.4501,0,3.90625,0.0,0.0
202,705,1487.4501,0,3.90625,0.0,0.0
203,709,1487.4501,0,3.90625,0.0,0.0
204,713,1487.4501,0,3.90625,0.0,0.0
205,718,1487.4501,0,3.90625,0.0,0.0
206,722,1487.4501,0,3.90625,0.0,0.0
207,726,1487.4501,0,3.90625,0.0,0.0
208,731,1487.4501,0,3.90625,0.0,0.0
209,736,1487.4501,0,3.90625,0.0,0.0
210,741,1464.4403,0,3.90625,0.0,0.0
211,745,1464.4403,0,3.90625,0.0,0.0
212,749,1464.4403,0,3.90625,0.0,0.0
213,753,1464.4403,0,3.90625,0.0,0.0
214,758,1464.4403,0,3.90625,0.0,0.0
215,762,1464.4403,0,3.90625,0.0,0.0
216,766,1464.4403,0,3.90625,0.0,0.0
217,771,1464.4403,0,3.90625,0.0,0.0
218,775,1464.4403,0,3.90625,0.0,0.0
219,780,1464.4403,0,3.90625,0.0,0.0
220,784,1441.942,0,3.90625,0.0,0.0
221,789,1441.942,0,3.90625,0.0,0.0
222,793,1441.942,0,3.90625,0.0,0.0
223,796,1441.942,0,3.90625,0.0,0.0
224,800,1441.942,0,3.90625,0.0,0.0
225,806,1441.942,0,3.90625,0.0,0.0
226,810,1441.942,0,3.90625,0.0,0.0
227,814,1441.942,0,3.90625,0.0,0.0
228,818,1441.942,0,3.90625,0.0,0.0
229,823,1441.942,0,3.90625,0.0,0.0
230,827,1419.955,0,3.90625,0.0,0.0
231,831,1419.955,0,3.90625,0.0,0.0
232,835,1419.955,0,3.90625,0.0,0.0
233,840,1419.955,0,3.90625,0.0,0.0
234,845,1419.955,0,3.90625,0.0,0.0
235,849,1419.955,0,3.90625,0.0,0.0
236,853,1419.955,0,3.90625,0.0,0.0
237,858,1419.955,0,3.90625,0.0,0.0
238,862,1419.955,0,3.90625,0.0,0.0
239,866,1419.955,0,3.90625,0.0,0.0
240,871,1397.4567,0,3.90625,0.0,0.0
241,875,1397.4567,0,3.90625,0.0,0.0
242,879,1397.4567,0,3.90625,0.0,0.0
243,883,1397.4567,0,3.90625,0.0,0.0
244,888,1397.4567,0,3.90625,0.0,0.0
245,894,1397.4567,0,3.90625,0.0,0.0
246,898,1397.4567,0,3.90625,0.0,0.0
247,903,1397.4567,0,3.90625,0.0,0.0
248,907,1397.4567,0,3.90625,0.0,0.0
249,912,1397.4567,0,3.90625,0.0,0.0
250,916,1374.4469,0,3.90625,0.0,0.0
251,920,1374.4469,0,3.90625,0.0,0.0
252,925,1374.4469,0,3.90625,0.0,0.0
253,929,1374.4469,0,3.90625,0.0,0.0
254,933,1374.4469,0,3.90625,0.0,0.0
255,937,1374.4469,0,3.90625,0.0,0.0
256,942,1374.4469,0,3.90625,0.0,0.0
257,948,1374.4469,0,3.90625,0.0,0.0
258,952,1374.4469,0,3.90625,0.0,0.0
259,956,1374.4469,0,3.90625,0.0,0.0
260,961,1351.4373,0,3.90625,0.0,0.0
261,965,1351.4373,0,3.90625,0.0,0.0
262,969,1351.4373,0,3.90625,0.0,0.0
263,974,1351.4373,0,3.90625,0.0,0.0
264,979,1351.4373,0,3.90625,0.0,0.0
265,983,1351.4373,0,3.90625,0.0,0.0
266,987,1351.4373,0,3.90625,0.0,0.0
267,992,1351.4373,0,3.90625,0.0,0.0
268,996,1351.4373,0,3.90625,0.0,0.0
269,1000,1351.4373,0,3.90625,0.0,0.0
270,1004,1329.4501,0,3.90625,0.0,0.0
271,1009,1329.4501,0,3.90625,0.0,0.0
272,1013,1329.4501,0,3.90625,0.0,0.0
273,1017,1329.4501,0,3.90625,0.0,0.0
274,1021,1329.4501,0,3.90625,0.0,0.0
275,1025,1329.4501,0,3.90625,0.0,0.0
276,1029,1329.4501,0,3.90625,0.0,0.0
277,1034,1329.4501,0,3.90625,0.0,0.0
278,1038,1329.4501,0,3.90625,0.0,0.0
279,1043,1329.4501,0,3.90625,0.0,0.0
280,1047,1307.463,0,3.90625,0.0,0.0
281,1051,1307.463,0,3.90625,0.0,0.0
282,1055,1307.463,0,3.90625,0.0,0.0
283,1060,1307.463,0,3.90625,0.0,0.0
284,1064,1307.463,0,3.90625,0.0,0.0
285,1068,1307.463,0,3.90625,0.0,0.0
286,1073,1307.463,0,3.90625,0.0,0.0
287,1078,1307.463,0,3.90625,0.0,0.0
288,1082,1307.463,0,3.90625,0.0,0.0
289,1086,1307.463,0,3.90625,0.0,0.0
290,1092,1284.9647,0,3.90625,0.0,0.0
291,1096,1284.9647,0,3.90625,0.0,0.0
292,1100,1284.9647,0,3.90625,0.0,0.0
293,1104,1284.9647,0,3.90625,0.0,0.0
294,1109,1284.9647,0,3.90625,0.0,0.0
295,1113,1284.9647,0,3.90625,0.0,0.0
296,1117,1284.9647,0,3.90625,0.0,0.0
297,1122,1284.9647,0,3.90625,0.0,0.0
298,1126,1284.9647,0,3.90625,0.0,0.0
299,1130,1284.9647,0,3.90625,0.0,0.0
300,1134,1262.9775,0,3.90625,0.0,0.0
301,1139,1262.9775,0,3.90625,0.0,0.0
302,1143,1262.9775,0,3.90625,0.0,0.0
303,1147,1262.9775,0,3.90625,0.0,0.0
304,1151,1262.9775,0,3.90625,0.0,0.0
305,1156,1262.9775,0,3.90625,0.0,0.0
306,1160,1262.9775,0,3.90625,0.0,0.0
307,1164,1262.9775,0,3.90625,0.0,0.0
308,1168,1262.9775,0,3.90625,0.0,0.0
309,1172,1262.9775,0,3.90625,0.0,0.0
310,1176,1241.5018,0,3.90625,0.0,0.0
311,1181,1241.5018,0,3.90625,0.0,0.0
312,1186,1241.5018,0,3.90625,0.0,0.0
313,1191,1241.5018,0,3.90625,0.0,0.0
314,1195,1241.5018,0,3.90625,0.0,0.0
315,1199,1241.5018,0,3.90625,0.0,0.0
316,1204,1241.5018,0,3.90625,0.0,0.0
317,1208,1241.5018,0,3.90625,0.0,0.0
318,1212,1241.5018,0,3.90625,0.0,0.0
319,1216,1241.5018,0,3.90625,0.0,0.0
320,1221,1218.4922,0,3.90625,0.0,0.0
321,1225,1218.4922,0,3.90625,0.0,0.0
322,1229,1218.4922,0,3.90625,0.0,0.0
323,1233,1218.4922,0,3.90625,0.0,0.0
324,1237,1218.4922,0,3.90625,0.0,0.0
325,1241,1218.4922,0,3.90625,0.0,0.0
326,1245,1218.4922,0,3.90625,0.0,0.0
327,1249,1218.4922,0,3.90625,0.0,0.0
328,1254,1218.4922,0,3.90625,0.0,0.0
329,1258,1218.4922,0,3.90625,0.0,0.0
330,1262,1197.5277,0,3.90625,0.0,0.0
331,1267,1197.5277,0,3.90625,0.0,0.0
332,1270,1197.5277,0,3.90625,0.0,0.0
333,1274,1197.5277,0,3.90625,0.0,0.0
334,1278,1197.5277,0,3.90625,0.0,0.0
335,1283,1197.5277,0,3.90625,0.0,0.0
336,1287,1197.5277,0,3.90625,0.0,0.0
337,1291,1197.5277,0,3.90625,0.0,0.0
338,1295,1197.5277,0,3.90625,0.0,0.0
339,1299,1197.5277,0,3.90625,0.0,0.0
340,1304,1176.0521,0,3.90625,0.0,0.0
341,1308,1176.0521,0,3.90625,0.0,0.0
342,1312,1176.0521,0,3.90625,0.0,0.0
343,1317,1176.0521,0,3.90625,0.0,0.0
344,1321,1176.0521,0,3.90625,0.0,0.0
345,1326,1176.0521,0,3.90625,0.0,0.0
346,1330,1176.0521,0,3.90625,0.0,0.0
347,1337,1176.0521,0,3.90625,0.0,0.0
348,1341,1176.0521,0,3.90625,0.0,0.0
349,1345,1176.0521,0,3.90625,0.0,0.0
350,1350,1152.5309,0,3.90625,0.0,0.0
351,1354,1152.5309,0,3.90625,0.0,0.0
352,1358,1152.5309,0,3.90625,0.0,0.0
353,1362,1152.5309,0,3.90625,0.0,0.0
354,1367,1152.5309,0,3.90625,0.0,0.0
355,1371,1152.5309,0,3.90625,0.0,0.0
356,1376,1152.5309,0,3.90625,0.0,0.0
357,1380,1152.5309,0,3.90625,0.0,0.0
358,1385,1152.5309,0,3.90625,0.0,0.0
359,1389,1152.5309,0,3.90625,0.0,0.0
360,1393,1130.5439,0,3.90625,0.0,0.0
361,1397,1130.5439,0,3.90625,0.0,0.0
362,1402,1130.5439,0,3.90625,0.0,0.0
363,1406,1130.5439,0,3.90625,0.0,0.0
364,1410,1130.5439,0,3.90625,0.0,0.0
365,1415,1130.5439,0,3.90625,0.0,0.0
366,1419,1130.5439,0,3.90625,0.0,0.0
367,1423,1130.5439,0,3.90625,0.0,0.0
368,1427,1130.5439,0,3.90625,0.0,0.0
369,1432,1130.5439,0,3.90625,0.0,0.0
370,1436,1108.5569,0,3.90625,0.0,0.0
371,1440,1108.5569,0,3.90625,0.0,0.0
372,1444,1108.5569,0,3.90625,0.0,0.0
373,1449,1108.5569,0,3.90625,0.0,0.0
374,1453,1108.5569,0,3.90625,0.0,0.0
375,1457,1108.5569,0,3.90625,0.0,0.0
376,1461,1108.5569,0,3.90625,0.0,0.0
377,1466,1108.5569,0,3.90625,0.0,0.0
378,1470,1108.5569,0,3.90625,0.0,0.0
379,1474,1108.5569,0,3.90625,0.0,0.0
380,1478,1087.0812,0,3.90625,0.0,0.0
381,1482,1087.0812,0,3.90625,0.0,0.0
382,1486,1087.0812,0,3.90625,0.0,0.0
383,1490,1087.0812,0,3.90625,0.0,0.0
384,1494,1087.0812,0,3.90625,0.0,0.0
385,1499,1087.0812,0,3.90625,0.0,0.0
386,1503,1087.0812,0,3.90625,0.0,0.0
387,1507,1087.0812,0,3.90625,0.0,0.0
388,1513,1087.0812,0,3.90625,0.0,0.0
389,1517,1087.0812,0,3.90625,0.0,0.0
390,1521,1065.0941,0,3.90625,0.0,0.0
391,1525,1065.0941,0,3.90625,0.0,0.0
392,1530,1065.0941,0,3.90625,0.0,0.0
393,1535,1065.0941,0,3.90625,0.0,0.0
394,1539,1065.0941,0,3.90625,0.0,0.0
395,1543,1065.0941,0,3.90625,0.0,0.0
396,1547,1065.0941,0,3.90625,0.0,0.0
397,1552,1065.0941,0,3.90625,0.0,0.0
398,1556,1065.0941,0,3.90625,0.0,0.0
399,1560,1065.0941,0,3.90625,0.0,0.0
400,1565,1042.5956,0,3.90625,0.0,0.0
401,1570,1042.5956,0,3.90625,0.0,0.0
402,1574,1042.5956,0,3.90625,0.0,0.0
403,1578,1042.5956,0,3.90625,0.0,0.0
404,1583,1042.5956,0,3.90625,0.0,0.0
405,1587,1042.5956,0,3.90625,0.0,0.0
406,1591,1042.5956,0,3.90625,0.0,0.0
407,1595,1042.5956,0,3.90625,0.0,0.0
408,1600,1042.5956,0,3.90625,0.0,0.0
409,1604,1042.5956,0,3.90625,0.0,0.0
410,1608,1020.6086,0,3.90625,0.0,0.0
411,1613,1020.6086,0,3.90625,0.0,0.0
412,1618,1020.6086,0,3.90625,0.0,0.0
413,1622,1020.6086,0,3.90625,0.0,0.0
414,1625,1020.6086,0,3.90625,0.0,0.0
415,1630,1020.6086,0,3.90625,0.0,0.0
416,1634,1020.6086,0,3.90625,0.0,0.0
417,1638,1020.6086,0,3.90625,0.0,0.0
418,1642,1020.6086,0,3.90625,0.0,0.0
419,1647,1020.6086,0,3.90625,0.0,0.0
420,1651,998.6216,0,3.90625,0.0,0.0
421,1655,998.6216,0,3.90625,0.0,0.0
422,1660,998.6216,0,3.90625,0.0,0.0
423,1664,998.6216,0,3.90625,0.0,0.0
424,1669,998.6216,0,3.90625,0.0,0.0
425,1672,998.6216,0,3.90625,0.0,0.0
426,1675,998.6216,0,3.90625,0.0,0.0
427,1680,998.6216,0,3.90625,0.0,0.0
428,1684,998.6216,0,3.90625,0.0,0.0
429,1688,998.6216,0,3.90625,0.0,0.0
430,1693,977.1459,0,3.90625,0.0,0.0
431,1697,977.1459,0,3.90625,0.0,0.0
432,1701,977.1459,0,3.90625,0.0,0.0
433,1706,977.1459,0,3.90625,0.0,0.0
434,1710,977.1459,0,3.90625,0.0,0.0
435,1715,977.1459,0,3.90625,0.0,0.0
436,1719,977.1459,0,3.90625,0.0,0.0
437,1724,977.1459,0,3.90625,0.0,0.0
438,1729,977.1459,0,3.90625,0.0,0.0
439,1733,977.1459,0,3.90625,0.0,0.0
440,1737,954.6475,0,3.90625,0.0,0.0
441,1741,954.6475,0,3.90625,0.0,0.0
442,1746,954.6475,0,3.90625,0.0,0.0
443,1750,954.6475,0,3.90625,0.0,0.0
444,1754,954.6475,0,3.90625,0.0,0.0
445,1759,954.6475,0,3.90625,0.0,0.0
446,1763,954.6475,0,3.90625,0.0,0.0
447,1767,954.6475,0,3.90625,0.0,0.0
448,1772,954.6475,0,3.90625,0.0,0.0
449,1777,954.6475,0,3.90625,0.0,0.0
450,1781,932.1491,0,3.90625,0.0,0.0
451,1785,932.1491,0,3.90625,0.0,0.0
452,1789,932.1491,0,3.90625,0.0,0.0
453,1794,932.1491,0,3.90625,0.0,0.0
454,1798,932.1491,0,3.90625,0.0,0.0
455,1802,932.1491,0,3.90625,0.0,0.0
456,1807,932.1491,0,3.90625,0.0,0.0
457,1812,932.1491,0,3.90625,0.0,0.0
458,1816,932.1491,0,3.90625,0.0,0.0
459,1820,932.1491,0,3.90625,0.0,0.0
460,1825,909.6507,0,3.90625,0.0,0.0
461,1829,909.6507,0,3.90625,0.0,0.0
462,1833,909.6507,0,3.90625,0.0,0.0
463,1837,909.6507,0,3.90625,0.0,0.0
464,1842,909.6507,0,3.90625,0.0,0.0
465,1846,909.6507,0,3.90625,0.0,0.0
466,1850,909.6507,0,3.90625,0.0,0.0
467,1855,909.6507,0,3.90625,0.0,0.0
468,1859,909.6507,0,3.90625,0.0,0.0
469,1864,909.6507,0,3.90625,0.0,0.0
470,1869,887.6636,0,3.90625,0.0,0.0
471,1872,887.6636,0,3.90625,0.0,0.0
472,1877,887.6636,0,3.90625,0.0,0.0
473,1881,887.6636,0,3.90625,0.0,0.0
474,1885,887.6636,0,3.90625,0.0,0.0
475,1890,887.6636,0,3.90625,0.0,0.0
476,1894,887.6636,0,3.90625,0.0,0.0
477,1898,887.6636,0,3.90625,0.0,0.0
478,1902,887.6636,0,3.90625,0.0,0.0
479,1907,887.6636,0,3.90625,0.0,0.0
480,1912,865.6766,0,3.90625,0.0,0.0
481,1916,865.6766,0,3.90625,0.0,0.0
482,1920,865.6766,0,3.90625,0.0,0.0
483,1925,865.6766,0,3.90625,0.0,0.0
484,1929,865.6766,0,3.90625,0.0,0.0
485,1933,865.6766,0,3.90625,0.0,0.0
486,1937,865.6766,0,3.90625,0.0,0.0
487,1942,865.6766,0,3.90625,0.0,0.0
488,1946,865.6766,0,3.90625,0.0,0.0
489,1950,865.6766,0,3.90625,0.0,0.0
490,1955,843.1782,0,3.90625,0.0,0.0
491,1959,843.1782,0,3.90625,0.0,0.0
492,1963,843.1782,0,3.90625,0.0,0.0
493,1967,843.1782,0,3.90625,0.0,0.0
494,1971,843.1782,0,3.90625,0.0,0.0
495,1976,843.1782,0,3.90625,0.0,0.0
496,1980,843.1782,0,3.90625,0.0,0.0
497,1984,843.1782,0,3.90625,0.0,0.0
498,1989,843.1782,0,3.90625,0.0,0.0
499,1993,843.1782,0,3.90625,0.0,0.0
500,1997,821.7025,0,3.90625,0.0,0.0
501,2001,821.7025,0,3.90625,0.0,0.0
502,2006,821.7025,0,3.90625,0.0,0.0
503,2010,821.7025,0,3.90625,0.0,0.0
504,2015,821.7025,0,3.90625,0.0,0.0
505,2019,821.7025,0,3.90625,0.0,0.0
506,2024,821.7025,0,3.90625,0.0,0.0
507,2028,821.7025,0,3.90625,0.0,0.0
508,2032,821.7025,0,3.90625,0.0,0.0
509,2036,821.7025,0,3.90625,0.0,0.0
510,2041,799.2041,0,3.90625,0.0,0.0
511,2045,799.2041,0,3.90625,0.0,0.0
512,2049,799.2041,0,3.90625,0.0,0.0
513,2053,799.2041,0,3.90625,0.0,0.0
514,2058,799.2041,0,3.90625,0.0,0.0
515,2062,799.2041,0,3.90625,0.0,0.0
516,2067,799.2041,0,3.90625,0.0,0.0
517,2071,799.2041,0,3.90625,0.0,0.0
518,2076,799.2041,0,3.90625,0.0,0.0
519,2080,799.2041,0,3.90625,0.0,0.0
520,2084,777.217,0,3.90625,0.0,0.0
521,2089,777.217,0,3.90625,0.0,0.0
522,2093,777.217,0,3.90625,0.0,0.0
523,2097,777.217,0,3.90625,0.0,0.0
524,2101,777.217,0,3.90625,0.0,0.0
525,2106,777.217,0,3.90625,0.0,0.0
526,2110,777.217,0,3.90625,0.0,0.0
527,2115,777.217,0,3.90625,0.0,0.0
528,2119,777.217,0,3.90625,0.0,0.0
529,2124,777.217,0,3.90625,0.0,0.0
530,2128,754.7187,0,3.90625,0.0,0.0
531,2132,754.7187,0,3.90625,0.0,0.0
532,2136,754.7187,0,3.90625,0.0,0.0
533,2141,754.7187,0,3.90625,0.0,0.0
534,2145,754.7187,0,3.90625,0.0,0.0
535,2149,754.7187,0,3.90625,0.0,0.0
536,2154,754.7187,0,3.90625,0.0,0.0
537,2158,754.7187,0,3.90625,0.0,0.0
538,2160,754.7187,0,3.90625,0.0,0.0
539,2164,754.7187,0,3.90625,0.0,0.0
540,2169,733.7543,0,3.90625,0.0,0.0
541,2173,733.7543,0,3.90625,0.0,0.0
542,2177,733.7543,0,3.90625,0.0,0.0
543,2181,733.7543,0,3.90625,0.0,0.0
544,2186,733.7543,0,3.90625,0.0,0.0
545,2190,733.7543,0,3.90625,0.0,0.0
546,2194,733.7543,0,3.90625,0.0,0.0
547,2198,733.7543,0,3.90625,0.0,0.0
548,2203,733.7543,0,3.90625,0.0,0.0
549,2206,733.7543,0,3.90625,0.0,0.0
550,2210,712.7898,0,3.90625,0.0,0.0
551,2215,712.7898,0,3.90625,0.0,0.0
552,2220,712.7898,0,3.90625,0.0,0.0
553,2224,712.7898,0,3.90625,0.0,0.0
554,2228,712.7898,0,3.90625,0.0,0.0
555,2233,712.7898,0,3.90625,0.0,0.0
556,2237,712.7898,0,3.90625,0.0,0.0
557,2241,712.7898,0,3.90625,0.0,0.0
558,2245,712.7898,0,3.90625,0.0,0.0
559,2250,712.7898,0,3.90625,0.0,0.0
560,2254,690.2914,0,3.90625,0.0,0.0
561,2258,690.2914,0,3.90625,0.0,0.0
562,2262,690.2914,0,3.90625,0.0,0.0
563,2267,690.2914,0,3.90625,0.0,0.0
564,2271,690.2914,0,3.90625,0.0,0.0
565,2275,690.2914,0,3.90625,0.0,0.0
566,2279,690.2914,0,3.90625,0.0,0.0
567,2284,690.2914,0,3.90625,0.0,0.0
568,2288,690.2914,0,3.90625,0.0,0.0
569,2292,690.2914,0,3.90625,0.0,0.0
570,2298,668.3044,0,3.90625,0.0,0.0
571,2302,668.3044,0,3.90625,0.0,0.0
572,2306,668.3044,0,3.90625,0.0,0.0
573,2310,668.3044,0,3.90625,0.0,0.0
574,2314,668.3044,0,3.90625,0.0,0.0
575,2319,668.3044,0,3.90625,0.0,0.0
576,2324,668.3044,0,3.90625,0.0,0.0
577,2328,668.3044,0,3.90625,0.0,0.0
578,2333,668.3044,0,3.90625,0.0,0.0
579,2337,668.3044,0,3.90625,0.0,0.0
580,2341,645.806,0,3.90625,0.0,0.0
581,2346,645.806,0,3.90625,0.0,0.0
582,2351,645.806,0,3.90625,0.0,0.0
583,2356,645.806,0,3.90625,0.0,0.0
584,2360,645.806,0,3.90625,0.0,0.0
585,2364,645.806,0,3.90625,0.0,0.0
586,2369,645.806,0,3.90625,0.0,0.0
587,2373,645.806,0,3.90625,0.0,0.0
588,2377,645.806,0,3.90625,0.0,0.0
589,2381,645.806,0,3.90625,0.0,0.0
590,2386,622.7963,0,3.90625,0.0,0.0
591,2390,622.7963,0,3.90625,0.0,0.0
592,2394,622.7963,0,3.90625,0.0,0.0
593,2398,622.7963,0,3.90625,0.0,0.0
594,2403,622.7963,0,3.90625,0.0,0.0
595,2407,622.7963,0,3.90625,0.0,0.0
596,2411,622.7963,0,3.90625,0.0,0.0
597,2415,622.7963,0,3.90625,0.0,0.0
598,2420,622.7963,0,3.90625,0.0,0.0
599,2424,622.7963,0,3.90625,0.0,0.0
600,2428,601.3205,0,3.90625,0.0,0.0
601,2433,601.3205,0,3.90625,0.0,0.0
602,2437,601.3205,0,3.90625,0.0,0.0
603,2441,601.3205,0,3.90625,0.0,0.0
604,2445,601.3205,0,3.90625,0.0,0.0
605,2450,601.3205,0,3.90625,0.0,0.0
606,2453,601.3205,0,3.90625,0.0,0.0
607,2457,601.3205,0,3.90625,0.0,0.0
608,2461,601.3205,0,3.90625,0.0,0.0
609,2466,601.3205,0,3.90625,0.0,0.0
610,2470,579.8448,0,3.90625,0.0,0.0
611,2474,579.8448,0,3.90625,0.0,0.0
612,2479,579.8448,0,3.90625,0.0,0.0
613,2483,579.8448,0,3.90625,0.0,0.0
614,2487,579.8448,0,3.90625,0.0,0.0
615,2491,579.8448,0,3.90625,0.0,0.0
616,2496,579.8448,0,3.90625,0.0,0.0
617,2500,579.8448,0,3.90625,0.0,0.0
618,2504,579.8448,0,3.90625,0.0,0.0
619,2508,579.8448,0,3.90625,0.0,0.0
620,2513,557.8577,0,3.90625,0.0,0.0
621,2517,557.8577,0,3.90625,0.0,0.0
622,2521,557.8577,0,3.90625,0.0,0.0
623,2525,557.8577,0,3.90625,0.0,0.0
624,2530,557.8577,0,3.90625,0.0,0.0
625,2534,557.8577,0,3.90625,0.0,0.0
626,2539,557.8577,0,3.90625,0.0,0.0
627,2544,557.8577,0,3.90625,0.0,0.0
628,2546,557.8577,0,3.90625,0.0,0.0
629,2550,557.8577,0,3.90625,0.0,0.0
630,2554,536.8934,0,3.90625,0.0,0.0
631,2558,536.8934,0,3.90625,0.0,0.0
632,2563,536.8934,0,3.90625,0.0,0.0
633,2567,536.8934,0,3.90625,0.0,0.0
634,2571,536.8934,0,3.90625,0.0,0.0
635,2576,536.8934,0,3.90625,0.0,0.0
636,2580,536.8934,0,3.90625,0.0,0.0
637,2584,536.8934,0,3.90625,0.0,0.0
638,2588,536.8934,0,3.90625,0.0,0.0
639,2593,536.8934,0,3.90625,0.0,0.0
640,2597,514.9063,0,3.90625,0.0,0.0
641,2601,514.9063,0,3.90625,0.0,0.0
642,2605,514.9063,0,3.90625,0.0,0.0
643,2610,514.9063,0,3.90625,0.0,0.0
644,2614,514.9063,0,3.90625,0.0,0.0
645,2618,514.9063,0,3.90625,0.0,0.0
646,2623,514.9063,0,3.90625,0.0,0.0
647,2627,514.9063,0,3.90625,0.0,0.0
648,2631,514.9063,0,3.90625,0.0,0.0
649,2635,514.9063,0,3.90625,0.0,0.0
650,2640,492.9192,0,3.90625,0.0,0.0
651,2644,492.9192,0,3.90625,0.0,0.0
652,2648,492.9192,0,3.90625,0.0,0.0
653,2652,492.9192,0,3.90625,0.0,0.0
654,2657,492.9192,0,3.90625,0.0,0.0
655,2661,492.9192,0,3.90625,0.0,0.0
656,2665,492.9192,0,3.90625,0.0,0.0
657,2670,492.9192,0,3.90625,0.0,0.0
658,2674,492.9192,0,3.90625,0.0,0.0
659,2678,492.9192,0,3.90625,0.0,0.0
660,2682,471.4435,0,3.90625,0.0,0.0
661,2687,471.4435,0,3.90625,0.0,0.0
662,2692,471.4435,0,3.90625,0.0,0.0
663,2696,471.4435,0,3.90625,0.0,0.0
664,2700,471.4435,0,3.90625,0.0,0.0
665,2705,471.4435,0,3.90625,0.0,0.0
666,2709,471.4435,0,3.90625,0.0,0.0
667,2713,471.4435,0,3.90625,0.0,0.0
668,2718,471.4435,0,3.90625,0.0,0.0
669,2722,471.4435,0,3.90625,0.0,0.0
670,2726,448.9452,0,3.90625,0.0,0.0
671,2731,448.9452,0,3.90625,0.0,0.0
672,2736,448.9452,0,3.90625,0.0,0.0
673,2740,448.9452,0,3.90625,0.0,0.0
674,2744,448.9452,0,3.90625,0.0,0.0
675,2749,448.9452,0,3.90625,0.0,0.0
676,2754,448.9452,0,3.90625,0.0,0.0
677,2758,448.9452,0,3.90625,0.0,0.0
678,2762,448.9452,0,3.90625,0.0,0.0
679,2767,448.9452,0,3.90625,0.0,0.0
680,2771,425.9354,0,3.90625,0.0,0.0
681,2775,425.9354,0,3.90625,0.0,0.0
682,2779,425.9354,0,3.90625,0.0,0.0
683,2785,425.9354,0,3.90625,0.0,0.0
684,2790,425.9354,0,3.90625,0.0,0.0
685,2794,425.9354,0,3.90625,0.0,0.0
686,2798,425.9354,0,3.90625,0.0,0.0
687,2803,425.9354,0,3.90625,0.0,0.0
688,2807,425.9354,0,3.90625,0.0,0.0
689,2811,425.9354,0,3.90625,0.0,0.0
690,2816,402.9257,0,3.90625,0.0,0.0
691,2820,402.9257,0,3.90625,0.0,0.0
692,2824,402.9257,0,3.90625,0.0,0.0
693,2828,402.9257,0,3.90625,0.0,0.0
694,2833,402.9257,0,3.90625,0.0,0.0
695,2837,402.9257,0,3.90625,0.0,0.0
696,2841,402.9257,0,3.90625,0.0,0.0
697,2845,402.9257,0,3.90625,0.0,0.0
698,2850,402.9257,0,3.90625,0.0,0.0
699,2854,402.9257,0,3.90625,0.0,0.0
700,2858,381.45,0,3.90625,0.0,0.0
701,2862,381.45,0,3.90625,0.0,0.0
702,2867,381.45,0,3.90625,0.0,0.0
703,2871,381.45,0,3.90625,0.0,0.0
704,2875,381.45,0,3.90625,0.0,0.0
705,2881,381.45,0,3.90625,0.0,0.0
706,2885,381.45,0,3.90625,0.0,0.0
707,2890,381.45,0,3.90625,0.0,0.0
708,2894,381.45,0,3.90625,0.0,0.0
709,2899,381.45,0,3.90625,0.0,0.0
710,2903,358.4403,0,3.90625,0.0,0.0
711,2907,358.4403,0,3.90625,0.0,0.0
712,2911,358.4403,0,3.90625,0.0,0.0
713,2916,358.4403,0,3.90625,0.0,0.0
714,2920,358.4403,0,3.90625,0.0,0.0
715,2924,358.4403,0,3.90625,0.0,0.0
716,2929,358.4403,0,3.90625,0.0,0.0
717,2934,358.4403,0,3.90625,0.0,0.0
718,2938,358.4403,0,3.90625,0.0,0.0
719,2942,358.4403,0,3.90625,0.0,0.0
720,2946,336.4532,0,3.90625,0.0,0.0
721,2951,336.4532,0,3.90625,0.0,0.0
722,2955,336.4532,0,3.90625,0.0,0.0
723,2959,336.4532,0,3.90625,0.0,0.0
724,2964,336.4532,0,3.90625,0.0,0.0
725,2968,336.4532,0,3.90625,0.0,0.0
726,2972,336.4532,0,3.90625,0.0,0.0
727,2976,336.4532,0,3.90625,0.0,0.0
728,2981,336.4532,0,3.90625,0.0,0.0
729,2985,336.4532,0,3.90625,0.0,0.0
730,2989,314.4661,0,3.90625,0.0,0.0
731,2993,314.4661,0,3.90625,0.0,0.0
732,2998,314.4661,0,3.90625,0.0,0.0
733,3002,314.4661,0,3.90625,0.0,0.0
734,3006,314.4661,0,3.90625,0.0,0.0
735,3011,314.4661,0,3.90625,0.0,0.0
736,3015,314.4661,0,3.90625,0.0,0.0
737,3019,314.4661,0,3.90625,0.0,0.0
738,3023,314.4661,0,3.90625,0.0,0.0
739,3029,314.4661,0,3.90625,0.0,0.0
740,3033,291.9677,0,3.90625,0.0,0.0
741,3038,291.9677,0,3.90625,0.0,0.0
742,3043,291.9677,0,3.90625,0.0,0.0
743,3048,291.9677,0,3.90625,0.0,0.0
744,3052,291.9677,0,3.90625,0.0,0.0
745,3056,291.9677,0,3.90625,0.0,0.0
746,3060,291.9677,0,3.90625,0.0,0.0
747,3065,291.9677,0,3.90625,0.0,0.0
748,3069,291.9677,0,3.90625,0.0,0.0
749,3073,291.9677,0,3.90625,0.0,0.0
750,3078,268.9581,0,3.90625,0.0,0.0
751,3082,268.9581,0,3.90625,0.0,0.0
752,3086,268.9581,0,3.90625,0.0,0.0
753,3090,268.9581,0,3.90625,0.0,0.0
754,3094,268.9581,0,3.90625,0.0,0.0
755,3099,268.9581,0,3.90625,0.0,0.0
756,3103,268.9581,0,3.90625,0.0,0.0
757,3107,268.9581,0,3.90625,0.0,0.0
758,3112,268.9581,0,3.90625,0.0,0.0
759,3116,268.9581,0,3.90625,0.0,0.0
760,3120,247.4823,0,3.90625,0.0,0.0
761,3124,247.4823,0,3.90625,0.0,0.0
762,3129,247.4823,0,3.90625,0.0,0.0
763,3133,247.4823,0,3.90625,0.0,0.0
764,3137,247.4823,0,3.90625,0.0,0.0
765,3142,247.4823,0,3.90625,0.0,0.0
766,3147,247.4823,0,3.90625,0.0,0.0
767,3151,247.4823,0,3.90625,0.0,0.0
768,3155,247.4823,0,3.90625,0.0,0.0
769,3160,247.4823,0,3.90625,0.0,0.0
770,3164,224.9839,0,3.90625,0.0,0.0
771,3168,224.9839,0,3.90625,0.0,0.0
772,3172,224.9839,0,3.90625,0.0,0.0
773,3177,224.9839,0,3.90625,0.0,0.0
774,3181,224.9839,0,3.90625,0.0,0.0
775,3185,224.9839,0,3.90625,0.0,0.0
776,3189,224.9839,0,3.90625,0.0,0.0
777,3194,224.9839,0,3.90625,0.0,0.0
778,3198,224.9839,0,3.90625,0.0,0.0
779,3202,224.9839,0,3.90625,0.0,0.0
780,3206,203.5083,0,3.90625,0.0,0.0
781,3211,203.5083,0,3.90625,0.0,0.0
782,3215,203.5083,0,3.90625,0.0,0.0
783,3219,203.5083,0,3.90625,0.0,0.0
784,3225,203.5083,0,3.90625,0.0,0.0
785,3229,203.5083,0,3.90625,0.0,0.0
786,3232,203.5083,0,3.90625,0.0,0.0
787,3236,203.5083,0,3.90625,0.0,0.0
788,3240,203.5083,0,3.90625,0.0,0.0
789,3245,203.5083,0,3.90625,0.0,0.0
790,3249,181.5212,0,3.90625,0.0,0.0
791,3253,181.5212,0,3.90625,0.0,0.0
792,3258,181.5212,0,3.90625,0.0,0.0
793,3262,181.5212,0,3.90625,0.0,0.0
794,3266,181.5212,0,3.90625,0.0,0.0
795,3270,181.5212,0,3.90625,0.0,0.0
796,3275,181.5212,0,3.90625,0.0,0.0
797,3278,181.5212,0,3.90625,0.0,0.0
798,3282,181.5212,0,3.90625,0.0,0.0
799,3287,181.5212,0,3.90625,0.0,0.0
800,3292,159.5341,0,3.90625,0.0,0.0
801,3296,159.5341,0,3.90625,0.0,0.0
802,3300,159.5341,0,3.90625,0.0,0.0
803,3305,159.5341,0,3.90625,0.0,0.0
804,3309,159.5341,0,3.90625,0.0,0.0
805,3313,159.5341,0,3.90625,0.0,0.0
806,3318,159.5341,0,3.90625,0.0,0.0
807,3323,159.5341,0,3.90625,0.0,0.0
808,3327,159.5341,0,3.90625,0.0,0.0
809,3331,159.5341,0,3.90625,0.0,0.0
810,3335,137.547,0,3.90625,0.0,0.0
811,3340,137.547,0,3.90625,0.0,0.0
812,3344,137.547,0,3.90625,0.0,0.0
813,3348,137.547,0,3.90625,0.0,0.0
814,3352,137.547,0,3.90625,0.0,0.0
815,3357,137.547,0,3.90625,0.0,0.0
816,3361,137.547,0,3.90625,0.0,0.0
817,3365,137.547,0,3.90625,0.0,0.0
818,3369,137.547,0,3.90625,0.0,0.0
819,3373,137.547,0,3.90625,0.0,0.0
820,3377,116.0713,0,3.90625,0.0,0.0
821,3382,116.0713,0,3.90625,0.0,0.0
822,3386,116.0713,0,3.90625,0.0,0.0
823,3391,116.0713,0,3.90625,0.0,0.0
824,3395,116.0713,0,3.90625,0.0,0.0
825,3399,116.0713,0,3.90625,0.0,0.0
826,3404,116.0713,0,3.90625,0.0,0.0
827,3408,116.0713,0,3.90625,0.0,0.0
828,3412,116.0713,0,3.90625,0.0,0.0
829,3416,116.0713,0,3.90625,0.0,0.0
830,3421,93.573,0,3.90625,0.0,0.0
831,3425,93.573,0,3.90625,0.0,0.0
832,3429,93.573,0,3.90625,0.0,0.0
833,3433,93.573,0,3.90625,0.0,0.0
834,3438,93.573,0,3.90625,0.0,0.0
835,3442,93.573,0,3.90625,0.0,0.0
836,3446,93.573,0,3.90625,0.0,0.0
837,3450,93.573,0,3.90625,0.0,0.0
838,3455,93.573,0,3.90625,0.0,0.0
839,3459,93.573,0,3.90625,0.0,0.0
840,3463,72.0972,0,3.90625,0.0,0.0
841,3468,72.0972,0,3.90625,0.0,0.0
842,3472,72.0972,0,3.90625,0.0,0.0
843,3476,72.0972,0,3.90625,0.0,0.0
844,3480,72.0972,0,3.90625,0.0,0.0
845,3485,72.0972,0,3.90625,0.0,0.0
846,3489,72.0972,0,3.90625,0.0,0.0
847,3493,72.0972,0,3.90625,0.0,0.0
848,3497,72.0972,0,3.90625,0.0,0.0
849,3502,72.0972,0,3.90625,0.0,0.0
850,3506,50.1101,0,3.90625,0.0,0.0
851,3511,50.1101,0,3.90625,0.0,0.0
852,3515,50.1101,0,3.90625,0.0,0.0
853,3521,50.1101,0,3.90625,0.0,0.0
854,3525,50.1101,0,3.90625,0.0,0.0
855,3529,50.1101,0,3.90625,0.0,0.0
856,3533,50.1101,0,3.90625,0.0,0.0
857,3538,50.1101,0,3.90625,0.0,0.0
858,3542,50.1101,0,3.90625,0.0,0.0
859,3546,50.1101,0,3.90625,0.0,0.0
860,3551,27.1004,0,3.90625,0.0,0.0
861,3555,27.1004,0,3.90625,0.0,0.0
862,3559,27.1004,0,3.90625,0.0,0.0
863,3563,27.1004,0,3.90625,0.0,0.0
864,3568,27.1004,0,3.90625,0.0,0.0
865,3572,27.1004,0,3.90625,0.0,0.0
866,3576,27.1004,0,3.90625,0.0,0.0
867,3580,27.1004,0,3.90625,0.0,0.0
868,3585,27.1004,0,3.90625,0.0,0.0
869,3589,27.1004,0,3.90625,0.0,0.0
870,3593,5.6247,0,3.90625,0.0,0.0
871,3597,5.6247,0,3.90625,0.0,0.0
872,3602,5.6247,0,3.90625,0.0,0.0
873,3606,5.6247,0,3.90625,0.0,0.0
874,3610,5.6247,0,3.90625,0.0,0.0
875,3614,5.6247,0,3.90625,0.0,0.0
876,3618,5.6247,0,3.90625,0.0,0.0
877,3622,5.6247,0,3.90625,0.0,0.0
878,3625,5.6247,0,3.90625,0.0,0.0
879,3629,5.6247,0,3.90625,0.0,0.0
880,3633,-14.8284,0,3.90625,0.0,0.0
881,3637,-14.8284,0,3.90625,0.0,0.0
882,3640,-14.8284,0,3.90625,0.0,0.0
883,3643,-14.8284,0,3.90625,0.0,0.0
884,3646,-14.8284,0,3.90625,0.0,0.0
885,3649,-14.8284,0,3.90625,0.0,0.0
886,3652,-14.8284,0,3.90625,0.0,0.0
887,3654,-14.8284,0,3.90625,0.0,0.0
888,3656,-14.8284,0,3.90625,0.0,0.0
889,3658,-14.8284,0,3.90625,0.0,0.0
890,3660,-29.6569,0,3.90625,0.0,0.0
891,3662,-29.6569,0,3.90625,0.0,0.0
892,3663,-29.6569,0,3.90625,0.0,0.0
893,3664,-29.6569,0,3.90625,0.0,0.0
894,3665,-29.6569,0,3.90625,0.0,0.0
895,3666,-29.6569,0,3.90625,0.0,0.0
896,3667,-29.6569,0,3.90625,0.0,0.0
897,3668,-29.6569,0,3.90625,0.0,0.0
898,3668,-29.6569,0,3.90625,0.0,0.0
899,3668,-29.6569,0,3.90625,0.0,0.0
900,3668,-34.7701,0,3.90625,0.0,0.0
901,3668,-34.7701,0,3.90625,0.0,0.0
902,3668,-34.7701,0,3.90625,0.0,0.0
903,3667,-34.7701,0,3.90625,0.0,0.0
904,3666,-34.7701,0,3.90625,0.0,0.0
905,3666,-34.7701,0,3.90625,0.0,0.0
906,3665,-34.7701,0,3.90625,0.0,0.0
907,3664,-34.7701,0,3.90625,0.0,0.0
908,3662,-34.7701,0,3.90625,0.0,0.0
909,3661,-34.7701,0,3.90625,0.0,0.0
910,3660,-31.1909,0,3.90625,0.0,0.0
911,3658,-31.1909,0,3.90625,0.0,0.0
912,3657,-31.1909,0,3.90625,0.0,0.0
913,3655,-31.1909,0,3.90625,0.0,0.0
914,3654,-31.1909,0,3.90625,0.0,0.0
915,3652,-31.1909,0,3.90625,0.0,0.0
916,3650,-31.1909,0,3.90625,0.0,0.0
917,3648,-31.1909,0,3.90625,0.0,0.0
918,3646,-31.1909,0,3.90625,0.0,0.0
919,3644,-31.1909,0,3.90625,0.0,0.0
920,3641,-21.987,0,3.90625,0.0,0.0
921,3639,-21.987,0,3.90625,0.0,0.0
922,3637,-21.987,0,3.90625,0.0,0.0
923,3634,-21.987,0,3.90625,0.0,0.0
924,3632,-21.987,0,3.90625,0.0,0.0
925,3629,-21.987,0,3.90625,0.0,0.0
926,3627,-21.987,0,3.90625,0.0,0.0
927,3624,-21.987,0,3.90625,0.0,0.0
928,3621,-21.987,0,3.90625,0.0,0.0
929,3619,-21.987,0,3.90625,0.0,0.0
930,3616,-9.2038,0,3.90625,0.0,0.0
931,3613,-9.2038,0,3.90625,0.0,0.0
932,3610,-9.2038,0,3.90625,0.0,0.0
933,3607,-9.2038,0,3.90625,0.0,0.0
934,3604,-9.2038,0,3.90625,0.0,0.0
935,3602,-9.2038,0,3.90625,0.0,0.0
936,3599,-9.2038,0,3.90625,0.0,0.0
937,3596,-9.2038,0,3.90625,0.0,0.0
938,3593,-9.2038,0,3.90625,0.0,0.0
939,3590,-9.2038,0,3.90625,0.0,0.0
940,3587,5.1134,0,3.90625,0.0,0.0
941,3584,5.1134,0,3.90625,0.0,0.0
942,3581,5.1134,0,3.90625,0.0,0.0
943,3578,5.1134,0,3.90625,0.0,0.0
944,3576,5.1134,0,3.90625,0.0,0.0
945,3574,5.1134,0,3.90625,0.0,0.0
946,3571,5.1134,0,3.90625,0.0,0.0
947,3569,5.1134,0,3.90625,0.0,0.0
948,3567,5.1134,0,3.90625,0.0,0.0
949,3566,5.1134,0,3.90625,0.0,0.0
950,3564,17.8965,0,3.90625,0.0,0.0
951,3562,17.8965,0,3.90625,0.0,0.0
952,3561,17.8965,0,3.90625,0.0,0.0
953,3560,17.8965,0,3.90625,0.0,0.0
954,3559,17.8965,0,3.90625,0.0,0.0
955,3558,17.8965,0,3.90625,0.0,0.0
956,3557,17.8965,0,3.90625,0.0,0.0
957,3557,17.8965,0,3.90625,0.0,0.0
958,3556,17.8965,0,3.90625,0.0,0.0
959,3556,17.8965,0,3.90625,0.0,0.0
960,3556,22.4985,0,3.90625,0.0,0.0
961,3556,22.4985,0,3.90625,0.0,0.0
962,3557,22.4985,0,3.90625,0.0,0.0
963,3557,22.4985,0,3.90625,0.0,0.0
964,3558,22.4985,0,3.90625,0.0,0.0
965,3558,22.4985,0,3.90625,0.0,0.0
966,3559,22.4985,0,3.90625,0.0,0.0
967,3560,22.4985,0,3.90625,0.0,0.0
968,3561,22.4985,0,3.90625,0.0,0.0
969,3563,22.4985,0,3.90625,0.0,0.0
970,3564,18.9192,0,3.90625,0.0,0.0
971,3565,18.9192,0,3.90625,0.0,0.0
972,3567,18.9192,0,3.90625,0.0,0.0
973,3568,18.9192,0,3.90625,0.0,0.0
974,3570,18.9192,0,3.90625,0.0,0.0
975,3572,18.9192,0,3.90625,0.0,0.0
976,3574,18.9192,0,3.90625,0.0,0.0
977,3576,18.9192,0,3.90625,0.0,0.0
978,3578,18.9192,0,3.90625,0.0,0.0
979,3580,18.9192,0,3.90625,0.0,0.0
980,3582,10.2266,0,3.90625,0.0,0.0
981,3584,10.2266,0,3.90625,0.0,0.0
982,3587,10.2266,0,3.90625,0.0,0.0
983,3589,10.2266,0,3.90625,0.0,0.0
984,3591,10.2266,0,3.90625,0.0,0.0
985,3594,10.2266,0,3.90625,0.0,0.0
986,3596,10.2266,0,3.90625,0.0,0.0
987,3599,10.2266,0,3.90625,0.0,0.0
988,3602,10.2266,0,3.90625,0.0,0.0
989,3604,10.2266,0,3.90625,0.0,0.0
990,3607,-2.0452,0,3.90625,0.0,0.0
991,3609,-2.0452,0,3.90625,0.0,0.0
992,3612,-2.0452,0,3.90625,0.0,0.0
993,3614,-2.0452,0,3.90625,0.0,0.0
994,3617,-2.0452,0,3.90625,0.0,0.0
995,3619,-2.0452,0,3.90625,0.0,0.0
996,3621,-2.0452,0,3.90625,0.0,0.0
997,3623,-2.0452,0,3.90625,0.0,0.0
998,3625,-2.0452,0,3.90625,0.0,0.0
999,3627,-2.0452,0,3.90625,0.0,0.0
1000,3628,-13.8057,0,3.90625,0.0,0.0
1001,3630,-13.8057,0,3.90625,0.0,0.0
1002,3632,-13.8057,0,3.90625,0.0,0.0
1003,3633,-13.8057,0,3.90625,0.0,0.0
1004,3634,-13.8057,0,3.90625,0.0,0.0
1005,3635,-13.8057,0,3.90625,0.0,0.0
1006,3636,-13.8057,0,3.90625,0.0,0.0
1007,3636,-13.8057,0,3.90625,0.0,0.0
1008,3637,-13.8057,0,3.90625,0.0,0.0
1009,3637,-13.8057,0,3.90625,0.0,0.0
1010,3637,-18.919,0,3.90625,0.0,0.0
1011,3637,-18.919,0,3.90625,0.0,0.0
1012,3636,-18.919,0,3.90625,0.0,0.0
1013,3636,-18.919,0,3.90625,0.0,0.0
1014,3635,-18.919,0,3.90625,0.0,0.0
1015,3634,-18.919,0,3.90625,0.0,0.0
1016,3633,-18.919,0,3.90625,0.0,0.0
1017,3632,-18.919,0,3.90625,0.0,0.0
1018,3631,-18.919,0,3.90625,0.0,0.0
1019,3630,-18.919,0,3.90625,0.0,0.0
1020,3628,-15.3397,0,3.90625,0.0,0.0
1021,3627,-15.3397,0,3.90625,0.0,0.0
1022,3625,-15.3397,0,3.90625,0.0,0.0
1023,3624,-15.3397,0,3.90625,0.0,0.0
1024,3622,-15.3397,0,3.90625,0.0,0.0
1025,3620,-15.3397,0,3.90625,0.0,0.0
1026,3618,-15.3397,0,3.90625,0.0,0.0
1027,3616,-15.3397,0,3.90625,0.0,0.0
1028,3614,-15.3397,0,3.90625,0.0,0.0
1029,3612,-15.3397,0,3.90625,0.0,0.0
1030,3610,-6.1358,0,3.90625,0.0,0.0
1031,3608,-6.1358,0,3.90625,0.0,0.0
1032,3605,-6.1358,0,3.90625,0.0,0.0
1033,3603,-6.1358,0,3.90625,0.0,0.0
1034,3601,-6.1358,0,3.90625,0.0,0.0
1035,3599,-6.1358,0,3.90625,0.0,0.0
1036,3596,-6.1358,0,3.90625,0.0,0.0
1037,3594,-6.1358,0,3.90625,0.0,0.0
1038,3592,-6.1358,0,3.90625,0.0,0.0
1039,3589,-6.1358,0,3.90625,0.0,0.0
1040,3587,5.6247,0,3.90625,0.0,0.0
1041,3585,5.6247,0,3.90625,0.0,0.0
1042,3583,5.6247,0,3.90625,0.0,0.0
1043,3581,5.6247,0,3.90625,0.0,0.0
1044,3579,5.6247,0,3.90625,0.0,0.0
1045,3577,5.6247,0,3.90625,0.0,0.0
1046,3576,5.6247,0,3.90625,0.0,0.0
1047,3575,5.6247,0,3.90625,0.0,0.0
1048,3574,5.6247,0,3.90625,0.0,0.0
1049,3573,5.6247,0,3.90625,0.0,0.0
1050,3572,13.8059,0,3.90625,0.0,0.0
1051,3571,13.8059,0,3.90625,0.0,0.0
1052,3570,13.8059,0,3.90625,0.0,0.0
1053,3570,13.8059,0,3.90625,0.0,0.0
1054,3569,13.8059,0,3.90625,0.0,0.0
1055,3569,13.8059,0,3.90625,0.0,0.0
1056,3569,13.8059,0,3.90625,0.0,0.0
1057,3569,13.8059,0,3.90625,0.0,0.0
1058,3569,13.8059,0,3.90625,0.0,0.0
1059,3569,13.8059,0,3.90625,0.0,0.0
1060,3570,15.8513,0,3.90625,0.0,0.0
1061,3570,15.8513,0,3.90625,0.0,0.0
1062,3571,15.8513,0,3.90625,0.0,0.0
1063,3572,15.8513,0,3.90625,0.0,0.0
1064,3573,15.8513,0,3.90625,0.0,0.0
1065,3574,15.8513,0,3.90625,0.0,0.0
1066,3576,15.8513,0,3.90625,0.0,0.0
1067,3577,15.8513,0,3.90625,0.0,0.0
1068,3578,15.8513,0,3.90625,0.0,0.0
1069,3580,15.8513,0,3.90625,0.0,0.0
1070,3582,10.2266,0,3.90625,0.0,0.0
1071,3583,10.2266,0,3.90625,0.0,0.0
1072,3585,10.2266,0,3.90625,0.0,0.0
1073,3587,10.2266,0,3.90625,0.0,0.0
1074,3589,10.2266,0,3.90625,0.0,0.0
1075,3591,10.2266,0,3.90625,0.0,0.0
1076,3593,10.2266,0,3.90625,0.0,0.0
1077,3595,10.2266,0,3.90625,0.0,0.0
1078,3597,10.2266,0,3.90625,0.0,0.0
1079,3600,10.2266,0,3.90625,0.0,0.0
