TIME,PULSES,CONTROLLERVOLTAGE,CONTROLLER,KP,TAUD,TAUI 
NEXT EXPERIMENT0,0,-0.5112,1,1.953125,0.01,0.0
1,0,-0.5112,1,1.953125,0.01,0.0
2,0,-0.5112,1,1.953125,0.01,0.0
3,0,-0.5112,1,1.953125,0.01,0.0
4,0,-0.5112,1,1.953125,0.01,0.0
5,0,-0.5112,1,1.953125,0.01,0.0
6,0,-0.5112,1,1.953125,0.01,0.0
7,0,-0.5112,1,1.953125,0.01,0.0
8,0,-0.5112,1,1.953125,0.01,0.0
9,0,-0.5112,1,1.953125,0.01,0.0
10,0,1840.7771,1,1.953125,0.01,0.0
11,0,1840.7771,1,1.953125,0.01,0.0
12,0,1840.7771,1,1.953125,0.01,0.0
13,0,1840.7771,1,1.953125,0.01,0.0
14,1,1840.7771,1,1.953125,0.01,0.0
15,1,1840.7771,1,1.953125,0.01,0.0
16,2,1840.7771,1,1.953125,0.01,0.0
17,3,1840.7771,1,1.953125,0.01,0.0
18,4,1840.7771,1,1.953125,0.01,0.0
19,5,1840.7771,1,1.953125,0.01,0.0
20,6,917.8318,1,1.953125,0.01,0.0
21,7,917.8318,1,1.953125,0.01,0.0
22,8,917.8318,1,1.953125,0.01,0.0
23,10,917.8318,1,1.953125,0.01,0.0
24,11,917.8318,1,1.953125,0.01,0.0
25,13,917.8318,1,1.953125,0.01,0.0
26,15,917.8318,1,1.953125,0.01,0.0
27,17,917.8318,1,1.953125,0.01,0.0
28,18,917.8318,1,1.953125,0.01,0.0
29,20,917.8318,1,1.953125,0.01,0.0
30,23,910.929,1,1.953125,0.01,0.0
31,25,910.929,1,1.953125,0.01,0.0
32,27,910.929,1,1.953125,0.01,0.0
33,29,910.929,1,1.953125,0.01,0.0
34,31,910.929,1,1.953125,0.01,0.0
35,34,910.929,1,1.953125,0.01,0.0
36,36,910.929,1,1.953125,0.01,0.0
37,39,910.929,1,1.953125,0.01,0.0
38,41,910.929,1,1.953125,0.01,0.0
39,45,910.929,1,1.953125,0.01,0.0
40,48,902.7477,1,1.953125,0.01,0.0
41,50,902.7477,1,1.953125,0.01,0.0
42,53,902.7477,1,1.953125,0.01,0.0
43,56,902.7477,1,1.953125,0.01,0.0
44,59,902.7477,1,1.953125,0.01,0.0
45,62,902.7477,1,1.953125,0.01,0.0
46,65,902.7477,1,1.953125,0.01,0.0
47,68,902.7477,1,1.953125,0.01,0.0
48,71,902.7477,1,1.953125,0.01,0.0
49,74,902.7477,1,1.953125,0.01,0.0
50,77,894.0552,1,1.953125,0.01,0.0
51,80,894.0552,1,1.953125,0.01,0.0
52,84,894.0552,1,1.953125,0.01,0.0
53,87,894.0552,1,1.953125,0.01,0.0
54,90,894.0552,1,1.953125,0.01,0.0
55,93,894.0552,1,1.953125,0.01,0.0
56,97,894.0552,1,1.953125,0.01,0.0
57,100,894.0552,1,1.953125,0.01,0.0
58,104,894.0552,1,1.953125,0.01,0.0
59,107,894.0552,1,1.953125,0.01,0.0
60,110,884.5956,1,1.953125,0.01,0.0
61,114,884.5956,1,1.953125,0.01,0.0
62,118,884.5956,1,1.953125,0.01,0.0
63,121,884.5956,1,1.953125,0.01,0.0
64,125,884.5956,1,1.953125,0.01,0.0
65,128,884.5956,1,1.953125,0.01,0.0
66,132,884.5956,1,1.953125,0.01,0.0
67,136,884.5956,1,1.953125,0.01,0.0
68,139,884.5956,1,1.953125,0.01,0.0
69,143,884.5956,1,1.953125,0.01,0.0
70,147,874.6248,1,1.953125,0.01,0.0
71,150,874.6248,1,1.953125,0.01,0.0
72,154,874.6248,1,1.953125,0.01,0.0
73,158,874.6248,1,1.953125,0.01,0.0
74,162,874.6248,1,1.953125,0.01,0.0
75,166,874.6248,1,1.953125,0.01,0.0
76,169,874.6248,1,1.953125,0.01,0.0
77,173,874.6248,1,1.953125,0.01,0.0
78,177,874.6248,1,1.953125,0.01,0.0
79,181,874.6248,1,1.953125,0.01,0.0
80,185,864.3983,1,1.953125,0.01,0.0
81,189,864.3983,1,1.953125,0.01,0.0
82,193,864.3983,1,1.953125,0.01,0.0
83,197,864.3983,1,1.953125,0.01,0.0
84,201,864.3983,1,1.953125,0.01,0.0
85,205,864.3983,1,1.953125,0.01,0.0
86,209,864.3983,1,1.953125,0.01,0.0
87,214,864.3983,1,1.953125,0.01,0.0
88,218,864.3983,1,1.953125,0.01,0.0
89,222,864.3983,1,1.953125,0.01,0.0
90,226,853.149,1,1.953125,0.01,0.0
91,230,853.149,1,1.953125,0.01,0.0
92,234,853.149,1,1.953125,0.01,0.0
93,238,853.149,1,1.953125,0.01,0.0
94,242,853.149,1,1.953125,0.01,0.0
95,246,853.149,1,1.953125,0.01,0.0
96,250,853.149,1,1.953125,0.01,0.0
97,254,853.149,1,1.953125,0.01,0.0
98,258,853.149,1,1.953125,0.01,0.0
99,262,853.149,1,1.953125,0.01,0.0
100,266,842.6669,1,1.953125,0.01,0.0
101,271,842.6669,1,1.953125,0.01,0.0
102,275,842.6669,1,1.953125,0.01,0.0
103,279,842.6669,1,1.953125,0.01,0.0
104,283,842.6669,1,1.953125,0.01,0.0
105,287,842.6669,1,1.953125,0.01,0.0
106,291,842.6669,1,1.953125,0.01,0.0
107,295,842.6669,1,1.953125,0.01,0.0
108,300,842.6669,1,1.953125,0.01,0.0
109,304,842.6669,1,1.953125,0.01,0.0
110,308,832.1846,1,1.953125,0.01,0.0
111,312,832.1846,1,1.953125,0.01,0.0
112,317,832.1846,1,1.953125,0.01,0.0
113,321,832.1846,1,1.953125,0.01,0.0
114,325,832.1846,1,1.953125,0.01,0.0
115,329,832.1846,1,1.953125,0.01,0.0
116,333,832.1846,1,1.953125,0.01,0.0
117,337,832.1846,1,1.953125,0.01,0.0
118,342,832.1846,1,1.953125,0.01,0.0
119,346,832.1846,1,1.953125,0.01,0.0
120,350,821.1911,1,1.953125,0.01,0.0
121,355,821.1911,1,1.953125,0.01,0.0
122,360,821.1911,1,1.953125,0.01,0.0
123,364,821.1911,1,1.953125,0.01,0.0
124,368,821.1911,1,1.953125,0.01,0.0
125,373,821.1911,1,1.953125,0.01,0.0
126,377,821.1911,1,1.953125,0.01,0.0
127,381,821.1911,1,1.953125,0.01,0.0
128,385,821.1911,1,1.953125,0.01,0.0
129,390,821.1911,1,1.953125,0.01,0.0
130,394,809.4306,1,1.953125,0.01,0.0
131,398,809.4306,1,1.953125,0.01,0.0
132,402,809.4306,1,1.953125,0.01,0.0
133,408,809.4306,1,1.953125,0.01,0.0
134,412,809.4306,1,1.953125,0.01,0.0
135,416,809.4306,1,1.953125,0.01,0.0
136,421,809.4306,1,1.953125,0.01,0.0
137,425,809.4306,1,1.953125,0.01,0.0
138,429,809.4306,1,1.953125,0.01,0.0
139,434,809.4306,1,1.953125,0.01,0.0
140,438,798.1814,1,1.953125,0.01,0.0
141,442,798.1814,1,1.953125,0.01,0.0
142,447,798.1814,1,1.953125,0.01,0.0
143,451,798.1814,1,1.953125,0.01,0.0
144,456,798.1814,1,1.953125,0.01,0.0
145,461,798.1814,1,1.953125,0.01,0.0
146,465,798.1814,1,1.953125,0.01,0.0
147,469,798.1814,1,1.953125,0.01,0.0
148,474,798.1814,1,1.953125,0.01,0.0
149,478,798.1814,1,1.953125,0.01,0.0
150,482,786.9322,1,1.953125,0.01,0.0
151,486,786.9322,1,1.953125,0.01,0.0
152,491,786.9322,1,1.953125,0.01,0.0
153,495,786.9322,1,1.953125,0.01,0.0
154,499,786.9322,1,1.953125,0.01,0.0
155,505,786.9322,1,1.953125,0.01,0.0
156,509,786.9322,1,1.953125,0.01,0.0
157,514,786.9322,1,1.953125,0.01,0.0
158,518,786.9322,1,1.953125,0.01,0.0
159,522,786.9322,1,1.953125,0.01,0.0
160,527,775.1716,1,1.953125,0.01,0.0
161,531,775.1716,1,1.953125,0.01,0.0
162,535,775.1716,1,1.953125,0.01,0.0
163,540,775.1716,1,1.953125,0.01,0.0
164,544,775.1716,1,1.953125,0.01,0.0
165,548,775.1716,1,1.953125,0.01,0.0
166,553,775.1716,1,1.953125,0.01,0.0
167,557,775.1716,1,1.953125,0.01,0.0
168,561,775.1716,1,1.953125,0.01,0.0
169,566,775.1716,1,1.953125,0.01,0.0
170,570,764.6895,1,1.953125,0.01,0.0
171,575,764.6895,1,1.953125,0.01,0.0
172,579,764.6895,1,1.953125,0.01,0.0
173,583,764.6895,1,1.953125,0.01,0.0
174,588,764.6895,1,1.953125,0.01,0.0
175,592,764.6895,1,1.953125,0.01,0.0
176,596,764.6895,1,1.953125,0.01,0.0
177,602,764.6895,1,1.953125,0.01,0.0
178,606,764.6895,1,1.953125,0.01,0.0
179,610,764.6895,1,1.953125,0.01,0.0
180,615,752.6733,1,1.953125,0.01,0.0
181,619,752.6733,1,1.953125,0.01,0.0
182,624,752.6733,1,1.953125,0.01,0.0
183,628,752.6733,1,1.953125,0.01,0.0
184,632,752.6733,1,1.953125,0.01,0.0
185,637,752.6733,1,1.953125,0.01,0.0
186,641,752.6733,1,1.953125,0.01,0.0
187,645,752.6733,1,1.953125,0.01,0.0
188,650,752.6733,1,1.953125,0.01,0.0
189,654,752.6733,1,1.953125,0.01,0.0
190,659,742.1911,1,1.953125,0.01,0.0
191,663,742.1911,1,1.953125,0.01,0.0
192,667,742.1911,1,1.953125,0.01,0.0
193,672,742.1911,1,1.953125,0.01,0.0
194,676,742.1911,1,1.953125,0.01,0.0
195,680,742.1911,1,1.953125,0.01,0.0
196,685,742.1911,1,1.953125,0.01,0.0
197,689,742.1911,1,1.953125,0.01,0.0
198,693,742.1911,1,1.953125,0.01,0.0
199,698,742.1911,1,1.953125,0.01,0.0
200,702,730.6862,1,1.953125,0.01,0.0
201,707,730.6862,1,1.953125,0.01,0.0
202,711,730.6862,1,1.953125,0.01,0.0
203,715,730.6862,1,1.953125,0.01,0.0
204,720,730.6862,1,1.953125,0.01,0.0
205,724,730.6862,1,1.953125,0.01,0.0
206,728,730.6862,1,1.953125,0.01,0.0
207,733,730.6862,1,1.953125,0.01,0.0
208,737,730.6862,1,1.953125,0.01,0.0
209,742,730.6862,1,1.953125,0.01,0.0
210,746,719.437,1,1.953125,0.01,0.0
211,750,719.437,1,1.953125,0.01,0.0
212,755,719.437,1,1.953125,0.01,0.0
213,759,719.437,1,1.953125,0.01,0.0
214,764,719.437,1,1.953125,0.01,0.0
215,768,719.437,1,1.953125,0.01,0.0
216,772,719.437,1,1.953125,0.01,0.0
217,777,719.437,1,1.953125,0.01,0.0
218,781,719.437,1,1.953125,0.01,0.0
219,785,719.437,1,1.953125,0.01,0.0
220,790,708.1878,1,1.953125,0.01,0.0
221,795,708.1878,1,1.953125,0.01,0.0
222,800,708.1878,1,1.953125,0.01,0.0
223,804,708.1878,1,1.953125,0.01,0.0
224,808,708.1878,1,1.953125,0.01,0.0
225,813,708.1878,1,1.953125,0.01,0.0
226,817,708.1878,1,1.953125,0.01,0.0
227,822,708.1878,1,1.953125,0.01,0.0
228,826,708.1878,1,1.953125,0.01,0.0
229,830,708.1878,1,1.953125,0.01,0.0
230,835,696.4273,1,1.953125,0.01,0.0
231,839,696.4273,1,1.953125,0.01,0.0
232,844,696.4273,1,1.953125,0.01,0.0
233,848,696.4273,1,1.953125,0.01,0.0
234,852,696.4273,1,1.953125,0.01,0.0
235,857,696.4273,1,1.953125,0.01,0.0
236,861,696.4273,1,1.953125,0.01,0.0
237,865,696.4273,1,1.953125,0.01,0.0
238,870,696.4273,1,1.953125,0.01,0.0
239,874,696.4273,1,1.953125,0.01,0.0
240,879,685.4338,1,1.953125,0.01,0.0
241,883,685.4338,1,1.953125,0.01,0.0
242,887,685.4338,1,1.953125,0.01,0.0
243,892,685.4338,1,1.953125,0.01,0.0
244,896,685.4338,1,1.953125,0.01,0.0
245,901,685.4338,1,1.953125,0.01,0.0
246,905,685.4338,1,1.953125,0.01,0.0
247,909,685.4338,1,1.953125,0.01,0.0
248,914,685.4338,1,1.953125,0.01,0.0
249,918,685.4338,1,1.953125,0.01,0.0
250,923,674.6959,1,1.953125,0.01,0.0
251,927,674.6959,1,1.953125,0.01,0.0
252,931,674.6959,1,1.953125,0.01,0.0
253,936,674.6959,1,1.953125,0.01,0.0
254,940,674.6959,1,1.953125,0.01,0.0
255,945,674.6959,1,1.953125,0.01,0.0
256,949,674.6959,1,1.953125,0.01,0.0
257,953,674.6959,1,1.953125,0.01,0.0
258,958,674.6959,1,1.953125,0.01,0.0
259,962,674.6959,1,1.953125,0.01,0.0
260,966,663.191,1,1.953125,0.01,0.0
261,971,663.191,1,1.953125,0.01,0.0
262,975,663.191,1,1.953125,0.01,0.0
263,980,663.191,1,1.953125,0.01,0.0
264,984,663.191,1,1.953125,0.01,0.0
265,990,663.191,1,1.953125,0.01,0.0
266,994,663.191,1,1.953125,0.01,0.0
267,998,663.191,1,1.953125,0.01,0.0
268,1003,663.191,1,1.953125,0.01,0.0
269,1007,663.191,1,1.953125,0.01,0.0
270,1011,651.4305,1,1.953125,0.01,0.0
271,1016,651.4305,1,1.953125,0.01,0.0
272,1020,651.4305,1,1.953125,0.01,0.0
273,1025,651.4305,1,1.953125,0.01,0.0
274,1029,651.4305,1,1.953125,0.01,0.0
275,1033,651.4305,1,1.953125,0.01,0.0
276,1038,651.4305,1,1.953125,0.01,0.0
277,1042,651.4305,1,1.953125,0.01,0.0
278,1047,651.4305,1,1.953125,0.01,0.0
279,1051,651.4305,1,1.953125,0.01,0.0
280,1055,640.437,1,1.953125,0.01,0.0
281,1060,640.437,1,1.953125,0.01,0.0
282,1064,640.437,1,1.953125,0.01,0.0
283,1069,640.437,1,1.953125,0.01,0.0
284,1073,640.437,1,1.953125,0.01,0.0
285,1077,640.437,1,1.953125,0.01,0.0
286,1082,640.437,1,1.953125,0.01,0.0
287,1086,640.437,1,1.953125,0.01,0.0
288,1091,640.437,1,1.953125,0.01,0.0
289,1095,640.437,1,1.953125,0.01,0.0
290,1099,629.1878,1,1.953125,0.01,0.0
291,1104,629.1878,1,1.953125,0.01,0.0
292,1108,629.1878,1,1.953125,0.01,0.0
293,1112,629.1878,1,1.953125,0.01,0.0
294,1117,629.1878,1,1.953125,0.01,0.0
295,1121,629.1878,1,1.953125,0.01,0.0
296,1126,629.1878,1,1.953125,0.01,0.0
297,1130,629.1878,1,1.953125,0.01,0.0
298,1136,629.1878,1,1.953125,0.01,0.0
299,1140,629.1878,1,1.953125,0.01,0.0
300,1144,617.4273,1,1.953125,0.01,0.0
301,1149,617.4273,1,1.953125,0.01,0.0
302,1153,617.4273,1,1.953125,0.01,0.0
303,1158,617.4273,1,1.953125,0.01,0.0
304,1162,617.4273,1,1.953125,0.01,0.0
305,1166,617.4273,1,1.953125,0.01,0.0
306,1171,617.4273,1,1.953125,0.01,0.0
307,1175,617.4273,1,1.953125,0.01,0.0
308,1180,617.4273,1,1.953125,0.01,0.0
309,1184,617.4273,1,1.953125,0.01,0.0
310,1188,606.4337,1,1.953125,0.01,0.0
311,1193,606.4337,1,1.953125,0.01,0.0
312,1197,606.4337,1,1.953125,0.01,0.0
313,1202,606.4337,1,1.953125,0.01,0.0
314,1206,606.4337,1,1.953125,0.01,0.0
315,1210,606.4337,1,1.953125,0.01,0.0
316,1215,606.4337,1,1.953125,0.01,0.0
317,1219,606.4337,1,1.953125,0.01,0.0
318,1223,606.4337,1,1.953125,0.01,0.0
319,1228,606.4337,1,1.953125,0.01,0.0
320,1232,595.1846,1,1.953125,0.01,0.0
321,1237,595.1846,1,1.953125,0.01,0.0
322,1241,595.1846,1,1.953125,0.01,0.0
323,1246,595.1846,1,1.953125,0.01,0.0
324,1250,595.1846,1,1.953125,0.01,0.0
325,1254,595.1846,1,1.953125,0.01,0.0
326,1259,595.1846,1,1.953125,0.01,0.0
327,1263,595.1846,1,1.953125,0.01,0.0
328,1268,595.1846,1,1.953125,0.01,0.0
329,1272,595.1846,1,1.953125,0.01,0.0
330,1277,583.9354,1,1.953125,0.01,0.0
331,1282,583.9354,1,1.953125,0.01,0.0
332,1286,583.9354,1,1.953125,0.01,0.0
333,1291,583.9354,1,1.953125,0.01,0.0
334,1295,583.9354,1,1.953125,0.01,0.0
335,1299,583.9354,1,1.953125,0.01,0.0
336,1304,583.9354,1,1.953125,0.01,0.0
337,1308,583.9354,1,1.953125,0.01,0.0
338,1312,583.9354,1,1.953125,0.01,0.0
339,1317,583.9354,1,1.953125,0.01,0.0
340,1321,572.1749,1,1.953125,0.01,0.0
341,1326,572.1749,1,1.953125,0.01,0.0
342,1330,572.1749,1,1.953125,0.01,0.0
343,1335,572.1749,1,1.953125,0.01,0.0
344,1339,572.1749,1,1.953125,0.01,0.0
345,1343,572.1749,1,1.953125,0.01,0.0
346,1348,572.1749,1,1.953125,0.01,0.0
347,1352,572.1749,1,1.953125,0.01,0.0
348,1356,572.1749,1,1.953125,0.01,0.0
349,1361,572.1749,1,1.953125,0.01,0.0
350,1365,561.1813,1,1.953125,0.01,0.0
351,1370,561.1813,1,1.953125,0.01,0.0
352,1375,561.1813,1,1.953125,0.01,0.0
353,1379,561.1813,1,1.953125,0.01,0.0
354,1384,561.1813,1,1.953125,0.01,0.0
355,1388,561.1813,1,1.953125,0.01,0.0
356,1393,561.1813,1,1.953125,0.01,0.0
357,1397,561.1813,1,1.953125,0.01,0.0
358,1401,561.1813,1,1.953125,0.01,0.0
359,1406,561.1813,1,1.953125,0.01,0.0
360,1410,549.4208,1,1.953125,0.01,0.0
361,1415,549.4208,1,1.953125,0.01,0.0
362,1419,549.4208,1,1.953125,0.01,0.0
363,1424,549.4208,1,1.953125,0.01,0.0
364,1428,549.4208,1,1.953125,0.01,0.0
365,1432,549.4208,1,1.953125,0.01,0.0
366,1437,549.4208,1,1.953125,0.01,0.0
367,1441,549.4208,1,1.953125,0.01,0.0
368,1445,549.4208,1,1.953125,0.01,0.0
369,1450,549.4208,1,1.953125,0.01,0.0
370,1454,538.4273,1,1.953125,0.01,0.0
371,1459,538.4273,1,1.953125,0.01,0.0
372,1463,538.4273,1,1.953125,0.01,0.0
373,1467,538.4273,1,1.953125,0.01,0.0
374,1472,538.4273,1,1.953125,0.01,0.0
375,1476,538.4273,1,1.953125,0.01,0.0
376,1481,538.4273,1,1.953125,0.01,0.0
377,1485,538.4273,1,1.953125,0.01,0.0
378,1490,538.4273,1,1.953125,0.01,0.0
379,1494,538.4273,1,1.953125,0.01,0.0
380,1498,527.1781,1,1.953125,0.01,0.0
381,1503,527.1781,1,1.953125,0.01,0.0
382,1507,527.1781,1,1.953125,0.01,0.0
383,1511,527.1781,1,1.953125,0.01,0.0
384,1516,527.1781,1,1.953125,0.01,0.0
385,1520,527.1781,1,1.953125,0.01,0.0
386,1525,527.1781,1,1.953125,0.01,0.0
387,1529,527.1781,1,1.953125,0.01,0.0
388,1534,527.1781,1,1.953125,0.01,0.0
389,1538,527.1781,1,1.953125,0.01,0.0
390,1542,515.9289,1,1.953125,0.01,0.0
391,1547,515.9289,1,1.953125,0.01,0.0
392,1551,515.9289,1,1.953125,0.01,0.0
393,1555,515.9289,1,1.953125,0.01,0.0
394,1560,515.9289,1,1.953125,0.01,0.0
395,1564,515.9289,1,1.953125,0.01,0.0
396,1569,515.9289,1,1.953125,0.01,0.0
397,1573,515.9289,1,1.953125,0.01,0.0
398,1578,515.9289,1,1.953125,0.01,0.0
399,1582,515.9289,1,1.953125,0.01,0.0
400,1586,504.6797,1,1.953125,0.01,0.0
401,1591,504.6797,1,1.953125,0.01,0.0
402,1595,504.6797,1,1.953125,0.01,0.0
403,1599,504.6797,1,1.953125,0.01,0.0
404,1604,504.6797,1,1.953125,0.01,0.0
405,1608,504.6797,1,1.953125,0.01,0.0
406,1613,504.6797,1,1.953125,0.01,0.0
407,1617,504.6797,1,1.953125,0.01,0.0
408,1622,504.6797,1,1.953125,0.01,0.0
409,1626,504.6797,1,1.953125,0.01,0.0
410,1630,493.4306,1,1.953125,0.01,0.0
411,1635,493.4306,1,1.953125,0.01,0.0
412,1639,493.4306,1,1.953125,0.01,0.0
413,1643,493.4306,1,1.953125,0.01,0.0
414,1648,493.4306,1,1.953125,0.01,0.0
415,1652,493.4306,1,1.953125,0.01,0.0
416,1657,493.4306,1,1.953125,0.01,0.0
417,1661,493.4306,1,1.953125,0.01,0.0
418,1666,493.4306,1,1.953125,0.01,0.0
419,1670,493.4306,1,1.953125,0.01,0.0
420,1674,482.1813,1,1.953125,0.01,0.0
421,1679,482.1813,1,1.953125,0.01,0.0
422,1683,482.1813,1,1.953125,0.01,0.0
423,1688,482.1813,1,1.953125,0.01,0.0
424,1692,482.1813,1,1.953125,0.01,0.0
425,1696,482.1813,1,1.953125,0.01,0.0
426,1701,482.1813,1,1.953125,0.01,0.0
427,1705,482.1813,1,1.953125,0.01,0.0
428,1710,482.1813,1,1.953125,0.01,0.0
429,1714,482.1813,1,1.953125,0.01,0.0
430,1718,470.9322,1,1.953125,0.01,0.0
431,1723,470.9322,1,1.953125,0.01,0.0
432,1727,470.9322,1,1.953125,0.01,0.0
433,1732,470.9322,1,1.953125,0.01,0.0
434,1736,470.9322,1,1.953125,0.01,0.0
435,1740,470.9322,1,1.953125,0.01,0.0
436,1745,470.9322,1,1.953125,0.01,0.0
437,1749,470.9322,1,1.953125,0.01,0.0
438,1754,470.9322,1,1.953125,0.01,0.0
439,1758,470.9322,1,1.953125,0.01,0.0
440,1763,459.1716,1,1.953125,0.01,0.0
441,1768,459.1716,1,1.953125,0.01,0.0
442,1772,459.1716,1,1.953125,0.01,0.0
443,1777,459.1716,1,1.953125,0.01,0.0
444,1781,459.1716,1,1.953125,0.01,0.0
445,1785,459.1716,1,1.953125,0.01,0.0
446,1790,459.1716,1,1.953125,0.01,0.0
447,1794,459.1716,1,1.953125,0.01,0.0
448,1799,459.1716,1,1.953125,0.01,0.0
449,1803,459.1716,1,1.953125,0.01,0.0
450,1808,448.1781,1,1.953125,0.01,0.0
451,1813,448.1781,1,1.953125,0.01,0.0
452,1817,448.1781,1,1.953125,0.01,0.0
453,1822,448.1781,1,1.953125,0.01,0.0
454,1826,448.1781,1,1.953125,0.01,0.0
455,1831,448.1781,1,1.953125,0.01,0.0
456,1835,448.1781,1,1.953125,0.01,0.0
457,1839,448.1781,1,1.953125,0.01,0.0
458,1844,448.1781,1,1.953125,0.01,0.0
459,1848,448.1781,1,1.953125,0.01,0.0
460,1852,436.4176,1,1.953125,0.01,0.0
461,1858,436.4176,1,1.953125,0.01,0.0
462,1862,436.4176,1,1.953125,0.01,0.0
463,1867,436.4176,1,1.953125,0.01,0.0
464,1871,436.4176,1,1.953125,0.01,0.0
465,1876,436.4176,1,1.953125,0.01,0.0
466,1880,436.4176,1,1.953125,0.01,0.0
467,1884,436.4176,1,1.953125,0.01,0.0
468,1889,436.4176,1,1.953125,0.01,0.0
469,1893,436.4176,1,1.953125,0.01,0.0
470,1898,424.9127,1,1.953125,0.01,0.0
471,1902,424.9127,1,1.953125,0.01,0.0
472,1906,424.9127,1,1.953125,0.01,0.0
473,1911,424.9127,1,1.953125,0.01,0.0
474,1915,424.9127,1,1.953125,0.01,0.0
475,1920,424.9127,1,1.953125,0.01,0.0
476,1924,424.9127,1,1.953125,0.01,0.0
477,1928,424.9127,1,1.953125,0.01,0.0
478,1933,424.9127,1,1.953125,0.01,0.0
479,1937,424.9127,1,1.953125,0.01,0.0
480,1941,413.9192,1,1.953125,0.01,0.0
481,1946,413.9192,1,1.953125,0.01,0.0
482,1950,413.9192,1,1.953125,0.01,0.0
483,1955,413.9192,1,1.953125,0.01,0.0
484,1959,413.9192,1,1.953125,0.01,0.0
485,1964,413.9192,1,1.953125,0.01,0.0
486,1968,413.9192,1,1.953125,0.01,0.0
487,1972,413.9192,1,1.953125,0.01,0.0
488,1977,413.9192,1,1.953125,0.01,0.0
489,1981,413.9192,1,1.953125,0.01,0.0
490,1985,402.67,1,1.953125,0.01,0.0
491,1990,402.67,1,1.953125,0.01,0.0
492,1994,402.67,1,1.953125,0.01,0.0
493,1999,402.67,1,1.953125,0.01,0.0
494,2004,402.67,1,1.953125,0.01,0.0
495,2009,402.67,1,1.953125,0.01,0.0
496,2013,402.67,1,1.953125,0.01,0.0
497,2017,402.67,1,1.953125,0.01,0.0
498,2022,402.67,1,1.953125,0.01,0.0
499,2026,402.67,1,1.953125,0.01,0.0
500,2030,390.9094,1,1.953125,0.01,0.0
501,2035,390.9094,1,1.953125,0.01,0.0
502,2039,390.9094,1,1.953125,0.01,0.0
503,2044,390.9094,1,1.953125,0.01,0.0
504,2048,390.9094,1,1.953125,0.01,0.0
505,2053,390.9094,1,1.953125,0.01,0.0
506,2057,390.9094,1,1.953125,0.01,0.0
507,2061,390.9094,1,1.953125,0.01,0.0
508,2066,390.9094,1,1.953125,0.01,0.0
509,2070,390.9094,1,1.953125,0.01,0.0
510,2075,379.4047,1,1.953125,0.01,0.0
511,2079,379.4047,1,1.953125,0.01,0.0
512,2083,379.4047,1,1.953125,0.01,0.0
513,2088,379.4047,1,1.953125,0.01,0.0
514,2092,379.4047,1,1.953125,0.01,0.0
515,2097,379.4047,1,1.953125,0.01,0.0
516,2102,379.4047,1,1.953125,0.01,0.0
517,2107,379.4047,1,1.953125,0.01,0.0
518,2111,379.4047,1,1.953125,0.01,0.0
519,2115,379.4047,1,1.953125,0.01,0.0
520,2120,367.8997,1,1.953125,0.01,0.0
521,2124,367.8997,1,1.953125,0.01,0.0
522,2128,367.8997,1,1.953125,0.01,0.0
523,2133,367.8997,1,1.953125,0.01,0.0
524,2137,367.8997,1,1.953125,0.01,0.0
525,2142,367.8997,1,1.953125,0.01,0.0
526,2146,367.8997,1,1.953125,0.01,0.0
527,2150,367.8997,1,1.953125,0.01,0.0
528,2155,367.8997,1,1.953125,0.01,0.0
529,2159,367.8997,1,1.953125,0.01,0.0
530,2164,356.9062,1,1.953125,0.01,0.0
531,2168,356.9062,1,1.953125,0.01,0.0
532,2172,356.9062,1,1.953125,0.01,0.0
533,2177,356.9062,1,1.953125,0.01,0.0
534,2181,356.9062,1,1.953125,0.01,0.0
535,2186,356.9062,1,1.953125,0.01,0.0
536,2190,356.9062,1,1.953125,0.01,0.0
537,2194,356.9062,1,1.953125,0.01,0.0
538,2199,356.9062,1,1.953125,0.01,0.0
539,2203,356.9062,1,1.953125,0.01,0.0
540,2208,345.6571,1,1.953125,0.01,0.0
541,2212,345.6571,1,1.953125,0.01,0.0
542,2216,345.6571,1,1.953125,0.01,0.0
543,2221,345.6571,1,1.953125,0.01,0.0
544,2225,345.6571,1,1.953125,0.01,0.0
545,2230,345.6571,1,1.953125,0.01,0.0
546,2234,345.6571,1,1.953125,0.01,0.0
547,2238,345.6571,1,1.953125,0.01,0.0
548,2243,345.6571,1,1.953125,0.01,0.0
549,2247,345.6571,1,1.953125,0.01,0.0
550,2252,334.4079,1,1.953125,0.01,0.0
551,2256,334.4079,1,1.953125,0.01,0.0
552,2260,334.4079,1,1.953125,0.01,0.0
553,2265,334.4079,1,1.953125,0.01,0.0
554,2269,334.4079,1,1.953125,0.01,0.0
555,2274,334.4079,1,1.953125,0.01,0.0
556,2278,334.4079,1,1.953125,0.01,0.0
557,2282,334.4079,1,1.953125,0.01,0.0
558,2287,334.4079,1,1.953125,0.01,0.0
559,2291,334.4079,1,1.953125,0.01,0.0
560,2296,323.1587,1,1.953125,0.01,0.0
561,2300,323.1587,1,1.953125,0.01,0.0
562,2304,323.1587,1,1.953125,0.01,0.0
563,2309,323.1587,1,1.953125,0.01,0.0
564,2313,323.1587,1,1.953125,0.01,0.0
565,2318,323.1587,1,1.953125,0.01,0.0
566,2322,323.1587,1,1.953125,0.01,0.0
567,2326,323.1587,1,1.953125,0.01,0.0
568,2331,323.1587,1,1.953125,0.01,0.0
569,2335,323.1587,1,1.953125,0.01,0.0
570,2340,312.4208,1,1.953125,0.01,0.0
571,2344,312.4208,1,1.953125,0.01,0.0
572,2349,312.4208,1,1.953125,0.01,0.0
573,2353,312.4208,1,1.953125,0.01,0.0
574,2357,312.4208,1,1.953125,0.01,0.0
575,2362,312.4208,1,1.953125,0.01,0.0
576,2366,312.4208,1,1.953125,0.01,0.0
577,2370,312.4208,1,1.953125,0.01,0.0
578,2375,312.4208,1,1.953125,0.01,0.0
579,2379,312.4208,1,1.953125,0.01,0.0
580,2384,300.4047,1,1.953125,0.01,0.0
581,2388,300.4047,1,1.953125,0.01,0.0
582,2392,300.4047,1,1.953125,0.01,0.0
583,2397,300.4047,1,1.953125,0.01,0.0
584,2401,300.4047,1,1.953125,0.01,0.0
585,2406,300.4047,1,1.953125,0.01,0.0
586,2410,300.4047,1,1.953125,0.01,0.0
587,2414,300.4047,1,1.953125,0.01,0.0
588,2419,300.4047,1,1.953125,0.01,0.0
589,2423,300.4047,1,1.953125,0.01,0.0
590,2428,289.411,1,1.953125,0.01,0.0
591,2432,289.411,1,1.953125,0.01,0.0
592,2438,289.411,1,1.953125,0.01,0.0
593,2442,289.411,1,1.953125,0.01,0.0
594,2446,289.411,1,1.953125,0.01,0.0
595,2451,289.411,1,1.953125,0.01,0.0
596,2455,289.411,1,1.953125,0.01,0.0
597,2459,289.411,1,1.953125,0.01,0.0
598,2464,289.411,1,1.953125,0.01,0.0
599,2468,289.411,1,1.953125,0.01,0.0
600,2473,277.6506,1,1.953125,0.01,0.0
601,2477,277.6506,1,1.953125,0.01,0.0
602,2482,277.6506,1,1.953125,0.01,0.0
603,2486,277.6506,1,1.953125,0.01,0.0
604,2490,277.6506,1,1.953125,0.01,0.0
605,2495,277.6506,1,1.953125,0.01,0.0
606,2499,277.6506,1,1.953125,0.01,0.0
607,2504,277.6506,1,1.953125,0.01,0.0
608,2508,277.6506,1,1.953125,0.01,0.0
609,2512,277.6506,1,1.953125,0.01,0.0
610,2517,266.6571,1,1.953125,0.01,0.0
611,2521,266.6571,1,1.953125,0.01,0.0
612,2525,266.6571,1,1.953125,0.01,0.0
613,2530,266.6571,1,1.953125,0.01,0.0
614,2534,266.6571,1,1.953125,0.01,0.0
615,2539,266.6571,1,1.953125,0.01,0.0
616,2543,266.6571,1,1.953125,0.01,0.0
617,2548,266.6571,1,1.953125,0.01,0.0
618,2552,266.6571,1,1.953125,0.01,0.0
619,2556,266.6571,1,1.953125,0.01,0.0
620,2561,255.4079,1,1.953125,0.01,0.0
621,2565,255.4079,1,1.953125,0.01,0.0
622,2570,255.4079,1,1.953125,0.01,0.0
623,2574,255.4079,1,1.953125,0.01,0.0
624,2578,255.4079,1,1.953125,0.01,0.0
625,2583,255.4079,1,1.953125,0.01,0.0
626,2587,255.4079,1,1.953125,0.01,0.0
627,2592,255.4079,1,1.953125,0.01,0.0
628,2596,255.4079,1,1.953125,0.01,0.0
629,2600,255.4079,1,1.953125,0.01,0.0
630,2605,244.1587,1,1.953125,0.01,0.0
631,2609,244.1587,1,1.953125,0.01,0.0
632,2614,244.1587,1,1.953125,0.01,0.0
633,2618,244.1587,1,1.953125,0.01,0.0
634,2622,244.1587,1,1.953125,0.01,0.0
635,2627,244.1587,1,1.953125,0.01,0.0
636,2632,244.1587,1,1.953125,0.01,0.0
637,2637,244.1587,1,1.953125,0.01,0.0
638,2641,244.1587,1,1.953125,0.01,0.0
639,2645,244.1587,1,1.953125,0.01,0.0
640,2650,232.3981,1,1.953125,0.01,0.0
641,2654,232.3981,1,1.953125,0.01,0.0
642,2659,232.3981,1,1.953125,0.01,0.0
643,2663,232.3981,1,1.953125,0.01,0.0
644,2667,232.3981,1,1.953125,0.01,0.0
645,2672,232.3981,1,1.953125,0.01,0.0
646,2676,232.3981,1,1.953125,0.01,0.0
647,2682,232.3981,1,1.953125,0.01,0.0
648,2686,232.3981,1,1.953125,0.01,0.0
649,2691,232.3981,1,1.953125,0.01,0.0
650,2695,220.8933,1,1.953125,0.01,0.0
651,2699,220.8933,1,1.953125,0.01,0.0
652,2704,220.8933,1,1.953125,0.01,0.0
653,2708,220.8933,1,1.953125,0.01,0.0
654,2712,220.8933,1,1.953125,0.01,0.0
655,2717,220.8933,1,1.953125,0.01,0.0
656,2721,220.8933,1,1.953125,0.01,0.0
657,2726,220.8933,1,1.953125,0.01,0.0
658,2731,220.8933,1,1.953125,0.01,0.0
659,2736,220.8933,1,1.953125,0.01,0.0
660,2740,209.3884,1,1.953125,0.01,0.0
661,2744,209.3884,1,1.953125,0.01,0.0
662,2749,209.3884,1,1.953125,0.01,0.0
663,2753,209.3884,1,1.953125,0.01,0.0
664,2757,209.3884,1,1.953125,0.01,0.0
665,2762,209.3884,1,1.953125,0.01,0.0
666,2766,209.3884,1,1.953125,0.01,0.0
667,2771,209.3884,1,1.953125,0.01,0.0
668,2775,209.3884,1,1.953125,0.01,0.0
669,2780,209.3884,1,1.953125,0.01,0.0
670,2784,198.3949,1,1.953125,0.01,0.0
671,2788,198.3949,1,1.953125,0.01,0.0
672,2793,198.3949,1,1.953125,0.01,0.0
673,2797,198.3949,1,1.953125,0.01,0.0
674,2802,198.3949,1,1.953125,0.01,0.0
675,2806,198.3949,1,1.953125,0.01,0.0
676,2810,198.3949,1,1.953125,0.01,0.0
677,2815,198.3949,1,1.953125,0.01,0.0
678,2819,198.3949,1,1.953125,0.01,0.0
679,2824,198.3949,1,1.953125,0.01,0.0
680,2828,187.1457,1,1.953125,0.01,0.0
681,2832,187.1457,1,1.953125,0.01,0.0
682,2837,187.1457,1,1.953125,0.01,0.0
683,2841,187.1457,1,1.953125,0.01,0.0
684,2846,187.1457,1,1.953125,0.01,0.0
685,2850,187.1457,1,1.953125,0.01,0.0
686,2854,187.1457,1,1.953125,0.01,0.0
687,2859,187.1457,1,1.953125,0.01,0.0
688,2863,187.1457,1,1.953125,0.01,0.0
689,2868,187.1457,1,1.953125,0.01,0.0
690,2872,175.8965,1,1.953125,0.01,0.0
691,2876,175.8965,1,1.953125,0.01,0.0
692,2881,175.8965,1,1.953125,0.01,0.0
693,2885,175.8965,1,1.953125,0.01,0.0
694,2890,175.8965,1,1.953125,0.01,0.0
695,2894,175.8965,1,1.953125,0.01,0.0
696,2898,175.8965,1,1.953125,0.01,0.0
697,2903,175.8965,1,1.953125,0.01,0.0
698,2907,175.8965,1,1.953125,0.01,0.0
699,2912,175.8965,1,1.953125,0.01,0.0
700,2916,164.6473,1,1.953125,0.01,0.0
701,2922,164.6473,1,1.953125,0.01,0.0
702,2926,164.6473,1,1.953125,0.01,0.0
703,2930,164.6473,1,1.953125,0.01,0.0
704,2935,164.6473,1,1.953125,0.01,0.0
705,2939,164.6473,1,1.953125,0.01,0.0
706,2943,164.6473,1,1.953125,0.01,0.0
707,2948,164.6473,1,1.953125,0.01,0.0
708,2952,164.6473,1,1.953125,0.01,0.0
709,2957,164.6473,1,1.953125,0.01,0.0
710,2961,152.8867,1,1.953125,0.01,0.0
711,2966,152.8867,1,1.953125,0.01,0.0
712,2970,152.8867,1,1.953125,0.01,0.0
713,2974,152.8867,1,1.953125,0.01,0.0
714,2979,152.8867,1,1.953125,0.01,0.0
715,2983,152.8867,1,1.953125,0.01,0.0
716,2988,152.8867,1,1.953125,0.01,0.0
717,2992,152.8867,1,1.953125,0.01,0.0
718,2996,152.8867,1,1.953125,0.01,0.0
719,3001,152.8867,1,1.953125,0.01,0.0
720,3005,141.8933,1,1.953125,0.01,0.0
721,3010,141.8933,1,1.953125,0.01,0.0
722,3014,141.8933,1,1.953125,0.01,0.0
723,3019,141.8933,1,1.953125,0.01,0.0
724,3024,141.8933,1,1.953125,0.01,0.0
725,3028,141.8933,1,1.953125,0.01,0.0
726,3033,141.8933,1,1.953125,0.01,0.0
727,3037,141.8933,1,1.953125,0.01,0.0
728,3041,141.8933,1,1.953125,0.01,0.0
729,3046,141.8933,1,1.953125,0.01,0.0
730,3050,130.1328,1,1.953125,0.01,0.0
731,3055,130.1328,1,1.953125,0.01,0.0
732,3059,130.1328,1,1.953125,0.01,0.0
733,3063,130.1328,1,1.953125,0.01,0.0
734,3068,130.1328,1,1.953125,0.01,0.0
735,3072,130.1328,1,1.953125,0.01,0.0
736,3077,130.1328,1,1.953125,0.01,0.0
737,3081,130.1328,1,1.953125,0.01,0.0
738,3085,130.1328,1,1.953125,0.01,0.0
739,3090,130.1328,1,1.953125,0.01,0.0
740,3094,119.1393,1,1.953125,0.01,0.0
741,3099,119.1393,1,1.953125,0.01,0.0
742,3103,119.1393,1,1.953125,0.01,0.0
743,3107,119.1393,1,1.953125,0.01,0.0
744,3112,119.1393,1,1.953125,0.01,0.0
745,3116,119.1393,1,1.953125,0.01,0.0
746,3121,119.1393,1,1.953125,0.01,0.0
747,3125,119.1393,1,1.953125,0.01,0.0
748,3129,119.1393,1,1.953125,0.01,0.0
749,3134,119.1393,1,1.953125,0.01,0.0
750,3138,107.8899,1,1.953125,0.01,0.0
751,3143,107.8899,1,1.953125,0.01,0.0
752,3147,107.8899,1,1.953125,0.01,0.0
753,3151,107.8899,1,1.953125,0.01,0.0
754,3156,107.8899,1,1.953125,0.01,0.0
755,3160,107.8899,1,1.953125,0.01,0.0
756,3165,107.8899,1,1.953125,0.01,0.0
757,3169,107.8899,1,1.953125,0.01,0.0
758,3174,107.8899,1,1.953125,0.01,0.0
759,3178,107.8899,1,1.953125,0.01,0.0
760,3182,96.6408,1,1.953125,0.01,0.0
761,3187,96.6408,1,1.953125,0.01,0.0
762,3191,96.6408,1,1.953125,0.01,0.0
763,3195,96.6408,1,1.953125,0.01,0.0
764,3200,96.6408,1,1.953125,0.01,0.0
765,3204,96.6408,1,1.953125,0.01,0.0
766,3209,96.6408,1,1.953125,0.01,0.0
767,3214,96.6408,1,1.953125,0.01,0.0
768,3219,96.6408,1,1.953125,0.01,0.0
769,3223,96.6408,1,1.953125,0.01,0.0
770,3227,84.8803,1,1.953125,0.01,0.0
771,3232,84.8803,1,1.953125,0.01,0.0
772,3236,84.8803,1,1.953125,0.01,0.0
773,3241,84.8803,1,1.953125,0.01,0.0
774,3245,84.8803,1,1.953125,0.01,0.0
775,3249,84.8803,1,1.953125,0.01,0.0
776,3254,84.8803,1,1.953125,0.01,0.0
777,3258,84.8803,1,1.953125,0.01,0.0
778,3263,84.8803,1,1.953125,0.01,0.0
779,3267,84.8803,1,1.953125,0.01,0.0
780,3271,73.8868,1,1.953125,0.01,0.0
781,3276,73.8868,1,1.953125,0.01,0.0
782,3280,73.8868,1,1.953125,0.01,0.0
783,3285,73.8868,1,1.953125,0.01,0.0
784,3289,73.8868,1,1.953125,0.01,0.0
785,3293,73.8868,1,1.953125,0.01,0.0
786,3298,73.8868,1,1.953125,0.01,0.0
787,3302,73.8868,1,1.953125,0.01,0.0
788,3307,73.8868,1,1.953125,0.01,0.0
789,3311,73.8868,1,1.953125,0.01,0.0
790,3316,62.6376,1,1.953125,0.01,0.0
791,3320,62.6376,1,1.953125,0.01,0.0
792,3324,62.6376,1,1.953125,0.01,0.0
793,3329,62.6376,1,1.953125,0.01,0.0
794,3333,62.6376,1,1.953125,0.01,0.0
795,3337,62.6376,1,1.953125,0.01,0.0
796,3342,62.6376,1,1.953125,0.01,0.0
797,3346,62.6376,1,1.953125,0.01,0.0
798,3351,62.6376,1,1.953125,0.01,0.0
799,3355,62.6376,1,1.953125,0.01,0.0
800,3359,51.3883,1,1.953125,0.01,0.0
801,3364,51.3883,1,1.953125,0.01,0.0
802,3368,51.3883,1,1.953125,0.01,0.0
803,3373,51.3883,1,1.953125,0.01,0.0
804,3377,51.3883,1,1.953125,0.01,0.0
805,3381,51.3883,1,1.953125,0.01,0.0
806,3386,51.3883,1,1.953125,0.01,0.0
807,3390,51.3883,1,1.953125,0.01,0.0
808,3395,51.3883,1,1.953125,0.01,0.0
809,3399,51.3883,1,1.953125,0.01,0.0
810,3404,40.1392,1,1.953125,0.01,0.0
811,3408,40.1392,1,1.953125,0.01,0.0
812,3412,40.1392,1,1.953125,0.01,0.0
813,3417,40.1392,1,1.953125,0.01,0.0
814,3421,40.1392,1,1.953125,0.01,0.0
815,3425,40.1392,1,1.953125,0.01,0.0
816,3430,40.1392,1,1.953125,0.01,0.0
817,3434,40.1392,1,1.953125,0.01,0.0
818,3439,40.1392,1,1.953125,0.01,0.0
819,3443,40.1392,1,1.953125,0.01,0.0
820,3448,28.89,1,1.953125,0.01,0.0
821,3452,28.89,1,1.953125,0.01,0.0
822,3456,28.89,1,1.953125,0.01,0.0
823,3461,28.89,1,1.953125,0.01,0.0
824,3465,28.89,1,1.953125,0.01,0.0
825,3470,28.89,1,1.953125,0.01,0.0
826,3474,28.89,1,1.953125,0.01,0.0
827,3478,28.89,1,1.953125,0.01,0.0
828,3483,28.89,1,1.953125,0.01,0.0
829,3487,28.89,1,1.953125,0.01,0.0
830,3491,17.6408,1,1.953125,0.01,0.0
831,3496,17.6408,1,1.953125,0.01,0.0
832,3500,17.6408,1,1.953125,0.01,0.0
833,3505,17.6408,1,1.953125,0.01,0.0
834,3509,17.6408,1,1.953125,0.01,0.0
835,3514,17.6408,1,1.953125,0.01,0.0
836,3518,17.6408,1,1.953125,0.01,0.0
837,3522,17.6408,1,1.953125,0.01,0.0
838,3527,17.6408,1,1.953125,0.01,0.0
839,3531,17.6408,1,1.953125,0.01,0.0
840,3535,6.3916,1,1.953125,0.01,0.0
841,3540,6.3916,1,1.953125,0.01,0.0
842,3544,6.3916,1,1.953125,0.01,0.0
843,3549,6.3916,1,1.953125,0.01,0.0
844,3553,6.3916,1,1.953125,0.01,0.0
845,3557,6.3916,1,1.953125,0.01,0.0
846,3561,6.3916,1,1.953125,0.01,0.0
847,3565,6.3916,1,1.953125,0.01,0.0
848,3569,6.3916,1,1.953125,0.01,0.0
849,3573,6.3916,1,1.953125,0.01,0.0
850,3577,-3.835,1,1.953125,0.01,0.0
851,3581,-3.835,1,1.953125,0.01,0.0
852,3585,-3.835,1,1.953125,0.01,0.0
853,3588,-3.835,1,1.953125,0.01,0.0
854,3592,-3.835,1,1.953125,0.01,0.0
855,3595,-3.835,1,1.953125,0.01,0.0
856,3598,-3.835,1,1.953125,0.01,0.0
857,3602,-3.835,1,1.953125,0.01,0.0
858,3604,-3.835,1,1.953125,0.01,0.0
859,3607,-3.835,1,1.953125,0.01,0.0
860,3610,-10.4821,1,1.953125,0.01,0.0
861,3613,-10.4821,1,1.953125,0.01,0.0
862,3615,-10.4821,1,1.953125,0.01,0.0
863,3617,-10.4821,1,1.953125,0.01,0.0
864,3619,-10.4821,1,1.953125,0.01,0.0
865,3621,-10.4821,1,1.953125,0.01,0.0
866,3622,-10.4821,1,1.953125,0.01,0.0
867,3624,-10.4821,1,1.953125,0.01,0.0
868,3625,-10.4821,1,1.953125,0.01,0.0
869,3627,-10.4821,1,1.953125,0.01,0.0
870,3628,-12.0162,1,1.953125,0.01,0.0
871,3628,-12.0162,1,1.953125,0.01,0.0
872,3629,-12.0162,1,1.953125,0.01,0.0
873,3630,-12.0162,1,1.953125,0.01,0.0
874,3630,-12.0162,1,1.953125,0.01,0.0
875,3630,-12.0162,1,1.953125,0.01,0.0
876,3630,-12.0162,1,1.953125,0.01,0.0
877,3630,-12.0162,1,1.953125,0.01,0.0
878,3630,-12.0162,1,1.953125,0.01,0.0
879,3629,-12.0162,1,1.953125,0.01,0.0
880,3629,-7.9256,1,1.953125,0.01,0.0
881,3628,-7.9256,1,1.953125,0.01,0.0
882,3627,-7.9256,1,1.953125,0.01,0.0
883,3626,-7.9256,1,1.953125,0.01,0.0
884,3625,-7.9256,1,1.953125,0.01,0.0
885,3624,-7.9256,1,1.953125,0.01,0.0
886,3623,-7.9256,1,1.953125,0.01,0.0
887,3622,-7.9256,1,1.953125,0.01,0.0
888,3621,-7.9256,1,1.953125,0.01,0.0
889,3619,-7.9256,1,1.953125,0.01,0.0
890,3618,-2.3009,1,1.953125,0.01,0.0
891,3617,-2.3009,1,1.953125,0.01,0.0
892,3615,-2.3009,1,1.953125,0.01,0.0
893,3614,-2.3009,1,1.953125,0.01,0.0
894,3613,-2.3009,1,1.953125,0.01,0.0
895,3611,-2.3009,1,1.953125,0.01,0.0
896,3610,-2.3009,1,1.953125,0.01,0.0
897,3609,-2.3009,1,1.953125,0.01,0.0
898,3608,-2.3009,1,1.953125,0.01,0.0
899,3606,-2.3009,1,1.953125,0.01,0.0
900,3605,1.7897,1,1.953125,0.01,0.0
901,3604,1.7897,1,1.953125,0.01,0.0
902,3603,1.7897,1,1.953125,0.01,0.0
903,3602,1.7897,1,1.953125,0.01,0.0
904,3601,1.7897,1,1.953125,0.01,0.0
905,3600,1.7897,1,1.953125,0.01,0.0
906,3599,1.7897,1,1.953125,0.01,0.0
907,3598,1.7897,1,1.953125,0.01,0.0
908,3597,1.7897,1,1.953125,0.01,0.0
909,3596,1.7897,1,1.953125,0.01,0.0
910,3596,3.5793,1,1.953125,0.01,0.0
911,3595,3.5793,1,1.953125,0.01,0.0
912,3594,3.5793,1,1.953125,0.01,0.0
913,3594,3.5793,1,1.953125,0.01,0.0
914,3594,3.5793,1,1.953125,0.01,0.0
915,3593,3.5793,1,1.953125,0.01,0.0
916,3593,3.5793,1,1.953125,0.01,0.0
917,3593,3.5793,1,1.953125,0.01,0.0
918,3592,3.5793,1,1.953125,0.01,0.0
919,3592,3.5793,1,1.953125,0.01,0.0
920,3592,3.068,1,1.953125,0.01,0.0
921,3592,3.068,1,1.953125,0.01,0.0
922,3592,3.068,1,1.953125,0.01,0.0
923,3592,3.068,1,1.953125,0.01,0.0
924,3592,3.068,1,1.953125,0.01,0.0
925,3592,3.068,1,1.953125,0.01,0.0
926,3593,3.068,1,1.953125,0.01,0.0
927,3593,3.068,1,1.953125,0.01,0.0
928,3593,3.068,1,1.953125,0.01,0.0
929,3593,3.068,1,1.953125,0.01,0.0
930,3594,1.534,1,1.953125,0.01,0.0
931,3594,1.534,1,1.953125,0.01,0.0
932,3594,1.534,1,1.953125,0.01,0.0
933,3595,1.534,1,1.953125,0.01,0.0
934,3595,1.534,1,1.953125,0.01,0.0
935,3596,1.534,1,1.953125,0.01,0.0
936,3596,1.534,1,1.953125,0.01,0.0
937,3596,1.534,1,1.953125,0.01,0.0
938,3597,1.534,1,1.953125,0.01,0.0
939,3597,1.534,1,1.953125,0.01,0.0
940,3597,-0.2556,1,1.953125,0.01,0.0
941,3598,-0.2556,1,1.953125,0.01,0.0
942,3598,-0.2556,1,1.953125,0.01,0.0
943,3598,-0.2556,1,1.953125,0.01,0.0
944,3599,-0.2556,1,1.953125,0.01,0.0
945,3599,-0.2556,1,1.953125,0.01,0.0
946,3599,-0.2556,1,1.953125,0.01,0.0
947,3600,-0.2556,1,1.953125,0.01,0.0
948,3600,-0.2556,1,1.953125,0.01,0.0
949,3600,-0.2556,1,1.953125,0.01,0.0
950,3600,-0.7669,1,1.953125,0.01,0.0
951,3601,-0.7669,1,1.953125,0.01,0.0
952,3601,-0.7669,1,1.953125,0.01,0.0
953,3601,-0.7669,1,1.953125,0.01,0.0
954,3601,-0.7669,1,1.953125,0.01,0.0
955,3601,-0.7669,1,1.953125,0.01,0.0
956,3602,-0.7669,1,1.953125,0.01,0.0
957,3602,-0.7669,1,1.953125,0.01,0.0
958,3602,-0.7669,1,1.953125,0.01,0.0
959,3602,-0.7669,1,1.953125,0.01,0.0
960,3602,-1.0226,1,1.953125,0.01,0.0
961,3602,-1.0226,1,1.953125,0.01,0.0
962,3602,-1.0226,1,1.953125,0.01,0.0
963,3602,-1.0226,1,1.953125,0.01,0.0
964,3602,-1.0226,1,1.953125,0.01,0.0
965,3602,-1.0226,1,1.953125,0.01,0.0
966,3602,-1.0226,1,1.953125,0.01,0.0
967,3602,-1.0226,1,1.953125,0.01,0.0
968,3602,-1.0226,1,1.953125,0.01,0.0
969,3602,-1.0226,1,1.953125,0.01,0.0
970,3602,-0.5113,1,1.953125,0.01,0.0
971,3602,-0.5113,1,1.953125,0.01,0.0
972,3602,-0.5113,1,1.953125,0.01,0.0
973,3602,-0.5113,1,1.953125,0.01,0.0
974,3602,-0.5113,1,1.953125,0.01,0.0
975,3602,-0.5113,1,1.953125,0.01,0.0
976,3602,-0.5113,1,1.953125,0.01,0.0
977,3602,-0.5113,1,1.953125,0.01,0.0
978,3602,-0.5113,1,1.953125,0.01,0.0
979,3602,-0.5113,1,1.953125,0.01,0.0
980,3602,-0.5113,1,1.953125,0.01,0.0
981,3602,-0.5113,1,1.953125,0.01,0.0
982,3602,-0.5113,1,1.953125,0.01,0.0
983,3602,-0.5113,1,1.953125,0.01,0.0
984,3602,-0.5113,1,1.953125,0.01,0.0
985,3602,-0.5113,1,1.953125,0.01,0.0
986,3602,-0.5113,1,1.953125,0.01,0.0
987,3602,-0.5113,1,1.953125,0.01,0.0
988,3602,-0.5113,1,1.953125,0.01,0.0
989,3602,-0.5113,1,1.953125,0.01,0.0
990,3602,-0.5113,1,1.953125,0.01,0.0
991,3602,-0.5113,1,1.953125,0.01,0.0
992,3602,-0.5113,1,1.953125,0.01,0.0
993,3602,-0.5113,1,1.953125,0.01,0.0
994,3601,-0.5113,1,1.953125,0.01,0.0
995,3601,-0.5113,1,1.953125,0.01,0.0
996,3601,-0.5113,1,1.953125,0.01,0.0
997,3601,-0.5113,1,1.953125,0.01,0.0
998,3601,-0.5113,1,1.953125,0.01,0.0
999,3601,-0.5113,1,1.953125,0.01,0.0
1000,3601,0.0,1,1.953125,0.01,0.0
1001,3601,0.0,1,1.953125,0.01,0.0
1002,3601,0.0,1,1.953125,0.01,0.0
1003,3601,0.0,1,1.953125,0.01,0.0
1004,3601,0.0,1,1.953125,0.01,0.0
1005,3601,0.0,1,1.953125,0.01,0.0
1006,3601,0.0,1,1.953125,0.01,0.0
1007,3601,0.0,1,1.953125,0.01,0.0
1008,3601,0.0,1,1.953125,0.01,0.0
1009,3601,0.0,1,1.953125,0.01,0.0
