TIME,PULSES,CONTROLLERVOLTAGE,CONTROLLER,KP,TAUD,TAUI 
0,0.0,0.0,0.0,40.0,0.0,0.0
1,0.0,0.0,0.0,40.0,0.0,0.0
2,0.0,0.0,0.0,40.0,0.0,0.0
3,0.0,0.0,0.0,40.0,0.0,0.0
4,0.0,0.0,0.0,40.0,0.0,0.0
5,0.0,0.0,0.0,40.0,0.0,0.0
6,0.0,0.0,0.0,40.0,0.0,0.0
7,0.0,0.0,0.0,40.0,0.0,0.0
8,0.0,0.0,0.0,40.0,0.0,0.0
9,0.0,0.0,0.0,40.0,0.0,0.0
10,0.0,18849.56,0.0,40.0,0.0,0.0
11,0.0,18849.56,0.0,40.0,0.0,0.0
12,0.0,18849.56,0.0,40.0,0.0,0.0
13,0.0,18849.56,0.0,40.0,0.0,0.0
14,0.0,18849.56,0.0,40.0,0.0,0.0
15,1.0,18849.56,0.0,40.0,0.0,0.0
16,2.0,18849.56,0.0,40.0,0.0,0.0
17,2.0,18849.56,0.0,40.0,0.0,0.0
18,3.0,18849.56,0.0,40.0,0.0,0.0
19,4.0,18849.56,0.0,40.0,0.0,0.0
20,5.0,18828.61,0.0,40.0,0.0,0.0
21,7.0,18828.61,0.0,40.0,0.0,0.0
22,8.0,18828.61,0.0,40.0,0.0,0.0
23,10.0,18828.61,0.0,40.0,0.0,0.0
24,11.0,18828.61,0.0,40.0,0.0,0.0
25,13.0,18828.61,0.0,40.0,0.0,0.0
26,15.0,18828.61,0.0,40.0,0.0,0.0
27,17.0,18828.61,0.0,40.0,0.0,0.0
28,19.0,18828.61,0.0,40.0,0.0,0.0
29,21.0,18828.61,0.0,40.0,0.0,0.0
30,23.0,18739.6,0.0,40.0,0.0,0.0
31,25.0,18739.6,0.0,40.0,0.0,0.0
32,27.0,18739.6,0.0,40.0,0.0,0.0
33,29.0,18739.6,0.0,40.0,0.0,0.0
34,32.0,18739.6,0.0,40.0,0.0,0.0
35,34.0,18739.6,0.0,40.0,0.0,0.0
36,37.0,18739.6,0.0,40.0,0.0,0.0
37,39.0,18739.6,0.0,40.0,0.0,0.0
38,42.0,18739.6,0.0,40.0,0.0,0.0
39,45.0,18739.6,0.0,40.0,0.0,0.0
40,47.0,18613.94,0.0,40.0,0.0,0.0
41,50.0,18613.94,0.0,40.0,0.0,0.0
42,53.0,18613.94,0.0,40.0,0.0,0.0
43,56.0,18613.94,0.0,40.0,0.0,0.0
44,59.0,18613.94,0.0,40.0,0.0,0.0
45,62.0,18613.94,0.0,40.0,0.0,0.0
46,65.0,18613.94,0.0,40.0,0.0,0.0
47,67.0,18613.94,0.0,40.0,0.0,0.0
48,71.0,18613.94,0.0,40.0,0.0,0.0
49,74.0,18613.94,0.0,40.0,0.0,0.0
50,77.0,18462.09,0.0,40.0,0.0,0.0
51,80.0,18462.09,0.0,40.0,0.0,0.0
52,83.0,18462.09,0.0,40.0,0.0,0.0
53,86.0,18462.09,0.0,40.0,0.0,0.0
54,90.0,18462.09,0.0,40.0,0.0,0.0
55,93.0,18462.09,0.0,40.0,0.0,0.0
56,96.0,18462.09,0.0,40.0,0.0,0.0
57,99.0,18462.09,0.0,40.0,0.0,0.0
58,103.0,18462.09,0.0,40.0,0.0,0.0
59,106.0,18462.09,0.0,40.0,0.0,0.0
60,110.0,18294.54,0.0,40.0,0.0,0.0
61,113.0,18294.54,0.0,40.0,0.0,0.0
62,116.0,18294.54,0.0,40.0,0.0,0.0
63,120.0,18294.54,0.0,40.0,0.0,0.0
64,123.0,18294.54,0.0,40.0,0.0,0.0
65,127.0,18294.54,0.0,40.0,0.0,0.0
66,130.0,18294.54,0.0,40.0,0.0,0.0
67,134.0,18294.54,0.0,40.0,0.0,0.0
68,137.0,18294.54,0.0,40.0,0.0,0.0
69,141.0,18294.54,0.0,40.0,0.0,0.0
70,145.0,18111.28,0.0,40.0,0.0,0.0
71,148.0,18111.28,0.0,40.0,0.0,0.0
72,152.0,18111.28,0.0,40.0,0.0,0.0
73,156.0,18111.28,0.0,40.0,0.0,0.0
74,159.0,18111.28,0.0,40.0,0.0,0.0
75,163.0,18111.28,0.0,40.0,0.0,0.0
76,167.0,18111.28,0.0,40.0,0.0,0.0
77,170.0,18111.28,0.0,40.0,0.0,0.0
78,174.0,18111.28,0.0,40.0,0.0,0.0
79,178.0,18111.28,0.0,40.0,0.0,0.0
80,182.0,17917.55,0.0,40.0,0.0,0.0
81,185.0,17917.55,0.0,40.0,0.0,0.0
82,189.0,17917.55,0.0,40.0,0.0,0.0
83,193.0,17917.55,0.0,40.0,0.0,0.0
84,197.0,17917.55,0.0,40.0,0.0,0.0
85,200.0,17917.55,0.0,40.0,0.0,0.0
86,204.0,17917.55,0.0,40.0,0.0,0.0
87,208.0,17917.55,0.0,40.0,0.0,0.0
88,212.0,17917.55,0.0,40.0,0.0,0.0
89,216.0,17917.55,0.0,40.0,0.0,0.0
90,220.0,17718.58,0.0,40.0,0.0,0.0
91,223.0,17718.58,0.0,40.0,0.0,0.0
92,227.0,17718.58,0.0,40.0,0.0,0.0
93,231.0,17718.58,0.0,40.0,0.0,0.0
94,235.0,17718.58,0.0,40.0,0.0,0.0
95,239.0,17718.58,0.0,40.0,0.0,0.0
96,243.0,17718.58,0.0,40.0,0.0,0.0
97,247.0,17718.58,0.0,40.0,0.0,0.0
98,251.0,17718.58,0.0,40.0,0.0,0.0
99,255.0,17718.58,0.0,40.0,0.0,0.0
100,259.0,17514.38,0.0,40.0,0.0,0.0
101,263.0,17514.38,0.0,40.0,0.0,0.0
102,267.0,17514.38,0.0,40.0,0.0,0.0
103,271.0,17514.38,0.0,40.0,0.0,0.0
104,274.0,17514.38,0.0,40.0,0.0,0.0
105,278.0,17514.38,0.0,40.0,0.0,0.0
106,282.0,17514.38,0.0,40.0,0.0,0.0
107,286.0,17514.38,0.0,40.0,0.0,0.0
108,290.0,17514.38,0.0,40.0,0.0,0.0
109,294.0,17514.38,0.0,40.0,0.0,0.0
110,298.0,17304.94,0.0,40.0,0.0,0.0
111,302.0,17304.94,0.0,40.0,0.0,0.0
112,306.0,17304.94,0.0,40.0,0.0,0.0
113,310.0,17304.94,0.0,40.0,0.0,0.0
114,314.0,17304.94,0.0,40.0,0.0,0.0
115,318.0,17304.94,0.0,40.0,0.0,0.0
116,322.0,17304.94,0.0,40.0,0.0,0.0
117,326.0,17304.94,0.0,40.0,0.0,0.0
118,331.0,17304.94,0.0,40.0,0.0,0.0
119,335.0,17304.94,0.0,40.0,0.0,0.0
120,339.0,17095.5,0.0,40.0,0.0,0.0
121,343.0,17095.5,0.0,40.0,0.0,0.0
122,347.0,17095.5,0.0,40.0,0.0,0.0
123,351.0,17095.5,0.0,40.0,0.0,0.0
124,355.0,17095.5,0.0,40.0,0.0,0.0
125,359.0,17095.5,0.0,40.0,0.0,0.0
126,363.0,17095.5,0.0,40.0,0.0,0.0
127,367.0,17095.5,0.0,40.0,0.0,0.0
128,371.0,17095.5,0.0,40.0,0.0,0.0
129,375.0,17095.5,0.0,40.0,0.0,0.0
130,379.0,16886.06,0.0,40.0,0.0,0.0
131,383.0,16886.06,0.0,40.0,0.0,0.0
132,387.0,16886.06,0.0,40.0,0.0,0.0
133,391.0,16886.06,0.0,40.0,0.0,0.0
134,396.0,16886.06,0.0,40.0,0.0,0.0
135,400.0,16886.06,0.0,40.0,0.0,0.0
136,404.0,16886.06,0.0,40.0,0.0,0.0
137,408.0,16886.06,0.0,40.0,0.0,0.0
138,412.0,16886.06,0.0,40.0,0.0,0.0
139,416.0,16886.06,0.0,40.0,0.0,0.0
140,420.0,16671.38,0.0,40.0,0.0,0.0
141,424.0,16671.38,0.0,40.0,0.0,0.0
142,428.0,16671.38,0.0,40.0,0.0,0.0
143,432.0,16671.38,0.0,40.0,0.0,0.0
144,437.0,16671.38,0.0,40.0,0.0,0.0
145,441.0,16671.38,0.0,40.0,0.0,0.0
146,445.0,16671.38,0.0,40.0,0.0,0.0
147,449.0,16671.38,0.0,40.0,0.0,0.0
148,453.0,16671.38,0.0,40.0,0.0,0.0
149,457.0,16671.38,0.0,40.0,0.0,0.0
150,461.0,16456.71,0.0,40.0,0.0,0.0
151,465.0,16456.71,0.0,40.0,0.0,0.0
152,469.0,16456.71,0.0,40.0,0.0,0.0
153,474.0,16456.71,0.0,40.0,0.0,0.0
154,478.0,16456.71,0.0,40.0,0.0,0.0
155,482.0,16456.71,0.0,40.0,0.0,0.0
156,486.0,16456.71,0.0,40.0,0.0,0.0
157,490.0,16456.71,0.0,40.0,0.0,0.0
158,494.0,16456.71,0.0,40.0,0.0,0.0
159,498.0,16456.71,0.0,40.0,0.0,0.0
160,502.0,16236.8,0.0,40.0,0.0,0.0
161,507.0,16236.8,0.0,40.0,0.0,0.0
162,512.0,16236.8,0.0,40.0,0.0,0.0
163,516.0,16236.8,0.0,40.0,0.0,0.0
164,520.0,16236.8,0.0,40.0,0.0,0.0
165,524.0,16236.8,0.0,40.0,0.0,0.0
166,528.0,16236.8,0.0,40.0,0.0,0.0
167,532.0,16236.8,0.0,40.0,0.0,0.0
168,536.0,16236.8,0.0,40.0,0.0,0.0
169,541.0,16236.8,0.0,40.0,0.0,0.0
170,545.0,16016.89,0.0,40.0,0.0,0.0
171,549.0,16016.89,0.0,40.0,0.0,0.0
172,553.0,16016.89,0.0,40.0,0.0,0.0
173,557.0,16016.89,0.0,40.0,0.0,0.0
174,561.0,16016.89,0.0,40.0,0.0,0.0
175,565.0,16016.89,0.0,40.0,0.0,0.0
176,570.0,16016.89,0.0,40.0,0.0,0.0
177,574.0,16016.89,0.0,40.0,0.0,0.0
178,578.0,16016.89,0.0,40.0,0.0,0.0
179,582.0,16016.89,0.0,40.0,0.0,0.0
180,586.0,15802.21,0.0,40.0,0.0,0.0
181,590.0,15802.21,0.0,40.0,0.0,0.0
182,594.0,15802.21,0.0,40.0,0.0,0.0
183,598.0,15802.21,0.0,40.0,0.0,0.0
184,603.0,15802.21,0.0,40.0,0.0,0.0
185,607.0,15802.21,0.0,40.0,0.0,0.0
186,611.0,15802.21,0.0,40.0,0.0,0.0
187,615.0,15802.21,0.0,40.0,0.0,0.0
188,619.0,15802.21,0.0,40.0,0.0,0.0
189,624.0,15802.21,0.0,40.0,0.0,0.0
190,628.0,15582.3,0.0,40.0,0.0,0.0
191,632.0,15582.3,0.0,40.0,0.0,0.0
192,636.0,15582.3,0.0,40.0,0.0,0.0
193,640.0,15582.3,0.0,40.0,0.0,0.0
194,644.0,15582.3,0.0,40.0,0.0,0.0
195,648.0,15582.3,0.0,40.0,0.0,0.0
196,652.0,15582.3,0.0,40.0,0.0,0.0
197,657.0,15582.3,0.0,40.0,0.0,0.0
198,661.0,15582.3,0.0,40.0,0.0,0.0
199,665.0,15582.3,0.0,40.0,0.0,0.0
200,669.0,15367.62,0.0,40.0,0.0,0.0
201,673.0,15367.62,0.0,40.0,0.0,0.0
202,677.0,15367.62,0.0,40.0,0.0,0.0
203,682.0,15367.62,0.0,40.0,0.0,0.0
204,686.0,15367.62,0.0,40.0,0.0,0.0
205,690.0,15367.62,0.0,40.0,0.0,0.0
206,694.0,15367.62,0.0,40.0,0.0,0.0
207,698.0,15367.62,0.0,40.0,0.0,0.0
208,702.0,15367.62,0.0,40.0,0.0,0.0
209,706.0,15367.62,0.0,40.0,0.0,0.0
210,711.0,15147.71,0.0,40.0,0.0,0.0
211,715.0,15147.71,0.0,40.0,0.0,0.0
212,719.0,15147.71,0.0,40.0,0.0,0.0
213,723.0,15147.71,0.0,40.0,0.0,0.0
214,727.0,15147.71,0.0,40.0,0.0,0.0
215,732.0,15147.71,0.0,40.0,0.0,0.0
216,736.0,15147.71,0.0,40.0,0.0,0.0
217,740.0,15147.71,0.0,40.0,0.0,0.0
218,744.0,15147.71,0.0,40.0,0.0,0.0
219,748.0,15147.71,0.0,40.0,0.0,0.0
220,752.0,14933.04,0.0,40.0,0.0,0.0
221,756.0,14933.04,0.0,40.0,0.0,0.0
222,761.0,14933.04,0.0,40.0,0.0,0.0
223,765.0,14933.04,0.0,40.0,0.0,0.0
224,769.0,14933.04,0.0,40.0,0.0,0.0
225,773.0,14933.04,0.0,40.0,0.0,0.0
226,777.0,14933.04,0.0,40.0,0.0,0.0
227,781.0,14933.04,0.0,40.0,0.0,0.0
228,786.0,14933.04,0.0,40.0,0.0,0.0
229,790.0,14933.04,0.0,40.0,0.0,0.0
230,794.0,14713.13,0.0,40.0,0.0,0.0
231,798.0,14713.13,0.0,40.0,0.0,0.0
232,802.0,14713.13,0.0,40.0,0.0,0.0
233,806.0,14713.13,0.0,40.0,0.0,0.0
234,811.0,14713.13,0.0,40.0,0.0,0.0
235,815.0,14713.13,0.0,40.0,0.0,0.0
236,819.0,14713.13,0.0,40.0,0.0,0.0
237,823.0,14713.13,0.0,40.0,0.0,0.0
238,827.0,14713.13,0.0,40.0,0.0,0.0
239,831.0,14713.13,0.0,40.0,0.0,0.0
240,835.0,14493.21,0.0,40.0,0.0,0.0
241,840.0,14493.21,0.0,40.0,0.0,0.0
242,844.0,14493.21,0.0,40.0,0.0,0.0
243,848.0,14493.21,0.0,40.0,0.0,0.0
244,852.0,14493.21,0.0,40.0,0.0,0.0
245,856.0,14493.21,0.0,40.0,0.0,0.0
246,861.0,14493.21,0.0,40.0,0.0,0.0
247,865.0,14493.21,0.0,40.0,0.0,0.0
248,869.0,14493.21,0.0,40.0,0.0,0.0
249,873.0,14493.21,0.0,40.0,0.0,0.0
250,877.0,14278.54,0.0,40.0,0.0,0.0
251,881.0,14278.54,0.0,40.0,0.0,0.0
252,885.0,14278.54,0.0,40.0,0.0,0.0
253,890.0,14278.54,0.0,40.0,0.0,0.0
254,894.0,14278.54,0.0,40.0,0.0,0.0
255,898.0,14278.54,0.0,40.0,0.0,0.0
256,902.0,14278.54,0.0,40.0,0.0,0.0
257,906.0,14278.54,0.0,40.0,0.0,0.0
258,911.0,14278.54,0.0,40.0,0.0,0.0
259,915.0,14278.54,0.0,40.0,0.0,0.0
260,919.0,14058.63,0.0,40.0,0.0,0.0
261,923.0,14058.63,0.0,40.0,0.0,0.0
262,927.0,14058.63,0.0,40.0,0.0,0.0
263,931.0,14058.63,0.0,40.0,0.0,0.0
264,935.0,14058.63,0.0,40.0,0.0,0.0
265,940.0,14058.63,0.0,40.0,0.0,0.0
266,944.0,14058.63,0.0,40.0,0.0,0.0
267,948.0,14058.63,0.0,40.0,0.0,0.0
268,952.0,14058.63,0.0,40.0,0.0,0.0
269,956.0,14058.63,0.0,40.0,0.0,0.0
270,961.0,13838.72,0.0,40.0,0.0,0.0
271,965.0,13838.72,0.0,40.0,0.0,0.0
272,969.0,13838.72,0.0,40.0,0.0,0.0
273,973.0,13838.72,0.0,40.0,0.0,0.0
274,977.0,13838.72,0.0,40.0,0.0,0.0
275,981.0,13838.72,0.0,40.0,0.0,0.0
276,986.0,13838.72,0.0,40.0,0.0,0.0
277,991.0,13838.72,0.0,40.0,0.0,0.0
278,995.0,13838.72,0.0,40.0,0.0,0.0
279,999.0,13838.72,0.0,40.0,0.0,0.0
280,1003.0,13618.8,0.0,40.0,0.0,0.0
281,1007.0,13618.8,0.0,40.0,0.0,0.0
282,1012.0,13618.8,0.0,40.0,0.0,0.0
283,1016.0,13618.8,0.0,40.0,0.0,0.0
284,1020.0,13618.8,0.0,40.0,0.0,0.0
285,1024.0,13618.8,0.0,40.0,0.0,0.0
286,1028.0,13618.8,0.0,40.0,0.0,0.0
287,1032.0,13618.8,0.0,40.0,0.0,0.0
288,1037.0,13618.8,0.0,40.0,0.0,0.0
289,1041.0,13618.8,0.0,40.0,0.0,0.0
290,1045.0,13398.89,0.0,40.0,0.0,0.0
291,1049.0,13398.89,0.0,40.0,0.0,0.0
292,1053.0,13398.89,0.0,40.0,0.0,0.0
293,1058.0,13398.89,0.0,40.0,0.0,0.0
294,1062.0,13398.89,0.0,40.0,0.0,0.0
295,1066.0,13398.89,0.0,40.0,0.0,0.0
296,1070.0,13398.89,0.0,40.0,0.0,0.0
297,1074.0,13398.89,0.0,40.0,0.0,0.0
298,1078.0,13398.89,0.0,40.0,0.0,0.0
299,1083.0,13398.89,0.0,40.0,0.0,0.0
300,1088.0,13173.75,0.0,40.0,0.0,0.0
301,1092.0,13173.75,0.0,40.0,0.0,0.0
302,1096.0,13173.75,0.0,40.0,0.0,0.0
303,1100.0,13173.75,0.0,40.0,0.0,0.0
304,1104.0,13173.75,0.0,40.0,0.0,0.0
305,1109.0,13173.75,0.0,40.0,0.0,0.0
306,1113.0,13173.75,0.0,40.0,0.0,0.0
307,1117.0,13173.75,0.0,40.0,0.0,0.0
308,1121.0,13173.75,0.0,40.0,0.0,0.0
309,1125.0,13173.75,0.0,40.0,0.0,0.0
310,1129.0,12959.07,0.0,40.0,0.0,0.0
311,1134.0,12959.07,0.0,40.0,0.0,0.0
312,1138.0,12959.07,0.0,40.0,0.0,0.0
313,1142.0,12959.07,0.0,40.0,0.0,0.0
314,1146.0,12959.07,0.0,40.0,0.0,0.0
315,1150.0,12959.07,0.0,40.0,0.0,0.0
316,1154.0,12959.07,0.0,40.0,0.0,0.0
317,1159.0,12959.07,0.0,40.0,0.0,0.0
318,1163.0,12959.07,0.0,40.0,0.0,0.0
319,1167.0,12959.07,0.0,40.0,0.0,0.0
320,1172.0,12739.16,0.0,40.0,0.0,0.0
321,1176.0,12739.16,0.0,40.0,0.0,0.0
322,1181.0,12739.16,0.0,40.0,0.0,0.0
323,1185.0,12739.16,0.0,40.0,0.0,0.0
324,1190.0,12739.16,0.0,40.0,0.0,0.0
325,1194.0,12739.16,0.0,40.0,0.0,0.0
326,1198.0,12739.16,0.0,40.0,0.0,0.0
327,1202.0,12739.16,0.0,40.0,0.0,0.0
328,1207.0,12739.16,0.0,40.0,0.0,0.0
329,1211.0,12739.16,0.0,40.0,0.0,0.0
330,1215.0,12508.78,0.0,40.0,0.0,0.0
331,1219.0,12508.78,0.0,40.0,0.0,0.0
332,1223.0,12508.78,0.0,40.0,0.0,0.0
333,1227.0,12508.78,0.0,40.0,0.0,0.0
334,1231.0,12508.78,0.0,40.0,0.0,0.0
335,1236.0,12508.78,0.0,40.0,0.0,0.0
336,1240.0,12508.78,0.0,40.0,0.0,0.0
337,1244.0,12508.78,0.0,40.0,0.0,0.0
338,1248.0,12508.78,0.0,40.0,0.0,0.0
339,1252.0,12508.78,0.0,40.0,0.0,0.0
340,1257.0,12288.87,0.0,40.0,0.0,0.0
341,1261.0,12288.87,0.0,40.0,0.0,0.0
342,1265.0,12288.87,0.0,40.0,0.0,0.0
343,1269.0,12288.87,0.0,40.0,0.0,0.0
344,1273.0,12288.87,0.0,40.0,0.0,0.0
345,1277.0,12288.87,0.0,40.0,0.0,0.0
346,1281.0,12288.87,0.0,40.0,0.0,0.0
347,1286.0,12288.87,0.0,40.0,0.0,0.0
348,1290.0,12288.87,0.0,40.0,0.0,0.0
349,1294.0,12288.87,0.0,40.0,0.0,0.0
350,1298.0,12074.19,0.0,40.0,0.0,0.0
351,1302.0,12074.19,0.0,40.0,0.0,0.0
352,1306.0,12074.19,0.0,40.0,0.0,0.0
353,1311.0,12074.19,0.0,40.0,0.0,0.0
354,1315.0,12074.19,0.0,40.0,0.0,0.0
355,1319.0,12074.19,0.0,40.0,0.0,0.0
356,1323.0,12074.19,0.0,40.0,0.0,0.0
357,1328.0,12074.19,0.0,40.0,0.0,0.0
358,1332.0,12074.19,0.0,40.0,0.0,0.0
359,1337.0,12074.19,0.0,40.0,0.0,0.0
360,1341.0,11849.04,0.0,40.0,0.0,0.0
361,1345.0,11849.04,0.0,40.0,0.0,0.0
362,1349.0,11849.04,0.0,40.0,0.0,0.0
363,1353.0,11849.04,0.0,40.0,0.0,0.0
364,1357.0,11849.04,0.0,40.0,0.0,0.0
365,1362.0,11849.04,0.0,40.0,0.0,0.0
366,1366.0,11849.04,0.0,40.0,0.0,0.0
367,1370.0,11849.04,0.0,40.0,0.0,0.0
368,1374.0,11849.04,0.0,40.0,0.0,0.0
369,1378.0,11849.04,0.0,40.0,0.0,0.0
370,1382.0,11629.13,0.0,40.0,0.0,0.0
371,1387.0,11629.13,0.0,40.0,0.0,0.0
372,1391.0,11629.13,0.0,40.0,0.0,0.0
373,1395.0,11629.13,0.0,40.0,0.0,0.0
374,1399.0,11629.13,0.0,40.0,0.0,0.0
375,1403.0,11629.13,0.0,40.0,0.0,0.0
376,1408.0,11629.13,0.0,40.0,0.0,0.0
377,1412.0,11629.13,0.0,40.0,0.0,0.0
378,1416.0,11629.13,0.0,40.0,0.0,0.0
379,1420.0,11629.13,0.0,40.0,0.0,0.0
380,1424.0,11414.45,0.0,40.0,0.0,0.0
381,1428.0,11414.45,0.0,40.0,0.0,0.0
382,1432.0,11414.45,0.0,40.0,0.0,0.0
383,1437.0,11414.45,0.0,40.0,0.0,0.0
384,1441.0,11414.45,0.0,40.0,0.0,0.0
385,1445.0,11414.45,0.0,40.0,0.0,0.0
386,1449.0,11414.45,0.0,40.0,0.0,0.0
387,1453.0,11414.45,0.0,40.0,0.0,0.0
388,1458.0,11414.45,0.0,40.0,0.0,0.0
389,1462.0,11414.45,0.0,40.0,0.0,0.0
390,1466.0,11194.54,0.0,40.0,0.0,0.0
391,1471.0,11194.54,0.0,40.0,0.0,0.0
392,1475.0,11194.54,0.0,40.0,0.0,0.0
393,1479.0,11194.54,0.0,40.0,0.0,0.0
394,1484.0,11194.54,0.0,40.0,0.0,0.0
395,1488.0,11194.54,0.0,40.0,0.0,0.0
396,1492.0,11194.54,0.0,40.0,0.0,0.0
397,1496.0,11194.54,0.0,40.0,0.0,0.0
398,1500.0,11194.54,0.0,40.0,0.0,0.0
399,1504.0,11194.54,0.0,40.0,0.0,0.0
400,1509.0,10969.39,0.0,40.0,0.0,0.0
401,1513.0,10969.39,0.0,40.0,0.0,0.0
402,1517.0,10969.39,0.0,40.0,0.0,0.0
403,1521.0,10969.39,0.0,40.0,0.0,0.0
404,1525.0,10969.39,0.0,40.0,0.0,0.0
405,1529.0,10969.39,0.0,40.0,0.0,0.0
406,1534.0,10969.39,0.0,40.0,0.0,0.0
407,1538.0,10969.39,0.0,40.0,0.0,0.0
408,1542.0,10969.39,0.0,40.0,0.0,0.0
409,1546.0,10969.39,0.0,40.0,0.0,0.0
410,1550.0,10754.72,0.0,40.0,0.0,0.0
411,1554.0,10754.72,0.0,40.0,0.0,0.0
412,1559.0,10754.72,0.0,40.0,0.0,0.0
413,1563.0,10754.72,0.0,40.0,0.0,0.0
414,1567.0,10754.72,0.0,40.0,0.0,0.0
415,1571.0,10754.72,0.0,40.0,0.0,0.0
416,1575.0,10754.72,0.0,40.0,0.0,0.0
417,1579.0,10754.72,0.0,40.0,0.0,0.0
418,1584.0,10754.72,0.0,40.0,0.0,0.0
419,1588.0,10754.72,0.0,40.0,0.0,0.0
420,1592.0,10534.81,0.0,40.0,0.0,0.0
421,1596.0,10534.81,0.0,40.0,0.0,0.0
422,1600.0,10534.81,0.0,40.0,0.0,0.0
423,1605.0,10534.81,0.0,40.0,0.0,0.0
424,1610.0,10534.81,0.0,40.0,0.0,0.0
425,1614.0,10534.81,0.0,40.0,0.0,0.0
426,1618.0,10534.81,0.0,40.0,0.0,0.0
427,1622.0,10534.81,0.0,40.0,0.0,0.0
428,1626.0,10534.81,0.0,40.0,0.0,0.0
429,1631.0,10534.81,0.0,40.0,0.0,0.0
430,1635.0,10309.66,0.0,40.0,0.0,0.0
431,1639.0,10309.66,0.0,40.0,0.0,0.0
432,1643.0,10309.66,0.0,40.0,0.0,0.0
433,1647.0,10309.66,0.0,40.0,0.0,0.0
434,1651.0,10309.66,0.0,40.0,0.0,0.0
435,1656.0,10309.66,0.0,40.0,0.0,0.0
436,1660.0,10309.66,0.0,40.0,0.0,0.0
437,1664.0,10309.66,0.0,40.0,0.0,0.0
438,1668.0,10309.66,0.0,40.0,0.0,0.0
439,1672.0,10309.66,0.0,40.0,0.0,0.0
440,1676.0,10094.99,0.0,40.0,0.0,0.0
441,1681.0,10094.99,0.0,40.0,0.0,0.0
442,1685.0,10094.99,0.0,40.0,0.0,0.0
443,1689.0,10094.99,0.0,40.0,0.0,0.0
444,1693.0,10094.99,0.0,40.0,0.0,0.0
445,1697.0,10094.99,0.0,40.0,0.0,0.0
446,1701.0,10094.99,0.0,40.0,0.0,0.0
447,1706.0,10094.99,0.0,40.0,0.0,0.0
448,1710.0,10094.99,0.0,40.0,0.0,0.0
449,1714.0,10094.99,0.0,40.0,0.0,0.0
450,1718.0,9875.07,0.0,40.0,0.0,0.0
451,1722.0,9875.07,0.0,40.0,0.0,0.0
452,1727.0,9875.07,0.0,40.0,0.0,0.0
453,1731.0,9875.07,0.0,40.0,0.0,0.0
454,1735.0,9875.07,0.0,40.0,0.0,0.0
455,1739.0,9875.07,0.0,40.0,0.0,0.0
456,1743.0,9875.07,0.0,40.0,0.0,0.0
457,1747.0,9875.07,0.0,40.0,0.0,0.0
458,1751.0,9875.07,0.0,40.0,0.0,0.0
459,1756.0,9875.07,0.0,40.0,0.0,0.0
460,1760.0,9655.16,0.0,40.0,0.0,0.0
461,1764.0,9655.16,0.0,40.0,0.0,0.0
462,1768.0,9655.16,0.0,40.0,0.0,0.0
463,1772.0,9655.16,0.0,40.0,0.0,0.0
464,1777.0,9655.16,0.0,40.0,0.0,0.0
465,1781.0,9655.16,0.0,40.0,0.0,0.0
466,1785.0,9655.16,0.0,40.0,0.0,0.0
467,1789.0,9655.16,0.0,40.0,0.0,0.0
468,1793.0,9655.16,0.0,40.0,0.0,0.0
469,1797.0,9655.16,0.0,40.0,0.0,0.0
470,1802.0,9435.25,0.0,40.0,0.0,0.0
471,1806.0,9435.25,0.0,40.0,0.0,0.0
472,1810.0,9435.25,0.0,40.0,0.0,0.0
473,1814.0,9435.25,0.0,40.0,0.0,0.0
474,1818.0,9435.25,0.0,40.0,0.0,0.0
475,1822.0,9435.25,0.0,40.0,0.0,0.0
476,1827.0,9435.25,0.0,40.0,0.0,0.0
477,1831.0,9435.25,0.0,40.0,0.0,0.0
478,1835.0,9435.25,0.0,40.0,0.0,0.0
479,1839.0,9435.25,0.0,40.0,0.0,0.0
480,1843.0,9220.58,0.0,40.0,0.0,0.0
481,1847.0,9220.58,0.0,40.0,0.0,0.0
482,1852.0,9220.58,0.0,40.0,0.0,0.0
483,1856.0,9220.58,0.0,40.0,0.0,0.0
484,1860.0,9220.58,0.0,40.0,0.0,0.0
485,1864.0,9220.58,0.0,40.0,0.0,0.0
486,1868.0,9220.58,0.0,40.0,0.0,0.0
487,1873.0,9220.58,0.0,40.0,0.0,0.0
488,1877.0,9220.58,0.0,40.0,0.0,0.0
489,1881.0,9220.58,0.0,40.0,0.0,0.0
490,1885.0,9000.66,0.0,40.0,0.0,0.0
491,1889.0,9000.66,0.0,40.0,0.0,0.0
492,1893.0,9000.66,0.0,40.0,0.0,0.0
493,1897.0,9000.66,0.0,40.0,0.0,0.0
494,1902.0,9000.66,0.0,40.0,0.0,0.0
495,1906.0,9000.66,0.0,40.0,0.0,0.0
496,1910.0,9000.66,0.0,40.0,0.0,0.0
497,1914.0,9000.66,0.0,40.0,0.0,0.0
498,1918.0,9000.66,0.0,40.0,0.0,0.0
499,1923.0,9000.66,0.0,40.0,0.0,0.0
500,1927.0,8780.75,0.0,40.0,0.0,0.0
501,1931.0,8780.75,0.0,40.0,0.0,0.0
502,1935.0,8780.75,0.0,40.0,0.0,0.0
503,1939.0,8780.75,0.0,40.0,0.0,0.0
504,1943.0,8780.75,0.0,40.0,0.0,0.0
505,1948.0,8780.75,0.0,40.0,0.0,0.0
506,1952.0,8780.75,0.0,40.0,0.0,0.0
507,1956.0,8780.75,0.0,40.0,0.0,0.0
508,1960.0,8780.75,0.0,40.0,0.0,0.0
509,1964.0,8780.75,0.0,40.0,0.0,0.0
510,1968.0,8560.84,0.0,40.0,0.0,0.0
511,1973.0,8560.84,0.0,40.0,0.0,0.0
512,1977.0,8560.84,0.0,40.0,0.0,0.0
513,1981.0,8560.84,0.0,40.0,0.0,0.0
514,1985.0,8560.84,0.0,40.0,0.0,0.0
515,1989.0,8560.84,0.0,40.0,0.0,0.0
516,1993.0,8560.84,0.0,40.0,0.0,0.0
517,1998.0,8560.84,0.0,40.0,0.0,0.0
518,2002.0,8560.84,0.0,40.0,0.0,0.0
519,2006.0,8560.84,0.0,40.0,0.0,0.0
520,2010.0,8346.17,0.0,40.0,0.0,0.0
521,2014.0,8346.17,0.0,40.0,0.0,0.0
522,2019.0,8346.17,0.0,40.0,0.0,0.0
523,2023.0,8346.17,0.0,40.0,0.0,0.0
524,2027.0,8346.17,0.0,40.0,0.0,0.0
525,2031.0,8346.17,0.0,40.0,0.0,0.0
526,2035.0,8346.17,0.0,40.0,0.0,0.0
527,2039.0,8346.17,0.0,40.0,0.0,0.0
528,2044.0,8346.17,0.0,40.0,0.0,0.0
529,2049.0,8346.17,0.0,40.0,0.0,0.0
530,2053.0,8121.02,0.0,40.0,0.0,0.0
531,2057.0,8121.02,0.0,40.0,0.0,0.0
532,2061.0,8121.02,0.0,40.0,0.0,0.0
533,2066.0,8121.02,0.0,40.0,0.0,0.0
534,2070.0,8121.02,0.0,40.0,0.0,0.0
535,2074.0,8121.02,0.0,40.0,0.0,0.0
536,2078.0,8121.02,0.0,40.0,0.0,0.0
537,2082.0,8121.02,0.0,40.0,0.0,0.0
538,2086.0,8121.02,0.0,40.0,0.0,0.0
539,2091.0,8121.02,0.0,40.0,0.0,0.0
540,2095.0,7901.11,0.0,40.0,0.0,0.0
541,2099.0,7901.11,0.0,40.0,0.0,0.0
542,2103.0,7901.11,0.0,40.0,0.0,0.0
543,2107.0,7901.11,0.0,40.0,0.0,0.0
544,2111.0,7901.11,0.0,40.0,0.0,0.0
545,2116.0,7901.11,0.0,40.0,0.0,0.0
546,2120.0,7901.11,0.0,40.0,0.0,0.0
547,2124.0,7901.11,0.0,40.0,0.0,0.0
548,2128.0,7901.11,0.0,40.0,0.0,0.0
549,2132.0,7901.11,0.0,40.0,0.0,0.0
550,2136.0,7681.2,0.0,40.0,0.0,0.0
551,2141.0,7681.2,0.0,40.0,0.0,0.0
552,2146.0,7681.2,0.0,40.0,0.0,0.0
553,2150.0,7681.2,0.0,40.0,0.0,0.0
554,2154.0,7681.2,0.0,40.0,0.0,0.0
555,2158.0,7681.2,0.0,40.0,0.0,0.0
556,2163.0,7681.2,0.0,40.0,0.0,0.0
557,2167.0,7681.2,0.0,40.0,0.0,0.0
558,2171.0,7681.2,0.0,40.0,0.0,0.0
559,2175.0,7681.2,0.0,40.0,0.0,0.0
560,2179.0,7461.28,0.0,40.0,0.0,0.0
561,2183.0,7461.28,0.0,40.0,0.0,0.0
562,2188.0,7461.28,0.0,40.0,0.0,0.0
563,2192.0,7461.28,0.0,40.0,0.0,0.0
564,2197.0,7461.28,0.0,40.0,0.0,0.0
565,2201.0,7461.28,0.0,40.0,0.0,0.0
566,2205.0,7461.28,0.0,40.0,0.0,0.0
567,2210.0,7461.28,0.0,40.0,0.0,0.0
568,2214.0,7461.28,0.0,40.0,0.0,0.0
569,2218.0,7461.28,0.0,40.0,0.0,0.0
570,2222.0,7236.14,0.0,40.0,0.0,0.0
571,2226.0,7236.14,0.0,40.0,0.0,0.0
572,2230.0,7236.14,0.0,40.0,0.0,0.0
573,2233.0,7236.14,0.0,40.0,0.0,0.0
574,2238.0,7236.14,0.0,40.0,0.0,0.0
575,2242.0,7236.14,0.0,40.0,0.0,0.0
576,2246.0,7236.14,0.0,40.0,0.0,0.0
577,2250.0,7236.14,0.0,40.0,0.0,0.0
578,2254.0,7236.14,0.0,40.0,0.0,0.0
579,2259.0,7236.14,0.0,40.0,0.0,0.0
580,2263.0,7021.46,0.0,40.0,0.0,0.0
581,2267.0,7021.46,0.0,40.0,0.0,0.0
582,2271.0,7021.46,0.0,40.0,0.0,0.0
583,2275.0,7021.46,0.0,40.0,0.0,0.0
584,2280.0,7021.46,0.0,40.0,0.0,0.0
585,2284.0,7021.46,0.0,40.0,0.0,0.0
586,2288.0,7021.46,0.0,40.0,0.0,0.0
587,2293.0,7021.46,0.0,40.0,0.0,0.0
588,2297.0,7021.46,0.0,40.0,0.0,0.0
589,2301.0,7021.46,0.0,40.0,0.0,0.0
590,2306.0,6796.31,0.0,40.0,0.0,0.0
591,2310.0,6796.31,0.0,40.0,0.0,0.0
592,2314.0,6796.31,0.0,40.0,0.0,0.0
593,2318.0,6796.31,0.0,40.0,0.0,0.0
594,2322.0,6796.31,0.0,40.0,0.0,0.0
595,2326.0,6796.31,0.0,40.0,0.0,0.0
596,2331.0,6796.31,0.0,40.0,0.0,0.0
597,2335.0,6796.31,0.0,40.0,0.0,0.0
598,2339.0,6796.31,0.0,40.0,0.0,0.0
599,2343.0,6796.31,0.0,40.0,0.0,0.0
600,2347.0,6581.64,0.0,40.0,0.0,0.0
601,2351.0,6581.64,0.0,40.0,0.0,0.0
602,2356.0,6581.64,0.0,40.0,0.0,0.0
603,2360.0,6581.64,0.0,40.0,0.0,0.0
604,2364.0,6581.64,0.0,40.0,0.0,0.0
605,2368.0,6581.64,0.0,40.0,0.0,0.0
606,2372.0,6581.64,0.0,40.0,0.0,0.0
607,2377.0,6581.64,0.0,40.0,0.0,0.0
608,2381.0,6581.64,0.0,40.0,0.0,0.0
609,2385.0,6581.64,0.0,40.0,0.0,0.0
610,2389.0,6361.73,0.0,40.0,0.0,0.0
611,2393.0,6361.73,0.0,40.0,0.0,0.0
612,2397.0,6361.73,0.0,40.0,0.0,0.0
613,2402.0,6361.73,0.0,40.0,0.0,0.0
614,2406.0,6361.73,0.0,40.0,0.0,0.0
615,2410.0,6361.73,0.0,40.0,0.0,0.0
616,2414.0,6361.73,0.0,40.0,0.0,0.0
617,2418.0,6361.73,0.0,40.0,0.0,0.0
618,2422.0,6361.73,0.0,40.0,0.0,0.0
619,2427.0,6361.73,0.0,40.0,0.0,0.0
620,2431.0,6141.82,0.0,40.0,0.0,0.0
621,2437.0,6141.82,0.0,40.0,0.0,0.0
622,2441.0,6141.82,0.0,40.0,0.0,0.0
623,2445.0,6141.82,0.0,40.0,0.0,0.0
624,2450.0,6141.82,0.0,40.0,0.0,0.0
625,2454.0,6141.82,0.0,40.0,0.0,0.0
626,2458.0,6141.82,0.0,40.0,0.0,0.0
627,2462.0,6141.82,0.0,40.0,0.0,0.0
628,2466.0,6141.82,0.0,40.0,0.0,0.0
629,2470.0,6141.82,0.0,40.0,0.0,0.0
630,2475.0,5911.43,0.0,40.0,0.0,0.0
631,2479.0,5911.43,0.0,40.0,0.0,0.0
632,2483.0,5911.43,0.0,40.0,0.0,0.0
633,2487.0,5911.43,0.0,40.0,0.0,0.0
634,2491.0,5911.43,0.0,40.0,0.0,0.0
635,2495.0,5911.43,0.0,40.0,0.0,0.0
636,2500.0,5911.43,0.0,40.0,0.0,0.0
637,2504.0,5911.43,0.0,40.0,0.0,0.0
638,2508.0,5911.43,0.0,40.0,0.0,0.0
639,2512.0,5911.43,0.0,40.0,0.0,0.0
640,2516.0,5691.52,0.0,40.0,0.0,0.0
641,2521.0,5691.52,0.0,40.0,0.0,0.0
642,2525.0,5691.52,0.0,40.0,0.0,0.0
643,2529.0,5691.52,0.0,40.0,0.0,0.0
644,2534.0,5691.52,0.0,40.0,0.0,0.0
645,2538.0,5691.52,0.0,40.0,0.0,0.0
646,2542.0,5691.52,0.0,40.0,0.0,0.0
647,2547.0,5691.52,0.0,40.0,0.0,0.0
648,2551.0,5691.52,0.0,40.0,0.0,0.0
649,2555.0,5691.52,0.0,40.0,0.0,0.0
650,2559.0,5471.61,0.0,40.0,0.0,0.0
651,2563.0,5471.61,0.0,40.0,0.0,0.0
652,2568.0,5471.61,0.0,40.0,0.0,0.0
653,2572.0,5471.61,0.0,40.0,0.0,0.0
654,2576.0,5471.61,0.0,40.0,0.0,0.0
655,2580.0,5471.61,0.0,40.0,0.0,0.0
656,2584.0,5471.61,0.0,40.0,0.0,0.0
657,2588.0,5471.61,0.0,40.0,0.0,0.0
658,2593.0,5471.61,0.0,40.0,0.0,0.0
659,2597.0,5471.61,0.0,40.0,0.0,0.0
660,2601.0,5251.7,0.0,40.0,0.0,0.0
661,2605.0,5251.7,0.0,40.0,0.0,0.0
662,2609.0,5251.7,0.0,40.0,0.0,0.0
663,2614.0,5251.7,0.0,40.0,0.0,0.0
664,2618.0,5251.7,0.0,40.0,0.0,0.0
665,2622.0,5251.7,0.0,40.0,0.0,0.0
666,2626.0,5251.7,0.0,40.0,0.0,0.0
667,2630.0,5251.7,0.0,40.0,0.0,0.0
668,2634.0,5251.7,0.0,40.0,0.0,0.0
669,2639.0,5251.7,0.0,40.0,0.0,0.0
670,2643.0,5031.78,0.0,40.0,0.0,0.0
671,2647.0,5031.78,0.0,40.0,0.0,0.0
672,2651.0,5031.78,0.0,40.0,0.0,0.0
673,2655.0,5031.78,0.0,40.0,0.0,0.0
674,2660.0,5031.78,0.0,40.0,0.0,0.0
675,2664.0,5031.78,0.0,40.0,0.0,0.0
676,2668.0,5031.78,0.0,40.0,0.0,0.0
677,2672.0,5031.78,0.0,40.0,0.0,0.0
678,2676.0,5031.78,0.0,40.0,0.0,0.0
679,2680.0,5031.78,0.0,40.0,0.0,0.0
680,2685.0,4811.87,0.0,40.0,0.0,0.0
681,2689.0,4811.87,0.0,40.0,0.0,0.0
682,2693.0,4811.87,0.0,40.0,0.0,0.0
683,2697.0,4811.87,0.0,40.0,0.0,0.0
684,2701.0,4811.87,0.0,40.0,0.0,0.0
685,2706.0,4811.87,0.0,40.0,0.0,0.0
686,2710.0,4811.87,0.0,40.0,0.0,0.0
687,2714.0,4811.87,0.0,40.0,0.0,0.0
688,2718.0,4811.87,0.0,40.0,0.0,0.0
689,2722.0,4811.87,0.0,40.0,0.0,0.0
690,2726.0,4597.2,0.0,40.0,0.0,0.0
691,2730.0,4597.2,0.0,40.0,0.0,0.0
692,2735.0,4597.2,0.0,40.0,0.0,0.0
693,2739.0,4597.2,0.0,40.0,0.0,0.0
694,2743.0,4597.2,0.0,40.0,0.0,0.0
695,2747.0,4597.2,0.0,40.0,0.0,0.0
696,2751.0,4597.2,0.0,40.0,0.0,0.0
697,2756.0,4597.2,0.0,40.0,0.0,0.0
698,2760.0,4597.2,0.0,40.0,0.0,0.0
699,2764.0,4597.2,0.0,40.0,0.0,0.0
700,2768.0,4377.29,0.0,40.0,0.0,0.0
701,2772.0,4377.29,0.0,40.0,0.0,0.0
702,2776.0,4377.29,0.0,40.0,0.0,0.0
703,2781.0,4377.29,0.0,40.0,0.0,0.0
704,2785.0,4377.29,0.0,40.0,0.0,0.0
705,2789.0,4377.29,0.0,40.0,0.0,0.0
706,2793.0,4377.29,0.0,40.0,0.0,0.0
707,2797.0,4377.29,0.0,40.0,0.0,0.0
708,2802.0,4377.29,0.0,40.0,0.0,0.0
709,2806.0,4377.29,0.0,40.0,0.0,0.0
710,2810.0,4157.38,0.0,40.0,0.0,0.0
711,2814.0,4157.38,0.0,40.0,0.0,0.0
712,2818.0,4157.38,0.0,40.0,0.0,0.0
713,2823.0,4157.38,0.0,40.0,0.0,0.0
714,2827.0,4157.38,0.0,40.0,0.0,0.0
715,2832.0,4157.38,0.0,40.0,0.0,0.0
716,2836.0,4157.38,0.0,40.0,0.0,0.0
717,2840.0,4157.38,0.0,40.0,0.0,0.0
718,2844.0,4157.38,0.0,40.0,0.0,0.0
719,2849.0,4157.38,0.0,40.0,0.0,0.0
720,2853.0,3932.23,0.0,40.0,0.0,0.0
721,2857.0,3932.23,0.0,40.0,0.0,0.0
722,2861.0,3932.23,0.0,40.0,0.0,0.0
723,2865.0,3932.23,0.0,40.0,0.0,0.0
724,2869.0,3932.23,0.0,40.0,0.0,0.0
725,2875.0,3932.23,0.0,40.0,0.0,0.0
726,2879.0,3932.23,0.0,40.0,0.0,0.0
727,2883.0,3932.23,0.0,40.0,0.0,0.0
728,2887.0,3932.23,0.0,40.0,0.0,0.0
729,2891.0,3932.23,0.0,40.0,0.0,0.0
730,2896.0,3707.08,0.0,40.0,0.0,0.0
731,2900.0,3707.08,0.0,40.0,0.0,0.0
732,2904.0,3707.08,0.0,40.0,0.0,0.0
733,2908.0,3707.08,0.0,40.0,0.0,0.0
734,2912.0,3707.08,0.0,40.0,0.0,0.0
735,2916.0,3707.08,0.0,40.0,0.0,0.0
736,2921.0,3707.08,0.0,40.0,0.0,0.0
737,2926.0,3707.08,0.0,40.0,0.0,0.0
738,2930.0,3707.08,0.0,40.0,0.0,0.0
739,2934.0,3707.08,0.0,40.0,0.0,0.0
740,2938.0,3487.17,0.0,40.0,0.0,0.0
741,2943.0,3487.17,0.0,40.0,0.0,0.0
742,2947.0,3487.17,0.0,40.0,0.0,0.0
743,2951.0,3487.17,0.0,40.0,0.0,0.0
744,2955.0,3487.17,0.0,40.0,0.0,0.0
745,2959.0,3487.17,0.0,40.0,0.0,0.0
746,2963.0,3487.17,0.0,40.0,0.0,0.0
747,2968.0,3487.17,0.0,40.0,0.0,0.0
748,2972.0,3487.17,0.0,40.0,0.0,0.0
749,2976.0,3487.17,0.0,40.0,0.0,0.0
750,2980.0,3267.26,0.0,40.0,0.0,0.0
751,2984.0,3267.26,0.0,40.0,0.0,0.0
752,2989.0,3267.26,0.0,40.0,0.0,0.0
753,2993.0,3267.26,0.0,40.0,0.0,0.0
754,2997.0,3267.26,0.0,40.0,0.0,0.0
755,3001.0,3267.26,0.0,40.0,0.0,0.0
756,3005.0,3267.26,0.0,40.0,0.0,0.0
757,3009.0,3267.26,0.0,40.0,0.0,0.0
758,3013.0,3267.26,0.0,40.0,0.0,0.0
759,3018.0,3267.26,0.0,40.0,0.0,0.0
760,3022.0,3047.35,0.0,40.0,0.0,0.0
761,3026.0,3047.35,0.0,40.0,0.0,0.0
762,3030.0,3047.35,0.0,40.0,0.0,0.0
763,3035.0,3047.35,0.0,40.0,0.0,0.0
764,3039.0,3047.35,0.0,40.0,0.0,0.0
765,3043.0,3047.35,0.0,40.0,0.0,0.0
766,3047.0,3047.35,0.0,40.0,0.0,0.0
767,3051.0,3047.35,0.0,40.0,0.0,0.0
768,3055.0,3047.35,0.0,40.0,0.0,0.0
769,3060.0,3047.35,0.0,40.0,0.0,0.0
770,3064.0,2827.43,0.0,40.0,0.0,0.0
771,3069.0,2827.43,0.0,40.0,0.0,0.0
772,3073.0,2827.43,0.0,40.0,0.0,0.0
773,3077.0,2827.43,0.0,40.0,0.0,0.0
774,3081.0,2827.43,0.0,40.0,0.0,0.0
775,3086.0,2827.43,0.0,40.0,0.0,0.0
776,3090.0,2827.43,0.0,40.0,0.0,0.0
777,3094.0,2827.43,0.0,40.0,0.0,0.0
778,3098.0,2827.43,0.0,40.0,0.0,0.0
779,3102.0,2827.43,0.0,40.0,0.0,0.0
780,3107.0,2602.29,0.0,40.0,0.0,0.0
781,3111.0,2602.29,0.0,40.0,0.0,0.0
782,3115.0,2602.29,0.0,40.0,0.0,0.0
783,3119.0,2602.29,0.0,40.0,0.0,0.0
784,3123.0,2602.29,0.0,40.0,0.0,0.0
785,3128.0,2602.29,0.0,40.0,0.0,0.0
786,3132.0,2602.29,0.0,40.0,0.0,0.0
787,3136.0,2602.29,0.0,40.0,0.0,0.0
788,3140.0,2602.29,0.0,40.0,0.0,0.0
789,3144.0,2602.29,0.0,40.0,0.0,0.0
790,3148.0,2382.38,0.0,40.0,0.0,0.0
791,3153.0,2382.38,0.0,40.0,0.0,0.0
792,3157.0,2382.38,0.0,40.0,0.0,0.0
793,3161.0,2382.38,0.0,40.0,0.0,0.0
794,3166.0,2382.38,0.0,40.0,0.0,0.0
795,3170.0,2382.38,0.0,40.0,0.0,0.0
796,3174.0,2382.38,0.0,40.0,0.0,0.0
797,3179.0,2382.38,0.0,40.0,0.0,0.0
798,3183.0,2382.38,0.0,40.0,0.0,0.0
799,3187.0,2382.38,0.0,40.0,0.0,0.0
800,3191.0,2162.46,0.0,40.0,0.0,0.0
801,3195.0,2162.46,0.0,40.0,0.0,0.0
802,3200.0,2162.46,0.0,40.0,0.0,0.0
803,3204.0,2162.46,0.0,40.0,0.0,0.0
804,3208.0,2162.46,0.0,40.0,0.0,0.0
805,3212.0,2162.46,0.0,40.0,0.0,0.0
806,3216.0,2162.46,0.0,40.0,0.0,0.0
807,3220.0,2162.46,0.0,40.0,0.0,0.0
808,3225.0,2162.46,0.0,40.0,0.0,0.0
809,3229.0,2162.46,0.0,40.0,0.0,0.0
810,3233.0,1942.55,0.0,40.0,0.0,0.0
811,3237.0,1942.55,0.0,40.0,0.0,0.0
812,3241.0,1942.55,0.0,40.0,0.0,0.0
813,3246.0,1942.55,0.0,40.0,0.0,0.0
814,3250.0,1942.55,0.0,40.0,0.0,0.0
815,3254.0,1942.55,0.0,40.0,0.0,0.0
816,3258.0,1942.55,0.0,40.0,0.0,0.0
817,3262.0,1942.55,0.0,40.0,0.0,0.0
818,3267.0,1942.55,0.0,40.0,0.0,0.0
819,3271.0,1942.55,0.0,40.0,0.0,0.0
820,3275.0,1722.64,0.0,40.0,0.0,0.0
821,3279.0,1722.64,0.0,40.0,0.0,0.0
822,3283.0,1722.64,0.0,40.0,0.0,0.0
823,3288.0,1722.64,0.0,40.0,0.0,0.0
824,3292.0,1722.64,0.0,40.0,0.0,0.0
825,3296.0,1722.64,0.0,40.0,0.0,0.0
826,3300.0,1722.64,0.0,40.0,0.0,0.0
827,3304.0,1722.64,0.0,40.0,0.0,0.0
828,3309.0,1722.64,0.0,40.0,0.0,0.0
829,3314.0,1722.64,0.0,40.0,0.0,0.0
830,3318.0,1497.49,0.0,40.0,0.0,0.0
831,3322.0,1497.49,0.0,40.0,0.0,0.0
832,3326.0,1497.49,0.0,40.0,0.0,0.0
833,3330.0,1497.49,0.0,40.0,0.0,0.0
834,3335.0,1497.49,0.0,40.0,0.0,0.0
835,3339.0,1497.49,0.0,40.0,0.0,0.0
836,3343.0,1497.49,0.0,40.0,0.0,0.0
837,3347.0,1497.49,0.0,40.0,0.0,0.0
838,3351.0,1497.49,0.0,40.0,0.0,0.0
839,3356.0,1497.49,0.0,40.0,0.0,0.0
840,3361.0,1272.35,0.0,40.0,0.0,0.0
841,3365.0,1272.35,0.0,40.0,0.0,0.0
842,3369.0,1272.35,0.0,40.0,0.0,0.0
843,3373.0,1272.35,0.0,40.0,0.0,0.0
844,3377.0,1272.35,0.0,40.0,0.0,0.0
845,3382.0,1272.35,0.0,40.0,0.0,0.0
846,3386.0,1272.35,0.0,40.0,0.0,0.0
847,3390.0,1272.35,0.0,40.0,0.0,0.0
848,3394.0,1272.35,0.0,40.0,0.0,0.0
849,3398.0,1272.35,0.0,40.0,0.0,0.0
850,3403.0,1052.43,0.0,40.0,0.0,0.0
851,3407.0,1052.43,0.0,40.0,0.0,0.0
852,3411.0,1052.43,0.0,40.0,0.0,0.0
853,3415.0,1052.43,0.0,40.0,0.0,0.0
854,3419.0,1052.43,0.0,40.0,0.0,0.0
855,3424.0,1052.43,0.0,40.0,0.0,0.0
856,3428.0,1052.43,0.0,40.0,0.0,0.0
857,3432.0,1052.43,0.0,40.0,0.0,0.0
858,3436.0,1052.43,0.0,40.0,0.0,0.0
859,3440.0,1052.43,0.0,40.0,0.0,0.0
860,3445.0,832.52,0.0,40.0,0.0,0.0
861,3450.0,832.52,0.0,40.0,0.0,0.0
862,3454.0,832.52,0.0,40.0,0.0,0.0
863,3458.0,832.52,0.0,40.0,0.0,0.0
864,3462.0,832.52,0.0,40.0,0.0,0.0
865,3466.0,832.52,0.0,40.0,0.0,0.0
866,3471.0,832.52,0.0,40.0,0.0,0.0
867,3475.0,832.52,0.0,40.0,0.0,0.0
868,3479.0,832.52,0.0,40.0,0.0,0.0
869,3483.0,832.52,0.0,40.0,0.0,0.0
870,3487.0,612.61,0.0,40.0,0.0,0.0
871,3492.0,612.61,0.0,40.0,0.0,0.0
872,3497.0,612.61,0.0,40.0,0.0,0.0
873,3501.0,612.61,0.0,40.0,0.0,0.0
874,3506.0,612.61,0.0,40.0,0.0,0.0
875,3510.0,612.61,0.0,40.0,0.0,0.0
876,3514.0,612.61,0.0,40.0,0.0,0.0
877,3519.0,612.61,0.0,40.0,0.0,0.0
878,3523.0,612.61,0.0,40.0,0.0,0.0
879,3527.0,612.61,0.0,40.0,0.0,0.0
880,3531.0,382.23,0.0,40.0,0.0,0.0
881,3535.0,382.23,0.0,40.0,0.0,0.0
882,3540.0,382.23,0.0,40.0,0.0,0.0
883,3545.0,382.23,0.0,40.0,0.0,0.0
884,3549.0,382.23,0.0,40.0,0.0,0.0
885,3554.0,382.23,0.0,40.0,0.0,0.0
886,3558.0,382.23,0.0,40.0,0.0,0.0
887,3562.0,382.23,0.0,40.0,0.0,0.0
888,3567.0,382.23,0.0,40.0,0.0,0.0
889,3571.0,382.23,0.0,40.0,0.0,0.0
890,3575.0,151.84,0.0,40.0,0.0,0.0
891,3579.0,151.84,0.0,40.0,0.0,0.0
892,3583.0,151.84,0.0,40.0,0.0,0.0
893,3588.0,151.84,0.0,40.0,0.0,0.0
894,3592.0,151.84,0.0,40.0,0.0,0.0
895,3596.0,151.84,0.0,40.0,0.0,0.0
896,3600.0,151.84,0.0,40.0,0.0,0.0
897,3604.0,151.84,0.0,40.0,0.0,0.0
898,3609.0,151.84,0.0,40.0,0.0,0.0
899,3613.0,151.84,0.0,40.0,0.0,0.0
900,3617.0,-68.07,0.0,40.0,0.0,0.0
901,3621.0,-68.07,0.0,40.0,0.0,0.0
902,3625.0,-68.07,0.0,40.0,0.0,0.0
903,3628.0,-68.07,0.0,40.0,0.0,0.0
904,3632.0,-68.07,0.0,40.0,0.0,0.0
905,3635.0,-68.07,0.0,40.0,0.0,0.0
906,3638.0,-68.07,0.0,40.0,0.0,0.0
907,3641.0,-68.07,0.0,40.0,0.0,0.0
908,3643.0,-68.07,0.0,40.0,0.0,0.0
909,3646.0,-68.07,0.0,40.0,0.0,0.0
910,3648.0,-240.85,0.0,40.0,0.0,0.0
911,3650.0,-240.85,0.0,40.0,0.0,0.0
912,3651.0,-240.85,0.0,40.0,0.0,0.0
913,3653.0,-240.85,0.0,40.0,0.0,0.0
914,3654.0,-240.85,0.0,40.0,0.0,0.0
915,3655.0,-240.85,0.0,40.0,0.0,0.0
916,3656.0,-240.85,0.0,40.0,0.0,0.0
917,3657.0,-240.85,0.0,40.0,0.0,0.0
918,3658.0,-240.85,0.0,40.0,0.0,0.0
919,3658.0,-240.85,0.0,40.0,0.0,0.0
920,3658.0,-303.69,0.0,40.0,0.0,0.0
921,3658.0,-303.69,0.0,40.0,0.0,0.0
922,3658.0,-303.69,0.0,40.0,0.0,0.0
923,3658.0,-303.69,0.0,40.0,0.0,0.0
924,3658.0,-303.69,0.0,40.0,0.0,0.0
925,3658.0,-303.69,0.0,40.0,0.0,0.0
926,3657.0,-303.69,0.0,40.0,0.0,0.0
927,3657.0,-303.69,0.0,40.0,0.0,0.0
928,3656.0,-303.69,0.0,40.0,0.0,0.0
929,3655.0,-303.69,0.0,40.0,0.0,0.0
930,3654.0,-287.98,0.0,40.0,0.0,0.0
931,3653.0,-287.98,0.0,40.0,0.0,0.0
932,3652.0,-287.98,0.0,40.0,0.0,0.0
933,3651.0,-287.98,0.0,40.0,0.0,0.0
934,3650.0,-287.98,0.0,40.0,0.0,0.0
935,3648.0,-287.98,0.0,40.0,0.0,0.0
936,3646.0,-287.98,0.0,40.0,0.0,0.0
937,3645.0,-287.98,0.0,40.0,0.0,0.0
938,3643.0,-287.98,0.0,40.0,0.0,0.0
939,3641.0,-287.98,0.0,40.0,0.0,0.0
940,3639.0,-214.67,0.0,40.0,0.0,0.0
941,3637.0,-214.67,0.0,40.0,0.0,0.0
942,3635.0,-214.67,0.0,40.0,0.0,0.0
943,3633.0,-214.67,0.0,40.0,0.0,0.0
944,3631.0,-214.67,0.0,40.0,0.0,0.0
945,3628.0,-214.67,0.0,40.0,0.0,0.0
946,3626.0,-214.67,0.0,40.0,0.0,0.0
947,3623.0,-214.67,0.0,40.0,0.0,0.0
948,3621.0,-214.67,0.0,40.0,0.0,0.0
949,3618.0,-214.67,0.0,40.0,0.0,0.0
950,3616.0,-94.25,0.0,40.0,0.0,0.0
951,3613.0,-94.25,0.0,40.0,0.0,0.0
952,3610.0,-94.25,0.0,40.0,0.0,0.0
953,3607.0,-94.25,0.0,40.0,0.0,0.0
954,3605.0,-94.25,0.0,40.0,0.0,0.0
955,3602.0,-94.25,0.0,40.0,0.0,0.0
956,3599.0,-94.25,0.0,40.0,0.0,0.0
957,3596.0,-94.25,0.0,40.0,0.0,0.0
958,3593.0,-94.25,0.0,40.0,0.0,0.0
959,3590.0,-94.25,0.0,40.0,0.0,0.0
960,3587.0,52.36,0.0,40.0,0.0,0.0
961,3584.0,52.36,0.0,40.0,0.0,0.0
962,3581.0,52.36,0.0,40.0,0.0,0.0
963,3578.0,52.36,0.0,40.0,0.0,0.0
964,3576.0,52.36,0.0,40.0,0.0,0.0
965,3574.0,52.36,0.0,40.0,0.0,0.0
966,3572.0,52.36,0.0,40.0,0.0,0.0
967,3570.0,52.36,0.0,40.0,0.0,0.0
968,3568.0,52.36,0.0,40.0,0.0,0.0
969,3567.0,52.36,0.0,40.0,0.0,0.0
970,3566.0,172.79,0.0,40.0,0.0,0.0
971,3565.0,172.79,0.0,40.0,0.0,0.0
972,3564.0,172.79,0.0,40.0,0.0,0.0
973,3563.0,172.79,0.0,40.0,0.0,0.0
974,3563.0,172.79,0.0,40.0,0.0,0.0
975,3563.0,172.79,0.0,40.0,0.0,0.0
976,3563.0,172.79,0.0,40.0,0.0,0.0
977,3563.0,172.79,0.0,40.0,0.0,0.0
978,3563.0,172.79,0.0,40.0,0.0,0.0
979,3564.0,172.79,0.0,40.0,0.0,0.0
980,3564.0,188.5,0.0,40.0,0.0,0.0
981,3565.0,188.5,0.0,40.0,0.0,0.0
982,3566.0,188.5,0.0,40.0,0.0,0.0
983,3567.0,188.5,0.0,40.0,0.0,0.0
984,3568.0,188.5,0.0,40.0,0.0,0.0
985,3569.0,188.5,0.0,40.0,0.0,0.0
986,3571.0,188.5,0.0,40.0,0.0,0.0
987,3572.0,188.5,0.0,40.0,0.0,0.0
988,3574.0,188.5,0.0,40.0,0.0,0.0
989,3576.0,188.5,0.0,40.0,0.0,0.0
990,3577.0,125.66,0.0,40.0,0.0,0.0
991,3579.0,125.66,0.0,40.0,0.0,0.0
992,3581.0,125.66,0.0,40.0,0.0,0.0
993,3583.0,125.66,0.0,40.0,0.0,0.0
994,3585.0,125.66,0.0,40.0,0.0,0.0
995,3588.0,125.66,0.0,40.0,0.0,0.0
996,3590.0,125.66,0.0,40.0,0.0,0.0
997,3592.0,125.66,0.0,40.0,0.0,0.0
998,3594.0,125.66,0.0,40.0,0.0,0.0
999,3597.0,125.66,0.0,40.0,0.0,0.0
1000,3599.0,15.71,0.0,40.0,0.0,0.0
1001,3602.0,15.71,0.0,40.0,0.0,0.0
1002,3605.0,15.71,0.0,40.0,0.0,0.0
1003,3607.0,15.71,0.0,40.0,0.0,0.0
1004,3610.0,15.71,0.0,40.0,0.0,0.0
1005,3613.0,15.71,0.0,40.0,0.0,0.0
1006,3616.0,15.71,0.0,40.0,0.0,0.0
1007,3619.0,15.71,0.0,40.0,0.0,0.0
1008,3622.0,15.71,0.0,40.0,0.0,0.0
1009,3625.0,15.71,0.0,40.0,0.0,0.0
1010,3628.0,-130.9,0.0,40.0,0.0,0.0
1011,3630.0,-130.9,0.0,40.0,0.0,0.0
1012,3633.0,-130.9,0.0,40.0,0.0,0.0
1013,3636.0,-130.9,0.0,40.0,0.0,0.0
1014,3638.0,-130.9,0.0,40.0,0.0,0.0
1015,3640.0,-130.9,0.0,40.0,0.0,0.0
1016,3642.0,-130.9,0.0,40.0,0.0,0.0
1017,3643.0,-130.9,0.0,40.0,0.0,0.0
1018,3645.0,-130.9,0.0,40.0,0.0,0.0
1019,3646.0,-130.9,0.0,40.0,0.0,0.0
1020,3647.0,-240.85,0.0,40.0,0.0,0.0
1021,3648.0,-240.85,0.0,40.0,0.0,0.0
1022,3649.0,-240.85,0.0,40.0,0.0,0.0
1023,3650.0,-240.85,0.0,40.0,0.0,0.0
1024,3650.0,-240.85,0.0,40.0,0.0,0.0
1025,3650.0,-240.85,0.0,40.0,0.0,0.0
1026,3651.0,-240.85,0.0,40.0,0.0,0.0
1027,3651.0,-240.85,0.0,40.0,0.0,0.0
1028,3651.0,-240.85,0.0,40.0,0.0,0.0
1029,3650.0,-240.85,0.0,40.0,0.0,0.0
1030,3650.0,-261.8,0.0,40.0,0.0,0.0
1031,3649.0,-261.8,0.0,40.0,0.0,0.0
1032,3649.0,-261.8,0.0,40.0,0.0,0.0
1033,3648.0,-261.8,0.0,40.0,0.0,0.0
1034,3647.0,-261.8,0.0,40.0,0.0,0.0
1035,3646.0,-261.8,0.0,40.0,0.0,0.0
1036,3645.0,-261.8,0.0,40.0,0.0,0.0
1037,3644.0,-261.8,0.0,40.0,0.0,0.0
1038,3643.0,-261.8,0.0,40.0,0.0,0.0
1039,3641.0,-261.8,0.0,40.0,0.0,0.0
1040,3640.0,-214.67,0.0,40.0,0.0,0.0
1041,3638.0,-214.67,0.0,40.0,0.0,0.0
1042,3636.0,-214.67,0.0,40.0,0.0,0.0
1043,3635.0,-214.67,0.0,40.0,0.0,0.0
1044,3633.0,-214.67,0.0,40.0,0.0,0.0
1045,3631.0,-214.67,0.0,40.0,0.0,0.0
1046,3629.0,-214.67,0.0,40.0,0.0,0.0
1047,3627.0,-214.67,0.0,40.0,0.0,0.0
1048,3624.0,-214.67,0.0,40.0,0.0,0.0
1049,3622.0,-214.67,0.0,40.0,0.0,0.0
1050,3620.0,-115.19,0.0,40.0,0.0,0.0
1051,3617.0,-115.19,0.0,40.0,0.0,0.0
1052,3615.0,-115.19,0.0,40.0,0.0,0.0
1053,3612.0,-115.19,0.0,40.0,0.0,0.0
1054,3610.0,-115.19,0.0,40.0,0.0,0.0
1055,3607.0,-115.19,0.0,40.0,0.0,0.0
1056,3604.0,-115.19,0.0,40.0,0.0,0.0
1057,3602.0,-115.19,0.0,40.0,0.0,0.0
1058,3599.0,-115.19,0.0,40.0,0.0,0.0
1059,3596.0,-115.19,0.0,40.0,0.0,0.0
1060,3593.0,20.94,0.0,40.0,0.0,0.0
1061,3590.0,20.94,0.0,40.0,0.0,0.0
1062,3588.0,20.94,0.0,40.0,0.0,0.0
1063,3585.0,20.94,0.0,40.0,0.0,0.0
1064,3583.0,20.94,0.0,40.0,0.0,0.0
1065,3581.0,20.94,0.0,40.0,0.0,0.0
1066,3579.0,20.94,0.0,40.0,0.0,0.0
1067,3578.0,20.94,0.0,40.0,0.0,0.0
1068,3577.0,20.94,0.0,40.0,0.0,0.0
1069,3575.0,20.94,0.0,40.0,0.0,0.0
1070,3574.0,130.9,0.0,40.0,0.0,0.0
1071,3573.0,130.9,0.0,40.0,0.0,0.0
1072,3573.0,130.9,0.0,40.0,0.0,0.0
1073,3572.0,130.9,0.0,40.0,0.0,0.0
1074,3572.0,130.9,0.0,40.0,0.0,0.0
1075,3572.0,130.9,0.0,40.0,0.0,0.0
1076,3572.0,130.9,0.0,40.0,0.0,0.0
1077,3572.0,130.9,0.0,40.0,0.0,0.0
1078,3573.0,130.9,0.0,40.0,0.0,0.0
1079,3573.0,130.9,0.0,40.0,0.0,0.0
1080,3574.0,141.37,0.0,40.0,0.0,0.0
1081,3575.0,141.37,0.0,40.0,0.0,0.0
1082,3576.0,141.37,0.0,40.0,0.0,0.0
1083,3578.0,141.37,0.0,40.0,0.0,0.0
1084,3579.0,141.37,0.0,40.0,0.0,0.0
1085,3580.0,141.37,0.0,40.0,0.0,0.0
1086,3582.0,141.37,0.0,40.0,0.0,0.0
1087,3583.0,141.37,0.0,40.0,0.0,0.0
1088,3585.0,141.37,0.0,40.0,0.0,0.0
1089,3587.0,141.37,0.0,40.0,0.0,0.0
1090,3588.0,68.07,0.0,40.0,0.0,0.0
1091,3590.0,68.07,0.0,40.0,0.0,0.0
1092,3592.0,68.07,0.0,40.0,0.0,0.0
1093,3596.0,68.07,0.0,40.0,0.0,0.0
1094,3599.0,68.07,0.0,40.0,0.0,0.0
1095,3601.0,68.07,0.0,40.0,0.0,0.0
1096,3603.0,68.07,0.0,40.0,0.0,0.0
1097,3606.0,68.07,0.0,40.0,0.0,0.0
1098,3608.0,68.07,0.0,40.0,0.0,0.0
1099,3611.0,68.07,0.0,40.0,0.0,0.0
1100,3613.0,-57.6,0.0,40.0,0.0,0.0
1101,3615.0,-57.6,0.0,40.0,0.0,0.0
1102,3618.0,-57.6,0.0,40.0,0.0,0.0
1103,3620.0,-57.6,0.0,40.0,0.0,0.0
1104,3622.0,-57.6,0.0,40.0,0.0,0.0
1105,3624.0,-57.6,0.0,40.0,0.0,0.0
1106,3625.0,-57.6,0.0,40.0,0.0,0.0
1107,3626.0,-57.6,0.0,40.0,0.0,0.0
1108,3627.0,-57.6,0.0,40.0,0.0,0.0
1109,3628.0,-57.6,0.0,40.0,0.0,0.0
1110,3629.0,-146.61,0.0,40.0,0.0,0.0
1111,3630.0,-146.61,0.0,40.0,0.0,0.0
1112,3630.0,-146.61,0.0,40.0,0.0,0.0
1113,3630.0,-146.61,0.0,40.0,0.0,0.0
1114,3631.0,-146.61,0.0,40.0,0.0,0.0
1115,3631.0,-146.61,0.0,40.0,0.0,0.0
1116,3630.0,-146.61,0.0,40.0,0.0,0.0
1117,3630.0,-146.61,0.0,40.0,0.0,0.0
1118,3629.0,-146.61,0.0,40.0,0.0,0.0
1119,3628.0,-146.61,0.0,40.0,0.0,0.0
1120,3628.0,-146.61,0.0,40.0,0.0,0.0
1121,3627.0,-146.61,0.0,40.0,0.0,0.0
1122,3626.0,-146.61,0.0,40.0,0.0,0.0
1123,3624.0,-146.61,0.0,40.0,0.0,0.0
1124,3623.0,-146.61,0.0,40.0,0.0,0.0
1125,3622.0,-146.61,0.0,40.0,0.0,0.0
1126,3620.0,-146.61,0.0,40.0,0.0,0.0
1127,3619.0,-146.61,0.0,40.0,0.0,0.0
1128,3617.0,-146.61,0.0,40.0,0.0,0.0
1129,3615.0,-146.61,0.0,40.0,0.0,0.0
1130,3613.0,-78.54,0.0,40.0,0.0,0.0
1131,3611.0,-78.54,0.0,40.0,0.0,0.0
1132,3609.0,-78.54,0.0,40.0,0.0,0.0
1133,3607.0,-78.54,0.0,40.0,0.0,0.0
1134,3605.0,-78.54,0.0,40.0,0.0,0.0
1135,3603.0,-78.54,0.0,40.0,0.0,0.0
1136,3601.0,-78.54,0.0,40.0,0.0,0.0
1137,3598.0,-78.54,0.0,40.0,0.0,0.0
1138,3596.0,-78.54,0.0,40.0,0.0,0.0
1139,3593.0,-78.54,0.0,40.0,0.0,0.0
1140,3591.0,36.65,0.0,40.0,0.0,0.0
1141,3588.0,36.65,0.0,40.0,0.0,0.0
1142,3586.0,36.65,0.0,40.0,0.0,0.0
1143,3584.0,36.65,0.0,40.0,0.0,0.0
1144,3582.0,36.65,0.0,40.0,0.0,0.0
1145,3580.0,36.65,0.0,40.0,0.0,0.0
1146,3579.0,36.65,0.0,40.0,0.0,0.0
1147,3578.0,36.65,0.0,40.0,0.0,0.0
1148,3576.0,36.65,0.0,40.0,0.0,0.0
1149,3576.0,36.65,0.0,40.0,0.0,0.0
1150,3575.0,130.9,0.0,40.0,0.0,0.0
1151,3574.0,130.9,0.0,40.0,0.0,0.0
1152,3574.0,130.9,0.0,40.0,0.0,0.0
1153,3574.0,130.9,0.0,40.0,0.0,0.0
1154,3574.0,130.9,0.0,40.0,0.0,0.0
1155,3574.0,130.9,0.0,40.0,0.0,0.0
1156,3574.0,130.9,0.0,40.0,0.0,0.0
1157,3575.0,130.9,0.0,40.0,0.0,0.0
1158,3576.0,130.9,0.0,40.0,0.0,0.0
1159,3577.0,130.9,0.0,40.0,0.0,0.0
1160,3578.0,120.43,0.0,40.0,0.0,0.0
1161,3579.0,120.43,0.0,40.0,0.0,0.0
1162,3580.0,120.43,0.0,40.0,0.0,0.0
1163,3581.0,120.43,0.0,40.0,0.0,0.0
1164,3583.0,120.43,0.0,40.0,0.0,0.0
1165,3584.0,120.43,0.0,40.0,0.0,0.0
1166,3586.0,120.43,0.0,40.0,0.0,0.0
1167,3588.0,120.43,0.0,40.0,0.0,0.0
1168,3590.0,120.43,0.0,40.0,0.0,0.0
1169,3591.0,120.43,0.0,40.0,0.0,0.0
1170,3593.0,41.89,0.0,40.0,0.0,0.0
1171,3595.0,41.89,0.0,40.0,0.0,0.0
1172,3598.0,41.89,0.0,40.0,0.0,0.0
1173,3600.0,41.89,0.0,40.0,0.0,0.0
1174,3602.0,41.89,0.0,40.0,0.0,0.0
1175,3604.0,41.89,0.0,40.0,0.0,0.0
1176,3607.0,41.89,0.0,40.0,0.0,0.0
1177,3609.0,41.89,0.0,40.0,0.0,0.0
1178,3612.0,41.89,0.0,40.0,0.0,0.0
1179,3614.0,41.89,0.0,40.0,0.0,0.0
1180,3617.0,-78.54,0.0,40.0,0.0,0.0
1181,3620.0,-78.54,0.0,40.0,0.0,0.0
1182,3622.0,-78.54,0.0,40.0,0.0,0.0
1183,3624.0,-78.54,0.0,40.0,0.0,0.0
1184,3626.0,-78.54,0.0,40.0,0.0,0.0
1185,3628.0,-78.54,0.0,40.0,0.0,0.0
1186,3630.0,-78.54,0.0,40.0,0.0,0.0
1187,3631.0,-78.54,0.0,40.0,0.0,0.0
1188,3632.0,-78.54,0.0,40.0,0.0,0.0
1189,3633.0,-78.54,0.0,40.0,0.0,0.0
1190,3634.0,-172.79,0.0,40.0,0.0,0.0
1191,3635.0,-172.79,0.0,40.0,0.0,0.0
1192,3635.0,-172.79,0.0,40.0,0.0,0.0
1193,3635.0,-172.79,0.0,40.0,0.0,0.0
1194,3636.0,-172.79,0.0,40.0,0.0,0.0
1195,3636.0,-172.79,0.0,40.0,0.0,0.0
1196,3636.0,-172.79,0.0,40.0,0.0,0.0
1197,3635.0,-172.79,0.0,40.0,0.0,0.0
1198,3635.0,-172.79,0.0,40.0,0.0,0.0
1199,3635.0,-172.79,0.0,40.0,0.0,0.0
1200,3634.0,-183.26,0.0,40.0,0.0,0.0
1201,3634.0,-183.26,0.0,40.0,0.0,0.0
1202,3633.0,-183.26,0.0,40.0,0.0,0.0
1203,3632.0,-183.26,0.0,40.0,0.0,0.0
1204,3631.0,-183.26,0.0,40.0,0.0,0.0
1205,3630.0,-183.26,0.0,40.0,0.0,0.0
1206,3629.0,-183.26,0.0,40.0,0.0,0.0
1207,3627.0,-183.26,0.0,40.0,0.0,0.0
1208,3626.0,-183.26,0.0,40.0,0.0,0.0
1209,3624.0,-183.26,0.0,40.0,0.0,0.0
1210,3623.0,-125.66,0.0,40.0,0.0,0.0
1211,3621.0,-125.66,0.0,40.0,0.0,0.0
1212,3619.0,-125.66,0.0,40.0,0.0,0.0
1213,3617.0,-125.66,0.0,40.0,0.0,0.0
1214,3615.0,-125.66,0.0,40.0,0.0,0.0
1215,3613.0,-125.66,0.0,40.0,0.0,0.0
1216,3611.0,-125.66,0.0,40.0,0.0,0.0
1217,3609.0,-125.66,0.0,40.0,0.0,0.0
1218,3606.0,-125.66,0.0,40.0,0.0,0.0
1219,3604.0,-125.66,0.0,40.0,0.0,0.0
1220,3602.0,-20.94,0.0,40.0,0.0,0.0
1221,3599.0,-20.94,0.0,40.0,0.0,0.0
1222,3597.0,-20.94,0.0,40.0,0.0,0.0
1223,3594.0,-20.94,0.0,40.0,0.0,0.0
1224,3591.0,-20.94,0.0,40.0,0.0,0.0
1225,3589.0,-20.94,0.0,40.0,0.0,0.0
1226,3586.0,-20.94,0.0,40.0,0.0,0.0
1227,3583.0,-20.94,0.0,40.0,0.0,0.0
1228,3580.0,-20.94,0.0,40.0,0.0,0.0
1229,3577.0,-20.94,0.0,40.0,0.0,0.0
1230,3575.0,120.43,0.0,40.0,0.0,0.0
1231,3572.0,120.43,0.0,40.0,0.0,0.0
1232,3569.0,120.43,0.0,40.0,0.0,0.0
1233,3566.0,120.43,0.0,40.0,0.0,0.0
1234,3564.0,120.43,0.0,40.0,0.0,0.0
1235,3562.0,120.43,0.0,40.0,0.0,0.0
1236,3560.0,120.43,0.0,40.0,0.0,0.0
1237,3559.0,120.43,0.0,40.0,0.0,0.0
1238,3557.0,120.43,0.0,40.0,0.0,0.0
1239,3556.0,120.43,0.0,40.0,0.0,0.0
1240,3555.0,230.38,0.0,40.0,0.0,0.0
1241,3554.0,230.38,0.0,40.0,0.0,0.0
1242,3554.0,230.38,0.0,40.0,0.0,0.0
1243,3553.0,230.38,0.0,40.0,0.0,0.0
1244,3553.0,230.38,0.0,40.0,0.0,0.0
1245,3552.0,230.38,0.0,40.0,0.0,0.0
1246,3552.0,230.38,0.0,40.0,0.0,0.0
1247,3552.0,230.38,0.0,40.0,0.0,0.0
1248,3553.0,230.38,0.0,40.0,0.0,0.0
1249,3553.0,230.38,0.0,40.0,0.0,0.0
1250,3554.0,246.09,0.0,40.0,0.0,0.0
1251,3554.0,246.09,0.0,40.0,0.0,0.0
1252,3555.0,246.09,0.0,40.0,0.0,0.0
1253,3556.0,246.09,0.0,40.0,0.0,0.0
1254,3557.0,246.09,0.0,40.0,0.0,0.0
1255,3558.0,246.09,0.0,40.0,0.0,0.0
1256,3559.0,246.09,0.0,40.0,0.0,0.0
1257,3561.0,246.09,0.0,40.0,0.0,0.0
1258,3562.0,246.09,0.0,40.0,0.0,0.0
1259,3566.0,246.09,0.0,40.0,0.0,0.0
1260,3568.0,178.02,0.0,40.0,0.0,0.0
1261,3569.0,178.02,0.0,40.0,0.0,0.0
1262,3571.0,178.02,0.0,40.0,0.0,0.0
1263,3573.0,178.02,0.0,40.0,0.0,0.0
1264,3575.0,178.02,0.0,40.0,0.0,0.0
1265,3577.0,178.02,0.0,40.0,0.0,0.0
1266,3579.0,178.02,0.0,40.0,0.0,0.0
1267,3582.0,178.02,0.0,40.0,0.0,0.0
1268,3584.0,178.02,0.0,40.0,0.0,0.0
1269,3586.0,178.02,0.0,40.0,0.0,0.0
1270,3589.0,68.07,0.0,40.0,0.0,0.0
1271,3591.0,68.07,0.0,40.0,0.0,0.0
1272,3594.0,68.07,0.0,40.0,0.0,0.0
1273,3596.0,68.07,0.0,40.0,0.0,0.0
1274,3599.0,68.07,0.0,40.0,0.0,0.0
1275,3602.0,68.07,0.0,40.0,0.0,0.0
1276,3605.0,68.07,0.0,40.0,0.0,0.0
1277,3607.0,68.07,0.0,40.0,0.0,0.0
1278,3610.0,68.07,0.0,40.0,0.0,0.0
1279,3613.0,68.07,0.0,40.0,0.0,0.0
1280,3616.0,-68.07,0.0,40.0,0.0,0.0
1281,3619.0,-68.07,0.0,40.0,0.0,0.0
1282,3622.0,-68.07,0.0,40.0,0.0,0.0
1283,3624.0,-68.07,0.0,40.0,0.0,0.0
1284,3626.0,-68.07,0.0,40.0,0.0,0.0
1285,3628.0,-68.07,0.0,40.0,0.0,0.0
1286,3630.0,-68.07,0.0,40.0,0.0,0.0
1287,3632.0,-68.07,0.0,40.0,0.0,0.0
1288,3633.0,-68.07,0.0,40.0,0.0,0.0
1289,3635.0,-68.07,0.0,40.0,0.0,0.0
1290,3636.0,-183.26,0.0,40.0,0.0,0.0
1291,3637.0,-183.26,0.0,40.0,0.0,0.0
1292,3637.0,-183.26,0.0,40.0,0.0,0.0
1293,3638.0,-183.26,0.0,40.0,0.0,0.0
1294,3638.0,-183.26,0.0,40.0,0.0,0.0
1295,3639.0,-183.26,0.0,40.0,0.0,0.0
1296,3639.0,-183.26,0.0,40.0,0.0,0.0
1297,3639.0,-183.26,0.0,40.0,0.0,0.0
1298,3639.0,-183.26,0.0,40.0,0.0,0.0
1299,3638.0,-183.26,0.0,40.0,0.0,0.0
1300,3638.0,-198.97,0.0,40.0,0.0,0.0
1301,3637.0,-198.97,0.0,40.0,0.0,0.0
1302,3637.0,-198.97,0.0,40.0,0.0,0.0
1303,3636.0,-198.97,0.0,40.0,0.0,0.0
1304,3635.0,-198.97,0.0,40.0,0.0,0.0
1305,3634.0,-198.97,0.0,40.0,0.0,0.0
1306,3633.0,-198.97,0.0,40.0,0.0,0.0
1307,3632.0,-198.97,0.0,40.0,0.0,0.0
1308,3631.0,-198.97,0.0,40.0,0.0,0.0
1309,3629.0,-198.97,0.0,40.0,0.0,0.0
1310,3628.0,-151.84,0.0,40.0,0.0,0.0
1311,3626.0,-151.84,0.0,40.0,0.0,0.0
1312,3624.0,-151.84,0.0,40.0,0.0,0.0
1313,3622.0,-151.84,0.0,40.0,0.0,0.0
1314,3621.0,-151.84,0.0,40.0,0.0,0.0
1315,3619.0,-151.84,0.0,40.0,0.0,0.0
1316,3616.0,-151.84,0.0,40.0,0.0,0.0
1317,3614.0,-151.84,0.0,40.0,0.0,0.0
1318,3612.0,-151.84,0.0,40.0,0.0,0.0
1319,3610.0,-151.84,0.0,40.0,0.0,0.0
1320,3607.0,-52.36,0.0,40.0,0.0,0.0
1321,3605.0,-52.36,0.0,40.0,0.0,0.0
1322,3603.0,-52.36,0.0,40.0,0.0,0.0
1323,3600.0,-52.36,0.0,40.0,0.0,0.0
1324,3597.0,-52.36,0.0,40.0,0.0,0.0
1325,3595.0,-52.36,0.0,40.0,0.0,0.0
1326,3592.0,-52.36,0.0,40.0,0.0,0.0
1327,3589.0,-52.36,0.0,40.0,0.0,0.0
1328,3587.0,-52.36,0.0,40.0,0.0,0.0
1329,3584.0,-52.36,0.0,40.0,0.0,0.0
1330,3581.0,83.78,0.0,40.0,0.0,0.0
1331,3578.0,83.78,0.0,40.0,0.0,0.0
1332,3576.0,83.78,0.0,40.0,0.0,0.0
1333,3573.0,83.78,0.0,40.0,0.0,0.0
1334,3571.0,83.78,0.0,40.0,0.0,0.0
1335,3569.0,83.78,0.0,40.0,0.0,0.0
1336,3567.0,83.78,0.0,40.0,0.0,0.0
1337,3566.0,83.78,0.0,40.0,0.0,0.0
1338,3564.0,83.78,0.0,40.0,0.0,0.0
1339,3563.0,83.78,0.0,40.0,0.0,0.0
1340,3562.0,193.73,0.0,40.0,0.0,0.0
1341,3561.0,193.73,0.0,40.0,0.0,0.0
1342,3560.0,193.73,0.0,40.0,0.0,0.0
1343,3560.0,193.73,0.0,40.0,0.0,0.0
1344,3560.0,193.73,0.0,40.0,0.0,0.0
1345,3560.0,193.73,0.0,40.0,0.0,0.0
1346,3560.0,193.73,0.0,40.0,0.0,0.0
1347,3560.0,193.73,0.0,40.0,0.0,0.0
1348,3561.0,193.73,0.0,40.0,0.0,0.0
1349,3561.0,193.73,0.0,40.0,0.0,0.0
1350,3562.0,204.2,0.0,40.0,0.0,0.0
1351,3563.0,204.2,0.0,40.0,0.0,0.0
1352,3564.0,204.2,0.0,40.0,0.0,0.0
1353,3565.0,204.2,0.0,40.0,0.0,0.0
1354,3567.0,204.2,0.0,40.0,0.0,0.0
1355,3568.0,204.2,0.0,40.0,0.0,0.0
1356,3570.0,204.2,0.0,40.0,0.0,0.0
1357,3571.0,204.2,0.0,40.0,0.0,0.0
1358,3573.0,204.2,0.0,40.0,0.0,0.0
1359,3575.0,204.2,0.0,40.0,0.0,0.0
1360,3577.0,130.9,0.0,40.0,0.0,0.0
1361,3579.0,130.9,0.0,40.0,0.0,0.0
1362,3581.0,130.9,0.0,40.0,0.0,0.0
1363,3583.0,130.9,0.0,40.0,0.0,0.0
1364,3585.0,130.9,0.0,40.0,0.0,0.0
1365,3587.0,130.9,0.0,40.0,0.0,0.0
1366,3590.0,130.9,0.0,40.0,0.0,0.0
1367,3592.0,130.9,0.0,40.0,0.0,0.0
1368,3595.0,130.9,0.0,40.0,0.0,0.0
1369,3597.0,130.9,0.0,40.0,0.0,0.0
1370,3600.0,15.71,0.0,40.0,0.0,0.0
1371,3602.0,15.71,0.0,40.0,0.0,0.0
1372,3605.0,15.71,0.0,40.0,0.0,0.0
1373,3608.0,15.71,0.0,40.0,0.0,0.0
1374,3610.0,15.71,0.0,40.0,0.0,0.0
1375,3613.0,15.71,0.0,40.0,0.0,0.0
1376,3616.0,15.71,0.0,40.0,0.0,0.0
1377,3619.0,15.71,0.0,40.0,0.0,0.0
1378,3622.0,15.71,0.0,40.0,0.0,0.0
1379,3625.0,15.71,0.0,40.0,0.0,0.0
1380,3628.0,-130.9,0.0,40.0,0.0,0.0
1381,3631.0,-130.9,0.0,40.0,0.0,0.0
1382,3634.0,-130.9,0.0,40.0,0.0,0.0
1383,3636.0,-130.9,0.0,40.0,0.0,0.0
1384,3639.0,-130.9,0.0,40.0,0.0,0.0
1385,3641.0,-130.9,0.0,40.0,0.0,0.0
1386,3643.0,-130.9,0.0,40.0,0.0,0.0
1387,3645.0,-130.9,0.0,40.0,0.0,0.0
1388,3646.0,-130.9,0.0,40.0,0.0,0.0
1389,3647.0,-130.9,0.0,40.0,0.0,0.0
1390,3649.0,-251.33,0.0,40.0,0.0,0.0
1391,3650.0,-251.33,0.0,40.0,0.0,0.0
1392,3650.0,-251.33,0.0,40.0,0.0,0.0
1393,3651.0,-251.33,0.0,40.0,0.0,0.0
1394,3652.0,-251.33,0.0,40.0,0.0,0.0
1395,3652.0,-251.33,0.0,40.0,0.0,0.0
1396,3652.0,-251.33,0.0,40.0,0.0,0.0
1397,3652.0,-251.33,0.0,40.0,0.0,0.0
1398,3652.0,-251.33,0.0,40.0,0.0,0.0
1399,3651.0,-251.33,0.0,40.0,0.0,0.0
1400,3651.0,-267.03,0.0,40.0,0.0,0.0
1401,3650.0,-267.03,0.0,40.0,0.0,0.0
1402,3649.0,-267.03,0.0,40.0,0.0,0.0
1403,3648.0,-267.03,0.0,40.0,0.0,0.0
1404,3647.0,-267.03,0.0,40.0,0.0,0.0
1405,3645.0,-267.03,0.0,40.0,0.0,0.0
1406,3644.0,-267.03,0.0,40.0,0.0,0.0
1407,3643.0,-267.03,0.0,40.0,0.0,0.0
1408,3641.0,-267.03,0.0,40.0,0.0,0.0
1409,3640.0,-267.03,0.0,40.0,0.0,0.0
1410,3638.0,-204.2,0.0,40.0,0.0,0.0
1411,3636.0,-204.2,0.0,40.0,0.0,0.0
1412,3634.0,-204.2,0.0,40.0,0.0,0.0
1413,3632.0,-204.2,0.0,40.0,0.0,0.0
1414,3630.0,-204.2,0.0,40.0,0.0,0.0
1415,3628.0,-204.2,0.0,40.0,0.0,0.0
1416,3626.0,-204.2,0.0,40.0,0.0,0.0
1417,3623.0,-204.2,0.0,40.0,0.0,0.0
1418,3621.0,-204.2,0.0,40.0,0.0,0.0
1419,3618.0,-204.2,0.0,40.0,0.0,0.0
1420,3616.0,-94.25,0.0,40.0,0.0,0.0
1421,3613.0,-94.25,0.0,40.0,0.0,0.0
1422,3611.0,-94.25,0.0,40.0,0.0,0.0
1423,3608.0,-94.25,0.0,40.0,0.0,0.0
1424,3605.0,-94.25,0.0,40.0,0.0,0.0
1425,3603.0,-94.25,0.0,40.0,0.0,0.0
1426,3600.0,-94.25,0.0,40.0,0.0,0.0
1427,3597.0,-94.25,0.0,40.0,0.0,0.0
1428,3594.0,-94.25,0.0,40.0,0.0,0.0
1429,3591.0,-94.25,0.0,40.0,0.0,0.0
1430,3588.0,47.13,0.0,40.0,0.0,0.0
1431,3585.0,47.13,0.0,40.0,0.0,0.0
1432,3583.0,47.13,0.0,40.0,0.0,0.0
1433,3581.0,47.13,0.0,40.0,0.0,0.0
1434,3579.0,47.13,0.0,40.0,0.0,0.0
1435,3577.0,47.13,0.0,40.0,0.0,0.0
1436,3575.0,47.13,0.0,40.0,0.0,0.0
1437,3573.0,47.13,0.0,40.0,0.0,0.0
1438,3572.0,47.13,0.0,40.0,0.0,0.0
1439,3570.0,47.13,0.0,40.0,0.0,0.0
1440,3569.0,157.08,0.0,40.0,0.0,0.0
1441,3569.0,157.08,0.0,40.0,0.0,0.0
1442,3568.0,157.08,0.0,40.0,0.0,0.0
1443,3567.0,157.08,0.0,40.0,0.0,0.0
1444,3567.0,157.08,0.0,40.0,0.0,0.0
1445,3567.0,157.08,0.0,40.0,0.0,0.0
1446,3567.0,157.08,0.0,40.0,0.0,0.0
1447,3567.0,157.08,0.0,40.0,0.0,0.0
1448,3567.0,157.08,0.0,40.0,0.0,0.0
1449,3568.0,157.08,0.0,40.0,0.0,0.0
1450,3568.0,167.55,0.0,40.0,0.0,0.0
1451,3569.0,167.55,0.0,40.0,0.0,0.0
1452,3570.0,167.55,0.0,40.0,0.0,0.0
1453,3571.0,167.55,0.0,40.0,0.0,0.0
1454,3572.0,167.55,0.0,40.0,0.0,0.0
1455,3574.0,167.55,0.0,40.0,0.0,0.0
1456,3575.0,167.55,0.0,40.0,0.0,0.0
1457,3576.0,167.55,0.0,40.0,0.0,0.0
1458,3578.0,167.55,0.0,40.0,0.0,0.0
1459,3580.0,167.55,0.0,40.0,0.0,0.0
1460,3582.0,104.72,0.0,40.0,0.0,0.0
1461,3584.0,104.72,0.0,40.0,0.0,0.0
1462,3586.0,104.72,0.0,40.0,0.0,0.0
1463,3588.0,104.72,0.0,40.0,0.0,0.0
1464,3590.0,104.72,0.0,40.0,0.0,0.0
1465,3593.0,104.72,0.0,40.0,0.0,0.0
1466,3595.0,104.72,0.0,40.0,0.0,0.0
1467,3597.0,104.72,0.0,40.0,0.0,0.0
1468,3599.0,104.72,0.0,40.0,0.0,0.0
1469,3602.0,104.72,0.0,40.0,0.0,0.0
1470,3604.0,-10.47,0.0,40.0,0.0,0.0
1471,3607.0,-10.47,0.0,40.0,0.0,0.0
1472,3609.0,-10.47,0.0,40.0,0.0,0.0
1473,3611.0,-10.47,0.0,40.0,0.0,0.0
1474,3613.0,-10.47,0.0,40.0,0.0,0.0
1475,3615.0,-10.47,0.0,40.0,0.0,0.0
1476,3616.0,-10.47,0.0,40.0,0.0,0.0
1477,3618.0,-10.47,0.0,40.0,0.0,0.0
1478,3619.0,-10.47,0.0,40.0,0.0,0.0
1479,3620.0,-10.47,0.0,40.0,0.0,0.0
1480,3621.0,-104.72,0.0,40.0,0.0,0.0
1481,3621.0,-104.72,0.0,40.0,0.0,0.0
1482,3622.0,-104.72,0.0,40.0,0.0,0.0
1483,3622.0,-104.72,0.0,40.0,0.0,0.0
1484,3622.0,-104.72,0.0,40.0,0.0,0.0
1485,3622.0,-104.72,0.0,40.0,0.0,0.0
1486,3622.0,-104.72,0.0,40.0,0.0,0.0
1487,3622.0,-104.72,0.0,40.0,0.0,0.0
1488,3621.0,-104.72,0.0,40.0,0.0,0.0
1489,3621.0,-104.72,0.0,40.0,0.0,0.0
1490,3620.0,-109.95,0.0,40.0,0.0,0.0
1491,3619.0,-109.95,0.0,40.0,0.0,0.0
1492,3618.0,-109.95,0.0,40.0,0.0,0.0
1493,3617.0,-109.95,0.0,40.0,0.0,0.0
1494,3615.0,-109.95,0.0,40.0,0.0,0.0
1495,3614.0,-109.95,0.0,40.0,0.0,0.0
1496,3612.0,-109.95,0.0,40.0,0.0,0.0
1497,3611.0,-109.95,0.0,40.0,0.0,0.0
1498,3609.0,-109.95,0.0,40.0,0.0,0.0
1499,3607.0,-109.95,0.0,40.0,0.0,0.0
1500,3605.0,-36.65,0.0,40.0,0.0,0.0
1501,3603.0,-36.65,0.0,40.0,0.0,0.0
1502,3601.0,-36.65,0.0,40.0,0.0,0.0
1503,3599.0,-36.65,0.0,40.0,0.0,0.0
1504,3597.0,-36.65,0.0,40.0,0.0,0.0
1505,3595.0,-36.65,0.0,40.0,0.0,0.0
1506,3593.0,-36.65,0.0,40.0,0.0,0.0
1507,3590.0,-36.65,0.0,40.0,0.0,0.0
1508,3588.0,-36.65,0.0,40.0,0.0,0.0
1509,3585.0,-36.65,0.0,40.0,0.0,0.0
1510,3583.0,78.54,0.0,40.0,0.0,0.0
1511,3580.0,78.54,0.0,40.0,0.0,0.0
1512,3578.0,78.54,0.0,40.0,0.0,0.0
1513,3576.0,78.54,0.0,40.0,0.0,0.0
1514,3574.0,78.54,0.0,40.0,0.0,0.0
1515,3572.0,78.54,0.0,40.0,0.0,0.0
1516,3570.0,78.54,0.0,40.0,0.0,0.0
1517,3569.0,78.54,0.0,40.0,0.0,0.0
1518,3568.0,78.54,0.0,40.0,0.0,0.0
1519,3567.0,78.54,0.0,40.0,0.0,0.0
1520,3567.0,172.79,0.0,40.0,0.0,0.0
1521,3566.0,172.79,0.0,40.0,0.0,0.0
1522,3565.0,172.79,0.0,40.0,0.0,0.0
1523,3565.0,172.79,0.0,40.0,0.0,0.0
1524,3565.0,172.79,0.0,40.0,0.0,0.0
1525,3565.0,172.79,0.0,40.0,0.0,0.0
1526,3565.0,172.79,0.0,40.0,0.0,0.0
1527,3565.0,172.79,0.0,40.0,0.0,0.0
1528,3566.0,172.79,0.0,40.0,0.0,0.0
1529,3567.0,172.79,0.0,40.0,0.0,0.0
1530,3567.0,172.79,0.0,40.0,0.0,0.0
1531,3568.0,172.79,0.0,40.0,0.0,0.0
1532,3569.0,172.79,0.0,40.0,0.0,0.0
1533,3570.0,172.79,0.0,40.0,0.0,0.0
1534,3571.0,172.79,0.0,40.0,0.0,0.0
1535,3573.0,172.79,0.0,40.0,0.0,0.0
1536,3574.0,172.79,0.0,40.0,0.0,0.0
1537,3576.0,172.79,0.0,40.0,0.0,0.0
1538,3577.0,172.79,0.0,40.0,0.0,0.0
1539,3579.0,172.79,0.0,40.0,0.0,0.0
1540,3581.0,109.96,0.0,40.0,0.0,0.0
1541,3583.0,109.96,0.0,40.0,0.0,0.0
1542,3585.0,109.96,0.0,40.0,0.0,0.0
1543,3587.0,109.96,0.0,40.0,0.0,0.0
1544,3589.0,109.96,0.0,40.0,0.0,0.0
1545,3591.0,109.96,0.0,40.0,0.0,0.0
1546,3593.0,109.96,0.0,40.0,0.0,0.0
1547,3595.0,109.96,0.0,40.0,0.0,0.0
1548,3598.0,109.96,0.0,40.0,0.0,0.0
1549,3600.0,109.96,0.0,40.0,0.0,0.0
