TIME,PULSES,CONTROLLERVOLTAGE,CONTROLLER,KP,TAUD,TAUI 
NEXT EXPERIMENT0,4,32.7301,0,125.0,0.0,0.0
1,8,32.7301,0,125.0,0.0,0.0
2,13,32.7301,0,125.0,0.0,0.0
3,17,32.7301,0,125.0,0.0,0.0
4,22,32.7301,0,125.0,0.0,0.0
5,26,32.7301,0,125.0,0.0,0.0
6,30,32.7301,0,125.0,0.0,0.0
7,35,32.7301,0,125.0,0.0,0.0
8,39,32.7301,0,125.0,0.0,0.0
9,43,32.7301,0,125.0,0.0,0.0
10,48,58184.918,0,125.0,0.0,0.0
11,53,58184.918,0,125.0,0.0,0.0
12,57,58184.918,0,125.0,0.0,0.0
13,61,58184.918,0,125.0,0.0,0.0
14,66,58184.918,0,125.0,0.0,0.0
15,71,58184.918,0,125.0,0.0,0.0
16,75,58184.918,0,125.0,0.0,0.0
17,79,58184.918,0,125.0,0.0,0.0
18,84,58184.918,0,125.0,0.0,0.0
19,88,58184.918,0,125.0,0.0,0.0
20,92,57464.9688,0,125.0,0.0,0.0
21,96,57464.9688,0,125.0,0.0,0.0
22,102,57464.9688,0,125.0,0.0,0.0
23,106,57464.9688,0,125.0,0.0,0.0
24,110,57464.9688,0,125.0,0.0,0.0
25,114,57464.9688,0,125.0,0.0,0.0
26,119,57464.9688,0,125.0,0.0,0.0
27,123,57464.9688,0,125.0,0.0,0.0
28,127,57464.9688,0,125.0,0.0,0.0
29,131,57464.9688,0,125.0,0.0,0.0
30,136,56745.0234,0,125.0,0.0,0.0
31,140,56745.0234,0,125.0,0.0,0.0
32,144,56745.0234,0,125.0,0.0,0.0
33,148,56745.0234,0,125.0,0.0,0.0
34,154,56745.0234,0,125.0,0.0,0.0
35,158,56745.0234,0,125.0,0.0,0.0
36,162,56745.0234,0,125.0,0.0,0.0
37,167,56745.0234,0,125.0,0.0,0.0
38,172,56745.0234,0,125.0,0.0,0.0
39,176,56745.0234,0,125.0,0.0,0.0
40,180,56025.0703,0,125.0,0.0,0.0
41,184,56025.0703,0,125.0,0.0,0.0
42,189,56025.0703,0,125.0,0.0,0.0
43,193,56025.0703,0,125.0,0.0,0.0
44,197,56025.0703,0,125.0,0.0,0.0
45,202,56025.0703,0,125.0,0.0,0.0
46,206,56025.0703,0,125.0,0.0,0.0
47,210,56025.0703,0,125.0,0.0,0.0
48,214,56025.0703,0,125.0,0.0,0.0
49,220,56025.0703,0,125.0,0.0,0.0
50,224,55305.1211,0,125.0,0.0,0.0
51,227,55305.1211,0,125.0,0.0,0.0
52,231,55305.1211,0,125.0,0.0,0.0
53,235,55305.1211,0,125.0,0.0,0.0
54,240,55305.1211,0,125.0,0.0,0.0
55,244,55305.1211,0,125.0,0.0,0.0
56,248,55305.1211,0,125.0,0.0,0.0
57,253,55305.1211,0,125.0,0.0,0.0
58,257,55305.1211,0,125.0,0.0,0.0
59,261,55305.1211,0,125.0,0.0,0.0
60,266,54634.2617,0,125.0,0.0,0.0
61,271,54634.2617,0,125.0,0.0,0.0
62,275,54634.2617,0,125.0,0.0,0.0
63,279,54634.2617,0,125.0,0.0,0.0
64,283,54634.2617,0,125.0,0.0,0.0
65,288,54634.2617,0,125.0,0.0,0.0
66,292,54634.2617,0,125.0,0.0,0.0
67,296,54634.2617,0,125.0,0.0,0.0
68,300,54634.2617,0,125.0,0.0,0.0
69,305,54634.2617,0,125.0,0.0,0.0
70,309,53914.3125,0,125.0,0.0,0.0
71,313,53914.3125,0,125.0,0.0,0.0
72,317,53914.3125,0,125.0,0.0,0.0
73,322,53914.3125,0,125.0,0.0,0.0
74,326,53914.3125,0,125.0,0.0,0.0
75,331,53914.3125,0,125.0,0.0,0.0
76,335,53914.3125,0,125.0,0.0,0.0
77,340,53914.3125,0,125.0,0.0,0.0
78,344,53914.3125,0,125.0,0.0,0.0
79,348,53914.3125,0,125.0,0.0,0.0
80,353,53194.3672,0,125.0,0.0,0.0
81,357,53194.3672,0,125.0,0.0,0.0
82,361,53194.3672,0,125.0,0.0,0.0
83,365,53194.3672,0,125.0,0.0,0.0
84,370,53194.3672,0,125.0,0.0,0.0
85,375,53194.3672,0,125.0,0.0,0.0
86,379,53194.3672,0,125.0,0.0,0.0
87,383,53194.3672,0,125.0,0.0,0.0
88,387,53194.3672,0,125.0,0.0,0.0
89,392,53194.3672,0,125.0,0.0,0.0
90,397,52490.7813,0,125.0,0.0,0.0
91,401,52490.7813,0,125.0,0.0,0.0
92,406,52490.7813,0,125.0,0.0,0.0
93,410,52490.7813,0,125.0,0.0,0.0
94,414,52490.7813,0,125.0,0.0,0.0
95,418,52490.7813,0,125.0,0.0,0.0
96,422,52490.7813,0,125.0,0.0,0.0
97,427,52490.7813,0,125.0,0.0,0.0
98,431,52490.7813,0,125.0,0.0,0.0
99,435,52490.7813,0,125.0,0.0,0.0
100,439,51770.832,0,125.0,0.0,0.0
101,444,51770.832,0,125.0,0.0,0.0
102,448,51770.832,0,125.0,0.0,0.0
103,452,51770.832,0,125.0,0.0,0.0
104,457,51770.832,0,125.0,0.0,0.0
105,461,51770.832,0,125.0,0.0,0.0
106,465,51770.832,0,125.0,0.0,0.0
107,469,51770.832,0,125.0,0.0,0.0
108,474,51770.832,0,125.0,0.0,0.0
109,478,51770.832,0,125.0,0.0,0.0
110,482,51083.6094,0,125.0,0.0,0.0
111,486,51083.6094,0,125.0,0.0,0.0
112,491,51083.6094,0,125.0,0.0,0.0
113,496,51083.6094,0,125.0,0.0,0.0
114,500,51083.6094,0,125.0,0.0,0.0
115,505,51083.6094,0,125.0,0.0,0.0
116,509,51083.6094,0,125.0,0.0,0.0
117,513,51083.6094,0,125.0,0.0,0.0
118,517,51083.6094,0,125.0,0.0,0.0
119,521,51083.6094,0,125.0,0.0,0.0
120,527,50363.6602,0,125.0,0.0,0.0
121,531,50363.6602,0,125.0,0.0,0.0
122,535,50363.6602,0,125.0,0.0,0.0
123,540,50363.6602,0,125.0,0.0,0.0
124,545,50363.6602,0,125.0,0.0,0.0
125,549,50363.6602,0,125.0,0.0,0.0
126,553,50363.6602,0,125.0,0.0,0.0
127,558,50363.6602,0,125.0,0.0,0.0
128,562,50363.6602,0,125.0,0.0,0.0
129,566,50363.6602,0,125.0,0.0,0.0
130,570,49643.7109,0,125.0,0.0,0.0
131,574,49643.7109,0,125.0,0.0,0.0
132,579,49643.7109,0,125.0,0.0,0.0
133,583,49643.7109,0,125.0,0.0,0.0
134,587,49643.7109,0,125.0,0.0,0.0
135,592,49643.7109,0,125.0,0.0,0.0
136,596,49643.7109,0,125.0,0.0,0.0
137,600,49643.7109,0,125.0,0.0,0.0
138,604,49643.7109,0,125.0,0.0,0.0
139,610,49643.7109,0,125.0,0.0,0.0
140,614,48923.7617,0,125.0,0.0,0.0
141,618,48923.7617,0,125.0,0.0,0.0
142,622,48923.7617,0,125.0,0.0,0.0
143,627,48923.7617,0,125.0,0.0,0.0
144,631,48923.7617,0,125.0,0.0,0.0
145,635,48923.7617,0,125.0,0.0,0.0
146,640,48923.7617,0,125.0,0.0,0.0
147,645,48923.7617,0,125.0,0.0,0.0
148,649,48923.7617,0,125.0,0.0,0.0
149,653,48923.7617,0,125.0,0.0,0.0
150,658,48203.8164,0,125.0,0.0,0.0
151,662,48203.8164,0,125.0,0.0,0.0
152,667,48203.8164,0,125.0,0.0,0.0
153,671,48203.8164,0,125.0,0.0,0.0
154,675,48203.8164,0,125.0,0.0,0.0
155,680,48203.8164,0,125.0,0.0,0.0
156,684,48203.8164,0,125.0,0.0,0.0
157,688,48203.8164,0,125.0,0.0,0.0
158,694,48203.8164,0,125.0,0.0,0.0
159,698,48203.8164,0,125.0,0.0,0.0
160,702,47483.8672,0,125.0,0.0,0.0
161,706,47483.8672,0,125.0,0.0,0.0
162,712,47483.8672,0,125.0,0.0,0.0
163,716,47483.8672,0,125.0,0.0,0.0
164,720,47483.8672,0,125.0,0.0,0.0
165,724,47483.8672,0,125.0,0.0,0.0
166,729,47483.8672,0,125.0,0.0,0.0
167,733,47483.8672,0,125.0,0.0,0.0
168,737,47483.8672,0,125.0,0.0,0.0
169,742,47483.8672,0,125.0,0.0,0.0
170,747,46747.5547,0,125.0,0.0,0.0
171,751,46747.5547,0,125.0,0.0,0.0
172,755,46747.5547,0,125.0,0.0,0.0
173,759,46747.5547,0,125.0,0.0,0.0
174,764,46747.5547,0,125.0,0.0,0.0
175,768,46747.5547,0,125.0,0.0,0.0
176,772,46747.5547,0,125.0,0.0,0.0
177,776,46747.5547,0,125.0,0.0,0.0
178,781,46747.5547,0,125.0,0.0,0.0
179,785,46747.5547,0,125.0,0.0,0.0
180,789,46060.332,0,125.0,0.0,0.0
181,794,46060.332,0,125.0,0.0,0.0
182,798,46060.332,0,125.0,0.0,0.0
183,802,46060.332,0,125.0,0.0,0.0
184,806,46060.332,0,125.0,0.0,0.0
185,811,46060.332,0,125.0,0.0,0.0
186,816,46060.332,0,125.0,0.0,0.0
187,820,46060.332,0,125.0,0.0,0.0
188,824,46060.332,0,125.0,0.0,0.0
189,829,46060.332,0,125.0,0.0,0.0
190,833,45340.3867,0,125.0,0.0,0.0
191,837,45340.3867,0,125.0,0.0,0.0
192,842,45340.3867,0,125.0,0.0,0.0
193,846,45340.3867,0,125.0,0.0,0.0
194,850,45340.3867,0,125.0,0.0,0.0
195,854,45340.3867,0,125.0,0.0,0.0
196,859,45340.3867,0,125.0,0.0,0.0
197,863,45340.3867,0,125.0,0.0,0.0
198,867,45340.3867,0,125.0,0.0,0.0
199,871,45340.3867,0,125.0,0.0,0.0
200,875,44636.8008,0,125.0,0.0,0.0
201,880,44636.8008,0,125.0,0.0,0.0
202,884,44636.8008,0,125.0,0.0,0.0
203,888,44636.8008,0,125.0,0.0,0.0
204,893,44636.8008,0,125.0,0.0,0.0
205,897,44636.8008,0,125.0,0.0,0.0
206,901,44636.8008,0,125.0,0.0,0.0
207,905,44636.8008,0,125.0,0.0,0.0
208,910,44636.8008,0,125.0,0.0,0.0
209,914,44636.8008,0,125.0,0.0,0.0
210,918,43949.5781,0,125.0,0.0,0.0
211,922,43949.5781,0,125.0,0.0,0.0
212,927,43949.5781,0,125.0,0.0,0.0
213,931,43949.5781,0,125.0,0.0,0.0
214,935,43949.5781,0,125.0,0.0,0.0
215,940,43949.5781,0,125.0,0.0,0.0
216,944,43949.5781,0,125.0,0.0,0.0
217,948,43949.5781,0,125.0,0.0,0.0
218,953,43949.5781,0,125.0,0.0,0.0
219,958,43949.5781,0,125.0,0.0,0.0
220,963,43229.625,0,125.0,0.0,0.0
221,967,43229.625,0,125.0,0.0,0.0
222,971,43229.625,0,125.0,0.0,0.0
223,976,43229.625,0,125.0,0.0,0.0
224,980,43229.625,0,125.0,0.0,0.0
225,984,43229.625,0,125.0,0.0,0.0
226,988,43229.625,0,125.0,0.0,0.0
227,993,43229.625,0,125.0,0.0,0.0
228,997,43229.625,0,125.0,0.0,0.0
229,1002,43229.625,0,125.0,0.0,0.0
230,1007,42493.3164,0,125.0,0.0,0.0
231,1011,42493.3164,0,125.0,0.0,0.0
232,1015,42493.3164,0,125.0,0.0,0.0
233,1019,42493.3164,0,125.0,0.0,0.0
234,1024,42493.3164,0,125.0,0.0,0.0
235,1028,42493.3164,0,125.0,0.0,0.0
236,1033,42493.3164,0,125.0,0.0,0.0
237,1037,42493.3164,0,125.0,0.0,0.0
238,1042,42493.3164,0,125.0,0.0,0.0
239,1046,42493.3164,0,125.0,0.0,0.0
240,1051,41789.7305,0,125.0,0.0,0.0
241,1055,41789.7305,0,125.0,0.0,0.0
242,1060,41789.7305,0,125.0,0.0,0.0
243,1064,41789.7305,0,125.0,0.0,0.0
244,1069,41789.7305,0,125.0,0.0,0.0
245,1073,41789.7305,0,125.0,0.0,0.0
246,1078,41789.7305,0,125.0,0.0,0.0
247,1082,41789.7305,0,125.0,0.0,0.0
248,1086,41789.7305,0,125.0,0.0,0.0
249,1091,41789.7305,0,125.0,0.0,0.0
250,1095,41053.4219,0,125.0,0.0,0.0
251,1099,41053.4219,0,125.0,0.0,0.0
252,1103,41053.4219,0,125.0,0.0,0.0
253,1108,41053.4219,0,125.0,0.0,0.0
254,1112,41053.4219,0,125.0,0.0,0.0
255,1116,41053.4219,0,125.0,0.0,0.0
256,1120,41053.4219,0,125.0,0.0,0.0
257,1125,41053.4219,0,125.0,0.0,0.0
258,1129,41053.4219,0,125.0,0.0,0.0
259,1134,41053.4219,0,125.0,0.0,0.0
260,1138,40333.4727,0,125.0,0.0,0.0
261,1143,40333.4727,0,125.0,0.0,0.0
262,1147,40333.4727,0,125.0,0.0,0.0
263,1151,40333.4727,0,125.0,0.0,0.0
264,1155,40333.4727,0,125.0,0.0,0.0
265,1160,40333.4727,0,125.0,0.0,0.0
266,1164,40333.4727,0,125.0,0.0,0.0
267,1168,40333.4727,0,125.0,0.0,0.0
268,1173,40333.4727,0,125.0,0.0,0.0
269,1177,40333.4727,0,125.0,0.0,0.0
270,1182,39646.2461,0,125.0,0.0,0.0
271,1186,39646.2461,0,125.0,0.0,0.0
272,1191,39646.2461,0,125.0,0.0,0.0
273,1195,39646.2461,0,125.0,0.0,0.0
274,1199,39646.2461,0,125.0,0.0,0.0
275,1203,39646.2461,0,125.0,0.0,0.0
276,1208,39646.2461,0,125.0,0.0,0.0
277,1212,39646.2461,0,125.0,0.0,0.0
278,1216,39646.2461,0,125.0,0.0,0.0
279,1220,39646.2461,0,125.0,0.0,0.0
280,1225,38926.3008,0,125.0,0.0,0.0
281,1230,38926.3008,0,125.0,0.0,0.0
282,1235,38926.3008,0,125.0,0.0,0.0
283,1240,38926.3008,0,125.0,0.0,0.0
284,1244,38926.3008,0,125.0,0.0,0.0
285,1248,38926.3008,0,125.0,0.0,0.0
286,1252,38926.3008,0,125.0,0.0,0.0
287,1256,38926.3008,0,125.0,0.0,0.0
288,1261,38926.3008,0,125.0,0.0,0.0
289,1265,38926.3008,0,125.0,0.0,0.0
290,1269,38206.3516,0,125.0,0.0,0.0
291,1273,38206.3516,0,125.0,0.0,0.0
292,1278,38206.3516,0,125.0,0.0,0.0
293,1284,38206.3516,0,125.0,0.0,0.0
294,1288,38206.3516,0,125.0,0.0,0.0
295,1293,38206.3516,0,125.0,0.0,0.0
296,1297,38206.3516,0,125.0,0.0,0.0
297,1302,38206.3516,0,125.0,0.0,0.0
298,1306,38206.3516,0,125.0,0.0,0.0
299,1311,38206.3516,0,125.0,0.0,0.0
300,1315,37453.6797,0,125.0,0.0,0.0
301,1319,37453.6797,0,125.0,0.0,0.0
302,1323,37453.6797,0,125.0,0.0,0.0
303,1328,37453.6797,0,125.0,0.0,0.0
304,1333,37453.6797,0,125.0,0.0,0.0
305,1337,37453.6797,0,125.0,0.0,0.0
306,1342,37453.6797,0,125.0,0.0,0.0
307,1346,37453.6797,0,125.0,0.0,0.0
308,1350,37453.6797,0,125.0,0.0,0.0
309,1354,37453.6797,0,125.0,0.0,0.0
310,1358,36733.7305,0,125.0,0.0,0.0
311,1363,36733.7305,0,125.0,0.0,0.0
312,1367,36733.7305,0,125.0,0.0,0.0
313,1371,36733.7305,0,125.0,0.0,0.0
314,1375,36733.7305,0,125.0,0.0,0.0
315,1380,36733.7305,0,125.0,0.0,0.0
316,1384,36733.7305,0,125.0,0.0,0.0
317,1388,36733.7305,0,125.0,0.0,0.0
318,1393,36733.7305,0,125.0,0.0,0.0
319,1397,36733.7305,0,125.0,0.0,0.0
320,1401,36046.5078,0,125.0,0.0,0.0
321,1405,36046.5078,0,125.0,0.0,0.0
322,1410,36046.5078,0,125.0,0.0,0.0
323,1415,36046.5078,0,125.0,0.0,0.0
324,1419,36046.5078,0,125.0,0.0,0.0
325,1423,36046.5078,0,125.0,0.0,0.0
326,1428,36046.5078,0,125.0,0.0,0.0
327,1432,36046.5078,0,125.0,0.0,0.0
328,1436,36046.5078,0,125.0,0.0,0.0
329,1440,36046.5078,0,125.0,0.0,0.0
330,1445,35326.5586,0,125.0,0.0,0.0
331,1449,35326.5586,0,125.0,0.0,0.0
332,1453,35326.5586,0,125.0,0.0,0.0
333,1457,35326.5586,0,125.0,0.0,0.0
334,1462,35326.5586,0,125.0,0.0,0.0
335,1466,35326.5586,0,125.0,0.0,0.0
336,1470,35326.5586,0,125.0,0.0,0.0
337,1475,35326.5586,0,125.0,0.0,0.0
338,1480,35326.5586,0,125.0,0.0,0.0
339,1484,35326.5586,0,125.0,0.0,0.0
340,1488,34622.9688,0,125.0,0.0,0.0
341,1493,34622.9688,0,125.0,0.0,0.0
342,1497,34622.9688,0,125.0,0.0,0.0
343,1501,34622.9688,0,125.0,0.0,0.0
344,1505,34622.9688,0,125.0,0.0,0.0
345,1509,34622.9688,0,125.0,0.0,0.0
346,1514,34622.9688,0,125.0,0.0,0.0
347,1518,34622.9688,0,125.0,0.0,0.0
348,1522,34622.9688,0,125.0,0.0,0.0
349,1528,34622.9688,0,125.0,0.0,0.0
350,1532,33903.0234,0,125.0,0.0,0.0
351,1536,33903.0234,0,125.0,0.0,0.0
352,1540,33903.0234,0,125.0,0.0,0.0
353,1545,33903.0234,0,125.0,0.0,0.0
354,1549,33903.0234,0,125.0,0.0,0.0
355,1553,33903.0234,0,125.0,0.0,0.0
356,1557,33903.0234,0,125.0,0.0,0.0
357,1562,33903.0234,0,125.0,0.0,0.0
358,1566,33903.0234,0,125.0,0.0,0.0
359,1570,33903.0234,0,125.0,0.0,0.0
360,1574,33215.8008,0,125.0,0.0,0.0
361,1579,33215.8008,0,125.0,0.0,0.0
362,1583,33215.8008,0,125.0,0.0,0.0
363,1587,33215.8008,0,125.0,0.0,0.0
364,1591,33215.8008,0,125.0,0.0,0.0
365,1596,33215.8008,0,125.0,0.0,0.0
366,1600,33215.8008,0,125.0,0.0,0.0
367,1604,33215.8008,0,125.0,0.0,0.0
368,1608,33215.8008,0,125.0,0.0,0.0
369,1613,33215.8008,0,125.0,0.0,0.0
370,1617,32512.2148,0,125.0,0.0,0.0
371,1621,32512.2148,0,125.0,0.0,0.0
372,1626,32512.2148,0,125.0,0.0,0.0
373,1630,32512.2148,0,125.0,0.0,0.0
374,1634,32512.2148,0,125.0,0.0,0.0
375,1638,32512.2148,0,125.0,0.0,0.0
376,1644,32512.2148,0,125.0,0.0,0.0
377,1648,32512.2148,0,125.0,0.0,0.0
378,1652,32512.2148,0,125.0,0.0,0.0
379,1656,32512.2148,0,125.0,0.0,0.0
380,1660,31792.2676,0,125.0,0.0,0.0
381,1665,31792.2676,0,125.0,0.0,0.0
382,1669,31792.2676,0,125.0,0.0,0.0
383,1673,31792.2676,0,125.0,0.0,0.0
384,1678,31792.2676,0,125.0,0.0,0.0
385,1682,31792.2676,0,125.0,0.0,0.0
386,1686,31792.2676,0,125.0,0.0,0.0
387,1690,31792.2676,0,125.0,0.0,0.0
388,1695,31792.2676,0,125.0,0.0,0.0
389,1699,31792.2676,0,125.0,0.0,0.0
390,1703,31105.043,0,125.0,0.0,0.0
391,1707,31105.043,0,125.0,0.0,0.0
392,1712,31105.043,0,125.0,0.0,0.0
393,1716,31105.043,0,125.0,0.0,0.0
394,1720,31105.043,0,125.0,0.0,0.0
395,1725,31105.043,0,125.0,0.0,0.0
396,1729,31105.043,0,125.0,0.0,0.0
397,1733,31105.043,0,125.0,0.0,0.0
398,1738,31105.043,0,125.0,0.0,0.0
399,1743,31105.043,0,125.0,0.0,0.0
400,1747,30385.0937,0,125.0,0.0,0.0
401,1751,30385.0937,0,125.0,0.0,0.0
402,1756,30385.0937,0,125.0,0.0,0.0
403,1761,30385.0937,0,125.0,0.0,0.0
404,1765,30385.0937,0,125.0,0.0,0.0
405,1769,30385.0937,0,125.0,0.0,0.0
406,1773,30385.0937,0,125.0,0.0,0.0
407,1778,30385.0937,0,125.0,0.0,0.0
408,1782,30385.0937,0,125.0,0.0,0.0
409,1786,30385.0937,0,125.0,0.0,0.0
410,1790,29665.1465,0,125.0,0.0,0.0
411,1795,29665.1465,0,125.0,0.0,0.0
412,1799,29665.1465,0,125.0,0.0,0.0
413,1803,29665.1465,0,125.0,0.0,0.0
414,1807,29665.1465,0,125.0,0.0,0.0
415,1812,29665.1465,0,125.0,0.0,0.0
416,1816,29665.1465,0,125.0,0.0,0.0
417,1820,29665.1465,0,125.0,0.0,0.0
418,1825,29665.1465,0,125.0,0.0,0.0
419,1829,29665.1465,0,125.0,0.0,0.0
420,1833,28977.9219,0,125.0,0.0,0.0
421,1837,28977.9219,0,125.0,0.0,0.0
422,1841,28977.9219,0,125.0,0.0,0.0
423,1846,28977.9219,0,125.0,0.0,0.0
424,1850,28977.9219,0,125.0,0.0,0.0
425,1854,28977.9219,0,125.0,0.0,0.0
426,1858,28977.9219,0,125.0,0.0,0.0
427,1863,28977.9219,0,125.0,0.0,0.0
428,1868,28977.9219,0,125.0,0.0,0.0
429,1872,28977.9219,0,125.0,0.0,0.0
430,1877,28257.9746,0,125.0,0.0,0.0
431,1881,28257.9746,0,125.0,0.0,0.0
432,1885,28257.9746,0,125.0,0.0,0.0
433,1889,28257.9746,0,125.0,0.0,0.0
434,1894,28257.9746,0,125.0,0.0,0.0
435,1898,28257.9746,0,125.0,0.0,0.0
436,1902,28257.9746,0,125.0,0.0,0.0
437,1906,28257.9746,0,125.0,0.0,0.0
438,1911,28257.9746,0,125.0,0.0,0.0
439,1916,28257.9746,0,125.0,0.0,0.0
440,1920,27554.3887,0,125.0,0.0,0.0
441,1925,27554.3887,0,125.0,0.0,0.0
442,1929,27554.3887,0,125.0,0.0,0.0
443,1934,27554.3887,0,125.0,0.0,0.0
444,1938,27554.3887,0,125.0,0.0,0.0
445,1942,27554.3887,0,125.0,0.0,0.0
446,1947,27554.3887,0,125.0,0.0,0.0
447,1951,27554.3887,0,125.0,0.0,0.0
448,1955,27554.3887,0,125.0,0.0,0.0
449,1959,27554.3887,0,125.0,0.0,0.0
450,1964,26834.4414,0,125.0,0.0,0.0
451,1968,26834.4414,0,125.0,0.0,0.0
452,1972,26834.4414,0,125.0,0.0,0.0
453,1977,26834.4414,0,125.0,0.0,0.0
454,1981,26834.4414,0,125.0,0.0,0.0
455,1985,26834.4414,0,125.0,0.0,0.0
456,1989,26834.4414,0,125.0,0.0,0.0
457,1994,26834.4414,0,125.0,0.0,0.0
458,1998,26834.4414,0,125.0,0.0,0.0
459,2002,26834.4414,0,125.0,0.0,0.0
460,2006,26147.2168,0,125.0,0.0,0.0
461,2011,26147.2168,0,125.0,0.0,0.0
462,2016,26147.2168,0,125.0,0.0,0.0
463,2020,26147.2168,0,125.0,0.0,0.0
464,2025,26147.2168,0,125.0,0.0,0.0
465,2029,26147.2168,0,125.0,0.0,0.0
466,2034,26147.2168,0,125.0,0.0,0.0
467,2038,26147.2168,0,125.0,0.0,0.0
468,2042,26147.2168,0,125.0,0.0,0.0
469,2047,26147.2168,0,125.0,0.0,0.0
470,2051,25410.9082,0,125.0,0.0,0.0
471,2055,25410.9082,0,125.0,0.0,0.0
472,2060,25410.9082,0,125.0,0.0,0.0
473,2065,25410.9082,0,125.0,0.0,0.0
474,2069,25410.9082,0,125.0,0.0,0.0
475,2073,25410.9082,0,125.0,0.0,0.0
476,2078,25410.9082,0,125.0,0.0,0.0
477,2083,25410.9082,0,125.0,0.0,0.0
478,2087,25410.9082,0,125.0,0.0,0.0
479,2091,25410.9082,0,125.0,0.0,0.0
480,2096,24674.5957,0,125.0,0.0,0.0
481,2100,24674.5957,0,125.0,0.0,0.0
482,2104,24674.5957,0,125.0,0.0,0.0
483,2108,24674.5957,0,125.0,0.0,0.0
484,2114,24674.5957,0,125.0,0.0,0.0
485,2118,24674.5957,0,125.0,0.0,0.0
486,2122,24674.5957,0,125.0,0.0,0.0
487,2126,24674.5957,0,125.0,0.0,0.0
488,2132,24674.5957,0,125.0,0.0,0.0
489,2136,24674.5957,0,125.0,0.0,0.0
490,2141,23954.6465,0,125.0,0.0,0.0
491,2145,23954.6465,0,125.0,0.0,0.0
492,2150,23954.6465,0,125.0,0.0,0.0
493,2154,23954.6465,0,125.0,0.0,0.0
494,2158,23954.6465,0,125.0,0.0,0.0
495,2163,23954.6465,0,125.0,0.0,0.0
496,2167,23954.6465,0,125.0,0.0,0.0
497,2171,23954.6465,0,125.0,0.0,0.0
498,2175,23954.6465,0,125.0,0.0,0.0
499,2181,23954.6465,0,125.0,0.0,0.0
500,2185,23218.3379,0,125.0,0.0,0.0
501,2188,23218.3379,0,125.0,0.0,0.0
502,2192,23218.3379,0,125.0,0.0,0.0
503,2196,23218.3379,0,125.0,0.0,0.0
504,2201,23218.3379,0,125.0,0.0,0.0
505,2205,23218.3379,0,125.0,0.0,0.0
506,2209,23218.3379,0,125.0,0.0,0.0
507,2215,23218.3379,0,125.0,0.0,0.0
508,2219,23218.3379,0,125.0,0.0,0.0
509,2223,23218.3379,0,125.0,0.0,0.0
510,2227,22514.752,0,125.0,0.0,0.0
511,2232,22514.752,0,125.0,0.0,0.0
512,2236,22514.752,0,125.0,0.0,0.0
513,2240,22514.752,0,125.0,0.0,0.0
514,2245,22514.752,0,125.0,0.0,0.0
515,2250,22514.752,0,125.0,0.0,0.0
516,2254,22514.752,0,125.0,0.0,0.0
517,2258,22514.752,0,125.0,0.0,0.0
518,2262,22514.752,0,125.0,0.0,0.0
519,2267,22514.752,0,125.0,0.0,0.0
520,2271,21811.1641,0,125.0,0.0,0.0
521,2275,21811.1641,0,125.0,0.0,0.0
522,2281,21811.1641,0,125.0,0.0,0.0
523,2285,21811.1641,0,125.0,0.0,0.0
524,2289,21811.1641,0,125.0,0.0,0.0
525,2293,21811.1641,0,125.0,0.0,0.0
526,2297,21811.1641,0,125.0,0.0,0.0
527,2302,21811.1641,0,125.0,0.0,0.0
528,2306,21811.1641,0,125.0,0.0,0.0
529,2310,21811.1641,0,125.0,0.0,0.0
530,2315,21091.2168,0,125.0,0.0,0.0
531,2319,21091.2168,0,125.0,0.0,0.0
532,2323,21091.2168,0,125.0,0.0,0.0
533,2327,21091.2168,0,125.0,0.0,0.0
534,2332,21091.2168,0,125.0,0.0,0.0
535,2336,21091.2168,0,125.0,0.0,0.0
536,2340,21091.2168,0,125.0,0.0,0.0
537,2344,21091.2168,0,125.0,0.0,0.0
538,2349,21091.2168,0,125.0,0.0,0.0
539,2353,21091.2168,0,125.0,0.0,0.0
540,2357,20403.9922,0,125.0,0.0,0.0
541,2361,20403.9922,0,125.0,0.0,0.0
542,2366,20403.9922,0,125.0,0.0,0.0
543,2370,20403.9922,0,125.0,0.0,0.0
544,2374,20403.9922,0,125.0,0.0,0.0
545,2378,20403.9922,0,125.0,0.0,0.0
546,2384,20403.9922,0,125.0,0.0,0.0
547,2388,20403.9922,0,125.0,0.0,0.0
548,2392,20403.9922,0,125.0,0.0,0.0
549,2396,20403.9922,0,125.0,0.0,0.0
550,2401,19684.043,0,125.0,0.0,0.0
551,2405,19684.043,0,125.0,0.0,0.0
552,2409,19684.043,0,125.0,0.0,0.0
553,2414,19684.043,0,125.0,0.0,0.0
554,2418,19684.043,0,125.0,0.0,0.0
555,2422,19684.043,0,125.0,0.0,0.0
556,2426,19684.043,0,125.0,0.0,0.0
557,2430,19684.043,0,125.0,0.0,0.0
558,2435,19684.043,0,125.0,0.0,0.0
559,2439,19684.043,0,125.0,0.0,0.0
560,2443,18996.8223,0,125.0,0.0,0.0
561,2448,18996.8223,0,125.0,0.0,0.0
562,2452,18996.8223,0,125.0,0.0,0.0
563,2457,18996.8223,0,125.0,0.0,0.0
564,2461,18996.8223,0,125.0,0.0,0.0
565,2466,18996.8223,0,125.0,0.0,0.0
566,2470,18996.8223,0,125.0,0.0,0.0
567,2474,18996.8223,0,125.0,0.0,0.0
568,2478,18996.8223,0,125.0,0.0,0.0
569,2483,18996.8223,0,125.0,0.0,0.0
570,2487,18276.875,0,125.0,0.0,0.0
571,2491,18276.875,0,125.0,0.0,0.0
572,2495,18276.875,0,125.0,0.0,0.0
573,2500,18276.875,0,125.0,0.0,0.0
574,2504,18276.875,0,125.0,0.0,0.0
575,2509,18276.875,0,125.0,0.0,0.0
576,2514,18276.875,0,125.0,0.0,0.0
577,2518,18276.875,0,125.0,0.0,0.0
578,2523,18276.875,0,125.0,0.0,0.0
579,2527,18276.875,0,125.0,0.0,0.0
580,2531,17540.5625,0,125.0,0.0,0.0
581,2536,17540.5625,0,125.0,0.0,0.0
582,2540,17540.5625,0,125.0,0.0,0.0
583,2544,17540.5625,0,125.0,0.0,0.0
584,2548,17540.5625,0,125.0,0.0,0.0
585,2553,17540.5625,0,125.0,0.0,0.0
586,2557,17540.5625,0,125.0,0.0,0.0
587,2561,17540.5625,0,125.0,0.0,0.0
588,2566,17540.5625,0,125.0,0.0,0.0
589,2570,17540.5625,0,125.0,0.0,0.0
590,2574,16853.3398,0,125.0,0.0,0.0
591,2578,16853.3398,0,125.0,0.0,0.0
592,2582,16853.3398,0,125.0,0.0,0.0
593,2587,16853.3398,0,125.0,0.0,0.0
594,2591,16853.3398,0,125.0,0.0,0.0
595,2595,16853.3398,0,125.0,0.0,0.0
596,2600,16853.3398,0,125.0,0.0,0.0
597,2605,16853.3398,0,125.0,0.0,0.0
598,2609,16853.3398,0,125.0,0.0,0.0
599,2613,16853.3398,0,125.0,0.0,0.0
600,2618,16133.3887,0,125.0,0.0,0.0
601,2622,16133.3887,0,125.0,0.0,0.0
602,2626,16133.3887,0,125.0,0.0,0.0
603,2631,16133.3887,0,125.0,0.0,0.0
604,2636,16133.3887,0,125.0,0.0,0.0
605,2640,16133.3887,0,125.0,0.0,0.0
606,2644,16133.3887,0,125.0,0.0,0.0
607,2648,16133.3887,0,125.0,0.0,0.0
608,2653,16133.3887,0,125.0,0.0,0.0
609,2657,16133.3887,0,125.0,0.0,0.0
610,2661,15429.8057,0,125.0,0.0,0.0
611,2666,15429.8057,0,125.0,0.0,0.0
612,2670,15429.8057,0,125.0,0.0,0.0
613,2674,15429.8057,0,125.0,0.0,0.0
614,2678,15429.8057,0,125.0,0.0,0.0
615,2683,15429.8057,0,125.0,0.0,0.0
616,2687,15429.8057,0,125.0,0.0,0.0
617,2691,15429.8057,0,125.0,0.0,0.0
618,2695,15429.8057,0,125.0,0.0,0.0
619,2700,15429.8057,0,125.0,0.0,0.0
620,2704,14726.2188,0,125.0,0.0,0.0
621,2708,14726.2188,0,125.0,0.0,0.0
622,2712,14726.2188,0,125.0,0.0,0.0
623,2718,14726.2188,0,125.0,0.0,0.0
624,2722,14726.2188,0,125.0,0.0,0.0
625,2726,14726.2188,0,125.0,0.0,0.0
626,2730,14726.2188,0,125.0,0.0,0.0
627,2735,14726.2188,0,125.0,0.0,0.0
628,2739,14726.2188,0,125.0,0.0,0.0
629,2743,14726.2188,0,125.0,0.0,0.0
630,2747,14022.6328,0,125.0,0.0,0.0
631,2752,14022.6328,0,125.0,0.0,0.0
632,2756,14022.6328,0,125.0,0.0,0.0
633,2760,14022.6328,0,125.0,0.0,0.0
634,2764,14022.6328,0,125.0,0.0,0.0
635,2770,14022.6328,0,125.0,0.0,0.0
636,2774,14022.6328,0,125.0,0.0,0.0
637,2778,14022.6328,0,125.0,0.0,0.0
638,2782,14022.6328,0,125.0,0.0,0.0
639,2787,14022.6328,0,125.0,0.0,0.0
640,2791,13302.6846,0,125.0,0.0,0.0
641,2795,13302.6846,0,125.0,0.0,0.0
642,2800,13302.6846,0,125.0,0.0,0.0
643,2804,13302.6846,0,125.0,0.0,0.0
644,2808,13302.6846,0,125.0,0.0,0.0
645,2812,13302.6846,0,125.0,0.0,0.0
646,2817,13302.6846,0,125.0,0.0,0.0
647,2821,13302.6846,0,125.0,0.0,0.0
648,2825,13302.6846,0,125.0,0.0,0.0
649,2829,13302.6846,0,125.0,0.0,0.0
650,2834,12599.0986,0,125.0,0.0,0.0
651,2838,12599.0986,0,125.0,0.0,0.0
652,2842,12599.0986,0,125.0,0.0,0.0
653,2846,12599.0986,0,125.0,0.0,0.0
654,2851,12599.0986,0,125.0,0.0,0.0
655,2855,12599.0986,0,125.0,0.0,0.0
656,2859,12599.0986,0,125.0,0.0,0.0
657,2863,12599.0986,0,125.0,0.0,0.0
658,2868,12599.0986,0,125.0,0.0,0.0
659,2872,12599.0986,0,125.0,0.0,0.0
660,2876,11911.877,0,125.0,0.0,0.0
661,2880,11911.877,0,125.0,0.0,0.0
662,2885,11911.877,0,125.0,0.0,0.0
663,2889,11911.877,0,125.0,0.0,0.0
664,2893,11911.877,0,125.0,0.0,0.0
665,2898,11911.877,0,125.0,0.0,0.0
666,2902,11911.877,0,125.0,0.0,0.0
667,2906,11911.877,0,125.0,0.0,0.0
668,2910,11911.877,0,125.0,0.0,0.0
669,2916,11911.877,0,125.0,0.0,0.0
670,2920,11191.9248,0,125.0,0.0,0.0
671,2924,11191.9248,0,125.0,0.0,0.0
672,2928,11191.9248,0,125.0,0.0,0.0
673,2932,11191.9248,0,125.0,0.0,0.0
674,2937,11191.9248,0,125.0,0.0,0.0
675,2941,11191.9248,0,125.0,0.0,0.0
676,2945,11191.9248,0,125.0,0.0,0.0
677,2950,11191.9248,0,125.0,0.0,0.0
678,2954,11191.9248,0,125.0,0.0,0.0
679,2958,11191.9248,0,125.0,0.0,0.0
680,2963,10504.7031,0,125.0,0.0,0.0
681,2968,10504.7031,0,125.0,0.0,0.0
682,2972,10504.7031,0,125.0,0.0,0.0
683,2976,10504.7031,0,125.0,0.0,0.0
684,2980,10504.7031,0,125.0,0.0,0.0
685,2985,10504.7031,0,125.0,0.0,0.0
686,2989,10504.7031,0,125.0,0.0,0.0
687,2994,10504.7031,0,125.0,0.0,0.0
688,2998,10504.7031,0,125.0,0.0,0.0
689,3003,10504.7031,0,125.0,0.0,0.0
690,3007,9768.3945,0,125.0,0.0,0.0
691,3011,9768.3945,0,125.0,0.0,0.0
692,3016,9768.3945,0,125.0,0.0,0.0
693,3020,9768.3945,0,125.0,0.0,0.0
694,3024,9768.3945,0,125.0,0.0,0.0
695,3028,9768.3945,0,125.0,0.0,0.0
696,3033,9768.3945,0,125.0,0.0,0.0
697,3037,9768.3945,0,125.0,0.0,0.0
698,3041,9768.3945,0,125.0,0.0,0.0
699,3045,9768.3945,0,125.0,0.0,0.0
700,3050,9064.8076,0,125.0,0.0,0.0
701,3054,9064.8076,0,125.0,0.0,0.0
702,3059,9064.8076,0,125.0,0.0,0.0
703,3063,9064.8076,0,125.0,0.0,0.0
704,3069,9064.8076,0,125.0,0.0,0.0
705,3073,9064.8076,0,125.0,0.0,0.0
706,3077,9064.8076,0,125.0,0.0,0.0
707,3081,9064.8076,0,125.0,0.0,0.0
708,3086,9064.8076,0,125.0,0.0,0.0
709,3090,9064.8076,0,125.0,0.0,0.0
710,3095,8344.8604,0,125.0,0.0,0.0
711,3099,8344.8604,0,125.0,0.0,0.0
712,3104,8344.8604,0,125.0,0.0,0.0
713,3108,8344.8604,0,125.0,0.0,0.0
714,3112,8344.8604,0,125.0,0.0,0.0
715,3116,8344.8604,0,125.0,0.0,0.0
716,3121,8344.8604,0,125.0,0.0,0.0
717,3125,8344.8604,0,125.0,0.0,0.0
718,3129,8344.8604,0,125.0,0.0,0.0
719,3133,8344.8604,0,125.0,0.0,0.0
720,3138,7624.9082,0,125.0,0.0,0.0
721,3143,7624.9082,0,125.0,0.0,0.0
722,3147,7624.9082,0,125.0,0.0,0.0
723,3152,7624.9082,0,125.0,0.0,0.0
724,3156,7624.9082,0,125.0,0.0,0.0
725,3161,7624.9082,0,125.0,0.0,0.0
726,3165,7624.9082,0,125.0,0.0,0.0
727,3169,7624.9082,0,125.0,0.0,0.0
728,3174,7624.9082,0,125.0,0.0,0.0
729,3178,7624.9082,0,125.0,0.0,0.0
730,3182,6904.9604,0,125.0,0.0,0.0
731,3186,6904.9604,0,125.0,0.0,0.0
732,3191,6904.9604,0,125.0,0.0,0.0
733,3195,6904.9604,0,125.0,0.0,0.0
734,3199,6904.9604,0,125.0,0.0,0.0
735,3204,6904.9604,0,125.0,0.0,0.0
736,3209,6904.9604,0,125.0,0.0,0.0
737,3213,6904.9604,0,125.0,0.0,0.0
738,3217,6904.9604,0,125.0,0.0,0.0
739,3221,6904.9604,0,125.0,0.0,0.0
740,3226,6185.0127,0,125.0,0.0,0.0
741,3230,6185.0127,0,125.0,0.0,0.0
742,3234,6185.0127,0,125.0,0.0,0.0
743,3239,6185.0127,0,125.0,0.0,0.0
744,3243,6185.0127,0,125.0,0.0,0.0
745,3247,6185.0127,0,125.0,0.0,0.0
746,3251,6185.0127,0,125.0,0.0,0.0
747,3256,6185.0127,0,125.0,0.0,0.0
748,3260,6185.0127,0,125.0,0.0,0.0
749,3264,6185.0127,0,125.0,0.0,0.0
750,3268,5497.7915,0,125.0,0.0,0.0
751,3273,5497.7915,0,125.0,0.0,0.0
752,3277,5497.7915,0,125.0,0.0,0.0
753,3281,5497.7915,0,125.0,0.0,0.0
754,3285,5497.7915,0,125.0,0.0,0.0
755,3291,5497.7915,0,125.0,0.0,0.0
756,3295,5497.7915,0,125.0,0.0,0.0
757,3299,5497.7915,0,125.0,0.0,0.0
758,3303,5497.7915,0,125.0,0.0,0.0
759,3309,5497.7915,0,125.0,0.0,0.0
760,3313,4761.4785,0,125.0,0.0,0.0
761,3317,4761.4785,0,125.0,0.0,0.0
762,3321,4761.4785,0,125.0,0.0,0.0
763,3326,4761.4785,0,125.0,0.0,0.0
764,3330,4761.4785,0,125.0,0.0,0.0
765,3334,4761.4785,0,125.0,0.0,0.0
766,3339,4761.4785,0,125.0,0.0,0.0
767,3343,4761.4785,0,125.0,0.0,0.0
768,3347,4761.4785,0,125.0,0.0,0.0
769,3351,4761.4785,0,125.0,0.0,0.0
770,3356,4057.8918,0,125.0,0.0,0.0
771,3360,4057.8918,0,125.0,0.0,0.0
772,3364,4057.8918,0,125.0,0.0,0.0
773,3368,4057.8918,0,125.0,0.0,0.0
774,3373,4057.8918,0,125.0,0.0,0.0
775,3377,4057.8918,0,125.0,0.0,0.0
776,3381,4057.8918,0,125.0,0.0,0.0
777,3385,4057.8918,0,125.0,0.0,0.0
778,3390,4057.8918,0,125.0,0.0,0.0
779,3394,4057.8918,0,125.0,0.0,0.0
780,3398,3370.6704,0,125.0,0.0,0.0
781,3402,3370.6704,0,125.0,0.0,0.0
782,3407,3370.6704,0,125.0,0.0,0.0
783,3411,3370.6704,0,125.0,0.0,0.0
784,3415,3370.6704,0,125.0,0.0,0.0
785,3419,3370.6704,0,125.0,0.0,0.0
786,3424,3370.6704,0,125.0,0.0,0.0
787,3428,3370.6704,0,125.0,0.0,0.0
788,3432,3370.6704,0,125.0,0.0,0.0
789,3438,3370.6704,0,125.0,0.0,0.0
790,3443,2634.3574,0,125.0,0.0,0.0
791,3447,2634.3574,0,125.0,0.0,0.0
792,3451,2634.3574,0,125.0,0.0,0.0
793,3455,2634.3574,0,125.0,0.0,0.0
794,3460,2634.3574,0,125.0,0.0,0.0
795,3464,2634.3574,0,125.0,0.0,0.0
796,3468,2634.3574,0,125.0,0.0,0.0
797,3472,2634.3574,0,125.0,0.0,0.0
798,3477,2634.3574,0,125.0,0.0,0.0
799,3481,2634.3574,0,125.0,0.0,0.0
800,3485,1947.136,0,125.0,0.0,0.0
801,3489,1947.136,0,125.0,0.0,0.0
802,3494,1947.136,0,125.0,0.0,0.0
803,3498,1947.136,0,125.0,0.0,0.0
804,3502,1947.136,0,125.0,0.0,0.0
805,3506,1947.136,0,125.0,0.0,0.0
806,3511,1947.136,0,125.0,0.0,0.0
807,3515,1947.136,0,125.0,0.0,0.0
808,3519,1947.136,0,125.0,0.0,0.0
809,3524,1947.136,0,125.0,0.0,0.0
810,3528,1243.5493,0,125.0,0.0,0.0
811,3532,1243.5493,0,125.0,0.0,0.0
812,3536,1243.5493,0,125.0,0.0,0.0
813,3541,1243.5493,0,125.0,0.0,0.0
814,3545,1243.5493,0,125.0,0.0,0.0
815,3549,1243.5493,0,125.0,0.0,0.0
816,3553,1243.5493,0,125.0,0.0,0.0
817,3558,1243.5493,0,125.0,0.0,0.0
818,3562,1243.5493,0,125.0,0.0,0.0
819,3566,1243.5493,0,125.0,0.0,0.0
820,3570,556.3278,0,125.0,0.0,0.0
821,3575,556.3278,0,125.0,0.0,0.0
822,3579,556.3278,0,125.0,0.0,0.0
823,3583,556.3278,0,125.0,0.0,0.0
824,3588,556.3278,0,125.0,0.0,0.0
825,3592,556.3278,0,125.0,0.0,0.0
826,3597,556.3278,0,125.0,0.0,0.0
827,3601,556.3278,0,125.0,0.0,0.0
828,3605,556.3278,0,125.0,0.0,0.0
829,3610,556.3278,0,125.0,0.0,0.0
830,3614,-163.62,0,125.0,0.0,0.0
831,3618,-163.62,0,125.0,0.0,0.0
832,3622,-163.62,0,125.0,0.0,0.0
833,3626,-163.62,0,125.0,0.0,0.0
834,3629,-163.62,0,125.0,0.0,0.0
835,3633,-163.62,0,125.0,0.0,0.0
836,3636,-163.62,0,125.0,0.0,0.0
837,3639,-163.62,0,125.0,0.0,0.0
838,3642,-163.62,0,125.0,0.0,0.0
839,3644,-163.62,0,125.0,0.0,0.0
840,3646,-719.944,0,125.0,0.0,0.0
841,3648,-719.944,0,125.0,0.0,0.0
842,3651,-719.944,0,125.0,0.0,0.0
843,3652,-719.944,0,125.0,0.0,0.0
844,3654,-719.944,0,125.0,0.0,0.0
845,3655,-719.944,0,125.0,0.0,0.0
846,3656,-719.944,0,125.0,0.0,0.0
847,3657,-719.944,0,125.0,0.0,0.0
848,3658,-719.944,0,125.0,0.0,0.0
849,3659,-719.944,0,125.0,0.0,0.0
850,3659,-965.3816,0,125.0,0.0,0.0
851,3659,-965.3816,0,125.0,0.0,0.0
852,3659,-965.3816,0,125.0,0.0,0.0
853,3659,-965.3816,0,125.0,0.0,0.0
854,3659,-965.3816,0,125.0,0.0,0.0
855,3659,-965.3816,0,125.0,0.0,0.0
856,3658,-965.3816,0,125.0,0.0,0.0
857,3658,-965.3816,0,125.0,0.0,0.0
858,3657,-965.3816,0,125.0,0.0,0.0
859,3656,-965.3816,0,125.0,0.0,0.0
860,3655,-916.2941,0,125.0,0.0,0.0
861,3654,-916.2941,0,125.0,0.0,0.0
862,3652,-916.2941,0,125.0,0.0,0.0
863,3651,-916.2941,0,125.0,0.0,0.0
864,3649,-916.2941,0,125.0,0.0,0.0
865,3648,-916.2941,0,125.0,0.0,0.0
866,3646,-916.2941,0,125.0,0.0,0.0
867,3644,-916.2941,0,125.0,0.0,0.0
868,3642,-916.2941,0,125.0,0.0,0.0
869,3641,-916.2941,0,125.0,0.0,0.0
870,3639,-654.4952,0,125.0,0.0,0.0
871,3636,-654.4952,0,125.0,0.0,0.0
872,3634,-654.4952,0,125.0,0.0,0.0
873,3632,-654.4952,0,125.0,0.0,0.0
874,3630,-654.4952,0,125.0,0.0,0.0
875,3627,-654.4952,0,125.0,0.0,0.0
876,3625,-654.4952,0,125.0,0.0,0.0
877,3622,-654.4952,0,125.0,0.0,0.0
878,3620,-654.4952,0,125.0,0.0,0.0
879,3617,-654.4952,0,125.0,0.0,0.0
880,3614,-278.1601,0,125.0,0.0,0.0
881,3611,-278.1601,0,125.0,0.0,0.0
882,3609,-278.1601,0,125.0,0.0,0.0
883,3606,-278.1601,0,125.0,0.0,0.0
884,3603,-278.1601,0,125.0,0.0,0.0
885,3600,-278.1601,0,125.0,0.0,0.0
886,3597,-278.1601,0,125.0,0.0,0.0
887,3594,-278.1601,0,125.0,0.0,0.0
888,3591,-278.1601,0,125.0,0.0,0.0
889,3588,-278.1601,0,125.0,0.0,0.0
890,3585,196.3539,0,125.0,0.0,0.0
891,3582,196.3539,0,125.0,0.0,0.0
892,3579,196.3539,0,125.0,0.0,0.0
893,3576,196.3539,0,125.0,0.0,0.0
894,3574,196.3539,0,125.0,0.0,0.0
895,3571,196.3539,0,125.0,0.0,0.0
896,3569,196.3539,0,125.0,0.0,0.0
897,3567,196.3539,0,125.0,0.0,0.0
898,3566,196.3539,0,125.0,0.0,0.0
899,3564,196.3539,0,125.0,0.0,0.0
900,3563,589.0503,0,125.0,0.0,0.0
901,3562,589.0503,0,125.0,0.0,0.0
902,3561,589.0503,0,125.0,0.0,0.0
903,3560,589.0503,0,125.0,0.0,0.0
904,3560,589.0503,0,125.0,0.0,0.0
905,3559,589.0503,0,125.0,0.0,0.0
906,3559,589.0503,0,125.0,0.0,0.0
907,3559,589.0503,0,125.0,0.0,0.0
908,3559,589.0503,0,125.0,0.0,0.0
909,3559,589.0503,0,125.0,0.0,0.0
910,3560,654.5029,0,125.0,0.0,0.0
911,3561,654.5029,0,125.0,0.0,0.0
912,3562,654.5029,0,125.0,0.0,0.0
913,3563,654.5029,0,125.0,0.0,0.0
914,3564,654.5029,0,125.0,0.0,0.0
915,3565,654.5029,0,125.0,0.0,0.0
916,3566,654.5029,0,125.0,0.0,0.0
917,3567,654.5029,0,125.0,0.0,0.0
918,3569,654.5029,0,125.0,0.0,0.0
919,3571,654.5029,0,125.0,0.0,0.0
920,3572,474.514,0,125.0,0.0,0.0
921,3574,474.514,0,125.0,0.0,0.0
922,3576,474.514,0,125.0,0.0,0.0
923,3578,474.514,0,125.0,0.0,0.0
924,3580,474.514,0,125.0,0.0,0.0
925,3582,474.514,0,125.0,0.0,0.0
926,3584,474.514,0,125.0,0.0,0.0
927,3587,474.514,0,125.0,0.0,0.0
928,3589,474.514,0,125.0,0.0,0.0
929,3591,474.514,0,125.0,0.0,0.0
930,3594,130.9013,0,125.0,0.0,0.0
931,3596,130.9013,0,125.0,0.0,0.0
932,3599,130.9013,0,125.0,0.0,0.0
933,3602,130.9013,0,125.0,0.0,0.0
934,3604,130.9013,0,125.0,0.0,0.0
935,3607,130.9013,0,125.0,0.0,0.0
936,3610,130.9013,0,125.0,0.0,0.0
937,3613,130.9013,0,125.0,0.0,0.0
938,3616,130.9013,0,125.0,0.0,0.0
939,3619,130.9013,0,125.0,0.0,0.0
940,3622,-310.8826,0,125.0,0.0,0.0
941,3624,-310.8826,0,125.0,0.0,0.0
942,3627,-310.8826,0,125.0,0.0,0.0
943,3630,-310.8826,0,125.0,0.0,0.0
944,3632,-310.8826,0,125.0,0.0,0.0
945,3634,-310.8826,0,125.0,0.0,0.0
946,3636,-310.8826,0,125.0,0.0,0.0
947,3638,-310.8826,0,125.0,0.0,0.0
948,3640,-310.8826,0,125.0,0.0,0.0
949,3641,-310.8826,0,125.0,0.0,0.0
950,3642,-670.8564,0,125.0,0.0,0.0
951,3643,-670.8564,0,125.0,0.0,0.0
952,3644,-670.8564,0,125.0,0.0,0.0
953,3644,-670.8564,0,125.0,0.0,0.0
954,3645,-670.8564,0,125.0,0.0,0.0
955,3645,-670.8564,0,125.0,0.0,0.0
956,3646,-670.8564,0,125.0,0.0,0.0
957,3646,-670.8564,0,125.0,0.0,0.0
958,3646,-670.8564,0,125.0,0.0,0.0
959,3646,-670.8564,0,125.0,0.0,0.0
960,3645,-752.6703,0,125.0,0.0,0.0
961,3645,-752.6703,0,125.0,0.0,0.0
962,3644,-752.6703,0,125.0,0.0,0.0
963,3644,-752.6703,0,125.0,0.0,0.0
964,3643,-752.6703,0,125.0,0.0,0.0
965,3642,-752.6703,0,125.0,0.0,0.0
966,3641,-752.6703,0,125.0,0.0,0.0
967,3640,-752.6703,0,125.0,0.0,0.0
968,3639,-752.6703,0,125.0,0.0,0.0
969,3637,-752.6703,0,125.0,0.0,0.0
970,3636,-605.4077,0,125.0,0.0,0.0
971,3634,-605.4077,0,125.0,0.0,0.0
972,3633,-605.4077,0,125.0,0.0,0.0
973,3631,-605.4077,0,125.0,0.0,0.0
974,3629,-605.4077,0,125.0,0.0,0.0
975,3627,-605.4077,0,125.0,0.0,0.0
976,3625,-605.4077,0,125.0,0.0,0.0
977,3623,-605.4077,0,125.0,0.0,0.0
978,3621,-605.4077,0,125.0,0.0,0.0
979,3618,-605.4077,0,125.0,0.0,0.0
980,3616,-294.5213,0,125.0,0.0,0.0
981,3614,-294.5213,0,125.0,0.0,0.0
982,3611,-294.5213,0,125.0,0.0,0.0
983,3609,-294.5213,0,125.0,0.0,0.0
984,3606,-294.5213,0,125.0,0.0,0.0
985,3604,-294.5213,0,125.0,0.0,0.0
986,3601,-294.5213,0,125.0,0.0,0.0
987,3598,-294.5213,0,125.0,0.0,0.0
988,3596,-294.5213,0,125.0,0.0,0.0
989,3593,-294.5213,0,125.0,0.0,0.0
990,3590,114.5401,0,125.0,0.0,0.0
991,3587,114.5401,0,125.0,0.0,0.0
992,3585,114.5401,0,125.0,0.0,0.0
993,3582,114.5401,0,125.0,0.0,0.0
994,3580,114.5401,0,125.0,0.0,0.0
995,3578,114.5401,0,125.0,0.0,0.0
996,3576,114.5401,0,125.0,0.0,0.0
997,3574,114.5401,0,125.0,0.0,0.0
998,3573,114.5401,0,125.0,0.0,0.0
999,3572,114.5401,0,125.0,0.0,0.0
1000,3570,474.514,0,125.0,0.0,0.0
1001,3569,474.514,0,125.0,0.0,0.0
1002,3569,474.514,0,125.0,0.0,0.0
1003,3568,474.514,0,125.0,0.0,0.0
1004,3568,474.514,0,125.0,0.0,0.0
1005,3568,474.514,0,125.0,0.0,0.0
1006,3568,474.514,0,125.0,0.0,0.0
1007,3568,474.514,0,125.0,0.0,0.0
1008,3568,474.514,0,125.0,0.0,0.0
1009,3569,474.514,0,125.0,0.0,0.0
1010,3569,507.2403,0,125.0,0.0,0.0
1011,3570,507.2403,0,125.0,0.0,0.0
1012,3571,507.2403,0,125.0,0.0,0.0
1013,3572,507.2403,0,125.0,0.0,0.0
1014,3573,507.2403,0,125.0,0.0,0.0
1015,3575,507.2403,0,125.0,0.0,0.0
1016,3576,507.2403,0,125.0,0.0,0.0
1017,3578,507.2403,0,125.0,0.0,0.0
1018,3579,507.2403,0,125.0,0.0,0.0
1019,3581,507.2403,0,125.0,0.0,0.0
1020,3583,310.8902,0,125.0,0.0,0.0
1021,3585,310.8902,0,125.0,0.0,0.0
1022,3587,310.8902,0,125.0,0.0,0.0
1023,3589,310.8902,0,125.0,0.0,0.0
1024,3591,310.8902,0,125.0,0.0,0.0
1025,3593,310.8902,0,125.0,0.0,0.0
1026,3595,310.8902,0,125.0,0.0,0.0
1027,3598,310.8902,0,125.0,0.0,0.0
1028,3600,310.8902,0,125.0,0.0,0.0
1029,3603,310.8902,0,125.0,0.0,0.0
1030,3605,-49.0837,0,125.0,0.0,0.0
1031,3607,-49.0837,0,125.0,0.0,0.0
1032,3610,-49.0837,0,125.0,0.0,0.0
1033,3612,-49.0837,0,125.0,0.0,0.0
1034,3614,-49.0837,0,125.0,0.0,0.0
1035,3615,-49.0837,0,125.0,0.0,0.0
1036,3617,-49.0837,0,125.0,0.0,0.0
1037,3618,-49.0837,0,125.0,0.0,0.0
1038,3619,-49.0837,0,125.0,0.0,0.0
1039,3620,-49.0837,0,125.0,0.0,0.0
1040,3621,-327.2476,0,125.0,0.0,0.0
1041,3622,-327.2476,0,125.0,0.0,0.0
1042,3622,-327.2476,0,125.0,0.0,0.0
1043,3623,-327.2476,0,125.0,0.0,0.0
1044,3623,-327.2476,0,125.0,0.0,0.0
1045,3623,-327.2476,0,125.0,0.0,0.0
1046,3623,-327.2476,0,125.0,0.0,0.0
1047,3622,-327.2476,0,125.0,0.0,0.0
1048,3622,-327.2476,0,125.0,0.0,0.0
1049,3621,-327.2476,0,125.0,0.0,0.0
1050,3621,-343.6089,0,125.0,0.0,0.0
1051,3620,-343.6089,0,125.0,0.0,0.0
1052,3619,-343.6089,0,125.0,0.0,0.0
1053,3618,-343.6089,0,125.0,0.0,0.0
1054,3617,-343.6089,0,125.0,0.0,0.0
1055,3615,-343.6089,0,125.0,0.0,0.0
1056,3614,-343.6089,0,125.0,0.0,0.0
1057,3613,-343.6089,0,125.0,0.0,0.0
1058,3611,-343.6089,0,125.0,0.0,0.0
1059,3609,-343.6089,0,125.0,0.0,0.0
1060,3608,-147.2588,0,125.0,0.0,0.0
1061,3606,-147.2588,0,125.0,0.0,0.0
1062,3604,-147.2588,0,125.0,0.0,0.0
1063,3602,-147.2588,0,125.0,0.0,0.0
1064,3600,-147.2588,0,125.0,0.0,0.0
1065,3598,-147.2588,0,125.0,0.0,0.0
1066,3595,-147.2588,0,125.0,0.0,0.0
1067,3593,-147.2588,0,125.0,0.0,0.0
1068,3591,-147.2588,0,125.0,0.0,0.0
1069,3588,-147.2588,0,125.0,0.0,0.0
1070,3586,196.3539,0,125.0,0.0,0.0
1071,3583,196.3539,0,125.0,0.0,0.0
1072,3581,196.3539,0,125.0,0.0,0.0
1073,3579,196.3539,0,125.0,0.0,0.0
1074,3577,196.3539,0,125.0,0.0,0.0
1075,3576,196.3539,0,125.0,0.0,0.0
1076,3574,196.3539,0,125.0,0.0,0.0
1077,3573,196.3539,0,125.0,0.0,0.0
1078,3573,196.3539,0,125.0,0.0,0.0
1079,3572,196.3539,0,125.0,0.0,0.0
1080,3571,458.1528,0,125.0,0.0,0.0
1081,3571,458.1528,0,125.0,0.0,0.0
1082,3570,458.1528,0,125.0,0.0,0.0
1083,3570,458.1528,0,125.0,0.0,0.0
1084,3570,458.1528,0,125.0,0.0,0.0
1085,3570,458.1528,0,125.0,0.0,0.0
1086,3570,458.1528,0,125.0,0.0,0.0
1087,3571,458.1528,0,125.0,0.0,0.0
1088,3571,458.1528,0,125.0,0.0,0.0
1089,3572,458.1528,0,125.0,0.0,0.0
1090,3573,458.1528,0,125.0,0.0,0.0
1091,3574,458.1528,0,125.0,0.0,0.0
1092,3575,458.1528,0,125.0,0.0,0.0
1093,3576,458.1528,0,125.0,0.0,0.0
1094,3577,458.1528,0,125.0,0.0,0.0
1095,3579,458.1528,0,125.0,0.0,0.0
1096,3581,458.1528,0,125.0,0.0,0.0
1097,3582,458.1528,0,125.0,0.0,0.0
1098,3584,458.1528,0,125.0,0.0,0.0
1099,3586,458.1528,0,125.0,0.0,0.0
1100,3588,229.0764,0,125.0,0.0,0.0
1101,3590,229.0764,0,125.0,0.0,0.0
1102,3592,229.0764,0,125.0,0.0,0.0
1103,3594,229.0764,0,125.0,0.0,0.0
1104,3596,229.0764,0,125.0,0.0,0.0
1105,3598,229.0764,0,125.0,0.0,0.0
1106,3601,229.0764,0,125.0,0.0,0.0
1107,3603,229.0764,0,125.0,0.0,0.0
1108,3605,229.0764,0,125.0,0.0,0.0
1109,3608,229.0764,0,125.0,0.0,0.0
1110,3611,-130.8975,0,125.0,0.0,0.0
1111,3613,-130.8975,0,125.0,0.0,0.0
1112,3615,-130.8975,0,125.0,0.0,0.0
1113,3618,-130.8975,0,125.0,0.0,0.0
1114,3620,-130.8975,0,125.0,0.0,0.0
1115,3620,-130.8975,0,125.0,0.0,0.0
1116,3622,-130.8975,0,125.0,0.0,0.0
1117,3623,-130.8975,0,125.0,0.0,0.0
1118,3625,-130.8975,0,125.0,0.0,0.0
1119,3626,-130.8975,0,125.0,0.0,0.0
1120,3627,-425.4227,0,125.0,0.0,0.0
1121,3627,-425.4227,0,125.0,0.0,0.0
1122,3628,-425.4227,0,125.0,0.0,0.0
1123,3628,-425.4227,0,125.0,0.0,0.0
1124,3628,-425.4227,0,125.0,0.0,0.0
1125,3628,-425.4227,0,125.0,0.0,0.0
1126,3628,-425.4227,0,125.0,0.0,0.0
1127,3628,-425.4227,0,125.0,0.0,0.0
1128,3627,-425.4227,0,125.0,0.0,0.0
1129,3627,-425.4227,0,125.0,0.0,0.0
1130,3626,-441.7839,0,125.0,0.0,0.0
1131,3626,-441.7839,0,125.0,0.0,0.0
1132,3625,-441.7839,0,125.0,0.0,0.0
1133,3624,-441.7839,0,125.0,0.0,0.0
1134,3623,-441.7839,0,125.0,0.0,0.0
1135,3621,-441.7839,0,125.0,0.0,0.0
1136,3620,-441.7839,0,125.0,0.0,0.0
1137,3619,-441.7839,0,125.0,0.0,0.0
1138,3617,-441.7839,0,125.0,0.0,0.0
1139,3616,-441.7839,0,125.0,0.0,0.0
1140,3614,-245.4338,0,125.0,0.0,0.0
1141,3612,-245.4338,0,125.0,0.0,0.0
1142,3610,-245.4338,0,125.0,0.0,0.0
1143,3608,-245.4338,0,125.0,0.0,0.0
1144,3606,-245.4338,0,125.0,0.0,0.0
1145,3604,-245.4338,0,125.0,0.0,0.0
1146,3602,-245.4338,0,125.0,0.0,0.0
1147,3599,-245.4338,0,125.0,0.0,0.0
1148,3597,-245.4338,0,125.0,0.0,0.0
1149,3595,-245.4338,0,125.0,0.0,0.0
1150,3592,98.1789,0,125.0,0.0,0.0
1151,3590,98.1789,0,125.0,0.0,0.0
1152,3588,98.1789,0,125.0,0.0,0.0
1153,3586,98.1789,0,125.0,0.0,0.0
1154,3584,98.1789,0,125.0,0.0,0.0
1155,3582,98.1789,0,125.0,0.0,0.0
1156,3580,98.1789,0,125.0,0.0,0.0
1157,3579,98.1789,0,125.0,0.0,0.0
1158,3578,98.1789,0,125.0,0.0,0.0
1159,3577,98.1789,0,125.0,0.0,0.0
1160,3576,376.339,0,125.0,0.0,0.0
1161,3576,376.339,0,125.0,0.0,0.0
1162,3575,376.339,0,125.0,0.0,0.0
1163,3575,376.339,0,125.0,0.0,0.0
1164,3575,376.339,0,125.0,0.0,0.0
1165,3575,376.339,0,125.0,0.0,0.0
1166,3575,376.339,0,125.0,0.0,0.0
1167,3576,376.339,0,125.0,0.0,0.0
1168,3577,376.339,0,125.0,0.0,0.0
1169,3577,376.339,0,125.0,0.0,0.0
1170,3578,359.9777,0,125.0,0.0,0.0
1171,3580,359.9777,0,125.0,0.0,0.0
1172,3581,359.9777,0,125.0,0.0,0.0
1173,3582,359.9777,0,125.0,0.0,0.0
1174,3583,359.9777,0,125.0,0.0,0.0
1175,3585,359.9777,0,125.0,0.0,0.0
1176,3586,359.9777,0,125.0,0.0,0.0
1177,3588,359.9777,0,125.0,0.0,0.0
1178,3590,359.9777,0,125.0,0.0,0.0
1179,3592,359.9777,0,125.0,0.0,0.0
1180,3594,130.9013,0,125.0,0.0,0.0
1181,3596,130.9013,0,125.0,0.0,0.0
1182,3598,130.9013,0,125.0,0.0,0.0
1183,3600,130.9013,0,125.0,0.0,0.0
1184,3602,130.9013,0,125.0,0.0,0.0
1185,3605,130.9013,0,125.0,0.0,0.0
1186,3607,130.9013,0,125.0,0.0,0.0
1187,3609,130.9013,0,125.0,0.0,0.0
1188,3612,130.9013,0,125.0,0.0,0.0
1189,3615,130.9013,0,125.0,0.0,0.0
1190,3617,-245.4338,0,125.0,0.0,0.0
1191,3620,-245.4338,0,125.0,0.0,0.0
1192,3622,-245.4338,0,125.0,0.0,0.0
1193,3624,-245.4338,0,125.0,0.0,0.0
1194,3626,-245.4338,0,125.0,0.0,0.0
1195,3628,-245.4338,0,125.0,0.0,0.0
1196,3630,-245.4338,0,125.0,0.0,0.0
1197,3631,-245.4338,0,125.0,0.0,0.0
1198,3633,-245.4338,0,125.0,0.0,0.0
1199,3634,-245.4338,0,125.0,0.0,0.0
1200,3635,-556.3202,0,125.0,0.0,0.0
1201,3635,-556.3202,0,125.0,0.0,0.0
1202,3636,-556.3202,0,125.0,0.0,0.0
1203,3636,-556.3202,0,125.0,0.0,0.0
1204,3636,-556.3202,0,125.0,0.0,0.0
1205,3636,-556.3202,0,125.0,0.0,0.0
1206,3636,-556.3202,0,125.0,0.0,0.0
1207,3636,-556.3202,0,125.0,0.0,0.0
1208,3636,-556.3202,0,125.0,0.0,0.0
1209,3636,-556.3202,0,125.0,0.0,0.0
1210,3635,-589.0465,0,125.0,0.0,0.0
1211,3635,-589.0465,0,125.0,0.0,0.0
1212,3634,-589.0465,0,125.0,0.0,0.0
1213,3633,-589.0465,0,125.0,0.0,0.0
1214,3632,-589.0465,0,125.0,0.0,0.0
1215,3631,-589.0465,0,125.0,0.0,0.0
1216,3630,-589.0465,0,125.0,0.0,0.0
1217,3629,-589.0465,0,125.0,0.0,0.0
1218,3627,-589.0465,0,125.0,0.0,0.0
1219,3626,-589.0465,0,125.0,0.0,0.0
1220,3624,-409.0576,0,125.0,0.0,0.0
1221,3622,-409.0576,0,125.0,0.0,0.0
1222,3620,-409.0576,0,125.0,0.0,0.0
1223,3618,-409.0576,0,125.0,0.0,0.0
1224,3616,-409.0576,0,125.0,0.0,0.0
1225,3614,-409.0576,0,125.0,0.0,0.0
1226,3612,-409.0576,0,125.0,0.0,0.0
1227,3610,-409.0576,0,125.0,0.0,0.0
1228,3608,-409.0576,0,125.0,0.0,0.0
1229,3606,-409.0576,0,125.0,0.0,0.0
1230,3603,-81.81,0,125.0,0.0,0.0
1231,3601,-81.81,0,125.0,0.0,0.0
1232,3598,-81.81,0,125.0,0.0,0.0
1233,3596,-81.81,0,125.0,0.0,0.0
1234,3593,-81.81,0,125.0,0.0,0.0
1235,3590,-81.81,0,125.0,0.0,0.0
1236,3588,-81.81,0,125.0,0.0,0.0
1237,3585,-81.81,0,125.0,0.0,0.0
1238,3582,-81.81,0,125.0,0.0,0.0
1239,3579,-81.81,0,125.0,0.0,0.0
1240,3576,343.6165,0,125.0,0.0,0.0
1241,3573,343.6165,0,125.0,0.0,0.0
1242,3570,343.6165,0,125.0,0.0,0.0
1243,3568,343.6165,0,125.0,0.0,0.0
1244,3566,343.6165,0,125.0,0.0,0.0
1245,3564,343.6165,0,125.0,0.0,0.0
1246,3562,343.6165,0,125.0,0.0,0.0
1247,3560,343.6165,0,125.0,0.0,0.0
1248,3559,343.6165,0,125.0,0.0,0.0
1249,3557,343.6165,0,125.0,0.0,0.0
1250,3556,703.5904,0,125.0,0.0,0.0
1251,3555,703.5904,0,125.0,0.0,0.0
1252,3554,703.5904,0,125.0,0.0,0.0
1253,3554,703.5904,0,125.0,0.0,0.0
1254,3553,703.5904,0,125.0,0.0,0.0
1255,3553,703.5904,0,125.0,0.0,0.0
1256,3553,703.5904,0,125.0,0.0,0.0
1257,3553,703.5904,0,125.0,0.0,0.0
1258,3553,703.5904,0,125.0,0.0,0.0
1259,3554,703.5904,0,125.0,0.0,0.0
1260,3554,752.6779,0,125.0,0.0,0.0
1261,3555,752.6779,0,125.0,0.0,0.0
1262,3556,752.6779,0,125.0,0.0,0.0
1263,3556,752.6779,0,125.0,0.0,0.0
1264,3557,752.6779,0,125.0,0.0,0.0
1265,3559,752.6779,0,125.0,0.0,0.0
1266,3560,752.6779,0,125.0,0.0,0.0
1267,3561,752.6779,0,125.0,0.0,0.0
1268,3563,752.6779,0,125.0,0.0,0.0
1269,3564,752.6779,0,125.0,0.0,0.0
1270,3566,589.0503,0,125.0,0.0,0.0
1271,3568,589.0503,0,125.0,0.0,0.0
1272,3569,589.0503,0,125.0,0.0,0.0
1273,3571,589.0503,0,125.0,0.0,0.0
1274,3573,589.0503,0,125.0,0.0,0.0
1275,3575,589.0503,0,125.0,0.0,0.0
1276,3578,589.0503,0,125.0,0.0,0.0
1277,3580,589.0503,0,125.0,0.0,0.0
1278,3582,589.0503,0,125.0,0.0,0.0
1279,3585,589.0503,0,125.0,0.0,0.0
1280,3587,245.4414,0,125.0,0.0,0.0
1281,3590,245.4414,0,125.0,0.0,0.0
1282,3592,245.4414,0,125.0,0.0,0.0
1283,3595,245.4414,0,125.0,0.0,0.0
1284,3597,245.4414,0,125.0,0.0,0.0
1285,3600,245.4414,0,125.0,0.0,0.0
1286,3603,245.4414,0,125.0,0.0,0.0
1287,3606,245.4414,0,125.0,0.0,0.0
1288,3609,245.4414,0,125.0,0.0,0.0
1289,3612,245.4414,0,125.0,0.0,0.0
1290,3615,-196.3463,0,125.0,0.0,0.0
1291,3617,-196.3463,0,125.0,0.0,0.0
1292,3620,-196.3463,0,125.0,0.0,0.0
1293,3623,-196.3463,0,125.0,0.0,0.0
1294,3625,-196.3463,0,125.0,0.0,0.0
1295,3627,-196.3463,0,125.0,0.0,0.0
1296,3629,-196.3463,0,125.0,0.0,0.0
1297,3631,-196.3463,0,125.0,0.0,0.0
1298,3632,-196.3463,0,125.0,0.0,0.0
1299,3633,-196.3463,0,125.0,0.0,0.0
1300,3635,-556.3202,0,125.0,0.0,0.0
1301,3636,-556.3202,0,125.0,0.0,0.0
1302,3636,-556.3202,0,125.0,0.0,0.0
1303,3637,-556.3202,0,125.0,0.0,0.0
1304,3637,-556.3202,0,125.0,0.0,0.0
1305,3638,-556.3202,0,125.0,0.0,0.0
1306,3638,-556.3202,0,125.0,0.0,0.0
1307,3638,-556.3202,0,125.0,0.0,0.0
1308,3638,-556.3202,0,125.0,0.0,0.0
1309,3638,-556.3202,0,125.0,0.0,0.0
1310,3637,-621.7689,0,125.0,0.0,0.0
1311,3637,-621.7689,0,125.0,0.0,0.0
1312,3636,-621.7689,0,125.0,0.0,0.0
1313,3635,-621.7689,0,125.0,0.0,0.0
1314,3635,-621.7689,0,125.0,0.0,0.0
1315,3634,-621.7689,0,125.0,0.0,0.0
1316,3633,-621.7689,0,125.0,0.0,0.0
1317,3631,-621.7689,0,125.0,0.0,0.0
1318,3630,-621.7689,0,125.0,0.0,0.0
1319,3629,-621.7689,0,125.0,0.0,0.0
1320,3627,-474.5102,0,125.0,0.0,0.0
1321,3626,-474.5102,0,125.0,0.0,0.0
1322,3624,-474.5102,0,125.0,0.0,0.0
1323,3622,-474.5102,0,125.0,0.0,0.0
1324,3620,-474.5102,0,125.0,0.0,0.0
1325,3618,-474.5102,0,125.0,0.0,0.0
1326,3616,-474.5102,0,125.0,0.0,0.0
1327,3614,-474.5102,0,125.0,0.0,0.0
1328,3612,-474.5102,0,125.0,0.0,0.0
1329,3610,-474.5102,0,125.0,0.0,0.0
1330,3607,-163.62,0,125.0,0.0,0.0
1331,3605,-163.62,0,125.0,0.0,0.0
1332,3603,-163.62,0,125.0,0.0,0.0
1333,3600,-163.62,0,125.0,0.0,0.0
1334,3598,-163.62,0,125.0,0.0,0.0
1335,3595,-163.62,0,125.0,0.0,0.0
1336,3592,-163.62,0,125.0,0.0,0.0
1337,3590,-163.62,0,125.0,0.0,0.0
1338,3587,-163.62,0,125.0,0.0,0.0
1339,3584,-163.62,0,125.0,0.0,0.0
1340,3581,261.8027,0,125.0,0.0,0.0
1341,3578,261.8027,0,125.0,0.0,0.0
1342,3575,261.8027,0,125.0,0.0,0.0
1343,3573,261.8027,0,125.0,0.0,0.0
1344,3571,261.8027,0,125.0,0.0,0.0
1345,3569,261.8027,0,125.0,0.0,0.0
1346,3567,261.8027,0,125.0,0.0,0.0
1347,3565,261.8027,0,125.0,0.0,0.0
1348,3564,261.8027,0,125.0,0.0,0.0
1349,3563,261.8027,0,125.0,0.0,0.0
1350,3561,621.7766,0,125.0,0.0,0.0
1351,3560,621.7766,0,125.0,0.0,0.0
1352,3560,621.7766,0,125.0,0.0,0.0
1353,3559,621.7766,0,125.0,0.0,0.0
1354,3559,621.7766,0,125.0,0.0,0.0
1355,3559,621.7766,0,125.0,0.0,0.0
1356,3559,621.7766,0,125.0,0.0,0.0
1357,3559,621.7766,0,125.0,0.0,0.0
1358,3559,621.7766,0,125.0,0.0,0.0
1359,3560,621.7766,0,125.0,0.0,0.0
1360,3560,654.5029,0,125.0,0.0,0.0
1361,3561,654.5029,0,125.0,0.0,0.0
1362,3562,654.5029,0,125.0,0.0,0.0
1363,3563,654.5029,0,125.0,0.0,0.0
1364,3565,654.5029,0,125.0,0.0,0.0
1365,3566,654.5029,0,125.0,0.0,0.0
1366,3567,654.5029,0,125.0,0.0,0.0
1367,3569,654.5029,0,125.0,0.0,0.0
1368,3570,654.5029,0,125.0,0.0,0.0
1369,3572,654.5029,0,125.0,0.0,0.0
1370,3574,458.1528,0,125.0,0.0,0.0
1371,3576,458.1528,0,125.0,0.0,0.0
1372,3578,458.1528,0,125.0,0.0,0.0
1373,3580,458.1528,0,125.0,0.0,0.0
1374,3582,458.1528,0,125.0,0.0,0.0
1375,3584,458.1528,0,125.0,0.0,0.0
1376,3587,458.1528,0,125.0,0.0,0.0
1377,3589,458.1528,0,125.0,0.0,0.0
1378,3591,458.1528,0,125.0,0.0,0.0
1379,3594,458.1528,0,125.0,0.0,0.0
1380,3596,98.1789,0,125.0,0.0,0.0
1381,3599,98.1789,0,125.0,0.0,0.0
1382,3602,98.1789,0,125.0,0.0,0.0
1383,3604,98.1789,0,125.0,0.0,0.0
1384,3607,98.1789,0,125.0,0.0,0.0
1385,3610,98.1789,0,125.0,0.0,0.0
1386,3613,98.1789,0,125.0,0.0,0.0
1387,3616,98.1789,0,125.0,0.0,0.0
1388,3618,98.1789,0,125.0,0.0,0.0
1389,3621,98.1789,0,125.0,0.0,0.0
1390,3624,-359.9701,0,125.0,0.0,0.0
1391,3627,-359.9701,0,125.0,0.0,0.0
1392,3630,-359.9701,0,125.0,0.0,0.0
1393,3633,-359.9701,0,125.0,0.0,0.0
1394,3635,-359.9701,0,125.0,0.0,0.0
1395,3637,-359.9701,0,125.0,0.0,0.0
1396,3639,-359.9701,0,125.0,0.0,0.0
1397,3641,-359.9701,0,125.0,0.0,0.0
1398,3643,-359.9701,0,125.0,0.0,0.0
1399,3644,-359.9701,0,125.0,0.0,0.0
1400,3645,-719.944,0,125.0,0.0,0.0
1401,3646,-719.944,0,125.0,0.0,0.0
1402,3647,-719.944,0,125.0,0.0,0.0
1403,3648,-719.944,0,125.0,0.0,0.0
1404,3648,-719.944,0,125.0,0.0,0.0
1405,3649,-719.944,0,125.0,0.0,0.0
1406,3649,-719.944,0,125.0,0.0,0.0
1407,3649,-719.944,0,125.0,0.0,0.0
1408,3649,-719.944,0,125.0,0.0,0.0
1409,3648,-719.944,0,125.0,0.0,0.0
1410,3648,-785.3966,0,125.0,0.0,0.0
1411,3647,-785.3966,0,125.0,0.0,0.0
1412,3646,-785.3966,0,125.0,0.0,0.0
1413,3645,-785.3966,0,125.0,0.0,0.0
1414,3644,-785.3966,0,125.0,0.0,0.0
1415,3643,-785.3966,0,125.0,0.0,0.0
1416,3642,-785.3966,0,125.0,0.0,0.0
1417,3640,-785.3966,0,125.0,0.0,0.0
1418,3639,-785.3966,0,125.0,0.0,0.0
1419,3637,-785.3966,0,125.0,0.0,0.0
1420,3635,-605.4077,0,125.0,0.0,0.0
1421,3634,-605.4077,0,125.0,0.0,0.0
1422,3632,-605.4077,0,125.0,0.0,0.0
1423,3630,-605.4077,0,125.0,0.0,0.0
1424,3628,-605.4077,0,125.0,0.0,0.0
1425,3626,-605.4077,0,125.0,0.0,0.0
1426,3623,-605.4077,0,125.0,0.0,0.0
1427,3621,-605.4077,0,125.0,0.0,0.0
1428,3619,-605.4077,0,125.0,0.0,0.0
1429,3616,-605.4077,0,125.0,0.0,0.0
1430,3614,-261.795,0,125.0,0.0,0.0
1431,3611,-261.795,0,125.0,0.0,0.0
1432,3609,-261.795,0,125.0,0.0,0.0
1433,3606,-261.795,0,125.0,0.0,0.0
1434,3604,-261.795,0,125.0,0.0,0.0
1435,3601,-261.795,0,125.0,0.0,0.0
1436,3598,-261.795,0,125.0,0.0,0.0
1437,3595,-261.795,0,125.0,0.0,0.0
1438,3592,-261.795,0,125.0,0.0,0.0
1439,3589,-261.795,0,125.0,0.0,0.0
1440,3586,179.9889,0,125.0,0.0,0.0
1441,3584,179.9889,0,125.0,0.0,0.0
1442,3581,179.9889,0,125.0,0.0,0.0
1443,3578,179.9889,0,125.0,0.0,0.0
1444,3576,179.9889,0,125.0,0.0,0.0
1445,3574,179.9889,0,125.0,0.0,0.0
1446,3572,179.9889,0,125.0,0.0,0.0
1447,3570,179.9889,0,125.0,0.0,0.0
1448,3569,179.9889,0,125.0,0.0,0.0
1449,3567,179.9889,0,125.0,0.0,0.0
1450,3566,539.9628,0,125.0,0.0,0.0
1451,3565,539.9628,0,125.0,0.0,0.0
1452,3564,539.9628,0,125.0,0.0,0.0
1453,3565,539.9628,0,125.0,0.0,0.0
1454,3564,539.9628,0,125.0,0.0,0.0
1455,3564,539.9628,0,125.0,0.0,0.0
1456,3564,539.9628,0,125.0,0.0,0.0
1457,3564,539.9628,0,125.0,0.0,0.0
1458,3564,539.9628,0,125.0,0.0,0.0
1459,3564,539.9628,0,125.0,0.0,0.0
1460,3564,589.0503,0,125.0,0.0,0.0
1461,3565,589.0503,0,125.0,0.0,0.0
1462,3565,589.0503,0,125.0,0.0,0.0
1463,3566,589.0503,0,125.0,0.0,0.0
1464,3567,589.0503,0,125.0,0.0,0.0
1465,3568,589.0503,0,125.0,0.0,0.0
1466,3569,589.0503,0,125.0,0.0,0.0
1467,3570,589.0503,0,125.0,0.0,0.0
1468,3571,589.0503,0,125.0,0.0,0.0
1469,3573,589.0503,0,125.0,0.0,0.0
1470,3574,441.7877,0,125.0,0.0,0.0
1471,3576,441.7877,0,125.0,0.0,0.0
1472,3577,441.7877,0,125.0,0.0,0.0
1473,3579,441.7877,0,125.0,0.0,0.0
1474,3581,441.7877,0,125.0,0.0,0.0
1475,3583,441.7877,0,125.0,0.0,0.0
1476,3585,441.7877,0,125.0,0.0,0.0
1477,3587,441.7877,0,125.0,0.0,0.0
1478,3589,441.7877,0,125.0,0.0,0.0
1479,3592,441.7877,0,125.0,0.0,0.0
1480,3594,130.9013,0,125.0,0.0,0.0
1481,3596,130.9013,0,125.0,0.0,0.0
1482,3599,130.9013,0,125.0,0.0,0.0
1483,3601,130.9013,0,125.0,0.0,0.0
1484,3604,130.9013,0,125.0,0.0,0.0
1485,3606,130.9013,0,125.0,0.0,0.0
1486,3609,130.9013,0,125.0,0.0,0.0
1487,3612,130.9013,0,125.0,0.0,0.0
1488,3615,130.9013,0,125.0,0.0,0.0
1489,3617,130.9013,0,125.0,0.0,0.0
1490,3620,-294.5213,0,125.0,0.0,0.0
1491,3623,-294.5213,0,125.0,0.0,0.0
1492,3626,-294.5213,0,125.0,0.0,0.0
1493,3628,-294.5213,0,125.0,0.0,0.0
1494,3631,-294.5213,0,125.0,0.0,0.0
1495,3633,-294.5213,0,125.0,0.0,0.0
1496,3634,-294.5213,0,125.0,0.0,0.0
1497,3636,-294.5213,0,125.0,0.0,0.0
1498,3638,-294.5213,0,125.0,0.0,0.0
1499,3639,-294.5213,0,125.0,0.0,0.0
1500,3640,-638.134,0,125.0,0.0,0.0
1501,3641,-638.134,0,125.0,0.0,0.0
1502,3642,-638.134,0,125.0,0.0,0.0
1503,3642,-638.134,0,125.0,0.0,0.0
1504,3643,-638.134,0,125.0,0.0,0.0
1505,3643,-638.134,0,125.0,0.0,0.0
1506,3643,-638.134,0,125.0,0.0,0.0
1507,3643,-638.134,0,125.0,0.0,0.0
1508,3643,-638.134,0,125.0,0.0,0.0
1509,3642,-638.134,0,125.0,0.0,0.0
1510,3641,-687.2216,0,125.0,0.0,0.0
1511,3641,-687.2216,0,125.0,0.0,0.0
1512,3640,-687.2216,0,125.0,0.0,0.0
1513,3639,-687.2216,0,125.0,0.0,0.0
1514,3637,-687.2216,0,125.0,0.0,0.0
1515,3636,-687.2216,0,125.0,0.0,0.0
1516,3635,-687.2216,0,125.0,0.0,0.0
1517,3633,-687.2216,0,125.0,0.0,0.0
1518,3632,-687.2216,0,125.0,0.0,0.0
1519,3630,-687.2216,0,125.0,0.0,0.0
1520,3628,-490.8714,0,125.0,0.0,0.0
1521,3626,-490.8714,0,125.0,0.0,0.0
1522,3624,-490.8714,0,125.0,0.0,0.0
1523,3622,-490.8714,0,125.0,0.0,0.0
1524,3620,-490.8714,0,125.0,0.0,0.0
1525,3618,-490.8714,0,125.0,0.0,0.0
1526,3616,-490.8714,0,125.0,0.0,0.0
1527,3613,-490.8714,0,125.0,0.0,0.0
1528,3611,-490.8714,0,125.0,0.0,0.0
1529,3609,-490.8714,0,125.0,0.0,0.0
1530,3606,-130.8975,0,125.0,0.0,0.0
1531,3604,-130.8975,0,125.0,0.0,0.0
1532,3601,-130.8975,0,125.0,0.0,0.0
1533,3598,-130.8975,0,125.0,0.0,0.0
1534,3596,-130.8975,0,125.0,0.0,0.0
1535,3593,-130.8975,0,125.0,0.0,0.0
1536,3590,-130.8975,0,125.0,0.0,0.0
1537,3587,-130.8975,0,125.0,0.0,0.0
1538,3584,-130.8975,0,125.0,0.0,0.0
1539,3581,-130.8975,0,125.0,0.0,0.0
1540,3578,310.8902,0,125.0,0.0,0.0
1541,3575,310.8902,0,125.0,0.0,0.0
1542,3573,310.8902,0,125.0,0.0,0.0
1543,3570,310.8902,0,125.0,0.0,0.0
1544,3568,310.8902,0,125.0,0.0,0.0
1545,3565,310.8902,0,125.0,0.0,0.0
1546,3564,310.8902,0,125.0,0.0,0.0
1547,3562,310.8902,0,125.0,0.0,0.0
1548,3560,310.8902,0,125.0,0.0,0.0
1549,3559,310.8902,0,125.0,0.0,0.0
1550,3558,670.8641,0,125.0,0.0,0.0
1551,3557,670.8641,0,125.0,0.0,0.0
1552,3556,670.8641,0,125.0,0.0,0.0
1553,3555,670.8641,0,125.0,0.0,0.0
1554,3555,670.8641,0,125.0,0.0,0.0
1555,3555,670.8641,0,125.0,0.0,0.0
1556,3554,670.8641,0,125.0,0.0,0.0
1557,3554,670.8641,0,125.0,0.0,0.0
1558,3554,670.8641,0,125.0,0.0,0.0
1559,3555,670.8641,0,125.0,0.0,0.0
1560,3555,736.3129,0,125.0,0.0,0.0
1561,3556,736.3129,0,125.0,0.0,0.0
1562,3557,736.3129,0,125.0,0.0,0.0
1563,3557,736.3129,0,125.0,0.0,0.0
1564,3558,736.3129,0,125.0,0.0,0.0
1565,3559,736.3129,0,125.0,0.0,0.0
1566,3560,736.3129,0,125.0,0.0,0.0
1567,3562,736.3129,0,125.0,0.0,0.0
1568,3563,736.3129,0,125.0,0.0,0.0
1569,3565,736.3129,0,125.0,0.0,0.0
1570,3566,572.6891,0,125.0,0.0,0.0
1571,3568,572.6891,0,125.0,0.0,0.0
1572,3570,572.6891,0,125.0,0.0,0.0
1573,3572,572.6891,0,125.0,0.0,0.0
1574,3574,572.6891,0,125.0,0.0,0.0
1575,3576,572.6891,0,125.0,0.0,0.0
1576,3578,572.6891,0,125.0,0.0,0.0
1577,3580,572.6891,0,125.0,0.0,0.0
1578,3582,572.6891,0,125.0,0.0,0.0
1579,3585,572.6891,0,125.0,0.0,0.0
1580,3587,245.4414,0,125.0,0.0,0.0
1581,3590,245.4414,0,125.0,0.0,0.0
1582,3592,245.4414,0,125.0,0.0,0.0
1583,3595,245.4414,0,125.0,0.0,0.0
1584,3597,245.4414,0,125.0,0.0,0.0
1585,3600,245.4414,0,125.0,0.0,0.0
1586,3603,245.4414,0,125.0,0.0,0.0
1587,3606,245.4414,0,125.0,0.0,0.0
1588,3609,245.4414,0,125.0,0.0,0.0
1589,3612,245.4414,0,125.0,0.0,0.0
1590,3615,-196.3463,0,125.0,0.0,0.0
1591,3618,-196.3463,0,125.0,0.0,0.0
1592,3621,-196.3463,0,125.0,0.0,0.0
1593,3623,-196.3463,0,125.0,0.0,0.0
1594,3625,-196.3463,0,125.0,0.0,0.0
1595,3628,-196.3463,0,125.0,0.0,0.0
1596,3629,-196.3463,0,125.0,0.0,0.0
1597,3631,-196.3463,0,125.0,0.0,0.0
1598,3633,-196.3463,0,125.0,0.0,0.0
1599,3634,-196.3463,0,125.0,0.0,0.0
1600,3635,-556.3202,0,125.0,0.0,0.0
1601,3636,-556.3202,0,125.0,0.0,0.0
1602,3637,-556.3202,0,125.0,0.0,0.0
1603,3637,-556.3202,0,125.0,0.0,0.0
1604,3638,-556.3202,0,125.0,0.0,0.0
1605,3638,-556.3202,0,125.0,0.0,0.0
1606,3638,-556.3202,0,125.0,0.0,0.0
1607,3638,-556.3202,0,125.0,0.0,0.0
1608,3638,-556.3202,0,125.0,0.0,0.0
1609,3637,-556.3202,0,125.0,0.0,0.0
1610,3637,-605.4077,0,125.0,0.0,0.0
1611,3636,-605.4077,0,125.0,0.0,0.0
1612,3635,-605.4077,0,125.0,0.0,0.0
1613,3634,-605.4077,0,125.0,0.0,0.0
1614,3633,-605.4077,0,125.0,0.0,0.0
1615,3632,-605.4077,0,125.0,0.0,0.0
1616,3631,-605.4077,0,125.0,0.0,0.0
1617,3629,-605.4077,0,125.0,0.0,0.0
1618,3628,-605.4077,0,125.0,0.0,0.0
1619,3626,-605.4077,0,125.0,0.0,0.0
1620,3624,-425.4227,0,125.0,0.0,0.0
1621,3622,-425.4227,0,125.0,0.0,0.0
1622,3620,-425.4227,0,125.0,0.0,0.0
1623,3619,-425.4227,0,125.0,0.0,0.0
1624,3617,-425.4227,0,125.0,0.0,0.0
1625,3614,-425.4227,0,125.0,0.0,0.0
1626,3612,-425.4227,0,125.0,0.0,0.0
1627,3610,-425.4227,0,125.0,0.0,0.0
1628,3608,-425.4227,0,125.0,0.0,0.0
1629,3605,-425.4227,0,125.0,0.0,0.0
1630,3603,-81.81,0,125.0,0.0,0.0
1631,3600,-81.81,0,125.0,0.0,0.0
1632,3598,-81.81,0,125.0,0.0,0.0
1633,3595,-81.81,0,125.0,0.0,0.0
1634,3592,-81.81,0,125.0,0.0,0.0
1635,3590,-81.81,0,125.0,0.0,0.0
1636,3587,-81.81,0,125.0,0.0,0.0
1637,3584,-81.81,0,125.0,0.0,0.0
1638,3581,-81.81,0,125.0,0.0,0.0
1639,3578,-81.81,0,125.0,0.0,0.0
1640,3575,359.9777,0,125.0,0.0,0.0
1641,3572,359.9777,0,125.0,0.0,0.0
1642,3569,359.9777,0,125.0,0.0,0.0
1643,3567,359.9777,0,125.0,0.0,0.0
1644,3566,359.9777,0,125.0,0.0,0.0
1645,3563,359.9777,0,125.0,0.0,0.0
1646,3562,359.9777,0,125.0,0.0,0.0
1647,3560,359.9777,0,125.0,0.0,0.0
1648,3558,359.9777,0,125.0,0.0,0.0
1649,3557,359.9777,0,125.0,0.0,0.0
1650,3556,703.5904,0,125.0,0.0,0.0
1651,3555,703.5904,0,125.0,0.0,0.0
1652,3554,703.5904,0,125.0,0.0,0.0
1653,3553,703.5904,0,125.0,0.0,0.0
1654,3553,703.5904,0,125.0,0.0,0.0
1655,3553,703.5904,0,125.0,0.0,0.0
1656,3553,703.5904,0,125.0,0.0,0.0
1657,3553,703.5904,0,125.0,0.0,0.0
1658,3553,703.5904,0,125.0,0.0,0.0
1659,3553,703.5904,0,125.0,0.0,0.0
1660,3554,769.0392,0,125.0,0.0,0.0
1661,3555,769.0392,0,125.0,0.0,0.0
1662,3556,769.0392,0,125.0,0.0,0.0
1663,3557,769.0392,0,125.0,0.0,0.0
1664,3558,769.0392,0,125.0,0.0,0.0
1665,3560,769.0392,0,125.0,0.0,0.0
1666,3561,769.0392,0,125.0,0.0,0.0
1667,3563,769.0392,0,125.0,0.0,0.0
1668,3564,769.0392,0,125.0,0.0,0.0
1669,3566,769.0392,0,125.0,0.0,0.0
1670,3568,556.3278,0,125.0,0.0,0.0
1671,3570,556.3278,0,125.0,0.0,0.0
1672,3572,556.3278,0,125.0,0.0,0.0
1673,3574,556.3278,0,125.0,0.0,0.0
1674,3576,556.3278,0,125.0,0.0,0.0
1675,3578,556.3278,0,125.0,0.0,0.0
1676,3580,556.3278,0,125.0,0.0,0.0
1677,3583,556.3278,0,125.0,0.0,0.0
1678,3585,556.3278,0,125.0,0.0,0.0
1679,3588,556.3278,0,125.0,0.0,0.0
1680,3590,196.3539,0,125.0,0.0,0.0
1681,3593,196.3539,0,125.0,0.0,0.0
1682,3595,196.3539,0,125.0,0.0,0.0
1683,3598,196.3539,0,125.0,0.0,0.0
1684,3601,196.3539,0,125.0,0.0,0.0
1685,3603,196.3539,0,125.0,0.0,0.0
1686,3606,196.3539,0,125.0,0.0,0.0
1687,3609,196.3539,0,125.0,0.0,0.0
1688,3612,196.3539,0,125.0,0.0,0.0
1689,3615,196.3539,0,125.0,0.0,0.0
1690,3618,-245.4338,0,125.0,0.0,0.0
1691,3621,-245.4338,0,125.0,0.0,0.0
1692,3624,-245.4338,0,125.0,0.0,0.0
1693,3626,-245.4338,0,125.0,0.0,0.0
1694,3628,-245.4338,0,125.0,0.0,0.0
1695,3631,-245.4338,0,125.0,0.0,0.0
1696,3633,-245.4338,0,125.0,0.0,0.0
1697,3634,-245.4338,0,125.0,0.0,0.0
1698,3636,-245.4338,0,125.0,0.0,0.0
1699,3637,-245.4338,0,125.0,0.0,0.0
1700,3639,-621.7689,0,125.0,0.0,0.0
1701,3640,-621.7689,0,125.0,0.0,0.0
1702,3640,-621.7689,0,125.0,0.0,0.0
1703,3641,-621.7689,0,125.0,0.0,0.0
1704,3642,-621.7689,0,125.0,0.0,0.0
1705,3642,-621.7689,0,125.0,0.0,0.0
1706,3642,-621.7689,0,125.0,0.0,0.0
1707,3642,-621.7689,0,125.0,0.0,0.0
1708,3642,-621.7689,0,125.0,0.0,0.0
1709,3642,-621.7689,0,125.0,0.0,0.0
1710,3642,-687.2216,0,125.0,0.0,0.0
1711,3641,-687.2216,0,125.0,0.0,0.0
1712,3641,-687.2216,0,125.0,0.0,0.0
1713,3640,-687.2216,0,125.0,0.0,0.0
1714,3639,-687.2216,0,125.0,0.0,0.0
1715,3638,-687.2216,0,125.0,0.0,0.0
1716,3637,-687.2216,0,125.0,0.0,0.0
1717,3636,-687.2216,0,125.0,0.0,0.0
1718,3635,-687.2216,0,125.0,0.0,0.0
1719,3633,-687.2216,0,125.0,0.0,0.0
1720,3632,-539.959,0,125.0,0.0,0.0
1721,3630,-539.959,0,125.0,0.0,0.0
1722,3628,-539.959,0,125.0,0.0,0.0
1723,3627,-539.959,0,125.0,0.0,0.0
1724,3625,-539.959,0,125.0,0.0,0.0
1725,3623,-539.959,0,125.0,0.0,0.0
1726,3621,-539.959,0,125.0,0.0,0.0
1727,3619,-539.959,0,125.0,0.0,0.0
1728,3616,-539.959,0,125.0,0.0,0.0
1729,3614,-539.959,0,125.0,0.0,0.0
1730,3612,-229.0726,0,125.0,0.0,0.0
1731,3610,-229.0726,0,125.0,0.0,0.0
1732,3607,-229.0726,0,125.0,0.0,0.0
1733,3605,-229.0726,0,125.0,0.0,0.0
1734,3602,-229.0726,0,125.0,0.0,0.0
1735,3599,-229.0726,0,125.0,0.0,0.0
1736,3597,-229.0726,0,125.0,0.0,0.0
1737,3594,-229.0726,0,125.0,0.0,0.0
1738,3591,-229.0726,0,125.0,0.0,0.0
1739,3589,-229.0726,0,125.0,0.0,0.0
1740,3586,196.3539,0,125.0,0.0,0.0
1741,3583,196.3539,0,125.0,0.0,0.0
1742,3580,196.3539,0,125.0,0.0,0.0
1743,3578,196.3539,0,125.0,0.0,0.0
1744,3576,196.3539,0,125.0,0.0,0.0
1745,3573,196.3539,0,125.0,0.0,0.0
1746,3572,196.3539,0,125.0,0.0,0.0
1747,3570,196.3539,0,125.0,0.0,0.0
1748,3568,196.3539,0,125.0,0.0,0.0
1749,3568,196.3539,0,125.0,0.0,0.0
1750,3567,523.6016,0,125.0,0.0,0.0
1751,3566,523.6016,0,125.0,0.0,0.0
1752,3565,523.6016,0,125.0,0.0,0.0
1753,3565,523.6016,0,125.0,0.0,0.0
1754,3565,523.6016,0,125.0,0.0,0.0
1755,3564,523.6016,0,125.0,0.0,0.0
1756,3564,523.6016,0,125.0,0.0,0.0
1757,3564,523.6016,0,125.0,0.0,0.0
1758,3565,523.6016,0,125.0,0.0,0.0
1759,3565,523.6016,0,125.0,0.0,0.0
1760,3566,572.6891,0,125.0,0.0,0.0
1761,3567,572.6891,0,125.0,0.0,0.0
1762,3568,572.6891,0,125.0,0.0,0.0
1763,3569,572.6891,0,125.0,0.0,0.0
1764,3570,572.6891,0,125.0,0.0,0.0
1765,3571,572.6891,0,125.0,0.0,0.0
1766,3573,572.6891,0,125.0,0.0,0.0
1767,3574,572.6891,0,125.0,0.0,0.0
1768,3576,572.6891,0,125.0,0.0,0.0
1769,3578,572.6891,0,125.0,0.0,0.0
1770,3580,343.6165,0,125.0,0.0,0.0
1771,3582,343.6165,0,125.0,0.0,0.0
1772,3584,343.6165,0,125.0,0.0,0.0
1773,3586,343.6165,0,125.0,0.0,0.0
1774,3588,343.6165,0,125.0,0.0,0.0
1775,3590,343.6165,0,125.0,0.0,0.0
1776,3593,343.6165,0,125.0,0.0,0.0
1777,3595,343.6165,0,125.0,0.0,0.0
1778,3597,343.6165,0,125.0,0.0,0.0
1779,3600,343.6165,0,125.0,0.0,0.0
