TIME,PULSES,CONTROLLERVOLTAGE,CONTROLLER,KP,TAUD,TAUI 
NEXT EXPERIMENT0,0,0.0,0,0.488281,0.0,0.0
1,0,0.0,0,0.488281,0.0,0.0
2,0,0.0,0,0.488281,0.0,0.0
3,0,0.0,0,0.488281,0.0,0.0
4,0,0.0,0,0.488281,0.0,0.0
5,0,0.0,0,0.488281,0.0,0.0
6,0,0.0,0,0.488281,0.0,0.0
7,0,0.0,0,0.488281,0.0,0.0
8,0,0.0,0,0.488281,0.0,0.0
9,0,0.0,0,0.488281,0.0,0.0
10,0,230.0971,0,0.488281,0.0,0.0
11,0,230.0971,0,0.488281,0.0,0.0
12,0,230.0971,0,0.488281,0.0,0.0
13,0,230.0971,0,0.488281,0.0,0.0
14,1,230.0971,0,0.488281,0.0,0.0
15,1,230.0971,0,0.488281,0.0,0.0
16,2,230.0971,0,0.488281,0.0,0.0
17,3,230.0971,0,0.488281,0.0,0.0
18,4,230.0971,0,0.488281,0.0,0.0
19,5,230.0971,0,0.488281,0.0,0.0
20,6,229.7775,0,0.488281,0.0,0.0
21,7,229.7775,0,0.488281,0.0,0.0
22,9,229.7775,0,0.488281,0.0,0.0
23,10,229.7775,0,0.488281,0.0,0.0
24,12,229.7775,0,0.488281,0.0,0.0
25,13,229.7775,0,0.488281,0.0,0.0
26,15,229.7775,0,0.488281,0.0,0.0
27,17,229.7775,0,0.488281,0.0,0.0
28,19,229.7775,0,0.488281,0.0,0.0
29,21,229.7775,0,0.488281,0.0,0.0
30,23,228.7549,0,0.488281,0.0,0.0
31,25,228.7549,0,0.488281,0.0,0.0
32,27,228.7549,0,0.488281,0.0,0.0
33,30,228.7549,0,0.488281,0.0,0.0
34,32,228.7549,0,0.488281,0.0,0.0
35,35,228.7549,0,0.488281,0.0,0.0
36,37,228.7549,0,0.488281,0.0,0.0
37,40,228.7549,0,0.488281,0.0,0.0
38,42,228.7549,0,0.488281,0.0,0.0
39,45,228.7549,0,0.488281,0.0,0.0
40,48,227.2209,0,0.488281,0.0,0.0
41,50,227.2209,0,0.488281,0.0,0.0
42,53,227.2209,0,0.488281,0.0,0.0
43,56,227.2209,0,0.488281,0.0,0.0
44,59,227.2209,0,0.488281,0.0,0.0
45,62,227.2209,0,0.488281,0.0,0.0
46,65,227.2209,0,0.488281,0.0,0.0
47,68,227.2209,0,0.488281,0.0,0.0
48,71,227.2209,0,0.488281,0.0,0.0
49,74,227.2209,0,0.488281,0.0,0.0
50,77,225.3674,0,0.488281,0.0,0.0
51,81,225.3674,0,0.488281,0.0,0.0
52,84,225.3674,0,0.488281,0.0,0.0
53,87,225.3674,0,0.488281,0.0,0.0
54,90,225.3674,0,0.488281,0.0,0.0
55,94,225.3674,0,0.488281,0.0,0.0
56,97,225.3674,0,0.488281,0.0,0.0
57,100,225.3674,0,0.488281,0.0,0.0
58,104,225.3674,0,0.488281,0.0,0.0
59,107,225.3674,0,0.488281,0.0,0.0
60,111,223.1942,0,0.488281,0.0,0.0
61,114,223.1942,0,0.488281,0.0,0.0
62,118,223.1942,0,0.488281,0.0,0.0
63,121,223.1942,0,0.488281,0.0,0.0
64,125,223.1942,0,0.488281,0.0,0.0
65,129,223.1942,0,0.488281,0.0,0.0
66,132,223.1942,0,0.488281,0.0,0.0
67,136,223.1942,0,0.488281,0.0,0.0
68,139,223.1942,0,0.488281,0.0,0.0
69,143,223.1942,0,0.488281,0.0,0.0
70,147,220.9572,0,0.488281,0.0,0.0
71,151,220.9572,0,0.488281,0.0,0.0
72,154,220.9572,0,0.488281,0.0,0.0
73,158,220.9572,0,0.488281,0.0,0.0
74,162,220.9572,0,0.488281,0.0,0.0
75,165,220.9572,0,0.488281,0.0,0.0
76,169,220.9572,0,0.488281,0.0,0.0
77,173,220.9572,0,0.488281,0.0,0.0
78,177,220.9572,0,0.488281,0.0,0.0
79,181,220.9572,0,0.488281,0.0,0.0
80,185,218.5284,0,0.488281,0.0,0.0
81,189,218.5284,0,0.488281,0.0,0.0
82,192,218.5284,0,0.488281,0.0,0.0
83,196,218.5284,0,0.488281,0.0,0.0
84,200,218.5284,0,0.488281,0.0,0.0
85,204,218.5284,0,0.488281,0.0,0.0
86,208,218.5284,0,0.488281,0.0,0.0
87,212,218.5284,0,0.488281,0.0,0.0
88,216,218.5284,0,0.488281,0.0,0.0
89,220,218.5284,0,0.488281,0.0,0.0
90,224,216.0356,0,0.488281,0.0,0.0
91,228,216.0356,0,0.488281,0.0,0.0
92,232,216.0356,0,0.488281,0.0,0.0
93,236,216.0356,0,0.488281,0.0,0.0
94,240,216.0356,0,0.488281,0.0,0.0
95,244,216.0356,0,0.488281,0.0,0.0
96,248,216.0356,0,0.488281,0.0,0.0
97,252,216.0356,0,0.488281,0.0,0.0
98,256,216.0356,0,0.488281,0.0,0.0
99,260,216.0356,0,0.488281,0.0,0.0
100,264,213.479,0,0.488281,0.0,0.0
101,268,213.479,0,0.488281,0.0,0.0
102,272,213.479,0,0.488281,0.0,0.0
103,276,213.479,0,0.488281,0.0,0.0
104,280,213.479,0,0.488281,0.0,0.0
105,285,213.479,0,0.488281,0.0,0.0
106,289,213.479,0,0.488281,0.0,0.0
107,293,213.479,0,0.488281,0.0,0.0
108,297,213.479,0,0.488281,0.0,0.0
109,301,213.479,0,0.488281,0.0,0.0
110,305,210.8584,0,0.488281,0.0,0.0
111,309,210.8584,0,0.488281,0.0,0.0
112,313,210.8584,0,0.488281,0.0,0.0
113,317,210.8584,0,0.488281,0.0,0.0
114,322,210.8584,0,0.488281,0.0,0.0
115,326,210.8584,0,0.488281,0.0,0.0
116,330,210.8584,0,0.488281,0.0,0.0
117,334,210.8584,0,0.488281,0.0,0.0
118,338,210.8584,0,0.488281,0.0,0.0
119,342,210.8584,0,0.488281,0.0,0.0
120,345,208.174,0,0.488281,0.0,0.0
121,349,208.174,0,0.488281,0.0,0.0
122,354,208.174,0,0.488281,0.0,0.0
123,358,208.174,0,0.488281,0.0,0.0
124,362,208.174,0,0.488281,0.0,0.0
125,366,208.174,0,0.488281,0.0,0.0
126,370,208.174,0,0.488281,0.0,0.0
127,375,208.174,0,0.488281,0.0,0.0
128,379,208.174,0,0.488281,0.0,0.0
129,383,208.174,0,0.488281,0.0,0.0
130,387,205.6174,0,0.488281,0.0,0.0
131,390,205.6174,0,0.488281,0.0,0.0
132,394,205.6174,0,0.488281,0.0,0.0
133,399,205.6174,0,0.488281,0.0,0.0
134,403,205.6174,0,0.488281,0.0,0.0
135,407,205.6174,0,0.488281,0.0,0.0
136,411,205.6174,0,0.488281,0.0,0.0
137,415,205.6174,0,0.488281,0.0,0.0
138,420,205.6174,0,0.488281,0.0,0.0
139,424,205.6174,0,0.488281,0.0,0.0
140,428,202.9968,0,0.488281,0.0,0.0
141,432,202.9968,0,0.488281,0.0,0.0
142,437,202.9968,0,0.488281,0.0,0.0
143,441,202.9968,0,0.488281,0.0,0.0
144,445,202.9968,0,0.488281,0.0,0.0
145,449,202.9968,0,0.488281,0.0,0.0
146,453,202.9968,0,0.488281,0.0,0.0
147,457,202.9968,0,0.488281,0.0,0.0
148,462,202.9968,0,0.488281,0.0,0.0
149,466,202.9968,0,0.488281,0.0,0.0
150,471,200.3123,0,0.488281,0.0,0.0
151,476,200.3123,0,0.488281,0.0,0.0
152,480,200.3123,0,0.488281,0.0,0.0
153,484,200.3123,0,0.488281,0.0,0.0
154,487,200.3123,0,0.488281,0.0,0.0
155,491,200.3123,0,0.488281,0.0,0.0
156,496,200.3123,0,0.488281,0.0,0.0
157,500,200.3123,0,0.488281,0.0,0.0
158,504,200.3123,0,0.488281,0.0,0.0
159,508,200.3123,0,0.488281,0.0,0.0
160,513,197.5639,0,0.488281,0.0,0.0
161,517,197.5639,0,0.488281,0.0,0.0
162,521,197.5639,0,0.488281,0.0,0.0
163,525,197.5639,0,0.488281,0.0,0.0
164,530,197.5639,0,0.488281,0.0,0.0
165,534,197.5639,0,0.488281,0.0,0.0
166,538,197.5639,0,0.488281,0.0,0.0
167,542,197.5639,0,0.488281,0.0,0.0
168,546,197.5639,0,0.488281,0.0,0.0
169,551,197.5639,0,0.488281,0.0,0.0
170,555,194.8795,0,0.488281,0.0,0.0
171,559,194.8795,0,0.488281,0.0,0.0
172,564,194.8795,0,0.488281,0.0,0.0
173,568,194.8795,0,0.488281,0.0,0.0
174,572,194.8795,0,0.488281,0.0,0.0
175,576,194.8795,0,0.488281,0.0,0.0
176,581,194.8795,0,0.488281,0.0,0.0
177,586,194.8795,0,0.488281,0.0,0.0
178,590,194.8795,0,0.488281,0.0,0.0
179,594,194.8795,0,0.488281,0.0,0.0
180,599,192.0672,0,0.488281,0.0,0.0
181,603,192.0672,0,0.488281,0.0,0.0
182,607,192.0672,0,0.488281,0.0,0.0
183,611,192.0672,0,0.488281,0.0,0.0
184,616,192.0672,0,0.488281,0.0,0.0
185,620,192.0672,0,0.488281,0.0,0.0
186,625,192.0672,0,0.488281,0.0,0.0
187,629,192.0672,0,0.488281,0.0,0.0
188,634,192.0672,0,0.488281,0.0,0.0
189,638,192.0672,0,0.488281,0.0,0.0
190,642,189.3188,0,0.488281,0.0,0.0
191,646,189.3188,0,0.488281,0.0,0.0
192,651,189.3188,0,0.488281,0.0,0.0
193,655,189.3188,0,0.488281,0.0,0.0
194,659,189.3188,0,0.488281,0.0,0.0
195,664,189.3188,0,0.488281,0.0,0.0
196,668,189.3188,0,0.488281,0.0,0.0
197,672,189.3188,0,0.488281,0.0,0.0
198,677,189.3188,0,0.488281,0.0,0.0
199,682,189.3188,0,0.488281,0.0,0.0
200,686,186.5065,0,0.488281,0.0,0.0
201,690,186.5065,0,0.488281,0.0,0.0
202,694,186.5065,0,0.488281,0.0,0.0
203,699,186.5065,0,0.488281,0.0,0.0
204,703,186.5065,0,0.488281,0.0,0.0
205,707,186.5065,0,0.488281,0.0,0.0
206,711,186.5065,0,0.488281,0.0,0.0
207,716,186.5065,0,0.488281,0.0,0.0
208,720,186.5065,0,0.488281,0.0,0.0
209,724,186.5065,0,0.488281,0.0,0.0
210,728,183.7581,0,0.488281,0.0,0.0
211,733,183.7581,0,0.488281,0.0,0.0
212,737,183.7581,0,0.488281,0.0,0.0
213,741,183.7581,0,0.488281,0.0,0.0
214,746,183.7581,0,0.488281,0.0,0.0
215,750,183.7581,0,0.488281,0.0,0.0
216,754,183.7581,0,0.488281,0.0,0.0
217,758,183.7581,0,0.488281,0.0,0.0
218,763,183.7581,0,0.488281,0.0,0.0
219,767,183.7581,0,0.488281,0.0,0.0
220,772,181.0737,0,0.488281,0.0,0.0
221,776,181.0737,0,0.488281,0.0,0.0
222,781,181.0737,0,0.488281,0.0,0.0
223,785,181.0737,0,0.488281,0.0,0.0
224,789,181.0737,0,0.488281,0.0,0.0
225,794,181.0737,0,0.488281,0.0,0.0
226,798,181.0737,0,0.488281,0.0,0.0
227,802,181.0737,0,0.488281,0.0,0.0
228,806,181.0737,0,0.488281,0.0,0.0
229,811,181.0737,0,0.488281,0.0,0.0
230,815,178.2614,0,0.488281,0.0,0.0
231,819,178.2614,0,0.488281,0.0,0.0
232,823,178.2614,0,0.488281,0.0,0.0
233,828,178.2614,0,0.488281,0.0,0.0
234,832,178.2614,0,0.488281,0.0,0.0
235,836,178.2614,0,0.488281,0.0,0.0
236,840,178.2614,0,0.488281,0.0,0.0
237,845,178.2614,0,0.488281,0.0,0.0
238,849,178.2614,0,0.488281,0.0,0.0
239,853,178.2614,0,0.488281,0.0,0.0
240,858,175.513,0,0.488281,0.0,0.0
241,864,175.513,0,0.488281,0.0,0.0
242,868,175.513,0,0.488281,0.0,0.0
243,872,175.513,0,0.488281,0.0,0.0
244,876,175.513,0,0.488281,0.0,0.0
245,880,175.513,0,0.488281,0.0,0.0
246,884,175.513,0,0.488281,0.0,0.0
247,888,175.513,0,0.488281,0.0,0.0
248,893,175.513,0,0.488281,0.0,0.0
249,897,175.513,0,0.488281,0.0,0.0
250,901,172.7646,0,0.488281,0.0,0.0
251,906,172.7646,0,0.488281,0.0,0.0
252,910,172.7646,0,0.488281,0.0,0.0
253,914,172.7646,0,0.488281,0.0,0.0
254,919,172.7646,0,0.488281,0.0,0.0
255,923,172.7646,0,0.488281,0.0,0.0
256,927,172.7646,0,0.488281,0.0,0.0
257,931,172.7646,0,0.488281,0.0,0.0
258,936,172.7646,0,0.488281,0.0,0.0
259,940,172.7646,0,0.488281,0.0,0.0
260,944,170.0162,0,0.488281,0.0,0.0
261,950,170.0162,0,0.488281,0.0,0.0
262,954,170.0162,0,0.488281,0.0,0.0
263,958,170.0162,0,0.488281,0.0,0.0
264,962,170.0162,0,0.488281,0.0,0.0
265,967,170.0162,0,0.488281,0.0,0.0
266,971,170.0162,0,0.488281,0.0,0.0
267,974,170.0162,0,0.488281,0.0,0.0
268,978,170.0162,0,0.488281,0.0,0.0
269,983,170.0162,0,0.488281,0.0,0.0
270,987,167.2678,0,0.488281,0.0,0.0
271,991,167.2678,0,0.488281,0.0,0.0
272,996,167.2678,0,0.488281,0.0,0.0
273,1000,167.2678,0,0.488281,0.0,0.0
274,1005,167.2678,0,0.488281,0.0,0.0
275,1009,167.2678,0,0.488281,0.0,0.0
276,1014,167.2678,0,0.488281,0.0,0.0
277,1018,167.2678,0,0.488281,0.0,0.0
278,1023,167.2678,0,0.488281,0.0,0.0
279,1027,167.2678,0,0.488281,0.0,0.0
280,1032,164.3916,0,0.488281,0.0,0.0
281,1036,164.3916,0,0.488281,0.0,0.0
282,1040,164.3916,0,0.488281,0.0,0.0
283,1045,164.3916,0,0.488281,0.0,0.0
284,1049,164.3916,0,0.488281,0.0,0.0
285,1053,164.3916,0,0.488281,0.0,0.0
286,1058,164.3916,0,0.488281,0.0,0.0
287,1063,164.3916,0,0.488281,0.0,0.0
288,1067,164.3916,0,0.488281,0.0,0.0
289,1071,164.3916,0,0.488281,0.0,0.0
290,1076,161.5793,0,0.488281,0.0,0.0
291,1080,161.5793,0,0.488281,0.0,0.0
292,1084,161.5793,0,0.488281,0.0,0.0
293,1088,161.5793,0,0.488281,0.0,0.0
294,1093,161.5793,0,0.488281,0.0,0.0
295,1097,161.5793,0,0.488281,0.0,0.0
296,1101,161.5793,0,0.488281,0.0,0.0
297,1106,161.5793,0,0.488281,0.0,0.0
298,1110,161.5793,0,0.488281,0.0,0.0
299,1115,161.5793,0,0.488281,0.0,0.0
300,1119,158.8309,0,0.488281,0.0,0.0
301,1124,158.8309,0,0.488281,0.0,0.0
302,1128,158.8309,0,0.488281,0.0,0.0
303,1132,158.8309,0,0.488281,0.0,0.0
304,1136,158.8309,0,0.488281,0.0,0.0
305,1141,158.8309,0,0.488281,0.0,0.0
306,1145,158.8309,0,0.488281,0.0,0.0
307,1149,158.8309,0,0.488281,0.0,0.0
308,1154,158.8309,0,0.488281,0.0,0.0
309,1158,158.8309,0,0.488281,0.0,0.0
310,1162,156.0826,0,0.488281,0.0,0.0
311,1166,156.0826,0,0.488281,0.0,0.0
312,1172,156.0826,0,0.488281,0.0,0.0
313,1176,156.0826,0,0.488281,0.0,0.0
314,1180,156.0826,0,0.488281,0.0,0.0
315,1185,156.0826,0,0.488281,0.0,0.0
316,1189,156.0826,0,0.488281,0.0,0.0
317,1193,156.0826,0,0.488281,0.0,0.0
318,1197,156.0826,0,0.488281,0.0,0.0
319,1202,156.0826,0,0.488281,0.0,0.0
320,1206,153.2703,0,0.488281,0.0,0.0
321,1210,153.2703,0,0.488281,0.0,0.0
322,1215,153.2703,0,0.488281,0.0,0.0
323,1219,153.2703,0,0.488281,0.0,0.0
324,1223,153.2703,0,0.488281,0.0,0.0
325,1227,153.2703,0,0.488281,0.0,0.0
326,1232,153.2703,0,0.488281,0.0,0.0
327,1236,153.2703,0,0.488281,0.0,0.0
328,1240,153.2703,0,0.488281,0.0,0.0
329,1244,153.2703,0,0.488281,0.0,0.0
330,1249,150.5219,0,0.488281,0.0,0.0
331,1253,150.5219,0,0.488281,0.0,0.0
332,1257,150.5219,0,0.488281,0.0,0.0
333,1262,150.5219,0,0.488281,0.0,0.0
334,1265,150.5219,0,0.488281,0.0,0.0
335,1269,150.5219,0,0.488281,0.0,0.0
336,1273,150.5219,0,0.488281,0.0,0.0
337,1278,150.5219,0,0.488281,0.0,0.0
338,1282,150.5219,0,0.488281,0.0,0.0
339,1286,150.5219,0,0.488281,0.0,0.0
340,1291,147.8374,0,0.488281,0.0,0.0
341,1295,147.8374,0,0.488281,0.0,0.0
342,1299,147.8374,0,0.488281,0.0,0.0
343,1303,147.8374,0,0.488281,0.0,0.0
344,1308,147.8374,0,0.488281,0.0,0.0
345,1311,147.8374,0,0.488281,0.0,0.0
346,1315,147.8374,0,0.488281,0.0,0.0
347,1319,147.8374,0,0.488281,0.0,0.0
348,1324,147.8374,0,0.488281,0.0,0.0
349,1328,147.8374,0,0.488281,0.0,0.0
350,1332,145.2169,0,0.488281,0.0,0.0
351,1337,145.2169,0,0.488281,0.0,0.0
352,1341,145.2169,0,0.488281,0.0,0.0
353,1346,145.2169,0,0.488281,0.0,0.0
354,1350,145.2169,0,0.488281,0.0,0.0
355,1356,145.2169,0,0.488281,0.0,0.0
356,1360,145.2169,0,0.488281,0.0,0.0
357,1364,145.2169,0,0.488281,0.0,0.0
358,1369,145.2169,0,0.488281,0.0,0.0
359,1373,145.2169,0,0.488281,0.0,0.0
360,1377,142.3407,0,0.488281,0.0,0.0
361,1381,142.3407,0,0.488281,0.0,0.0
362,1386,142.3407,0,0.488281,0.0,0.0
363,1390,142.3407,0,0.488281,0.0,0.0
364,1394,142.3407,0,0.488281,0.0,0.0
365,1399,142.3407,0,0.488281,0.0,0.0
366,1403,142.3407,0,0.488281,0.0,0.0
367,1407,142.3407,0,0.488281,0.0,0.0
368,1410,142.3407,0,0.488281,0.0,0.0
369,1415,142.3407,0,0.488281,0.0,0.0
370,1419,139.6562,0,0.488281,0.0,0.0
371,1423,139.6562,0,0.488281,0.0,0.0
372,1428,139.6562,0,0.488281,0.0,0.0
373,1432,139.6562,0,0.488281,0.0,0.0
374,1436,139.6562,0,0.488281,0.0,0.0
375,1441,139.6562,0,0.488281,0.0,0.0
376,1445,139.6562,0,0.488281,0.0,0.0
377,1449,139.6562,0,0.488281,0.0,0.0
378,1453,139.6562,0,0.488281,0.0,0.0
379,1457,139.6562,0,0.488281,0.0,0.0
380,1461,136.9717,0,0.488281,0.0,0.0
381,1465,136.9717,0,0.488281,0.0,0.0
382,1469,136.9717,0,0.488281,0.0,0.0
383,1474,136.9717,0,0.488281,0.0,0.0
384,1478,136.9717,0,0.488281,0.0,0.0
385,1482,136.9717,0,0.488281,0.0,0.0
386,1487,136.9717,0,0.488281,0.0,0.0
387,1491,136.9717,0,0.488281,0.0,0.0
388,1496,136.9717,0,0.488281,0.0,0.0
389,1500,136.9717,0,0.488281,0.0,0.0
390,1505,134.1594,0,0.488281,0.0,0.0
391,1509,134.1594,0,0.488281,0.0,0.0
392,1513,134.1594,0,0.488281,0.0,0.0
393,1517,134.1594,0,0.488281,0.0,0.0
394,1522,134.1594,0,0.488281,0.0,0.0
395,1526,134.1594,0,0.488281,0.0,0.0
396,1530,134.1594,0,0.488281,0.0,0.0
397,1535,134.1594,0,0.488281,0.0,0.0
398,1539,134.1594,0,0.488281,0.0,0.0
399,1543,134.1594,0,0.488281,0.0,0.0
400,1548,131.411,0,0.488281,0.0,0.0
401,1551,131.411,0,0.488281,0.0,0.0
402,1555,131.411,0,0.488281,0.0,0.0
403,1559,131.411,0,0.488281,0.0,0.0
404,1564,131.411,0,0.488281,0.0,0.0
405,1568,131.411,0,0.488281,0.0,0.0
406,1572,131.411,0,0.488281,0.0,0.0
407,1577,131.411,0,0.488281,0.0,0.0
408,1581,131.411,0,0.488281,0.0,0.0
409,1585,131.411,0,0.488281,0.0,0.0
410,1589,128.7266,0,0.488281,0.0,0.0
411,1594,128.7266,0,0.488281,0.0,0.0
412,1598,128.7266,0,0.488281,0.0,0.0
413,1601,128.7266,0,0.488281,0.0,0.0
414,1606,128.7266,0,0.488281,0.0,0.0
415,1610,128.7266,0,0.488281,0.0,0.0
416,1614,128.7266,0,0.488281,0.0,0.0
417,1618,128.7266,0,0.488281,0.0,0.0
418,1623,128.7266,0,0.488281,0.0,0.0
419,1627,128.7266,0,0.488281,0.0,0.0
420,1631,126.106,0,0.488281,0.0,0.0
421,1636,126.106,0,0.488281,0.0,0.0
422,1640,126.106,0,0.488281,0.0,0.0
423,1644,126.106,0,0.488281,0.0,0.0
424,1648,126.106,0,0.488281,0.0,0.0
425,1653,126.106,0,0.488281,0.0,0.0
426,1657,126.106,0,0.488281,0.0,0.0
427,1661,126.106,0,0.488281,0.0,0.0
428,1666,126.106,0,0.488281,0.0,0.0
429,1670,126.106,0,0.488281,0.0,0.0
430,1674,123.3576,0,0.488281,0.0,0.0
431,1679,123.3576,0,0.488281,0.0,0.0
432,1683,123.3576,0,0.488281,0.0,0.0
433,1687,123.3576,0,0.488281,0.0,0.0
434,1691,123.3576,0,0.488281,0.0,0.0
435,1696,123.3576,0,0.488281,0.0,0.0
436,1700,123.3576,0,0.488281,0.0,0.0
437,1704,123.3576,0,0.488281,0.0,0.0
438,1709,123.3576,0,0.488281,0.0,0.0
439,1713,123.3576,0,0.488281,0.0,0.0
440,1717,120.6093,0,0.488281,0.0,0.0
441,1721,120.6093,0,0.488281,0.0,0.0
442,1727,120.6093,0,0.488281,0.0,0.0
443,1731,120.6093,0,0.488281,0.0,0.0
444,1735,120.6093,0,0.488281,0.0,0.0
445,1740,120.6093,0,0.488281,0.0,0.0
446,1745,120.6093,0,0.488281,0.0,0.0
447,1749,120.6093,0,0.488281,0.0,0.0
448,1753,120.6093,0,0.488281,0.0,0.0
449,1758,120.6093,0,0.488281,0.0,0.0
450,1762,117.733,0,0.488281,0.0,0.0
451,1766,117.733,0,0.488281,0.0,0.0
452,1771,117.733,0,0.488281,0.0,0.0
453,1775,117.733,0,0.488281,0.0,0.0
454,1779,117.733,0,0.488281,0.0,0.0
455,1783,117.733,0,0.488281,0.0,0.0
456,1788,117.733,0,0.488281,0.0,0.0
457,1793,117.733,0,0.488281,0.0,0.0
458,1797,117.733,0,0.488281,0.0,0.0
459,1801,117.733,0,0.488281,0.0,0.0
460,1806,114.9207,0,0.488281,0.0,0.0
461,1810,114.9207,0,0.488281,0.0,0.0
462,1814,114.9207,0,0.488281,0.0,0.0
463,1819,114.9207,0,0.488281,0.0,0.0
464,1823,114.9207,0,0.488281,0.0,0.0
465,1827,114.9207,0,0.488281,0.0,0.0
466,1832,114.9207,0,0.488281,0.0,0.0
467,1836,114.9207,0,0.488281,0.0,0.0
468,1840,114.9207,0,0.488281,0.0,0.0
469,1844,114.9207,0,0.488281,0.0,0.0
470,1849,112.1724,0,0.488281,0.0,0.0
471,1853,112.1724,0,0.488281,0.0,0.0
472,1857,112.1724,0,0.488281,0.0,0.0
473,1862,112.1724,0,0.488281,0.0,0.0
474,1866,112.1724,0,0.488281,0.0,0.0
475,1870,112.1724,0,0.488281,0.0,0.0
476,1876,112.1724,0,0.488281,0.0,0.0
477,1880,112.1724,0,0.488281,0.0,0.0
478,1884,112.1724,0,0.488281,0.0,0.0
479,1888,112.1724,0,0.488281,0.0,0.0
480,1892,109.3601,0,0.488281,0.0,0.0
481,1896,109.3601,0,0.488281,0.0,0.0
482,1900,109.3601,0,0.488281,0.0,0.0
483,1904,109.3601,0,0.488281,0.0,0.0
484,1909,109.3601,0,0.488281,0.0,0.0
485,1913,109.3601,0,0.488281,0.0,0.0
486,1917,109.3601,0,0.488281,0.0,0.0
487,1922,109.3601,0,0.488281,0.0,0.0
488,1926,109.3601,0,0.488281,0.0,0.0
489,1930,109.3601,0,0.488281,0.0,0.0
490,1934,106.6756,0,0.488281,0.0,0.0
491,1940,106.6756,0,0.488281,0.0,0.0
492,1944,106.6756,0,0.488281,0.0,0.0
493,1948,106.6756,0,0.488281,0.0,0.0
494,1953,106.6756,0,0.488281,0.0,0.0
495,1957,106.6756,0,0.488281,0.0,0.0
496,1961,106.6756,0,0.488281,0.0,0.0
497,1965,106.6756,0,0.488281,0.0,0.0
498,1971,106.6756,0,0.488281,0.0,0.0
499,1975,106.6756,0,0.488281,0.0,0.0
500,1979,103.8633,0,0.488281,0.0,0.0
501,1984,103.8633,0,0.488281,0.0,0.0
502,1989,103.8633,0,0.488281,0.0,0.0
503,1993,103.8633,0,0.488281,0.0,0.0
504,1997,103.8633,0,0.488281,0.0,0.0
505,2002,103.8633,0,0.488281,0.0,0.0
506,2006,103.8633,0,0.488281,0.0,0.0
507,2010,103.8633,0,0.488281,0.0,0.0
508,2015,103.8633,0,0.488281,0.0,0.0
509,2019,103.8633,0,0.488281,0.0,0.0
510,2024,100.9871,0,0.488281,0.0,0.0
511,2029,100.9871,0,0.488281,0.0,0.0
512,2034,100.9871,0,0.488281,0.0,0.0
513,2038,100.9871,0,0.488281,0.0,0.0
514,2042,100.9871,0,0.488281,0.0,0.0
515,2047,100.9871,0,0.488281,0.0,0.0
516,2051,100.9871,0,0.488281,0.0,0.0
517,2055,100.9871,0,0.488281,0.0,0.0
518,2059,100.9871,0,0.488281,0.0,0.0
519,2064,100.9871,0,0.488281,0.0,0.0
520,2068,98.1748,0,0.488281,0.0,0.0
521,2072,98.1748,0,0.488281,0.0,0.0
522,2077,98.1748,0,0.488281,0.0,0.0
523,2081,98.1748,0,0.488281,0.0,0.0
524,2085,98.1748,0,0.488281,0.0,0.0
525,2089,98.1748,0,0.488281,0.0,0.0
526,2094,98.1748,0,0.488281,0.0,0.0
527,2098,98.1748,0,0.488281,0.0,0.0
528,2102,98.1748,0,0.488281,0.0,0.0
529,2107,98.1748,0,0.488281,0.0,0.0
530,2111,95.4264,0,0.488281,0.0,0.0
531,2115,95.4264,0,0.488281,0.0,0.0
532,2121,95.4264,0,0.488281,0.0,0.0
533,2125,95.4264,0,0.488281,0.0,0.0
534,2129,95.4264,0,0.488281,0.0,0.0
535,2133,95.4264,0,0.488281,0.0,0.0
536,2139,95.4264,0,0.488281,0.0,0.0
537,2143,95.4264,0,0.488281,0.0,0.0
538,2147,95.4264,0,0.488281,0.0,0.0
539,2151,95.4264,0,0.488281,0.0,0.0
540,2156,92.5502,0,0.488281,0.0,0.0
541,2160,92.5502,0,0.488281,0.0,0.0
542,2164,92.5502,0,0.488281,0.0,0.0
543,2169,92.5502,0,0.488281,0.0,0.0
544,2173,92.5502,0,0.488281,0.0,0.0
545,2177,92.5502,0,0.488281,0.0,0.0
546,2182,92.5502,0,0.488281,0.0,0.0
547,2186,92.5502,0,0.488281,0.0,0.0
548,2190,92.5502,0,0.488281,0.0,0.0
549,2194,92.5502,0,0.488281,0.0,0.0
550,2199,89.8018,0,0.488281,0.0,0.0
551,2203,89.8018,0,0.488281,0.0,0.0
552,2207,89.8018,0,0.488281,0.0,0.0
553,2211,89.8018,0,0.488281,0.0,0.0
554,2216,89.8018,0,0.488281,0.0,0.0
555,2220,89.8018,0,0.488281,0.0,0.0
556,2224,89.8018,0,0.488281,0.0,0.0
557,2229,89.8018,0,0.488281,0.0,0.0
558,2231,89.8018,0,0.488281,0.0,0.0
559,2235,89.8018,0,0.488281,0.0,0.0
560,2239,87.2452,0,0.488281,0.0,0.0
561,2244,87.2452,0,0.488281,0.0,0.0
562,2248,87.2452,0,0.488281,0.0,0.0
563,2252,87.2452,0,0.488281,0.0,0.0
564,2257,87.2452,0,0.488281,0.0,0.0
565,2261,87.2452,0,0.488281,0.0,0.0
566,2265,87.2452,0,0.488281,0.0,0.0
567,2269,87.2452,0,0.488281,0.0,0.0
568,2274,87.2452,0,0.488281,0.0,0.0
569,2278,87.2452,0,0.488281,0.0,0.0
570,2282,84.4968,0,0.488281,0.0,0.0
571,2286,84.4968,0,0.488281,0.0,0.0
572,2291,84.4968,0,0.488281,0.0,0.0
573,2295,84.4968,0,0.488281,0.0,0.0
574,2299,84.4968,0,0.488281,0.0,0.0
575,2304,84.4968,0,0.488281,0.0,0.0
576,2308,84.4968,0,0.488281,0.0,0.0
577,2312,84.4968,0,0.488281,0.0,0.0
578,2317,84.4968,0,0.488281,0.0,0.0
579,2321,84.4968,0,0.488281,0.0,0.0
580,2325,81.7484,0,0.488281,0.0,0.0
581,2329,81.7484,0,0.488281,0.0,0.0
582,2335,81.7484,0,0.488281,0.0,0.0
583,2339,81.7484,0,0.488281,0.0,0.0
584,2343,81.7484,0,0.488281,0.0,0.0
585,2347,81.7484,0,0.488281,0.0,0.0
586,2352,81.7484,0,0.488281,0.0,0.0
587,2356,81.7484,0,0.488281,0.0,0.0
588,2361,81.7484,0,0.488281,0.0,0.0
589,2366,81.7484,0,0.488281,0.0,0.0
590,2370,78.8722,0,0.488281,0.0,0.0
591,2374,78.8722,0,0.488281,0.0,0.0
592,2377,78.8722,0,0.488281,0.0,0.0
593,2382,78.8722,0,0.488281,0.0,0.0
594,2386,78.8722,0,0.488281,0.0,0.0
595,2390,78.8722,0,0.488281,0.0,0.0
596,2394,78.8722,0,0.488281,0.0,0.0
597,2399,78.8722,0,0.488281,0.0,0.0
598,2403,78.8722,0,0.488281,0.0,0.0
599,2407,78.8722,0,0.488281,0.0,0.0
600,2412,76.1877,0,0.488281,0.0,0.0
601,2416,76.1877,0,0.488281,0.0,0.0
602,2420,76.1877,0,0.488281,0.0,0.0
603,2426,76.1877,0,0.488281,0.0,0.0
604,2430,76.1877,0,0.488281,0.0,0.0
605,2434,76.1877,0,0.488281,0.0,0.0
606,2438,76.1877,0,0.488281,0.0,0.0
607,2443,76.1877,0,0.488281,0.0,0.0
608,2447,76.1877,0,0.488281,0.0,0.0
609,2451,76.1877,0,0.488281,0.0,0.0
610,2456,73.3754,0,0.488281,0.0,0.0
611,2460,73.3754,0,0.488281,0.0,0.0
612,2465,73.3754,0,0.488281,0.0,0.0
613,2469,73.3754,0,0.488281,0.0,0.0
614,2474,73.3754,0,0.488281,0.0,0.0
615,2478,73.3754,0,0.488281,0.0,0.0
616,2482,73.3754,0,0.488281,0.0,0.0
617,2486,73.3754,0,0.488281,0.0,0.0
618,2491,73.3754,0,0.488281,0.0,0.0
619,2495,73.3754,0,0.488281,0.0,0.0
620,2499,70.6271,0,0.488281,0.0,0.0
621,2504,70.6271,0,0.488281,0.0,0.0
622,2508,70.6271,0,0.488281,0.0,0.0
623,2512,70.6271,0,0.488281,0.0,0.0
624,2517,70.6271,0,0.488281,0.0,0.0
625,2521,70.6271,0,0.488281,0.0,0.0
626,2525,70.6271,0,0.488281,0.0,0.0
627,2529,70.6271,0,0.488281,0.0,0.0
628,2533,70.6271,0,0.488281,0.0,0.0
629,2538,70.6271,0,0.488281,0.0,0.0
630,2542,67.8787,0,0.488281,0.0,0.0
631,2546,67.8787,0,0.488281,0.0,0.0
632,2551,67.8787,0,0.488281,0.0,0.0
633,2555,67.8787,0,0.488281,0.0,0.0
634,2559,67.8787,0,0.488281,0.0,0.0
635,2564,67.8787,0,0.488281,0.0,0.0
636,2568,67.8787,0,0.488281,0.0,0.0
637,2572,67.8787,0,0.488281,0.0,0.0
638,2576,67.8787,0,0.488281,0.0,0.0
639,2581,67.8787,0,0.488281,0.0,0.0
640,2585,65.1303,0,0.488281,0.0,0.0
641,2589,65.1303,0,0.488281,0.0,0.0
642,2594,65.1303,0,0.488281,0.0,0.0
643,2598,65.1303,0,0.488281,0.0,0.0
644,2602,65.1303,0,0.488281,0.0,0.0
645,2606,65.1303,0,0.488281,0.0,0.0
646,2611,65.1303,0,0.488281,0.0,0.0
647,2615,65.1303,0,0.488281,0.0,0.0
648,2619,65.1303,0,0.488281,0.0,0.0
649,2623,65.1303,0,0.488281,0.0,0.0
650,2628,62.3819,0,0.488281,0.0,0.0
651,2632,62.3819,0,0.488281,0.0,0.0
652,2636,62.3819,0,0.488281,0.0,0.0
653,2641,62.3819,0,0.488281,0.0,0.0
654,2645,62.3819,0,0.488281,0.0,0.0
655,2649,62.3819,0,0.488281,0.0,0.0
656,2653,62.3819,0,0.488281,0.0,0.0
657,2659,62.3819,0,0.488281,0.0,0.0
658,2663,62.3819,0,0.488281,0.0,0.0
659,2668,62.3819,0,0.488281,0.0,0.0
660,2672,59.5057,0,0.488281,0.0,0.0
661,2677,59.5057,0,0.488281,0.0,0.0
662,2681,59.5057,0,0.488281,0.0,0.0
663,2685,59.5057,0,0.488281,0.0,0.0
664,2690,59.5057,0,0.488281,0.0,0.0
665,2694,59.5057,0,0.488281,0.0,0.0
666,2698,59.5057,0,0.488281,0.0,0.0
667,2703,59.5057,0,0.488281,0.0,0.0
668,2707,59.5057,0,0.488281,0.0,0.0
669,2711,59.5057,0,0.488281,0.0,0.0
670,2715,56.8212,0,0.488281,0.0,0.0
671,2720,56.8212,0,0.488281,0.0,0.0
672,2724,56.8212,0,0.488281,0.0,0.0
673,2728,56.8212,0,0.488281,0.0,0.0
674,2732,56.8212,0,0.488281,0.0,0.0
675,2737,56.8212,0,0.488281,0.0,0.0
676,2741,56.8212,0,0.488281,0.0,0.0
677,2745,56.8212,0,0.488281,0.0,0.0
678,2750,56.8212,0,0.488281,0.0,0.0
679,2754,56.8212,0,0.488281,0.0,0.0
680,2759,54.0728,0,0.488281,0.0,0.0
681,2764,54.0728,0,0.488281,0.0,0.0
682,2769,54.0728,0,0.488281,0.0,0.0
683,2773,54.0728,0,0.488281,0.0,0.0
684,2777,54.0728,0,0.488281,0.0,0.0
685,2781,54.0728,0,0.488281,0.0,0.0
686,2786,54.0728,0,0.488281,0.0,0.0
687,2790,54.0728,0,0.488281,0.0,0.0
688,2794,54.0728,0,0.488281,0.0,0.0
689,2799,54.0728,0,0.488281,0.0,0.0
690,2803,51.1966,0,0.488281,0.0,0.0
691,2808,51.1966,0,0.488281,0.0,0.0
692,2812,51.1966,0,0.488281,0.0,0.0
693,2817,51.1966,0,0.488281,0.0,0.0
694,2821,51.1966,0,0.488281,0.0,0.0
695,2825,51.1966,0,0.488281,0.0,0.0
696,2830,51.1966,0,0.488281,0.0,0.0
697,2834,51.1966,0,0.488281,0.0,0.0
698,2838,51.1966,0,0.488281,0.0,0.0
699,2842,51.1966,0,0.488281,0.0,0.0
700,2847,48.3843,0,0.488281,0.0,0.0
701,2851,48.3843,0,0.488281,0.0,0.0
702,2856,48.3843,0,0.488281,0.0,0.0
703,2861,48.3843,0,0.488281,0.0,0.0
704,2864,48.3843,0,0.488281,0.0,0.0
705,2868,48.3843,0,0.488281,0.0,0.0
706,2872,48.3843,0,0.488281,0.0,0.0
707,2877,48.3843,0,0.488281,0.0,0.0
708,2881,48.3843,0,0.488281,0.0,0.0
709,2885,48.3843,0,0.488281,0.0,0.0
710,2890,45.6359,0,0.488281,0.0,0.0
711,2894,45.6359,0,0.488281,0.0,0.0
712,2898,45.6359,0,0.488281,0.0,0.0
713,2902,45.6359,0,0.488281,0.0,0.0
714,2907,45.6359,0,0.488281,0.0,0.0
715,2912,45.6359,0,0.488281,0.0,0.0
716,2916,45.6359,0,0.488281,0.0,0.0
717,2920,45.6359,0,0.488281,0.0,0.0
718,2925,45.6359,0,0.488281,0.0,0.0
719,2929,45.6359,0,0.488281,0.0,0.0
720,2933,42.8876,0,0.488281,0.0,0.0
721,2938,42.8876,0,0.488281,0.0,0.0
722,2942,42.8876,0,0.488281,0.0,0.0
723,2946,42.8876,0,0.488281,0.0,0.0
724,2950,42.8876,0,0.488281,0.0,0.0
725,2955,42.8876,0,0.488281,0.0,0.0
726,2958,42.8876,0,0.488281,0.0,0.0
727,2962,42.8876,0,0.488281,0.0,0.0
728,2967,42.8876,0,0.488281,0.0,0.0
729,2971,42.8876,0,0.488281,0.0,0.0
730,2975,40.2031,0,0.488281,0.0,0.0
731,2979,40.2031,0,0.488281,0.0,0.0
732,2984,40.2031,0,0.488281,0.0,0.0
733,2988,40.2031,0,0.488281,0.0,0.0
734,2992,40.2031,0,0.488281,0.0,0.0
735,2997,40.2031,0,0.488281,0.0,0.0
736,3001,40.2031,0,0.488281,0.0,0.0
737,3005,40.2031,0,0.488281,0.0,0.0
738,3008,40.2031,0,0.488281,0.0,0.0
739,3013,40.2031,0,0.488281,0.0,0.0
740,3017,37.5186,0,0.488281,0.0,0.0
741,3021,37.5186,0,0.488281,0.0,0.0
742,3026,37.5186,0,0.488281,0.0,0.0
743,3030,37.5186,0,0.488281,0.0,0.0
744,3034,37.5186,0,0.488281,0.0,0.0
745,3040,37.5186,0,0.488281,0.0,0.0
746,3044,37.5186,0,0.488281,0.0,0.0
747,3048,37.5186,0,0.488281,0.0,0.0
748,3052,37.5186,0,0.488281,0.0,0.0
749,3056,37.5186,0,0.488281,0.0,0.0
750,3060,34.7702,0,0.488281,0.0,0.0
751,3064,34.7702,0,0.488281,0.0,0.0
752,3068,34.7702,0,0.488281,0.0,0.0
753,3073,34.7702,0,0.488281,0.0,0.0
754,3077,34.7702,0,0.488281,0.0,0.0
755,3081,34.7702,0,0.488281,0.0,0.0
756,3086,34.7702,0,0.488281,0.0,0.0
757,3090,34.7702,0,0.488281,0.0,0.0
758,3094,34.7702,0,0.488281,0.0,0.0
759,3098,34.7702,0,0.488281,0.0,0.0
760,3103,32.0219,0,0.488281,0.0,0.0
761,3107,32.0219,0,0.488281,0.0,0.0
762,3111,32.0219,0,0.488281,0.0,0.0
763,3116,32.0219,0,0.488281,0.0,0.0
764,3120,32.0219,0,0.488281,0.0,0.0
765,3124,32.0219,0,0.488281,0.0,0.0
766,3128,32.0219,0,0.488281,0.0,0.0
767,3133,32.0219,0,0.488281,0.0,0.0
768,3137,32.0219,0,0.488281,0.0,0.0
769,3142,32.0219,0,0.488281,0.0,0.0
770,3147,29.2096,0,0.488281,0.0,0.0
771,3151,29.2096,0,0.488281,0.0,0.0
772,3155,29.2096,0,0.488281,0.0,0.0
773,3159,29.2096,0,0.488281,0.0,0.0
774,3164,29.2096,0,0.488281,0.0,0.0
775,3168,29.2096,0,0.488281,0.0,0.0
776,3172,29.2096,0,0.488281,0.0,0.0
777,3177,29.2096,0,0.488281,0.0,0.0
778,3181,29.2096,0,0.488281,0.0,0.0
779,3186,29.2096,0,0.488281,0.0,0.0
780,3190,26.4612,0,0.488281,0.0,0.0
781,3195,26.4612,0,0.488281,0.0,0.0
782,3199,26.4612,0,0.488281,0.0,0.0
783,3203,26.4612,0,0.488281,0.0,0.0
784,3207,26.4612,0,0.488281,0.0,0.0
785,3212,26.4612,0,0.488281,0.0,0.0
786,3216,26.4612,0,0.488281,0.0,0.0
787,3220,26.4612,0,0.488281,0.0,0.0
788,3225,26.4612,0,0.488281,0.0,0.0
789,3229,26.4612,0,0.488281,0.0,0.0
790,3233,23.7128,0,0.488281,0.0,0.0
791,3237,23.7128,0,0.488281,0.0,0.0
792,3242,23.7128,0,0.488281,0.0,0.0
793,3246,23.7128,0,0.488281,0.0,0.0
794,3249,23.7128,0,0.488281,0.0,0.0
795,3254,23.7128,0,0.488281,0.0,0.0
796,3258,23.7128,0,0.488281,0.0,0.0
797,3262,23.7128,0,0.488281,0.0,0.0
798,3266,23.7128,0,0.488281,0.0,0.0
799,3271,23.7128,0,0.488281,0.0,0.0
800,3275,21.0283,0,0.488281,0.0,0.0
801,3280,21.0283,0,0.488281,0.0,0.0
802,3285,21.0283,0,0.488281,0.0,0.0
803,3290,21.0283,0,0.488281,0.0,0.0
804,3294,21.0283,0,0.488281,0.0,0.0
805,3297,21.0283,0,0.488281,0.0,0.0
806,3302,21.0283,0,0.488281,0.0,0.0
807,3306,21.0283,0,0.488281,0.0,0.0
808,3310,21.0283,0,0.488281,0.0,0.0
809,3314,21.0283,0,0.488281,0.0,0.0
810,3319,18.216,0,0.488281,0.0,0.0
811,3323,18.216,0,0.488281,0.0,0.0
812,3327,18.216,0,0.488281,0.0,0.0
813,3332,18.216,0,0.488281,0.0,0.0
814,3336,18.216,0,0.488281,0.0,0.0
815,3340,18.216,0,0.488281,0.0,0.0
816,3343,18.216,0,0.488281,0.0,0.0
817,3348,18.216,0,0.488281,0.0,0.0
818,3352,18.216,0,0.488281,0.0,0.0
819,3356,18.216,0,0.488281,0.0,0.0
820,3361,15.5316,0,0.488281,0.0,0.0
821,3365,15.5316,0,0.488281,0.0,0.0
822,3369,15.5316,0,0.488281,0.0,0.0
823,3375,15.5316,0,0.488281,0.0,0.0
824,3379,15.5316,0,0.488281,0.0,0.0
825,3384,15.5316,0,0.488281,0.0,0.0
826,3388,15.5316,0,0.488281,0.0,0.0
827,3394,15.5316,0,0.488281,0.0,0.0
828,3398,15.5316,0,0.488281,0.0,0.0
829,3402,15.5316,0,0.488281,0.0,0.0
830,3406,12.6553,0,0.488281,0.0,0.0
831,3411,12.6553,0,0.488281,0.0,0.0
832,3415,12.6553,0,0.488281,0.0,0.0
833,3419,12.6553,0,0.488281,0.0,0.0
834,3424,12.6553,0,0.488281,0.0,0.0
835,3428,12.6553,0,0.488281,0.0,0.0
836,3432,12.6553,0,0.488281,0.0,0.0
837,3436,12.6553,0,0.488281,0.0,0.0
838,3441,12.6553,0,0.488281,0.0,0.0
839,3445,12.6553,0,0.488281,0.0,0.0
840,3449,9.907,0,0.488281,0.0,0.0
841,3453,9.907,0,0.488281,0.0,0.0
842,3458,9.907,0,0.488281,0.0,0.0
843,3462,9.907,0,0.488281,0.0,0.0
844,3466,9.907,0,0.488281,0.0,0.0
845,3470,9.907,0,0.488281,0.0,0.0
846,3475,9.907,0,0.488281,0.0,0.0
847,3479,9.907,0,0.488281,0.0,0.0
848,3483,9.907,0,0.488281,0.0,0.0
849,3487,9.907,0,0.488281,0.0,0.0
850,3491,7.2225,0,0.488281,0.0,0.0
851,3495,7.2225,0,0.488281,0.0,0.0
852,3499,7.2225,0,0.488281,0.0,0.0
853,3503,7.2225,0,0.488281,0.0,0.0
854,3507,7.2225,0,0.488281,0.0,0.0
855,3511,7.2225,0,0.488281,0.0,0.0
856,3515,7.2225,0,0.488281,0.0,0.0
857,3519,7.2225,0,0.488281,0.0,0.0
858,3523,7.2225,0,0.488281,0.0,0.0
859,3526,7.2225,0,0.488281,0.0,0.0
860,3530,4.6659,0,0.488281,0.0,0.0
861,3534,4.6659,0,0.488281,0.0,0.0
862,3538,4.6659,0,0.488281,0.0,0.0
863,3541,4.6659,0,0.488281,0.0,0.0
864,3545,4.6659,0,0.488281,0.0,0.0
865,3548,4.6659,0,0.488281,0.0,0.0
866,3552,4.6659,0,0.488281,0.0,0.0
867,3555,4.6659,0,0.488281,0.0,0.0
868,3558,4.6659,0,0.488281,0.0,0.0
869,3562,4.6659,0,0.488281,0.0,0.0
870,3565,2.4288,0,0.488281,0.0,0.0
871,3568,2.4288,0,0.488281,0.0,0.0
872,3571,2.4288,0,0.488281,0.0,0.0
873,3574,2.4288,0,0.488281,0.0,0.0
874,3577,2.4288,0,0.488281,0.0,0.0
875,3580,2.4288,0,0.488281,0.0,0.0
876,3583,2.4288,0,0.488281,0.0,0.0
877,3586,2.4288,0,0.488281,0.0,0.0
878,3588,2.4288,0,0.488281,0.0,0.0
879,3591,2.4288,0,0.488281,0.0,0.0
880,3594,0.5753,0,0.488281,0.0,0.0
881,3596,0.5753,0,0.488281,0.0,0.0
882,3599,0.5753,0,0.488281,0.0,0.0
883,3601,0.5753,0,0.488281,0.0,0.0
884,3603,0.5753,0,0.488281,0.0,0.0
885,3606,0.5753,0,0.488281,0.0,0.0
886,3608,0.5753,0,0.488281,0.0,0.0
887,3610,0.5753,0,0.488281,0.0,0.0
888,3612,0.5753,0,0.488281,0.0,0.0
889,3614,0.5753,0,0.488281,0.0,0.0
890,3616,-0.8948,0,0.488281,0.0,0.0
891,3618,-0.8948,0,0.488281,0.0,0.0
892,3620,-0.8948,0,0.488281,0.0,0.0
893,3621,-0.8948,0,0.488281,0.0,0.0
894,3623,-0.8948,0,0.488281,0.0,0.0
895,3624,-0.8948,0,0.488281,0.0,0.0
896,3626,-0.8948,0,0.488281,0.0,0.0
897,3627,-0.8948,0,0.488281,0.0,0.0
898,3629,-0.8948,0,0.488281,0.0,0.0
899,3630,-0.8948,0,0.488281,0.0,0.0
900,3631,-1.9175,0,0.488281,0.0,0.0
901,3633,-1.9175,0,0.488281,0.0,0.0
902,3634,-1.9175,0,0.488281,0.0,0.0
903,3635,-1.9175,0,0.488281,0.0,0.0
904,3636,-1.9175,0,0.488281,0.0,0.0
905,3637,-1.9175,0,0.488281,0.0,0.0
906,3638,-1.9175,0,0.488281,0.0,0.0
907,3638,-1.9175,0,0.488281,0.0,0.0
908,3639,-1.9175,0,0.488281,0.0,0.0
909,3640,-1.9175,0,0.488281,0.0,0.0
910,3640,-2.5566,0,0.488281,0.0,0.0
911,3641,-2.5566,0,0.488281,0.0,0.0
912,3642,-2.5566,0,0.488281,0.0,0.0
913,3642,-2.5566,0,0.488281,0.0,0.0
914,3643,-2.5566,0,0.488281,0.0,0.0
915,3643,-2.5566,0,0.488281,0.0,0.0
916,3643,-2.5566,0,0.488281,0.0,0.0
917,3643,-2.5566,0,0.488281,0.0,0.0
918,3644,-2.5566,0,0.488281,0.0,0.0
919,3644,-2.5566,0,0.488281,0.0,0.0
920,3644,-2.8123,0,0.488281,0.0,0.0
921,3644,-2.8123,0,0.488281,0.0,0.0
922,3644,-2.8123,0,0.488281,0.0,0.0
923,3644,-2.8123,0,0.488281,0.0,0.0
924,3644,-2.8123,0,0.488281,0.0,0.0
925,3644,-2.8123,0,0.488281,0.0,0.0
926,3644,-2.8123,0,0.488281,0.0,0.0
927,3643,-2.8123,0,0.488281,0.0,0.0
928,3643,-2.8123,0,0.488281,0.0,0.0
929,3643,-2.8123,0,0.488281,0.0,0.0
930,3643,-2.7484,0,0.488281,0.0,0.0
931,3642,-2.7484,0,0.488281,0.0,0.0
932,3642,-2.7484,0,0.488281,0.0,0.0
933,3641,-2.7484,0,0.488281,0.0,0.0
934,3641,-2.7484,0,0.488281,0.0,0.0
935,3641,-2.7484,0,0.488281,0.0,0.0
936,3640,-2.7484,0,0.488281,0.0,0.0
937,3640,-2.7484,0,0.488281,0.0,0.0
938,3639,-2.7484,0,0.488281,0.0,0.0
939,3639,-2.7484,0,0.488281,0.0,0.0
940,3638,-2.4927,0,0.488281,0.0,0.0
941,3638,-2.4927,0,0.488281,0.0,0.0
942,3637,-2.4927,0,0.488281,0.0,0.0
943,3637,-2.4927,0,0.488281,0.0,0.0
944,3636,-2.4927,0,0.488281,0.0,0.0
945,3635,-2.4927,0,0.488281,0.0,0.0
946,3635,-2.4927,0,0.488281,0.0,0.0
947,3634,-2.4927,0,0.488281,0.0,0.0
948,3634,-2.4927,0,0.488281,0.0,0.0
949,3633,-2.4927,0,0.488281,0.0,0.0
950,3633,-2.1092,0,0.488281,0.0,0.0
951,3632,-2.1092,0,0.488281,0.0,0.0
952,3631,-2.1092,0,0.488281,0.0,0.0
953,3631,-2.1092,0,0.488281,0.0,0.0
954,3630,-2.1092,0,0.488281,0.0,0.0
955,3630,-2.1092,0,0.488281,0.0,0.0
956,3629,-2.1092,0,0.488281,0.0,0.0
957,3628,-2.1092,0,0.488281,0.0,0.0
958,3628,-2.1092,0,0.488281,0.0,0.0
959,3627,-2.1092,0,0.488281,0.0,0.0
960,3626,-1.7257,0,0.488281,0.0,0.0
961,3626,-1.7257,0,0.488281,0.0,0.0
962,3625,-1.7257,0,0.488281,0.0,0.0
963,3624,-1.7257,0,0.488281,0.0,0.0
964,3624,-1.7257,0,0.488281,0.0,0.0
965,3623,-1.7257,0,0.488281,0.0,0.0
966,3623,-1.7257,0,0.488281,0.0,0.0
967,3622,-1.7257,0,0.488281,0.0,0.0
968,3621,-1.7257,0,0.488281,0.0,0.0
969,3621,-1.7257,0,0.488281,0.0,0.0
970,3620,-1.3422,0,0.488281,0.0,0.0
971,3620,-1.3422,0,0.488281,0.0,0.0
972,3619,-1.3422,0,0.488281,0.0,0.0
973,3618,-1.3422,0,0.488281,0.0,0.0
974,3618,-1.3422,0,0.488281,0.0,0.0
975,3617,-1.3422,0,0.488281,0.0,0.0
976,3617,-1.3422,0,0.488281,0.0,0.0
977,3616,-1.3422,0,0.488281,0.0,0.0
978,3616,-1.3422,0,0.488281,0.0,0.0
979,3615,-1.3422,0,0.488281,0.0,0.0
980,3614,-0.9587,0,0.488281,0.0,0.0
981,3614,-0.9587,0,0.488281,0.0,0.0
982,3613,-0.9587,0,0.488281,0.0,0.0
983,3613,-0.9587,0,0.488281,0.0,0.0
984,3612,-0.9587,0,0.488281,0.0,0.0
985,3612,-0.9587,0,0.488281,0.0,0.0
986,3611,-0.9587,0,0.488281,0.0,0.0
987,3611,-0.9587,0,0.488281,0.0,0.0
988,3610,-0.9587,0,0.488281,0.0,0.0
989,3610,-0.9587,0,0.488281,0.0,0.0
990,3610,-0.6391,0,0.488281,0.0,0.0
991,3609,-0.6391,0,0.488281,0.0,0.0
992,3609,-0.6391,0,0.488281,0.0,0.0
993,3608,-0.6391,0,0.488281,0.0,0.0
994,3608,-0.6391,0,0.488281,0.0,0.0
995,3607,-0.6391,0,0.488281,0.0,0.0
996,3607,-0.6391,0,0.488281,0.0,0.0
997,3607,-0.6391,0,0.488281,0.0,0.0
998,3606,-0.6391,0,0.488281,0.0,0.0
999,3606,-0.6391,0,0.488281,0.0,0.0
1000,3605,-0.3835,0,0.488281,0.0,0.0
1001,3605,-0.3835,0,0.488281,0.0,0.0
1002,3605,-0.3835,0,0.488281,0.0,0.0
1003,3604,-0.3835,0,0.488281,0.0,0.0
1004,3604,-0.3835,0,0.488281,0.0,0.0
1005,3604,-0.3835,0,0.488281,0.0,0.0
1006,3604,-0.3835,0,0.488281,0.0,0.0
1007,3603,-0.3835,0,0.488281,0.0,0.0
1008,3603,-0.3835,0,0.488281,0.0,0.0
1009,3603,-0.3835,0,0.488281,0.0,0.0
1010,3603,-0.1917,0,0.488281,0.0,0.0
1011,3602,-0.1917,0,0.488281,0.0,0.0
1012,3602,-0.1917,0,0.488281,0.0,0.0
1013,3602,-0.1917,0,0.488281,0.0,0.0
1014,3602,-0.1917,0,0.488281,0.0,0.0
1015,3602,-0.1917,0,0.488281,0.0,0.0
1016,3601,-0.1917,0,0.488281,0.0,0.0
1017,3601,-0.1917,0,0.488281,0.0,0.0
1018,3601,-0.1917,0,0.488281,0.0,0.0
1019,3601,-0.1917,0,0.488281,0.0,0.0
