TIME,PULSES,CONTROLLERVOLTAGE,CONTROLLER,KP,TAUD,TAUI 
NEXT EXPERIMENT0,0.0,-0.2454,1.0,2.5,0.00625,0.0
1,0.0,-0.2454,1.0,2.5,0.00625,0.0
2,0.0,-0.2454,1.0,2.5,0.00625,0.0
3,0.0,-0.2454,1.0,2.5,0.00625,0.0
4,0.0,-0.2454,1.0,2.5,0.00625,0.0
5,0.0,-0.2454,1.0,2.5,0.00625,0.0
6,0.0,-0.2454,1.0,2.5,0.00625,0.0
7,0.0,-0.2454,1.0,2.5,0.00625,0.0
8,0.0,-0.2454,1.0,2.5,0.00625,0.0
9,0.0,-0.2454,1.0,2.5,0.00625,0.0
10,0.0,1914.6125,1.0,2.5,0.00625,0.0
11,0.0,1914.6125,1.0,2.5,0.00625,0.0
12,0.0,1914.6125,1.0,2.5,0.00625,0.0
13,1.0,1914.6125,1.0,2.5,0.00625,0.0
14,1.0,1914.6125,1.0,2.5,0.00625,0.0
15,1.0,1914.6125,1.0,2.5,0.00625,0.0
16,2.0,1914.6125,1.0,2.5,0.00625,0.0
17,3.0,1914.6125,1.0,2.5,0.00625,0.0
18,4.0,1914.6125,1.0,2.5,0.00625,0.0
19,5.0,1914.6125,1.0,2.5,0.00625,0.0
20,6.0,1175.4384,1.0,2.5,0.00625,0.0
21,7.0,1175.4384,1.0,2.5,0.00625,0.0
22,9.0,1175.4384,1.0,2.5,0.00625,0.0
23,10.0,1175.4384,1.0,2.5,0.00625,0.0
24,12.0,1175.4384,1.0,2.5,0.00625,0.0
25,13.0,1175.4384,1.0,2.5,0.00625,0.0
26,15.0,1175.4384,1.0,2.5,0.00625,0.0
27,17.0,1175.4384,1.0,2.5,0.00625,0.0
28,19.0,1175.4384,1.0,2.5,0.00625,0.0
29,21.0,1175.4384,1.0,2.5,0.00625,0.0
30,23.0,1167.9526,1.0,2.5,0.00625,0.0
31,25.0,1167.9526,1.0,2.5,0.00625,0.0
32,27.0,1167.9526,1.0,2.5,0.00625,0.0
33,29.0,1167.9526,1.0,2.5,0.00625,0.0
34,32.0,1167.9526,1.0,2.5,0.00625,0.0
35,34.0,1167.9526,1.0,2.5,0.00625,0.0
36,37.0,1167.9526,1.0,2.5,0.00625,0.0
37,39.0,1167.9526,1.0,2.5,0.00625,0.0
38,42.0,1167.9526,1.0,2.5,0.00625,0.0
39,44.0,1167.9526,1.0,2.5,0.00625,0.0
40,47.0,1158.4624,1.0,2.5,0.00625,0.0
41,50.0,1158.4624,1.0,2.5,0.00625,0.0
42,53.0,1158.4624,1.0,2.5,0.00625,0.0
43,56.0,1158.4624,1.0,2.5,0.00625,0.0
44,59.0,1158.4624,1.0,2.5,0.00625,0.0
45,62.0,1158.4624,1.0,2.5,0.00625,0.0
46,65.0,1158.4624,1.0,2.5,0.00625,0.0
47,68.0,1158.4624,1.0,2.5,0.00625,0.0
48,71.0,1158.4624,1.0,2.5,0.00625,0.0
49,74.0,1158.4624,1.0,2.5,0.00625,0.0
50,77.0,1147.9495,1.0,2.5,0.00625,0.0
51,80.0,1147.9495,1.0,2.5,0.00625,0.0
52,83.0,1147.9495,1.0,2.5,0.00625,0.0
53,87.0,1147.9495,1.0,2.5,0.00625,0.0
54,90.0,1147.9495,1.0,2.5,0.00625,0.0
55,93.0,1147.9495,1.0,2.5,0.00625,0.0
56,97.0,1147.9495,1.0,2.5,0.00625,0.0
57,100.0,1147.9495,1.0,2.5,0.00625,0.0
58,104.0,1147.9495,1.0,2.5,0.00625,0.0
59,107.0,1147.9495,1.0,2.5,0.00625,0.0
60,111.0,1136.3322,1.0,2.5,0.00625,0.0
61,114.0,1136.3322,1.0,2.5,0.00625,0.0
62,118.0,1136.3322,1.0,2.5,0.00625,0.0
63,121.0,1136.3322,1.0,2.5,0.00625,0.0
64,125.0,1136.3322,1.0,2.5,0.00625,0.0
65,128.0,1136.3322,1.0,2.5,0.00625,0.0
66,132.0,1136.3322,1.0,2.5,0.00625,0.0
67,136.0,1136.3322,1.0,2.5,0.00625,0.0
68,140.0,1136.3322,1.0,2.5,0.00625,0.0
69,143.0,1136.3322,1.0,2.5,0.00625,0.0
70,147.0,1123.4058,1.0,2.5,0.00625,0.0
71,151.0,1123.4058,1.0,2.5,0.00625,0.0
72,155.0,1123.4058,1.0,2.5,0.00625,0.0
73,159.0,1123.4058,1.0,2.5,0.00625,0.0
74,162.0,1123.4058,1.0,2.5,0.00625,0.0
75,166.0,1123.4058,1.0,2.5,0.00625,0.0
76,170.0,1123.4058,1.0,2.5,0.00625,0.0
77,174.0,1123.4058,1.0,2.5,0.00625,0.0
78,178.0,1123.4058,1.0,2.5,0.00625,0.0
79,182.0,1123.4058,1.0,2.5,0.00625,0.0
80,186.0,1110.7657,1.0,2.5,0.00625,0.0
81,190.0,1110.7657,1.0,2.5,0.00625,0.0
82,194.0,1110.7657,1.0,2.5,0.00625,0.0
83,198.0,1110.7657,1.0,2.5,0.00625,0.0
84,202.0,1110.7657,1.0,2.5,0.00625,0.0
85,206.0,1110.7657,1.0,2.5,0.00625,0.0
86,210.0,1110.7657,1.0,2.5,0.00625,0.0
87,214.0,1110.7657,1.0,2.5,0.00625,0.0
88,218.0,1110.7657,1.0,2.5,0.00625,0.0
89,222.0,1110.7657,1.0,2.5,0.00625,0.0
90,226.0,1097.2667,1.0,2.5,0.00625,0.0
91,230.0,1097.2667,1.0,2.5,0.00625,0.0
92,234.0,1097.2667,1.0,2.5,0.00625,0.0
93,238.0,1097.2667,1.0,2.5,0.00625,0.0
94,242.0,1097.2667,1.0,2.5,0.00625,0.0
95,246.0,1097.2667,1.0,2.5,0.00625,0.0
96,250.0,1097.2667,1.0,2.5,0.00625,0.0
97,255.0,1097.2667,1.0,2.5,0.00625,0.0
98,259.0,1097.2667,1.0,2.5,0.00625,0.0
99,263.0,1097.2667,1.0,2.5,0.00625,0.0
100,267.0,1083.645,1.0,2.5,0.00625,0.0
101,271.0,1083.645,1.0,2.5,0.00625,0.0
102,276.0,1083.645,1.0,2.5,0.00625,0.0
103,281.0,1083.645,1.0,2.5,0.00625,0.0
104,285.0,1083.645,1.0,2.5,0.00625,0.0
105,289.0,1083.645,1.0,2.5,0.00625,0.0
106,294.0,1083.645,1.0,2.5,0.00625,0.0
107,298.0,1083.645,1.0,2.5,0.00625,0.0
108,303.0,1083.645,1.0,2.5,0.00625,0.0
109,307.0,1083.645,1.0,2.5,0.00625,0.0
110,311.0,1068.6323,1.0,2.5,0.00625,0.0
111,315.0,1068.6323,1.0,2.5,0.00625,0.0
112,319.0,1068.6323,1.0,2.5,0.00625,0.0
113,325.0,1068.6323,1.0,2.5,0.00625,0.0
114,329.0,1068.6323,1.0,2.5,0.00625,0.0
115,333.0,1068.6323,1.0,2.5,0.00625,0.0
116,338.0,1068.6323,1.0,2.5,0.00625,0.0
117,342.0,1068.6323,1.0,2.5,0.00625,0.0
118,346.0,1068.6323,1.0,2.5,0.00625,0.0
119,351.0,1068.6323,1.0,2.5,0.00625,0.0
120,356.0,1053.7017,1.0,2.5,0.00625,0.0
121,360.0,1053.7017,1.0,2.5,0.00625,0.0
122,365.0,1053.7017,1.0,2.5,0.00625,0.0
123,369.0,1053.7017,1.0,2.5,0.00625,0.0
124,374.0,1053.7017,1.0,2.5,0.00625,0.0
125,378.0,1053.7017,1.0,2.5,0.00625,0.0
126,382.0,1053.7017,1.0,2.5,0.00625,0.0
127,387.0,1053.7017,1.0,2.5,0.00625,0.0
128,391.0,1053.7017,1.0,2.5,0.00625,0.0
129,395.0,1053.7017,1.0,2.5,0.00625,0.0
130,400.0,1039.5072,1.0,2.5,0.00625,0.0
131,404.0,1039.5072,1.0,2.5,0.00625,0.0
132,408.0,1039.5072,1.0,2.5,0.00625,0.0
133,413.0,1039.5072,1.0,2.5,0.00625,0.0
134,417.0,1039.5072,1.0,2.5,0.00625,0.0
135,421.0,1039.5072,1.0,2.5,0.00625,0.0
136,426.0,1039.5072,1.0,2.5,0.00625,0.0
137,430.0,1039.5072,1.0,2.5,0.00625,0.0
138,434.0,1039.5072,1.0,2.5,0.00625,0.0
139,439.0,1039.5072,1.0,2.5,0.00625,0.0
140,443.0,1025.6401,1.0,2.5,0.00625,0.0
141,448.0,1025.6401,1.0,2.5,0.00625,0.0
142,452.0,1025.6401,1.0,2.5,0.00625,0.0
143,456.0,1025.6401,1.0,2.5,0.00625,0.0
144,461.0,1025.6401,1.0,2.5,0.00625,0.0
145,466.0,1025.6401,1.0,2.5,0.00625,0.0
146,470.0,1025.6401,1.0,2.5,0.00625,0.0
147,475.0,1025.6401,1.0,2.5,0.00625,0.0
148,479.0,1025.6401,1.0,2.5,0.00625,0.0
149,483.0,1025.6401,1.0,2.5,0.00625,0.0
150,488.0,1010.5049,1.0,2.5,0.00625,0.0
151,492.0,1010.5049,1.0,2.5,0.00625,0.0
152,497.0,1010.5049,1.0,2.5,0.00625,0.0
153,501.0,1010.5049,1.0,2.5,0.00625,0.0
154,505.0,1010.5049,1.0,2.5,0.00625,0.0
155,510.0,1010.5049,1.0,2.5,0.00625,0.0
156,514.0,1010.5049,1.0,2.5,0.00625,0.0
157,518.0,1010.5049,1.0,2.5,0.00625,0.0
158,523.0,1010.5049,1.0,2.5,0.00625,0.0
159,527.0,1010.5049,1.0,2.5,0.00625,0.0
160,532.0,996.8422,1.0,2.5,0.00625,0.0
161,537.0,996.8422,1.0,2.5,0.00625,0.0
162,541.0,996.8422,1.0,2.5,0.00625,0.0
163,546.0,996.8422,1.0,2.5,0.00625,0.0
164,550.0,996.8422,1.0,2.5,0.00625,0.0
165,555.0,996.8422,1.0,2.5,0.00625,0.0
166,559.0,996.8422,1.0,2.5,0.00625,0.0
167,563.0,996.8422,1.0,2.5,0.00625,0.0
168,568.0,996.8422,1.0,2.5,0.00625,0.0
169,572.0,996.8422,1.0,2.5,0.00625,0.0
170,576.0,981.7068,1.0,2.5,0.00625,0.0
171,581.0,981.7068,1.0,2.5,0.00625,0.0
172,585.0,981.7068,1.0,2.5,0.00625,0.0
173,590.0,981.7068,1.0,2.5,0.00625,0.0
174,595.0,981.7068,1.0,2.5,0.00625,0.0
175,600.0,981.7068,1.0,2.5,0.00625,0.0
176,604.0,981.7068,1.0,2.5,0.00625,0.0
177,608.0,981.7068,1.0,2.5,0.00625,0.0
178,613.0,981.7068,1.0,2.5,0.00625,0.0
179,618.0,981.7068,1.0,2.5,0.00625,0.0
180,622.0,966.4489,1.0,2.5,0.00625,0.0
181,627.0,966.4489,1.0,2.5,0.00625,0.0
182,631.0,966.4489,1.0,2.5,0.00625,0.0
183,636.0,966.4489,1.0,2.5,0.00625,0.0
184,640.0,966.4489,1.0,2.5,0.00625,0.0
185,645.0,966.4489,1.0,2.5,0.00625,0.0
186,649.0,966.4489,1.0,2.5,0.00625,0.0
187,653.0,966.4489,1.0,2.5,0.00625,0.0
188,659.0,966.4489,1.0,2.5,0.00625,0.0
189,663.0,966.4489,1.0,2.5,0.00625,0.0
190,668.0,951.3954,1.0,2.5,0.00625,0.0
191,672.0,951.3954,1.0,2.5,0.00625,0.0
192,676.0,951.3954,1.0,2.5,0.00625,0.0
193,681.0,951.3954,1.0,2.5,0.00625,0.0
194,685.0,951.3954,1.0,2.5,0.00625,0.0
195,690.0,951.3954,1.0,2.5,0.00625,0.0
196,694.0,951.3954,1.0,2.5,0.00625,0.0
197,699.0,951.3954,1.0,2.5,0.00625,0.0
198,703.0,951.3954,1.0,2.5,0.00625,0.0
199,707.0,951.3954,1.0,2.5,0.00625,0.0
200,712.0,937.4055,1.0,2.5,0.00625,0.0
201,716.0,937.4055,1.0,2.5,0.00625,0.0
202,721.0,937.4055,1.0,2.5,0.00625,0.0
203,725.0,937.4055,1.0,2.5,0.00625,0.0
204,730.0,937.4055,1.0,2.5,0.00625,0.0
205,735.0,937.4055,1.0,2.5,0.00625,0.0
206,740.0,937.4055,1.0,2.5,0.00625,0.0
207,745.0,937.4055,1.0,2.5,0.00625,0.0
208,749.0,937.4055,1.0,2.5,0.00625,0.0
209,754.0,937.4055,1.0,2.5,0.00625,0.0
210,759.0,921.943,1.0,2.5,0.00625,0.0
211,763.0,921.943,1.0,2.5,0.00625,0.0
212,769.0,921.943,1.0,2.5,0.00625,0.0
213,773.0,921.943,1.0,2.5,0.00625,0.0
214,778.0,921.943,1.0,2.5,0.00625,0.0
215,782.0,921.943,1.0,2.5,0.00625,0.0
216,787.0,921.943,1.0,2.5,0.00625,0.0
217,792.0,921.943,1.0,2.5,0.00625,0.0
218,796.0,921.943,1.0,2.5,0.00625,0.0
219,801.0,921.943,1.0,2.5,0.00625,0.0
220,805.0,906.3578,1.0,2.5,0.00625,0.0
221,810.0,906.3578,1.0,2.5,0.00625,0.0
222,814.0,906.3578,1.0,2.5,0.00625,0.0
223,818.0,906.3578,1.0,2.5,0.00625,0.0
224,823.0,906.3578,1.0,2.5,0.00625,0.0
225,827.0,906.3578,1.0,2.5,0.00625,0.0
226,832.0,906.3578,1.0,2.5,0.00625,0.0
227,836.0,906.3578,1.0,2.5,0.00625,0.0
228,842.0,906.3578,1.0,2.5,0.00625,0.0
229,846.0,906.3578,1.0,2.5,0.00625,0.0
230,850.0,892.0406,1.0,2.5,0.00625,0.0
231,855.0,892.0406,1.0,2.5,0.00625,0.0
232,860.0,892.0406,1.0,2.5,0.00625,0.0
233,865.0,892.0406,1.0,2.5,0.00625,0.0
234,869.0,892.0406,1.0,2.5,0.00625,0.0
235,873.0,892.0406,1.0,2.5,0.00625,0.0
236,878.0,892.0406,1.0,2.5,0.00625,0.0
237,882.0,892.0406,1.0,2.5,0.00625,0.0
238,887.0,892.0406,1.0,2.5,0.00625,0.0
239,891.0,892.0406,1.0,2.5,0.00625,0.0
240,896.0,876.7825,1.0,2.5,0.00625,0.0
241,900.0,876.7825,1.0,2.5,0.00625,0.0
242,904.0,876.7825,1.0,2.5,0.00625,0.0
243,909.0,876.7825,1.0,2.5,0.00625,0.0
244,913.0,876.7825,1.0,2.5,0.00625,0.0
245,918.0,876.7825,1.0,2.5,0.00625,0.0
246,922.0,876.7825,1.0,2.5,0.00625,0.0
247,926.0,876.7825,1.0,2.5,0.00625,0.0
248,931.0,876.7825,1.0,2.5,0.00625,0.0
249,935.0,876.7825,1.0,2.5,0.00625,0.0
250,940.0,862.7927,1.0,2.5,0.00625,0.0
251,944.0,862.7927,1.0,2.5,0.00625,0.0
252,949.0,862.7927,1.0,2.5,0.00625,0.0
253,953.0,862.7927,1.0,2.5,0.00625,0.0
254,956.0,862.7927,1.0,2.5,0.00625,0.0
255,961.0,862.7927,1.0,2.5,0.00625,0.0
256,965.0,862.7927,1.0,2.5,0.00625,0.0
257,970.0,862.7927,1.0,2.5,0.00625,0.0
258,974.0,862.7927,1.0,2.5,0.00625,0.0
259,979.0,862.7927,1.0,2.5,0.00625,0.0
260,983.0,848.9255,1.0,2.5,0.00625,0.0
261,988.0,848.9255,1.0,2.5,0.00625,0.0
262,993.0,848.9255,1.0,2.5,0.00625,0.0
263,997.0,848.9255,1.0,2.5,0.00625,0.0
264,1003.0,848.9255,1.0,2.5,0.00625,0.0
265,1007.0,848.9255,1.0,2.5,0.00625,0.0
266,1011.0,848.9255,1.0,2.5,0.00625,0.0
267,1016.0,848.9255,1.0,2.5,0.00625,0.0
268,1020.0,848.9255,1.0,2.5,0.00625,0.0
269,1025.0,848.9255,1.0,2.5,0.00625,0.0
270,1029.0,833.2585,1.0,2.5,0.00625,0.0
271,1034.0,833.2585,1.0,2.5,0.00625,0.0
272,1038.0,833.2585,1.0,2.5,0.00625,0.0
273,1042.0,833.2585,1.0,2.5,0.00625,0.0
274,1047.0,833.2585,1.0,2.5,0.00625,0.0
275,1052.0,833.2585,1.0,2.5,0.00625,0.0
276,1056.0,833.2585,1.0,2.5,0.00625,0.0
277,1062.0,833.2585,1.0,2.5,0.00625,0.0
278,1066.0,833.2585,1.0,2.5,0.00625,0.0
279,1071.0,833.2585,1.0,2.5,0.00625,0.0
280,1075.0,818.205,1.0,2.5,0.00625,0.0
281,1081.0,818.205,1.0,2.5,0.00625,0.0
282,1085.0,818.205,1.0,2.5,0.00625,0.0
283,1091.0,818.205,1.0,2.5,0.00625,0.0
284,1095.0,818.205,1.0,2.5,0.00625,0.0
285,1099.0,818.205,1.0,2.5,0.00625,0.0
286,1104.0,818.205,1.0,2.5,0.00625,0.0
287,1108.0,818.205,1.0,2.5,0.00625,0.0
288,1112.0,818.205,1.0,2.5,0.00625,0.0
289,1117.0,818.205,1.0,2.5,0.00625,0.0
290,1121.0,803.1516,1.0,2.5,0.00625,0.0
291,1126.0,803.1516,1.0,2.5,0.00625,0.0
292,1130.0,803.1516,1.0,2.5,0.00625,0.0
293,1134.0,803.1516,1.0,2.5,0.00625,0.0
294,1138.0,803.1516,1.0,2.5,0.00625,0.0
295,1142.0,803.1516,1.0,2.5,0.00625,0.0
296,1147.0,803.1516,1.0,2.5,0.00625,0.0
297,1150.0,803.1516,1.0,2.5,0.00625,0.0
298,1155.0,803.1516,1.0,2.5,0.00625,0.0
299,1159.0,803.1516,1.0,2.5,0.00625,0.0
300,1164.0,790.2252,1.0,2.5,0.00625,0.0
301,1168.0,790.2252,1.0,2.5,0.00625,0.0
302,1172.0,790.2252,1.0,2.5,0.00625,0.0
303,1177.0,790.2252,1.0,2.5,0.00625,0.0
304,1180.0,790.2252,1.0,2.5,0.00625,0.0
305,1185.0,790.2252,1.0,2.5,0.00625,0.0
306,1189.0,790.2252,1.0,2.5,0.00625,0.0
307,1193.0,790.2252,1.0,2.5,0.00625,0.0
308,1198.0,790.2252,1.0,2.5,0.00625,0.0
309,1202.0,790.2252,1.0,2.5,0.00625,0.0
310,1207.0,775.4171,1.0,2.5,0.00625,0.0
311,1211.0,775.4171,1.0,2.5,0.00625,0.0
312,1215.0,775.4171,1.0,2.5,0.00625,0.0
313,1220.0,775.4171,1.0,2.5,0.00625,0.0
314,1224.0,775.4171,1.0,2.5,0.00625,0.0
315,1228.0,775.4171,1.0,2.5,0.00625,0.0
316,1232.0,775.4171,1.0,2.5,0.00625,0.0
317,1237.0,775.4171,1.0,2.5,0.00625,0.0
318,1241.0,775.4171,1.0,2.5,0.00625,0.0
319,1246.0,775.4171,1.0,2.5,0.00625,0.0
320,1251.0,761.0182,1.0,2.5,0.00625,0.0
321,1255.0,761.0182,1.0,2.5,0.00625,0.0
322,1260.0,761.0182,1.0,2.5,0.00625,0.0
323,1264.0,761.0182,1.0,2.5,0.00625,0.0
324,1268.0,761.0182,1.0,2.5,0.00625,0.0
325,1273.0,761.0182,1.0,2.5,0.00625,0.0
326,1278.0,761.0182,1.0,2.5,0.00625,0.0
327,1283.0,761.0182,1.0,2.5,0.00625,0.0
328,1287.0,761.0182,1.0,2.5,0.00625,0.0
329,1292.0,761.0182,1.0,2.5,0.00625,0.0
330,1296.0,746.0874,1.0,2.5,0.00625,0.0
331,1301.0,746.0874,1.0,2.5,0.00625,0.0
332,1306.0,746.0874,1.0,2.5,0.00625,0.0
333,1310.0,746.0874,1.0,2.5,0.00625,0.0
334,1315.0,746.0874,1.0,2.5,0.00625,0.0
335,1319.0,746.0874,1.0,2.5,0.00625,0.0
336,1323.0,746.0874,1.0,2.5,0.00625,0.0
337,1327.0,746.0874,1.0,2.5,0.00625,0.0
338,1331.0,746.0874,1.0,2.5,0.00625,0.0
339,1336.0,746.0874,1.0,2.5,0.00625,0.0
340,1340.0,731.893,1.0,2.5,0.00625,0.0
341,1345.0,731.893,1.0,2.5,0.00625,0.0
342,1350.0,731.893,1.0,2.5,0.00625,0.0
343,1354.0,731.893,1.0,2.5,0.00625,0.0
344,1359.0,731.893,1.0,2.5,0.00625,0.0
345,1363.0,731.893,1.0,2.5,0.00625,0.0
346,1368.0,731.893,1.0,2.5,0.00625,0.0
347,1372.0,731.893,1.0,2.5,0.00625,0.0
348,1377.0,731.893,1.0,2.5,0.00625,0.0
349,1382.0,731.893,1.0,2.5,0.00625,0.0
350,1386.0,716.4304,1.0,2.5,0.00625,0.0
351,1392.0,716.4304,1.0,2.5,0.00625,0.0
352,1396.0,716.4304,1.0,2.5,0.00625,0.0
353,1400.0,716.4304,1.0,2.5,0.00625,0.0
354,1405.0,716.4304,1.0,2.5,0.00625,0.0
355,1409.0,716.4304,1.0,2.5,0.00625,0.0
356,1414.0,716.4304,1.0,2.5,0.00625,0.0
357,1418.0,716.4304,1.0,2.5,0.00625,0.0
358,1423.0,716.4304,1.0,2.5,0.00625,0.0
359,1427.0,716.4304,1.0,2.5,0.00625,0.0
360,1431.0,701.9088,1.0,2.5,0.00625,0.0
361,1436.0,701.9088,1.0,2.5,0.00625,0.0
362,1439.0,701.9088,1.0,2.5,0.00625,0.0
363,1443.0,701.9088,1.0,2.5,0.00625,0.0
364,1448.0,701.9088,1.0,2.5,0.00625,0.0
365,1452.0,701.9088,1.0,2.5,0.00625,0.0
366,1457.0,701.9088,1.0,2.5,0.00625,0.0
367,1461.0,701.9088,1.0,2.5,0.00625,0.0
368,1466.0,701.9088,1.0,2.5,0.00625,0.0
369,1470.0,701.9088,1.0,2.5,0.00625,0.0
370,1475.0,688.2462,1.0,2.5,0.00625,0.0
371,1479.0,688.2462,1.0,2.5,0.00625,0.0
372,1483.0,688.2462,1.0,2.5,0.00625,0.0
373,1488.0,688.2462,1.0,2.5,0.00625,0.0
374,1492.0,688.2462,1.0,2.5,0.00625,0.0
375,1496.0,688.2462,1.0,2.5,0.00625,0.0
376,1501.0,688.2462,1.0,2.5,0.00625,0.0
377,1505.0,688.2462,1.0,2.5,0.00625,0.0
378,1510.0,688.2462,1.0,2.5,0.00625,0.0
379,1514.0,688.2462,1.0,2.5,0.00625,0.0
380,1518.0,673.1109,1.0,2.5,0.00625,0.0
381,1522.0,673.1109,1.0,2.5,0.00625,0.0
382,1526.0,673.1109,1.0,2.5,0.00625,0.0
383,1531.0,673.1109,1.0,2.5,0.00625,0.0
384,1535.0,673.1109,1.0,2.5,0.00625,0.0
385,1540.0,673.1109,1.0,2.5,0.00625,0.0
386,1545.0,673.1109,1.0,2.5,0.00625,0.0
387,1549.0,673.1109,1.0,2.5,0.00625,0.0
388,1554.0,673.1109,1.0,2.5,0.00625,0.0
389,1559.0,673.1109,1.0,2.5,0.00625,0.0
390,1564.0,658.3846,1.0,2.5,0.00625,0.0
391,1567.0,658.3846,1.0,2.5,0.00625,0.0
392,1572.0,658.3846,1.0,2.5,0.00625,0.0
393,1576.0,658.3846,1.0,2.5,0.00625,0.0
394,1580.0,658.3846,1.0,2.5,0.00625,0.0
395,1586.0,658.3846,1.0,2.5,0.00625,0.0
396,1590.0,658.3846,1.0,2.5,0.00625,0.0
397,1596.0,658.3846,1.0,2.5,0.00625,0.0
398,1600.0,658.3846,1.0,2.5,0.00625,0.0
399,1604.0,658.3846,1.0,2.5,0.00625,0.0
400,1609.0,643.6584,1.0,2.5,0.00625,0.0
401,1613.0,643.6584,1.0,2.5,0.00625,0.0
402,1618.0,643.6584,1.0,2.5,0.00625,0.0
403,1622.0,643.6584,1.0,2.5,0.00625,0.0
404,1627.0,643.6584,1.0,2.5,0.00625,0.0
405,1631.0,643.6584,1.0,2.5,0.00625,0.0
406,1636.0,643.6584,1.0,2.5,0.00625,0.0
407,1641.0,643.6584,1.0,2.5,0.00625,0.0
408,1645.0,643.6584,1.0,2.5,0.00625,0.0
409,1650.0,643.6584,1.0,2.5,0.00625,0.0
410,1654.0,628.9322,1.0,2.5,0.00625,0.0
411,1658.0,628.9322,1.0,2.5,0.00625,0.0
412,1663.0,628.9322,1.0,2.5,0.00625,0.0
413,1667.0,628.9322,1.0,2.5,0.00625,0.0
414,1672.0,628.9322,1.0,2.5,0.00625,0.0
415,1676.0,628.9322,1.0,2.5,0.00625,0.0
416,1680.0,628.9322,1.0,2.5,0.00625,0.0
417,1685.0,628.9322,1.0,2.5,0.00625,0.0
418,1689.0,628.9322,1.0,2.5,0.00625,0.0
419,1694.0,628.9322,1.0,2.5,0.00625,0.0
420,1698.0,614.7378,1.0,2.5,0.00625,0.0
421,1702.0,614.7378,1.0,2.5,0.00625,0.0
422,1707.0,614.7378,1.0,2.5,0.00625,0.0
423,1711.0,614.7378,1.0,2.5,0.00625,0.0
424,1715.0,614.7378,1.0,2.5,0.00625,0.0
425,1719.0,614.7378,1.0,2.5,0.00625,0.0
426,1723.0,614.7378,1.0,2.5,0.00625,0.0
427,1728.0,614.7378,1.0,2.5,0.00625,0.0
428,1732.0,614.7378,1.0,2.5,0.00625,0.0
429,1737.0,614.7378,1.0,2.5,0.00625,0.0
430,1741.0,600.8705,1.0,2.5,0.00625,0.0
431,1745.0,600.8705,1.0,2.5,0.00625,0.0
432,1750.0,600.8705,1.0,2.5,0.00625,0.0
433,1754.0,600.8705,1.0,2.5,0.00625,0.0
434,1759.0,600.8705,1.0,2.5,0.00625,0.0
435,1763.0,600.8705,1.0,2.5,0.00625,0.0
436,1768.0,600.8705,1.0,2.5,0.00625,0.0
437,1772.0,600.8705,1.0,2.5,0.00625,0.0
438,1777.0,600.8705,1.0,2.5,0.00625,0.0
439,1782.0,600.8705,1.0,2.5,0.00625,0.0
440,1787.0,585.7353,1.0,2.5,0.00625,0.0
441,1791.0,585.7353,1.0,2.5,0.00625,0.0
442,1796.0,585.7353,1.0,2.5,0.00625,0.0
443,1800.0,585.7353,1.0,2.5,0.00625,0.0
444,1805.0,585.7353,1.0,2.5,0.00625,0.0
445,1809.0,585.7353,1.0,2.5,0.00625,0.0
446,1814.0,585.7353,1.0,2.5,0.00625,0.0
447,1818.0,585.7353,1.0,2.5,0.00625,0.0
448,1822.0,585.7353,1.0,2.5,0.00625,0.0
449,1827.0,585.7353,1.0,2.5,0.00625,0.0
450,1831.0,571.0091,1.0,2.5,0.00625,0.0
451,1836.0,571.0091,1.0,2.5,0.00625,0.0
452,1840.0,571.0091,1.0,2.5,0.00625,0.0
453,1844.0,571.0091,1.0,2.5,0.00625,0.0
454,1849.0,571.0091,1.0,2.5,0.00625,0.0
455,1854.0,571.0091,1.0,2.5,0.00625,0.0
456,1859.0,571.0091,1.0,2.5,0.00625,0.0
457,1864.0,571.0091,1.0,2.5,0.00625,0.0
458,1869.0,571.0091,1.0,2.5,0.00625,0.0
459,1873.0,571.0091,1.0,2.5,0.00625,0.0
460,1877.0,555.7511,1.0,2.5,0.00625,0.0
461,1882.0,555.7511,1.0,2.5,0.00625,0.0
462,1886.0,555.7511,1.0,2.5,0.00625,0.0
463,1891.0,555.7511,1.0,2.5,0.00625,0.0
464,1895.0,555.7511,1.0,2.5,0.00625,0.0
465,1899.0,555.7511,1.0,2.5,0.00625,0.0
466,1904.0,555.7511,1.0,2.5,0.00625,0.0
467,1908.0,555.7511,1.0,2.5,0.00625,0.0
468,1913.0,555.7511,1.0,2.5,0.00625,0.0
469,1917.0,555.7511,1.0,2.5,0.00625,0.0
470,1922.0,541.7612,1.0,2.5,0.00625,0.0
471,1926.0,541.7612,1.0,2.5,0.00625,0.0
472,1930.0,541.7612,1.0,2.5,0.00625,0.0
473,1935.0,541.7612,1.0,2.5,0.00625,0.0
474,1939.0,541.7612,1.0,2.5,0.00625,0.0
475,1943.0,541.7612,1.0,2.5,0.00625,0.0
476,1948.0,541.7612,1.0,2.5,0.00625,0.0
477,1953.0,541.7612,1.0,2.5,0.00625,0.0
478,1957.0,541.7612,1.0,2.5,0.00625,0.0
479,1961.0,541.7612,1.0,2.5,0.00625,0.0
480,1966.0,526.8304,1.0,2.5,0.00625,0.0
481,1970.0,526.8304,1.0,2.5,0.00625,0.0
482,1975.0,526.8304,1.0,2.5,0.00625,0.0
483,1980.0,526.8304,1.0,2.5,0.00625,0.0
484,1985.0,526.8304,1.0,2.5,0.00625,0.0
485,1990.0,526.8304,1.0,2.5,0.00625,0.0
486,1994.0,526.8304,1.0,2.5,0.00625,0.0
487,1998.0,526.8304,1.0,2.5,0.00625,0.0
488,2003.0,526.8304,1.0,2.5,0.00625,0.0
489,2006.0,526.8304,1.0,2.5,0.00625,0.0
490,2011.0,512.1041,1.0,2.5,0.00625,0.0
491,2015.0,512.1041,1.0,2.5,0.00625,0.0
492,2020.0,512.1041,1.0,2.5,0.00625,0.0
493,2024.0,512.1041,1.0,2.5,0.00625,0.0
494,2028.0,512.1041,1.0,2.5,0.00625,0.0
495,2034.0,512.1041,1.0,2.5,0.00625,0.0
496,2038.0,512.1041,1.0,2.5,0.00625,0.0
497,2042.0,512.1041,1.0,2.5,0.00625,0.0
498,2047.0,512.1041,1.0,2.5,0.00625,0.0
499,2051.0,512.1041,1.0,2.5,0.00625,0.0
500,2056.0,497.378,1.0,2.5,0.00625,0.0
501,2060.0,497.378,1.0,2.5,0.00625,0.0
502,2065.0,497.378,1.0,2.5,0.00625,0.0
503,2069.0,497.378,1.0,2.5,0.00625,0.0
504,2073.0,497.378,1.0,2.5,0.00625,0.0
505,2078.0,497.378,1.0,2.5,0.00625,0.0
506,2083.0,497.378,1.0,2.5,0.00625,0.0
507,2088.0,497.378,1.0,2.5,0.00625,0.0
508,2092.0,497.378,1.0,2.5,0.00625,0.0
509,2096.0,497.378,1.0,2.5,0.00625,0.0
510,2101.0,482.6519,1.0,2.5,0.00625,0.0
511,2105.0,482.6519,1.0,2.5,0.00625,0.0
512,2110.0,482.6519,1.0,2.5,0.00625,0.0
513,2114.0,482.6519,1.0,2.5,0.00625,0.0
514,2118.0,482.6519,1.0,2.5,0.00625,0.0
515,2123.0,482.6519,1.0,2.5,0.00625,0.0
516,2128.0,482.6519,1.0,2.5,0.00625,0.0
517,2133.0,482.6519,1.0,2.5,0.00625,0.0
518,2137.0,482.6519,1.0,2.5,0.00625,0.0
519,2142.0,482.6519,1.0,2.5,0.00625,0.0
520,2147.0,467.9255,1.0,2.5,0.00625,0.0
521,2151.0,467.9255,1.0,2.5,0.00625,0.0
522,2157.0,467.9255,1.0,2.5,0.00625,0.0
523,2161.0,467.9255,1.0,2.5,0.00625,0.0
524,2166.0,467.9255,1.0,2.5,0.00625,0.0
525,2170.0,467.9255,1.0,2.5,0.00625,0.0
526,2174.0,467.9255,1.0,2.5,0.00625,0.0
527,2179.0,467.9255,1.0,2.5,0.00625,0.0
528,2183.0,467.9255,1.0,2.5,0.00625,0.0
529,2188.0,467.9255,1.0,2.5,0.00625,0.0
530,2192.0,452.6675,1.0,2.5,0.00625,0.0
531,2198.0,452.6675,1.0,2.5,0.00625,0.0
532,2202.0,452.6675,1.0,2.5,0.00625,0.0
533,2207.0,452.6675,1.0,2.5,0.00625,0.0
534,2212.0,452.6675,1.0,2.5,0.00625,0.0
535,2216.0,452.6675,1.0,2.5,0.00625,0.0
536,2221.0,452.6675,1.0,2.5,0.00625,0.0
537,2226.0,452.6675,1.0,2.5,0.00625,0.0
538,2230.0,452.6675,1.0,2.5,0.00625,0.0
539,2235.0,452.6675,1.0,2.5,0.00625,0.0
540,2239.0,437.0823,1.0,2.5,0.00625,0.0
541,2244.0,437.0823,1.0,2.5,0.00625,0.0
542,2248.0,437.0823,1.0,2.5,0.00625,0.0
543,2252.0,437.0823,1.0,2.5,0.00625,0.0
544,2258.0,437.0823,1.0,2.5,0.00625,0.0
545,2262.0,437.0823,1.0,2.5,0.00625,0.0
546,2267.0,437.0823,1.0,2.5,0.00625,0.0
547,2272.0,437.0823,1.0,2.5,0.00625,0.0
548,2276.0,437.0823,1.0,2.5,0.00625,0.0
549,2281.0,437.0823,1.0,2.5,0.00625,0.0
550,2285.0,422.2334,1.0,2.5,0.00625,0.0
551,2290.0,422.2334,1.0,2.5,0.00625,0.0
552,2294.0,422.2334,1.0,2.5,0.00625,0.0
553,2298.0,422.2334,1.0,2.5,0.00625,0.0
554,2303.0,422.2334,1.0,2.5,0.00625,0.0
555,2308.0,422.2334,1.0,2.5,0.00625,0.0
556,2313.0,422.2334,1.0,2.5,0.00625,0.0
557,2317.0,422.2334,1.0,2.5,0.00625,0.0
558,2320.0,422.2334,1.0,2.5,0.00625,0.0
559,2325.0,422.2334,1.0,2.5,0.00625,0.0
560,2329.0,408.2434,1.0,2.5,0.00625,0.0
561,2334.0,408.2434,1.0,2.5,0.00625,0.0
562,2338.0,408.2434,1.0,2.5,0.00625,0.0
563,2342.0,408.2434,1.0,2.5,0.00625,0.0
564,2348.0,408.2434,1.0,2.5,0.00625,0.0
565,2353.0,408.2434,1.0,2.5,0.00625,0.0
566,2358.0,408.2434,1.0,2.5,0.00625,0.0
567,2362.0,408.2434,1.0,2.5,0.00625,0.0
568,2366.0,408.2434,1.0,2.5,0.00625,0.0
569,2372.0,408.2434,1.0,2.5,0.00625,0.0
570,2376.0,392.2492,1.0,2.5,0.00625,0.0
571,2381.0,392.2492,1.0,2.5,0.00625,0.0
572,2385.0,392.2492,1.0,2.5,0.00625,0.0
573,2389.0,392.2492,1.0,2.5,0.00625,0.0
574,2394.0,392.2492,1.0,2.5,0.00625,0.0
575,2399.0,392.2492,1.0,2.5,0.00625,0.0
576,2405.0,392.2492,1.0,2.5,0.00625,0.0
577,2409.0,392.2492,1.0,2.5,0.00625,0.0
578,2414.0,392.2492,1.0,2.5,0.00625,0.0
579,2418.0,392.2492,1.0,2.5,0.00625,0.0
580,2422.0,377.4002,1.0,2.5,0.00625,0.0
581,2427.0,377.4002,1.0,2.5,0.00625,0.0
582,2431.0,377.4002,1.0,2.5,0.00625,0.0
583,2436.0,377.4002,1.0,2.5,0.00625,0.0
584,2440.0,377.4002,1.0,2.5,0.00625,0.0
585,2444.0,377.4002,1.0,2.5,0.00625,0.0
586,2449.0,377.4002,1.0,2.5,0.00625,0.0
587,2453.0,377.4002,1.0,2.5,0.00625,0.0
588,2458.0,377.4002,1.0,2.5,0.00625,0.0
589,2462.0,377.4002,1.0,2.5,0.00625,0.0
590,2466.0,363.4103,1.0,2.5,0.00625,0.0
591,2471.0,363.4103,1.0,2.5,0.00625,0.0
592,2475.0,363.4103,1.0,2.5,0.00625,0.0
593,2481.0,363.4103,1.0,2.5,0.00625,0.0
594,2485.0,363.4103,1.0,2.5,0.00625,0.0
595,2489.0,363.4103,1.0,2.5,0.00625,0.0
596,2494.0,363.4103,1.0,2.5,0.00625,0.0
597,2498.0,363.4103,1.0,2.5,0.00625,0.0
598,2502.0,363.4103,1.0,2.5,0.00625,0.0
599,2506.0,363.4103,1.0,2.5,0.00625,0.0
600,2510.0,349.0114,1.0,2.5,0.00625,0.0
601,2515.0,349.0114,1.0,2.5,0.00625,0.0
602,2519.0,349.0114,1.0,2.5,0.00625,0.0
603,2524.0,349.0114,1.0,2.5,0.00625,0.0
604,2528.0,349.0114,1.0,2.5,0.00625,0.0
605,2532.0,349.0114,1.0,2.5,0.00625,0.0
606,2537.0,349.0114,1.0,2.5,0.00625,0.0
607,2541.0,349.0114,1.0,2.5,0.00625,0.0
608,2546.0,349.0114,1.0,2.5,0.00625,0.0
609,2551.0,349.0114,1.0,2.5,0.00625,0.0
610,2556.0,333.5488,1.0,2.5,0.00625,0.0
611,2560.0,333.5488,1.0,2.5,0.00625,0.0
612,2564.0,333.5488,1.0,2.5,0.00625,0.0
613,2569.0,333.5488,1.0,2.5,0.00625,0.0
614,2574.0,333.5488,1.0,2.5,0.00625,0.0
615,2578.0,333.5488,1.0,2.5,0.00625,0.0
616,2583.0,333.5488,1.0,2.5,0.00625,0.0
617,2587.0,333.5488,1.0,2.5,0.00625,0.0
618,2593.0,333.5488,1.0,2.5,0.00625,0.0
619,2597.0,333.5488,1.0,2.5,0.00625,0.0
620,2602.0,318.4954,1.0,2.5,0.00625,0.0
621,2606.0,318.4954,1.0,2.5,0.00625,0.0
622,2610.0,318.4954,1.0,2.5,0.00625,0.0
623,2615.0,318.4954,1.0,2.5,0.00625,0.0
624,2619.0,318.4954,1.0,2.5,0.00625,0.0
625,2625.0,318.4954,1.0,2.5,0.00625,0.0
626,2629.0,318.4954,1.0,2.5,0.00625,0.0
627,2633.0,318.4954,1.0,2.5,0.00625,0.0
628,2638.0,318.4954,1.0,2.5,0.00625,0.0
629,2642.0,318.4954,1.0,2.5,0.00625,0.0
630,2647.0,303.9736,1.0,2.5,0.00625,0.0
631,2652.0,303.9736,1.0,2.5,0.00625,0.0
632,2656.0,303.9736,1.0,2.5,0.00625,0.0
633,2661.0,303.9736,1.0,2.5,0.00625,0.0
634,2666.0,303.9736,1.0,2.5,0.00625,0.0
635,2671.0,303.9736,1.0,2.5,0.00625,0.0
636,2675.0,303.9736,1.0,2.5,0.00625,0.0
637,2679.0,303.9736,1.0,2.5,0.00625,0.0
638,2684.0,303.9736,1.0,2.5,0.00625,0.0
639,2688.0,303.9736,1.0,2.5,0.00625,0.0
640,2693.0,288.7157,1.0,2.5,0.00625,0.0
641,2697.0,288.7157,1.0,2.5,0.00625,0.0
642,2702.0,288.7157,1.0,2.5,0.00625,0.0
643,2706.0,288.7157,1.0,2.5,0.00625,0.0
644,2710.0,288.7157,1.0,2.5,0.00625,0.0
645,2715.0,288.7157,1.0,2.5,0.00625,0.0
646,2719.0,288.7157,1.0,2.5,0.00625,0.0
647,2725.0,288.7157,1.0,2.5,0.00625,0.0
648,2729.0,288.7157,1.0,2.5,0.00625,0.0
649,2733.0,288.7157,1.0,2.5,0.00625,0.0
650,2738.0,274.194,1.0,2.5,0.00625,0.0
651,2742.0,274.194,1.0,2.5,0.00625,0.0
652,2747.0,274.194,1.0,2.5,0.00625,0.0
653,2752.0,274.194,1.0,2.5,0.00625,0.0
654,2756.0,274.194,1.0,2.5,0.00625,0.0
655,2761.0,274.194,1.0,2.5,0.00625,0.0
656,2765.0,274.194,1.0,2.5,0.00625,0.0
657,2770.0,274.194,1.0,2.5,0.00625,0.0
658,2775.0,274.194,1.0,2.5,0.00625,0.0
659,2779.0,274.194,1.0,2.5,0.00625,0.0
660,2784.0,258.936,1.0,2.5,0.00625,0.0
661,2788.0,258.936,1.0,2.5,0.00625,0.0
662,2793.0,258.936,1.0,2.5,0.00625,0.0
663,2798.0,258.936,1.0,2.5,0.00625,0.0
664,2803.0,258.936,1.0,2.5,0.00625,0.0
665,2807.0,258.936,1.0,2.5,0.00625,0.0
666,2811.0,258.936,1.0,2.5,0.00625,0.0
667,2817.0,258.936,1.0,2.5,0.00625,0.0
668,2821.0,258.936,1.0,2.5,0.00625,0.0
669,2826.0,258.936,1.0,2.5,0.00625,0.0
670,2830.0,243.8825,1.0,2.5,0.00625,0.0
671,2834.0,243.8825,1.0,2.5,0.00625,0.0
672,2839.0,243.8825,1.0,2.5,0.00625,0.0
673,2843.0,243.8825,1.0,2.5,0.00625,0.0
674,2848.0,243.8825,1.0,2.5,0.00625,0.0
675,2852.0,243.8825,1.0,2.5,0.00625,0.0
676,2856.0,243.8825,1.0,2.5,0.00625,0.0
677,2861.0,243.8825,1.0,2.5,0.00625,0.0
678,2865.0,243.8825,1.0,2.5,0.00625,0.0
679,2870.0,243.8825,1.0,2.5,0.00625,0.0
680,2874.0,229.8926,1.0,2.5,0.00625,0.0
681,2878.0,229.8926,1.0,2.5,0.00625,0.0
682,2883.0,229.8926,1.0,2.5,0.00625,0.0
683,2887.0,229.8926,1.0,2.5,0.00625,0.0
684,2892.0,229.8926,1.0,2.5,0.00625,0.0
685,2896.0,229.8926,1.0,2.5,0.00625,0.0
686,2900.0,229.8926,1.0,2.5,0.00625,0.0
687,2905.0,229.8926,1.0,2.5,0.00625,0.0
688,2909.0,229.8926,1.0,2.5,0.00625,0.0
689,2914.0,229.8926,1.0,2.5,0.00625,0.0
690,2918.0,215.4937,1.0,2.5,0.00625,0.0
691,2922.0,215.4937,1.0,2.5,0.00625,0.0
692,2927.0,215.4937,1.0,2.5,0.00625,0.0
693,2931.0,215.4937,1.0,2.5,0.00625,0.0
694,2936.0,215.4937,1.0,2.5,0.00625,0.0
695,2940.0,215.4937,1.0,2.5,0.00625,0.0
696,2946.0,215.4937,1.0,2.5,0.00625,0.0
697,2950.0,215.4937,1.0,2.5,0.00625,0.0
698,2954.0,215.4937,1.0,2.5,0.00625,0.0
699,2959.0,215.4937,1.0,2.5,0.00625,0.0
700,2964.0,200.563,1.0,2.5,0.00625,0.0
701,2968.0,200.563,1.0,2.5,0.00625,0.0
702,2973.0,200.563,1.0,2.5,0.00625,0.0
703,2977.0,200.563,1.0,2.5,0.00625,0.0
704,2982.0,200.563,1.0,2.5,0.00625,0.0
705,2986.0,200.563,1.0,2.5,0.00625,0.0
706,2991.0,200.563,1.0,2.5,0.00625,0.0
707,2996.0,200.563,1.0,2.5,0.00625,0.0
708,3000.0,200.563,1.0,2.5,0.00625,0.0
709,3005.0,200.563,1.0,2.5,0.00625,0.0
710,3009.0,185.3049,1.0,2.5,0.00625,0.0
711,3014.0,185.3049,1.0,2.5,0.00625,0.0
712,3019.0,185.3049,1.0,2.5,0.00625,0.0
713,3023.0,185.3049,1.0,2.5,0.00625,0.0
714,3028.0,185.3049,1.0,2.5,0.00625,0.0
715,3032.0,185.3049,1.0,2.5,0.00625,0.0
716,3037.0,185.3049,1.0,2.5,0.00625,0.0
717,3041.0,185.3049,1.0,2.5,0.00625,0.0
718,3044.0,185.3049,1.0,2.5,0.00625,0.0
719,3049.0,185.3049,1.0,2.5,0.00625,0.0
720,3053.0,171.3151,1.0,2.5,0.00625,0.0
721,3058.0,171.3151,1.0,2.5,0.00625,0.0
722,3064.0,171.3151,1.0,2.5,0.00625,0.0
723,3069.0,171.3151,1.0,2.5,0.00625,0.0
724,3074.0,171.3151,1.0,2.5,0.00625,0.0
725,3078.0,171.3151,1.0,2.5,0.00625,0.0
726,3083.0,171.3151,1.0,2.5,0.00625,0.0
727,3087.0,171.3151,1.0,2.5,0.00625,0.0
728,3091.0,171.3151,1.0,2.5,0.00625,0.0
729,3096.0,171.3151,1.0,2.5,0.00625,0.0
730,3100.0,155.3208,1.0,2.5,0.00625,0.0
731,3105.0,155.3208,1.0,2.5,0.00625,0.0
732,3109.0,155.3208,1.0,2.5,0.00625,0.0
733,3113.0,155.3208,1.0,2.5,0.00625,0.0
734,3118.0,155.3208,1.0,2.5,0.00625,0.0
735,3122.0,155.3208,1.0,2.5,0.00625,0.0
736,3127.0,155.3208,1.0,2.5,0.00625,0.0
737,3131.0,155.3208,1.0,2.5,0.00625,0.0
738,3136.0,155.3208,1.0,2.5,0.00625,0.0
739,3140.0,155.3208,1.0,2.5,0.00625,0.0
740,3144.0,141.5354,1.0,2.5,0.00625,0.0
741,3149.0,141.5354,1.0,2.5,0.00625,0.0
742,3153.0,141.5354,1.0,2.5,0.00625,0.0
743,3158.0,141.5354,1.0,2.5,0.00625,0.0
744,3162.0,141.5354,1.0,2.5,0.00625,0.0
745,3166.0,141.5354,1.0,2.5,0.00625,0.0
746,3171.0,141.5354,1.0,2.5,0.00625,0.0
747,3175.0,141.5354,1.0,2.5,0.00625,0.0
748,3180.0,141.5354,1.0,2.5,0.00625,0.0
749,3184.0,141.5354,1.0,2.5,0.00625,0.0
750,3188.0,127.1363,1.0,2.5,0.00625,0.0
751,3193.0,127.1363,1.0,2.5,0.00625,0.0
752,3197.0,127.1363,1.0,2.5,0.00625,0.0
753,3202.0,127.1363,1.0,2.5,0.00625,0.0
754,3207.0,127.1363,1.0,2.5,0.00625,0.0
755,3211.0,127.1363,1.0,2.5,0.00625,0.0
756,3216.0,127.1363,1.0,2.5,0.00625,0.0
757,3220.0,127.1363,1.0,2.5,0.00625,0.0
758,3225.0,127.1363,1.0,2.5,0.00625,0.0
759,3229.0,127.1363,1.0,2.5,0.00625,0.0
760,3234.0,112.2057,1.0,2.5,0.00625,0.0
761,3238.0,112.2057,1.0,2.5,0.00625,0.0
762,3243.0,112.2057,1.0,2.5,0.00625,0.0
763,3248.0,112.2057,1.0,2.5,0.00625,0.0
764,3252.0,112.2057,1.0,2.5,0.00625,0.0
765,3255.0,112.2057,1.0,2.5,0.00625,0.0
766,3260.0,112.2057,1.0,2.5,0.00625,0.0
767,3264.0,112.2057,1.0,2.5,0.00625,0.0
768,3269.0,112.2057,1.0,2.5,0.00625,0.0
769,3273.0,112.2057,1.0,2.5,0.00625,0.0
770,3277.0,98.0112,1.0,2.5,0.00625,0.0
771,3282.0,98.0112,1.0,2.5,0.00625,0.0
772,3286.0,98.0112,1.0,2.5,0.00625,0.0
773,3291.0,98.0112,1.0,2.5,0.00625,0.0
774,3295.0,98.0112,1.0,2.5,0.00625,0.0
775,3300.0,98.0112,1.0,2.5,0.00625,0.0
776,3304.0,98.0112,1.0,2.5,0.00625,0.0
777,3308.0,98.0112,1.0,2.5,0.00625,0.0
778,3313.0,98.0112,1.0,2.5,0.00625,0.0
779,3317.0,98.0112,1.0,2.5,0.00625,0.0
780,3321.0,83.6123,1.0,2.5,0.00625,0.0
781,3326.0,83.6123,1.0,2.5,0.00625,0.0
782,3330.0,83.6123,1.0,2.5,0.00625,0.0
783,3335.0,83.6123,1.0,2.5,0.00625,0.0
784,3339.0,83.6123,1.0,2.5,0.00625,0.0
785,3344.0,83.6123,1.0,2.5,0.00625,0.0
786,3348.0,83.6123,1.0,2.5,0.00625,0.0
787,3353.0,83.6123,1.0,2.5,0.00625,0.0
788,3358.0,83.6123,1.0,2.5,0.00625,0.0
789,3362.0,83.6123,1.0,2.5,0.00625,0.0
790,3367.0,68.6814,1.0,2.5,0.00625,0.0
791,3371.0,68.6814,1.0,2.5,0.00625,0.0
792,3376.0,68.6814,1.0,2.5,0.00625,0.0
793,3381.0,68.6814,1.0,2.5,0.00625,0.0
794,3385.0,68.6814,1.0,2.5,0.00625,0.0
795,3390.0,68.6814,1.0,2.5,0.00625,0.0
796,3394.0,68.6814,1.0,2.5,0.00625,0.0
797,3398.0,68.6814,1.0,2.5,0.00625,0.0
798,3403.0,68.6814,1.0,2.5,0.00625,0.0
799,3407.0,68.6814,1.0,2.5,0.00625,0.0
800,3413.0,53.4235,1.0,2.5,0.00625,0.0
801,3417.0,53.4235,1.0,2.5,0.00625,0.0
802,3421.0,53.4235,1.0,2.5,0.00625,0.0
803,3426.0,53.4235,1.0,2.5,0.00625,0.0
804,3430.0,53.4235,1.0,2.5,0.00625,0.0
805,3436.0,53.4235,1.0,2.5,0.00625,0.0
806,3440.0,53.4235,1.0,2.5,0.00625,0.0
807,3445.0,53.4235,1.0,2.5,0.00625,0.0
808,3449.0,53.4235,1.0,2.5,0.00625,0.0
809,3453.0,53.4235,1.0,2.5,0.00625,0.0
810,3458.0,38.3701,1.0,2.5,0.00625,0.0
811,3462.0,38.3701,1.0,2.5,0.00625,0.0
812,3466.0,38.3701,1.0,2.5,0.00625,0.0
813,3471.0,38.3701,1.0,2.5,0.00625,0.0
814,3475.0,38.3701,1.0,2.5,0.00625,0.0
815,3480.0,38.3701,1.0,2.5,0.00625,0.0
816,3485.0,38.3701,1.0,2.5,0.00625,0.0
817,3490.0,38.3701,1.0,2.5,0.00625,0.0
818,3494.0,38.3701,1.0,2.5,0.00625,0.0
819,3498.0,38.3701,1.0,2.5,0.00625,0.0
820,3503.0,23.8483,1.0,2.5,0.00625,0.0
821,3507.0,23.8483,1.0,2.5,0.00625,0.0
822,3511.0,23.8483,1.0,2.5,0.00625,0.0
823,3516.0,23.8483,1.0,2.5,0.00625,0.0
824,3520.0,23.8483,1.0,2.5,0.00625,0.0
825,3526.0,23.8483,1.0,2.5,0.00625,0.0
826,3530.0,23.8483,1.0,2.5,0.00625,0.0
827,3536.0,23.8483,1.0,2.5,0.00625,0.0
828,3540.0,23.8483,1.0,2.5,0.00625,0.0
829,3544.0,23.8483,1.0,2.5,0.00625,0.0
830,3549.0,8.5903,1.0,2.5,0.00625,0.0
831,3553.0,8.5903,1.0,2.5,0.00625,0.0
832,3557.0,8.5903,1.0,2.5,0.00625,0.0
833,3562.0,8.5903,1.0,2.5,0.00625,0.0
834,3566.0,8.5903,1.0,2.5,0.00625,0.0
835,3570.0,8.5903,1.0,2.5,0.00625,0.0
836,3575.0,8.5903,1.0,2.5,0.00625,0.0
837,3579.0,8.5903,1.0,2.5,0.00625,0.0
838,3583.0,8.5903,1.0,2.5,0.00625,0.0
839,3587.0,8.5903,1.0,2.5,0.00625,0.0
840,3592.0,-4.8677,1.0,2.5,0.00625,0.0
841,3596.0,-4.8677,1.0,2.5,0.00625,0.0
842,3599.0,-4.8677,1.0,2.5,0.00625,0.0
843,3603.0,-4.8677,1.0,2.5,0.00625,0.0
844,3607.0,-4.8677,1.0,2.5,0.00625,0.0
845,3610.0,-4.8677,1.0,2.5,0.00625,0.0
846,3614.0,-4.8677,1.0,2.5,0.00625,0.0
847,3617.0,-4.8677,1.0,2.5,0.00625,0.0
848,3620.0,-4.8677,1.0,2.5,0.00625,0.0
849,3623.0,-4.8677,1.0,2.5,0.00625,0.0
850,3626.0,-14.6853,1.0,2.5,0.00625,0.0
851,3628.0,-14.6853,1.0,2.5,0.00625,0.0
852,3631.0,-14.6853,1.0,2.5,0.00625,0.0
853,3633.0,-14.6853,1.0,2.5,0.00625,0.0
854,3635.0,-14.6853,1.0,2.5,0.00625,0.0
855,3637.0,-14.6853,1.0,2.5,0.00625,0.0
856,3639.0,-14.6853,1.0,2.5,0.00625,0.0
857,3640.0,-14.6853,1.0,2.5,0.00625,0.0
858,3641.0,-14.6853,1.0,2.5,0.00625,0.0
859,3643.0,-14.6853,1.0,2.5,0.00625,0.0
860,3644.0,-18.1623,1.0,2.5,0.00625,0.0
861,3644.0,-18.1623,1.0,2.5,0.00625,0.0
862,3645.0,-18.1623,1.0,2.5,0.00625,0.0
863,3645.0,-18.1623,1.0,2.5,0.00625,0.0
864,3646.0,-18.1623,1.0,2.5,0.00625,0.0
865,3646.0,-18.1623,1.0,2.5,0.00625,0.0
866,3646.0,-18.1623,1.0,2.5,0.00625,0.0
867,3646.0,-18.1623,1.0,2.5,0.00625,0.0
868,3646.0,-18.1623,1.0,2.5,0.00625,0.0
869,3646.0,-18.1623,1.0,2.5,0.00625,0.0
870,3646.0,-15.667,1.0,2.5,0.00625,0.0
871,3645.0,-15.667,1.0,2.5,0.00625,0.0
872,3645.0,-15.667,1.0,2.5,0.00625,0.0
873,3644.0,-15.667,1.0,2.5,0.00625,0.0
874,3643.0,-15.667,1.0,2.5,0.00625,0.0
875,3642.0,-15.667,1.0,2.5,0.00625,0.0
876,3641.0,-15.667,1.0,2.5,0.00625,0.0
877,3640.0,-15.667,1.0,2.5,0.00625,0.0
878,3639.0,-15.667,1.0,2.5,0.00625,0.0
879,3638.0,-15.667,1.0,2.5,0.00625,0.0
880,3636.0,-10.7991,1.0,2.5,0.00625,0.0
881,3635.0,-10.7991,1.0,2.5,0.00625,0.0
882,3633.0,-10.7991,1.0,2.5,0.00625,0.0
883,3632.0,-10.7991,1.0,2.5,0.00625,0.0
884,3630.0,-10.7991,1.0,2.5,0.00625,0.0
885,3628.0,-10.7991,1.0,2.5,0.00625,0.0
886,3626.0,-10.7991,1.0,2.5,0.00625,0.0
887,3624.0,-10.7991,1.0,2.5,0.00625,0.0
888,3622.0,-10.7991,1.0,2.5,0.00625,0.0
889,3620.0,-10.7991,1.0,2.5,0.00625,0.0
890,3618.0,-2.8634,1.0,2.5,0.00625,0.0
891,3616.0,-2.8634,1.0,2.5,0.00625,0.0
892,3614.0,-2.8634,1.0,2.5,0.00625,0.0
893,3611.0,-2.8634,1.0,2.5,0.00625,0.0
894,3609.0,-2.8634,1.0,2.5,0.00625,0.0
895,3607.0,-2.8634,1.0,2.5,0.00625,0.0
896,3605.0,-2.8634,1.0,2.5,0.00625,0.0
897,3603.0,-2.8634,1.0,2.5,0.00625,0.0
898,3601.0,-2.8634,1.0,2.5,0.00625,0.0
899,3599.0,-2.8634,1.0,2.5,0.00625,0.0
900,3597.0,4.6225,1.0,2.5,0.00625,0.0
901,3596.0,4.6225,1.0,2.5,0.00625,0.0
902,3594.0,4.6225,1.0,2.5,0.00625,0.0
903,3592.0,4.6225,1.0,2.5,0.00625,0.0
904,3591.0,4.6225,1.0,2.5,0.00625,0.0
905,3589.0,4.6225,1.0,2.5,0.00625,0.0
906,3588.0,4.6225,1.0,2.5,0.00625,0.0
907,3587.0,4.6225,1.0,2.5,0.00625,0.0
908,3586.0,4.6225,1.0,2.5,0.00625,0.0
909,3585.0,4.6225,1.0,2.5,0.00625,0.0
910,3584.0,7.7723,1.0,2.5,0.00625,0.0
911,3583.0,7.7723,1.0,2.5,0.00625,0.0
912,3582.0,7.7723,1.0,2.5,0.00625,0.0
913,3582.0,7.7723,1.0,2.5,0.00625,0.0
914,3581.0,7.7723,1.0,2.5,0.00625,0.0
915,3581.0,7.7723,1.0,2.5,0.00625,0.0
916,3581.0,7.7723,1.0,2.5,0.00625,0.0
917,3581.0,7.7723,1.0,2.5,0.00625,0.0
918,3581.0,7.7723,1.0,2.5,0.00625,0.0
919,3581.0,7.7723,1.0,2.5,0.00625,0.0
920,3581.0,7.0359,1.0,2.5,0.00625,0.0
921,3581.0,7.0359,1.0,2.5,0.00625,0.0
922,3581.0,7.0359,1.0,2.5,0.00625,0.0
923,3581.0,7.0359,1.0,2.5,0.00625,0.0
924,3582.0,7.0359,1.0,2.5,0.00625,0.0
925,3582.0,7.0359,1.0,2.5,0.00625,0.0
926,3583.0,7.0359,1.0,2.5,0.00625,0.0
927,3583.0,7.0359,1.0,2.5,0.00625,0.0
928,3584.0,7.0359,1.0,2.5,0.00625,0.0
929,3585.0,7.0359,1.0,2.5,0.00625,0.0
930,3585.0,4.0907,1.0,2.5,0.00625,0.0
931,3586.0,4.0907,1.0,2.5,0.00625,0.0
932,3587.0,4.0907,1.0,2.5,0.00625,0.0
933,3588.0,4.0907,1.0,2.5,0.00625,0.0
934,3589.0,4.0907,1.0,2.5,0.00625,0.0
935,3590.0,4.0907,1.0,2.5,0.00625,0.0
936,3591.0,4.0907,1.0,2.5,0.00625,0.0
937,3592.0,4.0907,1.0,2.5,0.00625,0.0
938,3593.0,4.0907,1.0,2.5,0.00625,0.0
939,3594.0,4.0907,1.0,2.5,0.00625,0.0
940,3595.0,0.1228,1.0,2.5,0.00625,0.0
941,3596.0,0.1228,1.0,2.5,0.00625,0.0
942,3597.0,0.1228,1.0,2.5,0.00625,0.0
943,3598.0,0.1228,1.0,2.5,0.00625,0.0
944,3599.0,0.1228,1.0,2.5,0.00625,0.0
945,3600.0,0.1228,1.0,2.5,0.00625,0.0
946,3601.0,0.1228,1.0,2.5,0.00625,0.0
947,3601.0,0.1228,1.0,2.5,0.00625,0.0
948,3602.0,0.1228,1.0,2.5,0.00625,0.0
949,3603.0,0.1228,1.0,2.5,0.00625,0.0
950,3604.0,-2.8225,1.0,2.5,0.00625,0.0
951,3604.0,-2.8225,1.0,2.5,0.00625,0.0
952,3605.0,-2.8225,1.0,2.5,0.00625,0.0
953,3606.0,-2.8225,1.0,2.5,0.00625,0.0
954,3606.0,-2.8225,1.0,2.5,0.00625,0.0
955,3607.0,-2.8225,1.0,2.5,0.00625,0.0
956,3607.0,-2.8225,1.0,2.5,0.00625,0.0
957,3608.0,-2.8225,1.0,2.5,0.00625,0.0
958,3608.0,-2.8225,1.0,2.5,0.00625,0.0
959,3608.0,-2.8225,1.0,2.5,0.00625,0.0
960,3608.0,-3.6406,1.0,2.5,0.00625,0.0
961,3608.0,-3.6406,1.0,2.5,0.00625,0.0
962,3609.0,-3.6406,1.0,2.5,0.00625,0.0
963,3609.0,-3.6406,1.0,2.5,0.00625,0.0
964,3609.0,-3.6406,1.0,2.5,0.00625,0.0
965,3609.0,-3.6406,1.0,2.5,0.00625,0.0
966,3608.0,-3.6406,1.0,2.5,0.00625,0.0
967,3608.0,-3.6406,1.0,2.5,0.00625,0.0
968,3608.0,-3.6406,1.0,2.5,0.00625,0.0
969,3608.0,-3.6406,1.0,2.5,0.00625,0.0
970,3607.0,-2.618,1.0,2.5,0.00625,0.0
971,3607.0,-2.618,1.0,2.5,0.00625,0.0
972,3607.0,-2.618,1.0,2.5,0.00625,0.0
973,3606.0,-2.618,1.0,2.5,0.00625,0.0
974,3606.0,-2.618,1.0,2.5,0.00625,0.0
975,3605.0,-2.618,1.0,2.5,0.00625,0.0
976,3605.0,-2.618,1.0,2.5,0.00625,0.0
977,3604.0,-2.618,1.0,2.5,0.00625,0.0
978,3604.0,-2.618,1.0,2.5,0.00625,0.0
979,3603.0,-2.618,1.0,2.5,0.00625,0.0
980,3603.0,0.041,1.0,2.5,0.00625,0.0
981,3602.0,0.041,1.0,2.5,0.00625,0.0
982,3602.0,0.041,1.0,2.5,0.00625,0.0
983,3601.0,0.041,1.0,2.5,0.00625,0.0
984,3601.0,0.041,1.0,2.5,0.00625,0.0
985,3601.0,0.041,1.0,2.5,0.00625,0.0
986,3600.0,0.041,1.0,2.5,0.00625,0.0
987,3600.0,0.041,1.0,2.5,0.00625,0.0
988,3600.0,0.041,1.0,2.5,0.00625,0.0
989,3599.0,0.041,1.0,2.5,0.00625,0.0
990,3599.0,1.1454,1.0,2.5,0.00625,0.0
991,3598.0,1.1454,1.0,2.5,0.00625,0.0
992,3598.0,1.1454,1.0,2.5,0.00625,0.0
993,3598.0,1.1454,1.0,2.5,0.00625,0.0
994,3598.0,1.1454,1.0,2.5,0.00625,0.0
995,3597.0,1.1454,1.0,2.5,0.00625,0.0
996,3597.0,1.1454,1.0,2.5,0.00625,0.0
997,3597.0,1.1454,1.0,2.5,0.00625,0.0
998,3597.0,1.1454,1.0,2.5,0.00625,0.0
999,3597.0,1.1454,1.0,2.5,0.00625,0.0
1000,3596.0,1.3909,1.0,2.5,0.00625,0.0
1001,3596.0,1.3909,1.0,2.5,0.00625,0.0
1002,3596.0,1.3909,1.0,2.5,0.00625,0.0
1003,3596.0,1.3909,1.0,2.5,0.00625,0.0
1004,3596.0,1.3909,1.0,2.5,0.00625,0.0
1005,3596.0,1.3909,1.0,2.5,0.00625,0.0
1006,3596.0,1.3909,1.0,2.5,0.00625,0.0
1007,3596.0,1.3909,1.0,2.5,0.00625,0.0
1008,3596.0,1.3909,1.0,2.5,0.00625,0.0
1009,3596.0,1.3909,1.0,2.5,0.00625,0.0
1010,3596.0,1.5136,1.0,2.5,0.00625,0.0
1011,3597.0,1.5136,1.0,2.5,0.00625,0.0
1012,3597.0,1.5136,1.0,2.5,0.00625,0.0
1013,3597.0,1.5136,1.0,2.5,0.00625,0.0
1014,3597.0,1.5136,1.0,2.5,0.00625,0.0
1015,3597.0,1.5136,1.0,2.5,0.00625,0.0
1016,3597.0,1.5136,1.0,2.5,0.00625,0.0
1017,3598.0,1.5136,1.0,2.5,0.00625,0.0
1018,3598.0,1.5136,1.0,2.5,0.00625,0.0
1019,3598.0,1.5136,1.0,2.5,0.00625,0.0
1020,3598.0,0.2454,1.0,2.5,0.00625,0.0
1021,3598.0,0.2454,1.0,2.5,0.00625,0.0
1022,3599.0,0.2454,1.0,2.5,0.00625,0.0
1023,3599.0,0.2454,1.0,2.5,0.00625,0.0
1024,3599.0,0.2454,1.0,2.5,0.00625,0.0
1025,3599.0,0.2454,1.0,2.5,0.00625,0.0
1026,3599.0,0.2454,1.0,2.5,0.00625,0.0
1027,3599.0,0.2454,1.0,2.5,0.00625,0.0
1028,3599.0,0.2454,1.0,2.5,0.00625,0.0
1029,3600.0,0.2454,1.0,2.5,0.00625,0.0
