TIME,PULSES,CONTROLLERVOLTAGE,CONTROLLER,KP,TAUD,TAUI 
0,0,0.0003,0,5.0,0.0,0.0
1,0,0.0003,0,5.0,0.0,0.0
2,0,0.0003,0,5.0,0.0,0.0
3,0,0.0003,0,5.0,0.0,0.0
4,0,0.0003,0,5.0,0.0,0.0
5,0,0.0003,0,5.0,0.0,0.0
6,0,0.0003,0,5.0,0.0,0.0
7,0,0.0003,0,5.0,0.0,0.0
8,0,0.0003,0,5.0,0.0,0.0
9,0,0.0003,0,5.0,0.0,0.0
10,0,2356.1946,0,5.0,0.0,0.0
11,0,2356.1946,0,5.0,0.0,0.0
12,0,2356.1946,0,5.0,0.0,0.0
13,1,2356.1946,0,5.0,0.0,0.0
14,1,2356.1946,0,5.0,0.0,0.0
15,2,2356.1946,0,5.0,0.0,0.0
16,2,2356.1946,0,5.0,0.0,0.0
17,3,2356.1946,0,5.0,0.0,0.0
18,4,2356.1946,0,5.0,0.0,0.0
19,5,2356.1946,0,5.0,0.0,0.0
20,6,2352.9221,0,5.0,0.0,0.0
21,8,2352.9221,0,5.0,0.0,0.0
22,9,2352.9221,0,5.0,0.0,0.0
23,10,2352.9221,0,5.0,0.0,0.0
24,12,2352.9221,0,5.0,0.0,0.0
25,14,2352.9221,0,5.0,0.0,0.0
26,16,2352.9221,0,5.0,0.0,0.0
27,17,2352.9221,0,5.0,0.0,0.0
28,19,2352.9221,0,5.0,0.0,0.0
29,21,2352.9221,0,5.0,0.0,0.0
30,23,2342.4502,0,5.0,0.0,0.0
31,26,2342.4502,0,5.0,0.0,0.0
32,28,2342.4502,0,5.0,0.0,0.0
33,30,2342.4502,0,5.0,0.0,0.0
34,32,2342.4502,0,5.0,0.0,0.0
35,35,2342.4502,0,5.0,0.0,0.0
36,37,2342.4502,0,5.0,0.0,0.0
37,40,2342.4502,0,5.0,0.0,0.0
38,43,2342.4502,0,5.0,0.0,0.0
39,45,2342.4502,0,5.0,0.0,0.0
40,48,2326.7422,0,5.0,0.0,0.0
41,51,2326.7422,0,5.0,0.0,0.0
42,53,2326.7422,0,5.0,0.0,0.0
43,56,2326.7422,0,5.0,0.0,0.0
44,59,2326.7422,0,5.0,0.0,0.0
45,62,2326.7422,0,5.0,0.0,0.0
46,65,2326.7422,0,5.0,0.0,0.0
47,68,2326.7422,0,5.0,0.0,0.0
48,71,2326.7422,0,5.0,0.0,0.0
49,75,2326.7422,0,5.0,0.0,0.0
50,78,2307.1072,0,5.0,0.0,0.0
51,81,2307.1072,0,5.0,0.0,0.0
52,84,2307.1072,0,5.0,0.0,0.0
53,87,2307.1072,0,5.0,0.0,0.0
54,91,2307.1072,0,5.0,0.0,0.0
55,94,2307.1072,0,5.0,0.0,0.0
56,97,2307.1072,0,5.0,0.0,0.0
57,101,2307.1072,0,5.0,0.0,0.0
58,104,2307.1072,0,5.0,0.0,0.0
59,108,2307.1072,0,5.0,0.0,0.0
60,111,2285.5088,0,5.0,0.0,0.0
61,115,2285.5088,0,5.0,0.0,0.0
62,118,2285.5088,0,5.0,0.0,0.0
63,122,2285.5088,0,5.0,0.0,0.0
64,125,2285.5088,0,5.0,0.0,0.0
65,129,2285.5088,0,5.0,0.0,0.0
66,133,2285.5088,0,5.0,0.0,0.0
67,136,2285.5088,0,5.0,0.0,0.0
68,140,2285.5088,0,5.0,0.0,0.0
69,144,2285.5088,0,5.0,0.0,0.0
70,147,2261.9468,0,5.0,0.0,0.0
71,151,2261.9468,0,5.0,0.0,0.0
72,155,2261.9468,0,5.0,0.0,0.0
73,159,2261.9468,0,5.0,0.0,0.0
74,163,2261.9468,0,5.0,0.0,0.0
75,166,2261.9468,0,5.0,0.0,0.0
76,170,2261.9468,0,5.0,0.0,0.0
77,174,2261.9468,0,5.0,0.0,0.0
78,178,2261.9468,0,5.0,0.0,0.0
79,182,2261.9468,0,5.0,0.0,0.0
80,186,2237.0759,0,5.0,0.0,0.0
81,190,2237.0759,0,5.0,0.0,0.0
82,194,2237.0759,0,5.0,0.0,0.0
83,198,2237.0759,0,5.0,0.0,0.0
84,202,2237.0759,0,5.0,0.0,0.0
85,206,2237.0759,0,5.0,0.0,0.0
86,210,2237.0759,0,5.0,0.0,0.0
87,214,2237.0759,0,5.0,0.0,0.0
88,218,2237.0759,0,5.0,0.0,0.0
89,222,2237.0759,0,5.0,0.0,0.0
90,226,2210.896,0,5.0,0.0,0.0
91,230,2210.896,0,5.0,0.0,0.0
92,235,2210.896,0,5.0,0.0,0.0
93,239,2210.896,0,5.0,0.0,0.0
94,243,2210.896,0,5.0,0.0,0.0
95,247,2210.896,0,5.0,0.0,0.0
96,251,2210.896,0,5.0,0.0,0.0
97,255,2210.896,0,5.0,0.0,0.0
98,259,2210.896,0,5.0,0.0,0.0
99,264,2210.896,0,5.0,0.0,0.0
100,268,2183.407,0,5.0,0.0,0.0
101,272,2183.407,0,5.0,0.0,0.0
102,276,2183.407,0,5.0,0.0,0.0
103,280,2183.407,0,5.0,0.0,0.0
104,284,2183.407,0,5.0,0.0,0.0
105,288,2183.407,0,5.0,0.0,0.0
106,293,2183.407,0,5.0,0.0,0.0
107,297,2183.407,0,5.0,0.0,0.0
108,301,2183.407,0,5.0,0.0,0.0
109,305,2183.407,0,5.0,0.0,0.0
110,309,2155.9182,0,5.0,0.0,0.0
111,314,2155.9182,0,5.0,0.0,0.0
112,318,2155.9182,0,5.0,0.0,0.0
113,322,2155.9182,0,5.0,0.0,0.0
114,326,2155.9182,0,5.0,0.0,0.0
115,329,2155.9182,0,5.0,0.0,0.0
116,334,2155.9182,0,5.0,0.0,0.0
117,338,2155.9182,0,5.0,0.0,0.0
118,342,2155.9182,0,5.0,0.0,0.0
119,346,2155.9182,0,5.0,0.0,0.0
120,351,2129.0835,0,5.0,0.0,0.0
121,355,2129.0835,0,5.0,0.0,0.0
122,359,2129.0835,0,5.0,0.0,0.0
123,364,2129.0835,0,5.0,0.0,0.0
124,368,2129.0835,0,5.0,0.0,0.0
125,372,2129.0835,0,5.0,0.0,0.0
126,376,2129.0835,0,5.0,0.0,0.0
127,380,2129.0835,0,5.0,0.0,0.0
128,385,2129.0835,0,5.0,0.0,0.0
129,389,2129.0835,0,5.0,0.0,0.0
130,393,2101.5947,0,5.0,0.0,0.0
131,398,2101.5947,0,5.0,0.0,0.0
132,403,2101.5947,0,5.0,0.0,0.0
133,407,2101.5947,0,5.0,0.0,0.0
134,412,2101.5947,0,5.0,0.0,0.0
135,416,2101.5947,0,5.0,0.0,0.0
136,420,2101.5947,0,5.0,0.0,0.0
137,424,2101.5947,0,5.0,0.0,0.0
138,429,2101.5947,0,5.0,0.0,0.0
139,433,2101.5947,0,5.0,0.0,0.0
140,438,2072.1423,0,5.0,0.0,0.0
141,443,2072.1423,0,5.0,0.0,0.0
142,447,2072.1423,0,5.0,0.0,0.0
143,451,2072.1423,0,5.0,0.0,0.0
144,456,2072.1423,0,5.0,0.0,0.0
145,460,2072.1423,0,5.0,0.0,0.0
146,464,2072.1423,0,5.0,0.0,0.0
147,469,2072.1423,0,5.0,0.0,0.0
148,473,2072.1423,0,5.0,0.0,0.0
149,478,2072.1423,0,5.0,0.0,0.0
150,482,2043.3445,0,5.0,0.0,0.0
151,487,2043.3445,0,5.0,0.0,0.0
152,491,2043.3445,0,5.0,0.0,0.0
153,495,2043.3445,0,5.0,0.0,0.0
154,501,2043.3445,0,5.0,0.0,0.0
155,505,2043.3445,0,5.0,0.0,0.0
156,509,2043.3445,0,5.0,0.0,0.0
157,514,2043.3445,0,5.0,0.0,0.0
158,518,2043.3445,0,5.0,0.0,0.0
159,522,2043.3445,0,5.0,0.0,0.0
160,527,2013.8918,0,5.0,0.0,0.0
161,531,2013.8918,0,5.0,0.0,0.0
162,535,2013.8918,0,5.0,0.0,0.0
163,540,2013.8918,0,5.0,0.0,0.0
164,544,2013.8918,0,5.0,0.0,0.0
165,548,2013.8918,0,5.0,0.0,0.0
166,553,2013.8918,0,5.0,0.0,0.0
167,557,2013.8918,0,5.0,0.0,0.0
168,561,2013.8918,0,5.0,0.0,0.0
169,566,2013.8918,0,5.0,0.0,0.0
170,570,1985.7484,0,5.0,0.0,0.0
171,574,1985.7484,0,5.0,0.0,0.0
172,579,1985.7484,0,5.0,0.0,0.0
173,584,1985.7484,0,5.0,0.0,0.0
174,589,1985.7484,0,5.0,0.0,0.0
175,593,1985.7484,0,5.0,0.0,0.0
176,597,1985.7484,0,5.0,0.0,0.0
177,602,1985.7484,0,5.0,0.0,0.0
178,606,1985.7484,0,5.0,0.0,0.0
179,610,1985.7484,0,5.0,0.0,0.0
180,615,1956.2961,0,5.0,0.0,0.0
181,619,1956.2961,0,5.0,0.0,0.0
182,624,1956.2961,0,5.0,0.0,0.0
183,629,1956.2961,0,5.0,0.0,0.0
184,634,1956.2961,0,5.0,0.0,0.0
185,638,1956.2961,0,5.0,0.0,0.0
186,643,1956.2961,0,5.0,0.0,0.0
187,647,1956.2961,0,5.0,0.0,0.0
188,652,1956.2961,0,5.0,0.0,0.0
189,656,1956.2961,0,5.0,0.0,0.0
190,660,1926.8435,0,5.0,0.0,0.0
191,665,1926.8435,0,5.0,0.0,0.0
192,669,1926.8435,0,5.0,0.0,0.0
193,675,1926.8435,0,5.0,0.0,0.0
194,680,1926.8435,0,5.0,0.0,0.0
195,684,1926.8435,0,5.0,0.0,0.0
196,688,1926.8435,0,5.0,0.0,0.0
197,693,1926.8435,0,5.0,0.0,0.0
198,697,1926.8435,0,5.0,0.0,0.0
199,702,1926.8435,0,5.0,0.0,0.0
200,706,1896.7368,0,5.0,0.0,0.0
201,710,1896.7368,0,5.0,0.0,0.0
202,715,1896.7368,0,5.0,0.0,0.0
203,719,1896.7368,0,5.0,0.0,0.0
204,722,1896.7368,0,5.0,0.0,0.0
205,727,1896.7368,0,5.0,0.0,0.0
206,731,1896.7368,0,5.0,0.0,0.0
207,735,1896.7368,0,5.0,0.0,0.0
208,740,1896.7368,0,5.0,0.0,0.0
209,744,1896.7368,0,5.0,0.0,0.0
210,749,1869.2478,0,5.0,0.0,0.0
211,753,1869.2478,0,5.0,0.0,0.0
212,757,1869.2478,0,5.0,0.0,0.0
213,763,1869.2478,0,5.0,0.0,0.0
214,767,1869.2478,0,5.0,0.0,0.0
215,772,1869.2478,0,5.0,0.0,0.0
216,777,1869.2478,0,5.0,0.0,0.0
217,781,1869.2478,0,5.0,0.0,0.0
218,785,1869.2478,0,5.0,0.0,0.0
219,790,1869.2478,0,5.0,0.0,0.0
220,795,1839.1407,0,5.0,0.0,0.0
221,800,1839.1407,0,5.0,0.0,0.0
222,804,1839.1407,0,5.0,0.0,0.0
223,808,1839.1407,0,5.0,0.0,0.0
224,813,1839.1407,0,5.0,0.0,0.0
225,817,1839.1407,0,5.0,0.0,0.0
226,821,1839.1407,0,5.0,0.0,0.0
227,826,1839.1407,0,5.0,0.0,0.0
228,830,1839.1407,0,5.0,0.0,0.0
229,834,1839.1407,0,5.0,0.0,0.0
230,839,1809.6885,0,5.0,0.0,0.0
231,843,1809.6885,0,5.0,0.0,0.0
232,849,1809.6885,0,5.0,0.0,0.0
233,853,1809.6885,0,5.0,0.0,0.0
234,857,1809.6885,0,5.0,0.0,0.0
235,862,1809.6885,0,5.0,0.0,0.0
236,866,1809.6885,0,5.0,0.0,0.0
237,869,1809.6885,0,5.0,0.0,0.0
238,874,1809.6885,0,5.0,0.0,0.0
239,878,1809.6885,0,5.0,0.0,0.0
240,882,1781.5449,0,5.0,0.0,0.0
241,887,1781.5449,0,5.0,0.0,0.0
242,891,1781.5449,0,5.0,0.0,0.0
243,896,1781.5449,0,5.0,0.0,0.0
244,900,1781.5449,0,5.0,0.0,0.0
245,904,1781.5449,0,5.0,0.0,0.0
246,909,1781.5449,0,5.0,0.0,0.0
247,913,1781.5449,0,5.0,0.0,0.0
248,919,1781.5449,0,5.0,0.0,0.0
249,924,1781.5449,0,5.0,0.0,0.0
250,928,1751.438,0,5.0,0.0,0.0
251,932,1751.438,0,5.0,0.0,0.0
252,937,1751.438,0,5.0,0.0,0.0
253,941,1751.438,0,5.0,0.0,0.0
254,946,1751.438,0,5.0,0.0,0.0
255,950,1751.438,0,5.0,0.0,0.0
256,954,1751.438,0,5.0,0.0,0.0
257,960,1751.438,0,5.0,0.0,0.0
258,964,1751.438,0,5.0,0.0,0.0
259,968,1751.438,0,5.0,0.0,0.0
260,973,1721.9856,0,5.0,0.0,0.0
261,977,1721.9856,0,5.0,0.0,0.0
262,982,1721.9856,0,5.0,0.0,0.0
263,986,1721.9856,0,5.0,0.0,0.0
264,990,1721.9856,0,5.0,0.0,0.0
265,995,1721.9856,0,5.0,0.0,0.0
266,999,1721.9856,0,5.0,0.0,0.0
267,1003,1721.9856,0,5.0,0.0,0.0
268,1008,1721.9856,0,5.0,0.0,0.0
269,1012,1721.9856,0,5.0,0.0,0.0
270,1016,1693.8422,0,5.0,0.0,0.0
271,1021,1693.8422,0,5.0,0.0,0.0
272,1025,1693.8422,0,5.0,0.0,0.0
273,1030,1693.8422,0,5.0,0.0,0.0
274,1034,1693.8422,0,5.0,0.0,0.0
275,1038,1693.8422,0,5.0,0.0,0.0
276,1043,1693.8422,0,5.0,0.0,0.0
277,1047,1693.8422,0,5.0,0.0,0.0
278,1051,1693.8422,0,5.0,0.0,0.0
279,1056,1693.8422,0,5.0,0.0,0.0
280,1060,1665.0442,0,5.0,0.0,0.0
281,1065,1665.0442,0,5.0,0.0,0.0
282,1070,1665.0442,0,5.0,0.0,0.0
283,1074,1665.0442,0,5.0,0.0,0.0
284,1079,1665.0442,0,5.0,0.0,0.0
285,1083,1665.0442,0,5.0,0.0,0.0
286,1087,1665.0442,0,5.0,0.0,0.0
287,1092,1665.0442,0,5.0,0.0,0.0
288,1096,1665.0442,0,5.0,0.0,0.0
289,1100,1665.0442,0,5.0,0.0,0.0
290,1105,1635.5918,0,5.0,0.0,0.0
291,1109,1635.5918,0,5.0,0.0,0.0
292,1114,1635.5918,0,5.0,0.0,0.0
293,1118,1635.5918,0,5.0,0.0,0.0
294,1122,1635.5918,0,5.0,0.0,0.0
295,1127,1635.5918,0,5.0,0.0,0.0
296,1131,1635.5918,0,5.0,0.0,0.0
297,1135,1635.5918,0,5.0,0.0,0.0
298,1140,1635.5918,0,5.0,0.0,0.0
299,1144,1635.5918,0,5.0,0.0,0.0
300,1148,1607.4485,0,5.0,0.0,0.0
301,1153,1607.4485,0,5.0,0.0,0.0
302,1157,1607.4485,0,5.0,0.0,0.0
303,1161,1607.4485,0,5.0,0.0,0.0
304,1165,1607.4485,0,5.0,0.0,0.0
305,1169,1607.4485,0,5.0,0.0,0.0
306,1174,1607.4485,0,5.0,0.0,0.0
307,1178,1607.4485,0,5.0,0.0,0.0
308,1182,1607.4485,0,5.0,0.0,0.0
309,1187,1607.4485,0,5.0,0.0,0.0
310,1191,1579.3049,0,5.0,0.0,0.0
311,1196,1579.3049,0,5.0,0.0,0.0
312,1200,1579.3049,0,5.0,0.0,0.0
313,1204,1579.3049,0,5.0,0.0,0.0
314,1210,1579.3049,0,5.0,0.0,0.0
315,1214,1579.3049,0,5.0,0.0,0.0
316,1218,1579.3049,0,5.0,0.0,0.0
317,1223,1579.3049,0,5.0,0.0,0.0
318,1227,1579.3049,0,5.0,0.0,0.0
319,1231,1579.3049,0,5.0,0.0,0.0
320,1236,1549.8525,0,5.0,0.0,0.0
321,1240,1549.8525,0,5.0,0.0,0.0
322,1245,1549.8525,0,5.0,0.0,0.0
323,1249,1549.8525,0,5.0,0.0,0.0
324,1253,1549.8525,0,5.0,0.0,0.0
325,1259,1549.8525,0,5.0,0.0,0.0
326,1263,1549.8525,0,5.0,0.0,0.0
327,1267,1549.8525,0,5.0,0.0,0.0
328,1272,1549.8525,0,5.0,0.0,0.0
329,1276,1549.8525,0,5.0,0.0,0.0
330,1282,1521.0546,0,5.0,0.0,0.0
331,1286,1521.0546,0,5.0,0.0,0.0
332,1290,1521.0546,0,5.0,0.0,0.0
333,1295,1521.0546,0,5.0,0.0,0.0
334,1299,1521.0546,0,5.0,0.0,0.0
335,1303,1521.0546,0,5.0,0.0,0.0
336,1307,1521.0546,0,5.0,0.0,0.0
337,1311,1521.0546,0,5.0,0.0,0.0
338,1316,1521.0546,0,5.0,0.0,0.0
339,1321,1521.0546,0,5.0,0.0,0.0
340,1325,1491.6022,0,5.0,0.0,0.0
341,1330,1491.6022,0,5.0,0.0,0.0
342,1334,1491.6022,0,5.0,0.0,0.0
343,1338,1491.6022,0,5.0,0.0,0.0
344,1343,1491.6022,0,5.0,0.0,0.0
345,1347,1491.6022,0,5.0,0.0,0.0
346,1351,1491.6022,0,5.0,0.0,0.0
347,1357,1491.6022,0,5.0,0.0,0.0
348,1361,1491.6022,0,5.0,0.0,0.0
349,1365,1491.6022,0,5.0,0.0,0.0
350,1370,1462.1497,0,5.0,0.0,0.0
351,1374,1462.1497,0,5.0,0.0,0.0
352,1380,1462.1497,0,5.0,0.0,0.0
353,1384,1462.1497,0,5.0,0.0,0.0
354,1388,1462.1497,0,5.0,0.0,0.0
355,1393,1462.1497,0,5.0,0.0,0.0
356,1397,1462.1497,0,5.0,0.0,0.0
357,1402,1462.1497,0,5.0,0.0,0.0
358,1406,1462.1497,0,5.0,0.0,0.0
359,1410,1462.1497,0,5.0,0.0,0.0
360,1415,1432.6973,0,5.0,0.0,0.0
361,1419,1432.6973,0,5.0,0.0,0.0
362,1423,1432.6973,0,5.0,0.0,0.0
363,1428,1432.6973,0,5.0,0.0,0.0
364,1432,1432.6973,0,5.0,0.0,0.0
365,1436,1432.6973,0,5.0,0.0,0.0
366,1441,1432.6973,0,5.0,0.0,0.0
367,1445,1432.6973,0,5.0,0.0,0.0
368,1450,1432.6973,0,5.0,0.0,0.0
369,1455,1432.6973,0,5.0,0.0,0.0
370,1459,1403.8992,0,5.0,0.0,0.0
371,1464,1403.8992,0,5.0,0.0,0.0
372,1468,1403.8992,0,5.0,0.0,0.0
373,1472,1403.8992,0,5.0,0.0,0.0
374,1477,1403.8992,0,5.0,0.0,0.0
375,1481,1403.8992,0,5.0,0.0,0.0
376,1486,1403.8992,0,5.0,0.0,0.0
377,1490,1403.8992,0,5.0,0.0,0.0
378,1494,1403.8992,0,5.0,0.0,0.0
379,1499,1403.8992,0,5.0,0.0,0.0
380,1502,1375.1013,0,5.0,0.0,0.0
381,1506,1375.1013,0,5.0,0.0,0.0
382,1511,1375.1013,0,5.0,0.0,0.0
383,1515,1375.1013,0,5.0,0.0,0.0
384,1519,1375.1013,0,5.0,0.0,0.0
385,1524,1375.1013,0,5.0,0.0,0.0
386,1528,1375.1013,0,5.0,0.0,0.0
387,1533,1375.1013,0,5.0,0.0,0.0
388,1537,1375.1013,0,5.0,0.0,0.0
389,1541,1375.1013,0,5.0,0.0,0.0
390,1546,1346.958,0,5.0,0.0,0.0
391,1550,1346.958,0,5.0,0.0,0.0
392,1554,1346.958,0,5.0,0.0,0.0
393,1559,1346.958,0,5.0,0.0,0.0
394,1563,1346.958,0,5.0,0.0,0.0
395,1567,1346.958,0,5.0,0.0,0.0
396,1572,1346.958,0,5.0,0.0,0.0
397,1576,1346.958,0,5.0,0.0,0.0
398,1581,1346.958,0,5.0,0.0,0.0
399,1585,1346.958,0,5.0,0.0,0.0
400,1589,1318.8146,0,5.0,0.0,0.0
401,1594,1318.8146,0,5.0,0.0,0.0
402,1598,1318.8146,0,5.0,0.0,0.0
403,1602,1318.8146,0,5.0,0.0,0.0
404,1607,1318.8146,0,5.0,0.0,0.0
405,1611,1318.8146,0,5.0,0.0,0.0
406,1615,1318.8146,0,5.0,0.0,0.0
407,1620,1318.8146,0,5.0,0.0,0.0
408,1624,1318.8146,0,5.0,0.0,0.0
409,1629,1318.8146,0,5.0,0.0,0.0
410,1633,1290.0166,0,5.0,0.0,0.0
411,1638,1290.0166,0,5.0,0.0,0.0
412,1642,1290.0166,0,5.0,0.0,0.0
413,1647,1290.0166,0,5.0,0.0,0.0
414,1652,1290.0166,0,5.0,0.0,0.0
415,1656,1290.0166,0,5.0,0.0,0.0
416,1660,1290.0166,0,5.0,0.0,0.0
417,1665,1290.0166,0,5.0,0.0,0.0
418,1669,1290.0166,0,5.0,0.0,0.0
419,1673,1290.0166,0,5.0,0.0,0.0
420,1678,1260.5642,0,5.0,0.0,0.0
421,1682,1260.5642,0,5.0,0.0,0.0
422,1687,1260.5642,0,5.0,0.0,0.0
423,1691,1260.5642,0,5.0,0.0,0.0
424,1696,1260.5642,0,5.0,0.0,0.0
425,1701,1260.5642,0,5.0,0.0,0.0
426,1706,1260.5642,0,5.0,0.0,0.0
427,1710,1260.5642,0,5.0,0.0,0.0
428,1715,1260.5642,0,5.0,0.0,0.0
429,1719,1260.5642,0,5.0,0.0,0.0
430,1724,1230.4573,0,5.0,0.0,0.0
431,1728,1230.4573,0,5.0,0.0,0.0
432,1732,1230.4573,0,5.0,0.0,0.0
433,1737,1230.4573,0,5.0,0.0,0.0
434,1741,1230.4573,0,5.0,0.0,0.0
435,1746,1230.4573,0,5.0,0.0,0.0
436,1751,1230.4573,0,5.0,0.0,0.0
437,1755,1230.4573,0,5.0,0.0,0.0
438,1760,1230.4573,0,5.0,0.0,0.0
439,1764,1230.4573,0,5.0,0.0,0.0
440,1768,1201.6593,0,5.0,0.0,0.0
441,1773,1201.6593,0,5.0,0.0,0.0
442,1777,1201.6593,0,5.0,0.0,0.0
443,1781,1201.6593,0,5.0,0.0,0.0
444,1786,1201.6593,0,5.0,0.0,0.0
445,1790,1201.6593,0,5.0,0.0,0.0
446,1795,1201.6593,0,5.0,0.0,0.0
447,1800,1201.6593,0,5.0,0.0,0.0
448,1805,1201.6593,0,5.0,0.0,0.0
449,1810,1201.6593,0,5.0,0.0,0.0
450,1814,1171.5524,0,5.0,0.0,0.0
451,1818,1171.5524,0,5.0,0.0,0.0
452,1823,1171.5524,0,5.0,0.0,0.0
453,1827,1171.5524,0,5.0,0.0,0.0
454,1832,1171.5524,0,5.0,0.0,0.0
455,1836,1171.5524,0,5.0,0.0,0.0
456,1840,1171.5524,0,5.0,0.0,0.0
457,1844,1171.5524,0,5.0,0.0,0.0
458,1848,1171.5524,0,5.0,0.0,0.0
459,1852,1171.5524,0,5.0,0.0,0.0
460,1857,1143.4089,0,5.0,0.0,0.0
461,1861,1143.4089,0,5.0,0.0,0.0
462,1866,1143.4089,0,5.0,0.0,0.0
463,1870,1143.4089,0,5.0,0.0,0.0
464,1874,1143.4089,0,5.0,0.0,0.0
465,1879,1143.4089,0,5.0,0.0,0.0
466,1883,1143.4089,0,5.0,0.0,0.0
467,1887,1143.4089,0,5.0,0.0,0.0
468,1893,1143.4089,0,5.0,0.0,0.0
469,1897,1143.4089,0,5.0,0.0,0.0
470,1901,1114.611,0,5.0,0.0,0.0
471,1906,1114.611,0,5.0,0.0,0.0
472,1910,1114.611,0,5.0,0.0,0.0
473,1915,1114.611,0,5.0,0.0,0.0
474,1919,1114.611,0,5.0,0.0,0.0
475,1924,1114.611,0,5.0,0.0,0.0
476,1928,1114.611,0,5.0,0.0,0.0
477,1932,1114.611,0,5.0,0.0,0.0
478,1937,1114.611,0,5.0,0.0,0.0
479,1940,1114.611,0,5.0,0.0,0.0
480,1945,1086.4675,0,5.0,0.0,0.0
481,1950,1086.4675,0,5.0,0.0,0.0
482,1954,1086.4675,0,5.0,0.0,0.0
483,1958,1086.4675,0,5.0,0.0,0.0
484,1964,1086.4675,0,5.0,0.0,0.0
485,1968,1086.4675,0,5.0,0.0,0.0
486,1973,1086.4675,0,5.0,0.0,0.0
487,1977,1086.4675,0,5.0,0.0,0.0
488,1981,1086.4675,0,5.0,0.0,0.0
489,1986,1086.4675,0,5.0,0.0,0.0
490,1989,1056.3606,0,5.0,0.0,0.0
491,1993,1056.3606,0,5.0,0.0,0.0
492,1998,1056.3606,0,5.0,0.0,0.0
493,2002,1056.3606,0,5.0,0.0,0.0
494,2007,1056.3606,0,5.0,0.0,0.0
495,2011,1056.3606,0,5.0,0.0,0.0
496,2015,1056.3606,0,5.0,0.0,0.0
497,2020,1056.3606,0,5.0,0.0,0.0
498,2024,1056.3606,0,5.0,0.0,0.0
499,2029,1056.3606,0,5.0,0.0,0.0
500,2033,1028.2172,0,5.0,0.0,0.0
501,2038,1028.2172,0,5.0,0.0,0.0
502,2044,1028.2172,0,5.0,0.0,0.0
503,2048,1028.2172,0,5.0,0.0,0.0
504,2052,1028.2172,0,5.0,0.0,0.0
505,2057,1028.2172,0,5.0,0.0,0.0
506,2061,1028.2172,0,5.0,0.0,0.0
507,2066,1028.2172,0,5.0,0.0,0.0
508,2070,1028.2172,0,5.0,0.0,0.0
509,2074,1028.2172,0,5.0,0.0,0.0
510,2079,998.1104,0,5.0,0.0,0.0
511,2083,998.1104,0,5.0,0.0,0.0
512,2087,998.1104,0,5.0,0.0,0.0
513,2092,998.1104,0,5.0,0.0,0.0
514,2096,998.1104,0,5.0,0.0,0.0
515,2100,998.1104,0,5.0,0.0,0.0
516,2105,998.1104,0,5.0,0.0,0.0
517,2110,998.1104,0,5.0,0.0,0.0
518,2115,998.1104,0,5.0,0.0,0.0
519,2119,998.1104,0,5.0,0.0,0.0
520,2123,968.6578,0,5.0,0.0,0.0
521,2128,968.6578,0,5.0,0.0,0.0
522,2132,968.6578,0,5.0,0.0,0.0
523,2138,968.6578,0,5.0,0.0,0.0
524,2142,968.6578,0,5.0,0.0,0.0
525,2146,968.6578,0,5.0,0.0,0.0
526,2151,968.6578,0,5.0,0.0,0.0
527,2155,968.6578,0,5.0,0.0,0.0
528,2160,968.6578,0,5.0,0.0,0.0
529,2164,968.6578,0,5.0,0.0,0.0
530,2168,939.8599,0,5.0,0.0,0.0
531,2173,939.8599,0,5.0,0.0,0.0
532,2177,939.8599,0,5.0,0.0,0.0
533,2182,939.8599,0,5.0,0.0,0.0
534,2187,939.8599,0,5.0,0.0,0.0
535,2191,939.8599,0,5.0,0.0,0.0
536,2195,939.8599,0,5.0,0.0,0.0
537,2200,939.8599,0,5.0,0.0,0.0
538,2204,939.8599,0,5.0,0.0,0.0
539,2209,939.8599,0,5.0,0.0,0.0
540,2213,910.4076,0,5.0,0.0,0.0
541,2218,910.4076,0,5.0,0.0,0.0
542,2222,910.4076,0,5.0,0.0,0.0
543,2226,910.4076,0,5.0,0.0,0.0
544,2231,910.4076,0,5.0,0.0,0.0
545,2235,910.4076,0,5.0,0.0,0.0
546,2239,910.4076,0,5.0,0.0,0.0
547,2244,910.4076,0,5.0,0.0,0.0
548,2248,910.4076,0,5.0,0.0,0.0
549,2253,910.4076,0,5.0,0.0,0.0
550,2257,881.6095,0,5.0,0.0,0.0
551,2261,881.6095,0,5.0,0.0,0.0
552,2266,881.6095,0,5.0,0.0,0.0
553,2270,881.6095,0,5.0,0.0,0.0
554,2274,881.6095,0,5.0,0.0,0.0
555,2279,881.6095,0,5.0,0.0,0.0
556,2283,881.6095,0,5.0,0.0,0.0
557,2288,881.6095,0,5.0,0.0,0.0
558,2293,881.6095,0,5.0,0.0,0.0
559,2297,881.6095,0,5.0,0.0,0.0
560,2302,852.1571,0,5.0,0.0,0.0
561,2306,852.1571,0,5.0,0.0,0.0
562,2311,852.1571,0,5.0,0.0,0.0
563,2315,852.1571,0,5.0,0.0,0.0
564,2319,852.1571,0,5.0,0.0,0.0
565,2324,852.1571,0,5.0,0.0,0.0
566,2327,852.1571,0,5.0,0.0,0.0
567,2331,852.1571,0,5.0,0.0,0.0
568,2336,852.1571,0,5.0,0.0,0.0
569,2340,852.1571,0,5.0,0.0,0.0
570,2344,824.6681,0,5.0,0.0,0.0
571,2349,824.6681,0,5.0,0.0,0.0
572,2354,824.6681,0,5.0,0.0,0.0
573,2359,824.6681,0,5.0,0.0,0.0
574,2363,824.6681,0,5.0,0.0,0.0
575,2367,824.6681,0,5.0,0.0,0.0
576,2372,824.6681,0,5.0,0.0,0.0
577,2376,824.6681,0,5.0,0.0,0.0
578,2380,824.6681,0,5.0,0.0,0.0
579,2385,824.6681,0,5.0,0.0,0.0
580,2389,795.2158,0,5.0,0.0,0.0
581,2394,795.2158,0,5.0,0.0,0.0
582,2398,795.2158,0,5.0,0.0,0.0
583,2402,795.2158,0,5.0,0.0,0.0
584,2407,795.2158,0,5.0,0.0,0.0
585,2411,795.2158,0,5.0,0.0,0.0
586,2416,795.2158,0,5.0,0.0,0.0
587,2420,795.2158,0,5.0,0.0,0.0
588,2424,795.2158,0,5.0,0.0,0.0
589,2429,795.2158,0,5.0,0.0,0.0
590,2433,766.4178,0,5.0,0.0,0.0
591,2437,766.4178,0,5.0,0.0,0.0
592,2442,766.4178,0,5.0,0.0,0.0
593,2446,766.4178,0,5.0,0.0,0.0
594,2451,766.4178,0,5.0,0.0,0.0
595,2455,766.4178,0,5.0,0.0,0.0
596,2459,766.4178,0,5.0,0.0,0.0
597,2464,766.4178,0,5.0,0.0,0.0
598,2468,766.4178,0,5.0,0.0,0.0
599,2471,766.4178,0,5.0,0.0,0.0
600,2476,738.2744,0,5.0,0.0,0.0
601,2481,738.2744,0,5.0,0.0,0.0
602,2486,738.2744,0,5.0,0.0,0.0
603,2490,738.2744,0,5.0,0.0,0.0
604,2494,738.2744,0,5.0,0.0,0.0
605,2500,738.2744,0,5.0,0.0,0.0
606,2504,738.2744,0,5.0,0.0,0.0
607,2509,738.2744,0,5.0,0.0,0.0
608,2514,738.2744,0,5.0,0.0,0.0
609,2518,738.2744,0,5.0,0.0,0.0
610,2523,707.5129,0,5.0,0.0,0.0
611,2527,707.5129,0,5.0,0.0,0.0
612,2532,707.5129,0,5.0,0.0,0.0
613,2537,707.5129,0,5.0,0.0,0.0
614,2541,707.5129,0,5.0,0.0,0.0
615,2546,707.5129,0,5.0,0.0,0.0
616,2550,707.5129,0,5.0,0.0,0.0
617,2554,707.5129,0,5.0,0.0,0.0
618,2559,707.5129,0,5.0,0.0,0.0
619,2563,707.5129,0,5.0,0.0,0.0
620,2568,678.7151,0,5.0,0.0,0.0
621,2572,678.7151,0,5.0,0.0,0.0
622,2576,678.7151,0,5.0,0.0,0.0
623,2581,678.7151,0,5.0,0.0,0.0
624,2585,678.7151,0,5.0,0.0,0.0
625,2589,678.7151,0,5.0,0.0,0.0
626,2594,678.7151,0,5.0,0.0,0.0
627,2599,678.7151,0,5.0,0.0,0.0
628,2604,678.7151,0,5.0,0.0,0.0
629,2608,678.7151,0,5.0,0.0,0.0
630,2612,649.2626,0,5.0,0.0,0.0
631,2617,649.2626,0,5.0,0.0,0.0
632,2621,649.2626,0,5.0,0.0,0.0
633,2625,649.2626,0,5.0,0.0,0.0
634,2630,649.2626,0,5.0,0.0,0.0
635,2634,649.2626,0,5.0,0.0,0.0
636,2639,649.2626,0,5.0,0.0,0.0
637,2643,649.2626,0,5.0,0.0,0.0
638,2647,649.2626,0,5.0,0.0,0.0
639,2652,649.2626,0,5.0,0.0,0.0
640,2656,620.4646,0,5.0,0.0,0.0
641,2661,620.4646,0,5.0,0.0,0.0
642,2665,620.4646,0,5.0,0.0,0.0
643,2669,620.4646,0,5.0,0.0,0.0
644,2674,620.4646,0,5.0,0.0,0.0
645,2678,620.4646,0,5.0,0.0,0.0
646,2682,620.4646,0,5.0,0.0,0.0
647,2687,620.4646,0,5.0,0.0,0.0
648,2691,620.4646,0,5.0,0.0,0.0
649,2696,620.4646,0,5.0,0.0,0.0
650,2700,591.6667,0,5.0,0.0,0.0
651,2704,591.6667,0,5.0,0.0,0.0
652,2709,591.6667,0,5.0,0.0,0.0
653,2713,591.6667,0,5.0,0.0,0.0
654,2717,591.6667,0,5.0,0.0,0.0
655,2722,591.6667,0,5.0,0.0,0.0
656,2726,591.6667,0,5.0,0.0,0.0
657,2731,591.6667,0,5.0,0.0,0.0
658,2735,591.6667,0,5.0,0.0,0.0
659,2740,591.6667,0,5.0,0.0,0.0
660,2745,562.2144,0,5.0,0.0,0.0
661,2749,562.2144,0,5.0,0.0,0.0
662,2754,562.2144,0,5.0,0.0,0.0
663,2759,562.2144,0,5.0,0.0,0.0
664,2763,562.2144,0,5.0,0.0,0.0
665,2768,562.2144,0,5.0,0.0,0.0
666,2772,562.2144,0,5.0,0.0,0.0
667,2776,562.2144,0,5.0,0.0,0.0
668,2781,562.2144,0,5.0,0.0,0.0
669,2785,562.2144,0,5.0,0.0,0.0
670,2790,533.4164,0,5.0,0.0,0.0
671,2794,533.4164,0,5.0,0.0,0.0
672,2798,533.4164,0,5.0,0.0,0.0
673,2803,533.4164,0,5.0,0.0,0.0
674,2807,533.4164,0,5.0,0.0,0.0
675,2812,533.4164,0,5.0,0.0,0.0
676,2816,533.4164,0,5.0,0.0,0.0
677,2820,533.4164,0,5.0,0.0,0.0
678,2825,533.4164,0,5.0,0.0,0.0
679,2829,533.4164,0,5.0,0.0,0.0
680,2833,504.6184,0,5.0,0.0,0.0
681,2838,504.6184,0,5.0,0.0,0.0
682,2842,504.6184,0,5.0,0.0,0.0
683,2847,504.6184,0,5.0,0.0,0.0
684,2851,504.6184,0,5.0,0.0,0.0
685,2855,504.6184,0,5.0,0.0,0.0
686,2860,504.6184,0,5.0,0.0,0.0
687,2864,504.6184,0,5.0,0.0,0.0
688,2868,504.6184,0,5.0,0.0,0.0
689,2874,504.6184,0,5.0,0.0,0.0
690,2878,475.166,0,5.0,0.0,0.0
691,2883,475.166,0,5.0,0.0,0.0
692,2887,475.166,0,5.0,0.0,0.0
693,2891,475.166,0,5.0,0.0,0.0
694,2896,475.166,0,5.0,0.0,0.0
695,2900,475.166,0,5.0,0.0,0.0
696,2905,475.166,0,5.0,0.0,0.0
697,2909,475.166,0,5.0,0.0,0.0
698,2913,475.166,0,5.0,0.0,0.0
699,2918,475.166,0,5.0,0.0,0.0
700,2922,446.3681,0,5.0,0.0,0.0
701,2926,446.3681,0,5.0,0.0,0.0
702,2931,446.3681,0,5.0,0.0,0.0
703,2935,446.3681,0,5.0,0.0,0.0
704,2940,446.3681,0,5.0,0.0,0.0
705,2944,446.3681,0,5.0,0.0,0.0
706,2948,446.3681,0,5.0,0.0,0.0
707,2953,446.3681,0,5.0,0.0,0.0
708,2957,446.3681,0,5.0,0.0,0.0
709,2961,446.3681,0,5.0,0.0,0.0
710,2966,417.5702,0,5.0,0.0,0.0
711,2971,417.5702,0,5.0,0.0,0.0
712,2976,417.5702,0,5.0,0.0,0.0
713,2980,417.5702,0,5.0,0.0,0.0
714,2984,417.5702,0,5.0,0.0,0.0
715,2989,417.5702,0,5.0,0.0,0.0
716,2993,417.5702,0,5.0,0.0,0.0
717,2998,417.5702,0,5.0,0.0,0.0
718,3002,417.5702,0,5.0,0.0,0.0
719,3006,417.5702,0,5.0,0.0,0.0
720,3012,388.1177,0,5.0,0.0,0.0
721,3016,388.1177,0,5.0,0.0,0.0
722,3020,388.1177,0,5.0,0.0,0.0
723,3025,388.1177,0,5.0,0.0,0.0
724,3029,388.1177,0,5.0,0.0,0.0
725,3034,388.1177,0,5.0,0.0,0.0
726,3038,388.1177,0,5.0,0.0,0.0
727,3042,388.1177,0,5.0,0.0,0.0
728,3047,388.1177,0,5.0,0.0,0.0
729,3051,388.1177,0,5.0,0.0,0.0
730,3056,358.6653,0,5.0,0.0,0.0
731,3060,358.6653,0,5.0,0.0,0.0
732,3064,358.6653,0,5.0,0.0,0.0
733,3069,358.6653,0,5.0,0.0,0.0
734,3073,358.6653,0,5.0,0.0,0.0
735,3077,358.6653,0,5.0,0.0,0.0
736,3083,358.6653,0,5.0,0.0,0.0
737,3087,358.6653,0,5.0,0.0,0.0
738,3092,358.6653,0,5.0,0.0,0.0
739,3096,358.6653,0,5.0,0.0,0.0
740,3100,329.8674,0,5.0,0.0,0.0
741,3105,329.8674,0,5.0,0.0,0.0
742,3109,329.8674,0,5.0,0.0,0.0
743,3113,329.8674,0,5.0,0.0,0.0
744,3118,329.8674,0,5.0,0.0,0.0
745,3122,329.8674,0,5.0,0.0,0.0
746,3127,329.8674,0,5.0,0.0,0.0
747,3131,329.8674,0,5.0,0.0,0.0
748,3135,329.8674,0,5.0,0.0,0.0
749,3140,329.8674,0,5.0,0.0,0.0
750,3144,301.0695,0,5.0,0.0,0.0
751,3149,301.0695,0,5.0,0.0,0.0
752,3153,301.0695,0,5.0,0.0,0.0
753,3157,301.0695,0,5.0,0.0,0.0
754,3163,301.0695,0,5.0,0.0,0.0
755,3167,301.0695,0,5.0,0.0,0.0
756,3171,301.0695,0,5.0,0.0,0.0
757,3176,301.0695,0,5.0,0.0,0.0
758,3180,301.0695,0,5.0,0.0,0.0
759,3185,301.0695,0,5.0,0.0,0.0
760,3189,271.617,0,5.0,0.0,0.0
761,3193,271.617,0,5.0,0.0,0.0
762,3198,271.617,0,5.0,0.0,0.0
763,3202,271.617,0,5.0,0.0,0.0
764,3206,271.617,0,5.0,0.0,0.0
765,3211,271.617,0,5.0,0.0,0.0
766,3215,271.617,0,5.0,0.0,0.0
767,3220,271.617,0,5.0,0.0,0.0
768,3224,271.617,0,5.0,0.0,0.0
769,3229,271.617,0,5.0,0.0,0.0
770,3233,242.8191,0,5.0,0.0,0.0
771,3237,242.8191,0,5.0,0.0,0.0
772,3242,242.8191,0,5.0,0.0,0.0
773,3246,242.8191,0,5.0,0.0,0.0
774,3251,242.8191,0,5.0,0.0,0.0
775,3256,242.8191,0,5.0,0.0,0.0
776,3260,242.8191,0,5.0,0.0,0.0
777,3264,242.8191,0,5.0,0.0,0.0
778,3269,242.8191,0,5.0,0.0,0.0
779,3273,242.8191,0,5.0,0.0,0.0
780,3279,213.3665,0,5.0,0.0,0.0
781,3283,213.3665,0,5.0,0.0,0.0
782,3288,213.3665,0,5.0,0.0,0.0
783,3292,213.3665,0,5.0,0.0,0.0
784,3296,213.3665,0,5.0,0.0,0.0
785,3302,213.3665,0,5.0,0.0,0.0
786,3306,213.3665,0,5.0,0.0,0.0
787,3310,213.3665,0,5.0,0.0,0.0
788,3315,213.3665,0,5.0,0.0,0.0
789,3319,213.3665,0,5.0,0.0,0.0
790,3324,183.9142,0,5.0,0.0,0.0
791,3329,183.9142,0,5.0,0.0,0.0
792,3333,183.9142,0,5.0,0.0,0.0
793,3338,183.9142,0,5.0,0.0,0.0
794,3342,183.9142,0,5.0,0.0,0.0
795,3347,183.9142,0,5.0,0.0,0.0
796,3352,183.9142,0,5.0,0.0,0.0
797,3356,183.9142,0,5.0,0.0,0.0
798,3360,183.9142,0,5.0,0.0,0.0
799,3365,183.9142,0,5.0,0.0,0.0
800,3369,153.8072,0,5.0,0.0,0.0
801,3374,153.8072,0,5.0,0.0,0.0
802,3378,153.8072,0,5.0,0.0,0.0
803,3383,153.8072,0,5.0,0.0,0.0
804,3387,153.8072,0,5.0,0.0,0.0
805,3391,153.8072,0,5.0,0.0,0.0
806,3396,153.8072,0,5.0,0.0,0.0
807,3401,153.8072,0,5.0,0.0,0.0
808,3405,153.8072,0,5.0,0.0,0.0
809,3410,153.8072,0,5.0,0.0,0.0
810,3414,124.3549,0,5.0,0.0,0.0
811,3418,124.3549,0,5.0,0.0,0.0
812,3423,124.3549,0,5.0,0.0,0.0
813,3427,124.3549,0,5.0,0.0,0.0
814,3432,124.3549,0,5.0,0.0,0.0
815,3436,124.3549,0,5.0,0.0,0.0
816,3440,124.3549,0,5.0,0.0,0.0
817,3445,124.3549,0,5.0,0.0,0.0
818,3449,124.3549,0,5.0,0.0,0.0
819,3454,124.3549,0,5.0,0.0,0.0
820,3458,95.5569,0,5.0,0.0,0.0
821,3462,95.5569,0,5.0,0.0,0.0
822,3467,95.5569,0,5.0,0.0,0.0
823,3471,95.5569,0,5.0,0.0,0.0
824,3476,95.5569,0,5.0,0.0,0.0
825,3480,95.5569,0,5.0,0.0,0.0
826,3484,95.5569,0,5.0,0.0,0.0
827,3490,95.5569,0,5.0,0.0,0.0
828,3494,95.5569,0,5.0,0.0,0.0
829,3498,95.5569,0,5.0,0.0,0.0
830,3503,66.1044,0,5.0,0.0,0.0
831,3508,66.1044,0,5.0,0.0,0.0
832,3512,66.1044,0,5.0,0.0,0.0
833,3517,66.1044,0,5.0,0.0,0.0
834,3521,66.1044,0,5.0,0.0,0.0
835,3526,66.1044,0,5.0,0.0,0.0
836,3530,66.1044,0,5.0,0.0,0.0
837,3535,66.1044,0,5.0,0.0,0.0
838,3539,66.1044,0,5.0,0.0,0.0
839,3543,66.1044,0,5.0,0.0,0.0
840,3547,36.6521,0,5.0,0.0,0.0
841,3551,36.6521,0,5.0,0.0,0.0
842,3556,36.6521,0,5.0,0.0,0.0
843,3561,36.6521,0,5.0,0.0,0.0
844,3565,36.6521,0,5.0,0.0,0.0
845,3570,36.6521,0,5.0,0.0,0.0
846,3574,36.6521,0,5.0,0.0,0.0
847,3578,36.6521,0,5.0,0.0,0.0
848,3583,36.6521,0,5.0,0.0,0.0
849,3587,36.6521,0,5.0,0.0,0.0
850,3592,8.5086,0,5.0,0.0,0.0
851,3596,8.5086,0,5.0,0.0,0.0
852,3600,8.5086,0,5.0,0.0,0.0
853,3604,8.5086,0,5.0,0.0,0.0
854,3609,8.5086,0,5.0,0.0,0.0
855,3613,8.5086,0,5.0,0.0,0.0
856,3617,8.5086,0,5.0,0.0,0.0
857,3622,8.5086,0,5.0,0.0,0.0
858,3626,8.5086,0,5.0,0.0,0.0
859,3630,8.5086,0,5.0,0.0,0.0
860,3634,-19.6349,0,5.0,0.0,0.0
861,3638,-19.6349,0,5.0,0.0,0.0
862,3642,-19.6349,0,5.0,0.0,0.0
863,3645,-19.6349,0,5.0,0.0,0.0
864,3649,-19.6349,0,5.0,0.0,0.0
865,3652,-19.6349,0,5.0,0.0,0.0
866,3655,-19.6349,0,5.0,0.0,0.0
867,3658,-19.6349,0,5.0,0.0,0.0
868,3660,-19.6349,0,5.0,0.0,0.0
869,3663,-19.6349,0,5.0,0.0,0.0
870,3665,-41.2332,0,5.0,0.0,0.0
871,3667,-41.2332,0,5.0,0.0,0.0
872,3669,-41.2332,0,5.0,0.0,0.0
873,3671,-41.2332,0,5.0,0.0,0.0
874,3672,-41.2332,0,5.0,0.0,0.0
875,3674,-41.2332,0,5.0,0.0,0.0
876,3675,-41.2332,0,5.0,0.0,0.0
877,3676,-41.2332,0,5.0,0.0,0.0
878,3677,-41.2332,0,5.0,0.0,0.0
879,3677,-41.2332,0,5.0,0.0,0.0
880,3678,-50.3963,0,5.0,0.0,0.0
881,3678,-50.3963,0,5.0,0.0,0.0
882,3678,-50.3963,0,5.0,0.0,0.0
883,3678,-50.3963,0,5.0,0.0,0.0
884,3678,-50.3963,0,5.0,0.0,0.0
885,3678,-50.3963,0,5.0,0.0,0.0
886,3677,-50.3963,0,5.0,0.0,0.0
887,3676,-50.3963,0,5.0,0.0,0.0
888,3676,-50.3963,0,5.0,0.0,0.0
889,3675,-50.3963,0,5.0,0.0,0.0
890,3674,-49.0872,0,5.0,0.0,0.0
891,3673,-49.0872,0,5.0,0.0,0.0
892,3671,-49.0872,0,5.0,0.0,0.0
893,3670,-49.0872,0,5.0,0.0,0.0
894,3669,-49.0872,0,5.0,0.0,0.0
895,3667,-49.0872,0,5.0,0.0,0.0
896,3665,-49.0872,0,5.0,0.0,0.0
897,3664,-49.0872,0,5.0,0.0,0.0
898,3662,-49.0872,0,5.0,0.0,0.0
899,3660,-49.0872,0,5.0,0.0,0.0
900,3658,-39.2697,0,5.0,0.0,0.0
901,3656,-39.2697,0,5.0,0.0,0.0
902,3654,-39.2697,0,5.0,0.0,0.0
903,3652,-39.2697,0,5.0,0.0,0.0
904,3649,-39.2697,0,5.0,0.0,0.0
905,3647,-39.2697,0,5.0,0.0,0.0
906,3645,-39.2697,0,5.0,0.0,0.0
907,3642,-39.2697,0,5.0,0.0,0.0
908,3640,-39.2697,0,5.0,0.0,0.0
909,3637,-39.2697,0,5.0,0.0,0.0
910,3635,-24.2163,0,5.0,0.0,0.0
911,3632,-24.2163,0,5.0,0.0,0.0
912,3629,-24.2163,0,5.0,0.0,0.0
913,3626,-24.2163,0,5.0,0.0,0.0
914,3624,-24.2163,0,5.0,0.0,0.0
915,3621,-24.2163,0,5.0,0.0,0.0
916,3618,-24.2163,0,5.0,0.0,0.0
917,3615,-24.2163,0,5.0,0.0,0.0
918,3612,-24.2163,0,5.0,0.0,0.0
919,3609,-24.2163,0,5.0,0.0,0.0
920,3606,-5.2359,0,5.0,0.0,0.0
921,3602,-5.2359,0,5.0,0.0,0.0
922,3599,-5.2359,0,5.0,0.0,0.0
923,3596,-5.2359,0,5.0,0.0,0.0
924,3593,-5.2359,0,5.0,0.0,0.0
925,3590,-5.2359,0,5.0,0.0,0.0
926,3587,-5.2359,0,5.0,0.0,0.0
927,3585,-5.2359,0,5.0,0.0,0.0
928,3582,-5.2359,0,5.0,0.0,0.0
929,3579,-5.2359,0,5.0,0.0,0.0
930,3576,13.7447,0,5.0,0.0,0.0
931,3573,13.7447,0,5.0,0.0,0.0
932,3571,13.7447,0,5.0,0.0,0.0
933,3568,13.7447,0,5.0,0.0,0.0
934,3566,13.7447,0,5.0,0.0,0.0
935,3564,13.7447,0,5.0,0.0,0.0
936,3562,13.7447,0,5.0,0.0,0.0
937,3562,13.7447,0,5.0,0.0,0.0
938,3560,13.7447,0,5.0,0.0,0.0
939,3559,13.7447,0,5.0,0.0,0.0
940,3558,26.8346,0,5.0,0.0,0.0
941,3557,26.8346,0,5.0,0.0,0.0
942,3557,26.8346,0,5.0,0.0,0.0
943,3556,26.8346,0,5.0,0.0,0.0
944,3556,26.8346,0,5.0,0.0,0.0
945,3556,26.8346,0,5.0,0.0,0.0
946,3556,26.8346,0,5.0,0.0,0.0
947,3556,26.8346,0,5.0,0.0,0.0
948,3556,26.8346,0,5.0,0.0,0.0
949,3557,26.8346,0,5.0,0.0,0.0
950,3557,28.1436,0,5.0,0.0,0.0
951,3558,28.1436,0,5.0,0.0,0.0
952,3559,28.1436,0,5.0,0.0,0.0
953,3560,28.1436,0,5.0,0.0,0.0
954,3561,28.1436,0,5.0,0.0,0.0
955,3562,28.1436,0,5.0,0.0,0.0
956,3564,28.1436,0,5.0,0.0,0.0
957,3565,28.1436,0,5.0,0.0,0.0
958,3567,28.1436,0,5.0,0.0,0.0
959,3568,28.1436,0,5.0,0.0,0.0
960,3570,20.2896,0,5.0,0.0,0.0
961,3572,20.2896,0,5.0,0.0,0.0
962,3574,20.2896,0,5.0,0.0,0.0
963,3576,20.2896,0,5.0,0.0,0.0
964,3578,20.2896,0,5.0,0.0,0.0
965,3580,20.2896,0,5.0,0.0,0.0
966,3582,20.2896,0,5.0,0.0,0.0
967,3585,20.2896,0,5.0,0.0,0.0
968,3587,20.2896,0,5.0,0.0,0.0
969,3590,20.2896,0,5.0,0.0,0.0
970,3592,6.5451,0,5.0,0.0,0.0
971,3594,6.5451,0,5.0,0.0,0.0
972,3597,6.5451,0,5.0,0.0,0.0
973,3599,6.5451,0,5.0,0.0,0.0
974,3602,6.5451,0,5.0,0.0,0.0
975,3604,6.5451,0,5.0,0.0,0.0
976,3607,6.5451,0,5.0,0.0,0.0
977,3610,6.5451,0,5.0,0.0,0.0
978,3612,6.5451,0,5.0,0.0,0.0
979,3615,6.5451,0,5.0,0.0,0.0
980,3617,-9.8174,0,5.0,0.0,0.0
981,3620,-9.8174,0,5.0,0.0,0.0
982,3622,-9.8174,0,5.0,0.0,0.0
983,3624,-9.8174,0,5.0,0.0,0.0
984,3626,-9.8174,0,5.0,0.0,0.0
985,3628,-9.8174,0,5.0,0.0,0.0
986,3629,-9.8174,0,5.0,0.0,0.0
987,3631,-9.8174,0,5.0,0.0,0.0
988,3632,-9.8174,0,5.0,0.0,0.0
989,3633,-9.8174,0,5.0,0.0,0.0
990,3634,-21.5984,0,5.0,0.0,0.0
991,3635,-21.5984,0,5.0,0.0,0.0
992,3636,-21.5984,0,5.0,0.0,0.0
993,3636,-21.5984,0,5.0,0.0,0.0
994,3637,-21.5984,0,5.0,0.0,0.0
995,3637,-21.5984,0,5.0,0.0,0.0
996,3637,-21.5984,0,5.0,0.0,0.0
997,3637,-21.5984,0,5.0,0.0,0.0
998,3637,-21.5984,0,5.0,0.0,0.0
999,3636,-21.5984,0,5.0,0.0,0.0
1000,3636,-23.5619,0,5.0,0.0,0.0
1001,3635,-23.5619,0,5.0,0.0,0.0
1002,3635,-23.5619,0,5.0,0.0,0.0
1003,3634,-23.5619,0,5.0,0.0,0.0
1004,3633,-23.5619,0,5.0,0.0,0.0
1005,3632,-23.5619,0,5.0,0.0,0.0
1006,3631,-23.5619,0,5.0,0.0,0.0
1007,3630,-23.5619,0,5.0,0.0,0.0
1008,3629,-23.5619,0,5.0,0.0,0.0
1009,3627,-23.5619,0,5.0,0.0,0.0
1010,3626,-17.6714,0,5.0,0.0,0.0
1011,3624,-17.6714,0,5.0,0.0,0.0
1012,3623,-17.6714,0,5.0,0.0,0.0
1013,3621,-17.6714,0,5.0,0.0,0.0
1014,3619,-17.6714,0,5.0,0.0,0.0
1015,3617,-17.6714,0,5.0,0.0,0.0
1016,3615,-17.6714,0,5.0,0.0,0.0
1017,3613,-17.6714,0,5.0,0.0,0.0
1018,3611,-17.6714,0,5.0,0.0,0.0
1019,3608,-17.6714,0,5.0,0.0,0.0
1020,3606,-5.2359,0,5.0,0.0,0.0
1021,3604,-5.2359,0,5.0,0.0,0.0
1022,3601,-5.2359,0,5.0,0.0,0.0
1023,3599,-5.2359,0,5.0,0.0,0.0
1024,3597,-5.2359,0,5.0,0.0,0.0
1025,3594,-5.2359,0,5.0,0.0,0.0
1026,3592,-5.2359,0,5.0,0.0,0.0
1027,3590,-5.2359,0,5.0,0.0,0.0
1028,3588,-5.2359,0,5.0,0.0,0.0
1029,3585,-5.2359,0,5.0,0.0,0.0
1030,3583,9.8177,0,5.0,0.0,0.0
1031,3581,9.8177,0,5.0,0.0,0.0
1032,3579,9.8177,0,5.0,0.0,0.0
1033,3577,9.8177,0,5.0,0.0,0.0
1034,3575,9.8177,0,5.0,0.0,0.0
1035,3574,9.8177,0,5.0,0.0,0.0
1036,3573,9.8177,0,5.0,0.0,0.0
1037,3571,9.8177,0,5.0,0.0,0.0
1038,3570,9.8177,0,5.0,0.0,0.0
1039,3569,9.8177,0,5.0,0.0,0.0
1040,3569,20.2896,0,5.0,0.0,0.0
1041,3568,20.2896,0,5.0,0.0,0.0
1042,3567,20.2896,0,5.0,0.0,0.0
1043,3567,20.2896,0,5.0,0.0,0.0
1044,3567,20.2896,0,5.0,0.0,0.0
1045,3567,20.2896,0,5.0,0.0,0.0
1046,3567,20.2896,0,5.0,0.0,0.0
1047,3568,20.2896,0,5.0,0.0,0.0
1048,3569,20.2896,0,5.0,0.0,0.0
1049,3569,20.2896,0,5.0,0.0,0.0
1050,3570,20.2896,0,5.0,0.0,0.0
1051,3571,20.2896,0,5.0,0.0,0.0
1052,3572,20.2896,0,5.0,0.0,0.0
1053,3573,20.2896,0,5.0,0.0,0.0
1054,3575,20.2896,0,5.0,0.0,0.0
1055,3576,20.2896,0,5.0,0.0,0.0
1056,3577,20.2896,0,5.0,0.0,0.0
1057,3579,20.2896,0,5.0,0.0,0.0
1058,3581,20.2896,0,5.0,0.0,0.0
1059,3582,20.2896,0,5.0,0.0,0.0
1060,3584,11.7812,0,5.0,0.0,0.0
1061,3586,11.7812,0,5.0,0.0,0.0
1062,3588,11.7812,0,5.0,0.0,0.0
1063,3590,11.7812,0,5.0,0.0,0.0
1064,3592,11.7812,0,5.0,0.0,0.0
1065,3594,11.7812,0,5.0,0.0,0.0
1066,3597,11.7812,0,5.0,0.0,0.0
1067,3599,11.7812,0,5.0,0.0,0.0
1068,3602,11.7812,0,5.0,0.0,0.0
1069,3604,11.7812,0,5.0,0.0,0.0
1070,3607,-2.6178,0,5.0,0.0,0.0
1071,3609,-2.6178,0,5.0,0.0,0.0
1072,3611,-2.6178,0,5.0,0.0,0.0
1073,3614,-2.6178,0,5.0,0.0,0.0
1074,3616,-2.6178,0,5.0,0.0,0.0
1075,3618,-2.6178,0,5.0,0.0,0.0
1076,3620,-2.6178,0,5.0,0.0,0.0
1077,3622,-2.6178,0,5.0,0.0,0.0
1078,3624,-2.6178,0,5.0,0.0,0.0
1079,3626,-2.6178,0,5.0,0.0,0.0
1080,3628,-17.0169,0,5.0,0.0,0.0
1081,3629,-17.0169,0,5.0,0.0,0.0
1082,3631,-17.0169,0,5.0,0.0,0.0
1083,3632,-17.0169,0,5.0,0.0,0.0
1084,3633,-17.0169,0,5.0,0.0,0.0
1085,3634,-17.0169,0,5.0,0.0,0.0
1086,3634,-17.0169,0,5.0,0.0,0.0
1087,3635,-17.0169,0,5.0,0.0,0.0
1088,3635,-17.0169,0,5.0,0.0,0.0
1089,3635,-17.0169,0,5.0,0.0,0.0
1090,3635,-22.9073,0,5.0,0.0,0.0
1091,3635,-22.9073,0,5.0,0.0,0.0
1092,3635,-22.9073,0,5.0,0.0,0.0
1093,3635,-22.9073,0,5.0,0.0,0.0
1094,3635,-22.9073,0,5.0,0.0,0.0
1095,3634,-22.9073,0,5.0,0.0,0.0
1096,3634,-22.9073,0,5.0,0.0,0.0
1097,3633,-22.9073,0,5.0,0.0,0.0
1098,3633,-22.9073,0,5.0,0.0,0.0
1099,3632,-22.9073,0,5.0,0.0,0.0
1100,3631,-20.9438,0,5.0,0.0,0.0
1101,3629,-20.9438,0,5.0,0.0,0.0
1102,3628,-20.9438,0,5.0,0.0,0.0
1103,3627,-20.9438,0,5.0,0.0,0.0
1104,3625,-20.9438,0,5.0,0.0,0.0
1105,3624,-20.9438,0,5.0,0.0,0.0
1106,3622,-20.9438,0,5.0,0.0,0.0
1107,3620,-20.9438,0,5.0,0.0,0.0
1108,3618,-20.9438,0,5.0,0.0,0.0
1109,3617,-20.9438,0,5.0,0.0,0.0
1110,3614,-10.4718,0,5.0,0.0,0.0
1111,3612,-10.4718,0,5.0,0.0,0.0
1112,3610,-10.4718,0,5.0,0.0,0.0
1113,3608,-10.4718,0,5.0,0.0,0.0
1114,3606,-10.4718,0,5.0,0.0,0.0
1115,3604,-10.4718,0,5.0,0.0,0.0
1116,3601,-10.4718,0,5.0,0.0,0.0
1117,3599,-10.4718,0,5.0,0.0,0.0
1118,3597,-10.4718,0,5.0,0.0,0.0
1119,3594,-10.4718,0,5.0,0.0,0.0
1120,3592,3.9272,0,5.0,0.0,0.0
1121,3589,3.9272,0,5.0,0.0,0.0
1122,3587,3.9272,0,5.0,0.0,0.0
1123,3585,3.9272,0,5.0,0.0,0.0
1124,3582,3.9272,0,5.0,0.0,0.0
1125,3580,3.9272,0,5.0,0.0,0.0
1126,3579,3.9272,0,5.0,0.0,0.0
1127,3577,3.9272,0,5.0,0.0,0.0
1128,3575,3.9272,0,5.0,0.0,0.0
1129,3573,3.9272,0,5.0,0.0,0.0
1130,3572,17.6715,0,5.0,0.0,0.0
1131,3570,17.6715,0,5.0,0.0,0.0
1132,3569,17.6715,0,5.0,0.0,0.0
1133,3568,17.6715,0,5.0,0.0,0.0
1134,3567,17.6715,0,5.0,0.0,0.0
1135,3566,17.6715,0,5.0,0.0,0.0
1136,3566,17.6715,0,5.0,0.0,0.0
1137,3566,17.6715,0,5.0,0.0,0.0
1138,3565,17.6715,0,5.0,0.0,0.0
1139,3565,17.6715,0,5.0,0.0,0.0
1140,3566,22.9076,0,5.0,0.0,0.0
1141,3566,22.9076,0,5.0,0.0,0.0
1142,3566,22.9076,0,5.0,0.0,0.0
1143,3567,22.9076,0,5.0,0.0,0.0
1144,3568,22.9076,0,5.0,0.0,0.0
1145,3569,22.9076,0,5.0,0.0,0.0
1146,3570,22.9076,0,5.0,0.0,0.0
1147,3571,22.9076,0,5.0,0.0,0.0
1148,3572,22.9076,0,5.0,0.0,0.0
1149,3574,22.9076,0,5.0,0.0,0.0
1150,3575,17.0171,0,5.0,0.0,0.0
1151,3577,17.0171,0,5.0,0.0,0.0
1152,3579,17.0171,0,5.0,0.0,0.0
1153,3580,17.0171,0,5.0,0.0,0.0
1154,3582,17.0171,0,5.0,0.0,0.0
1155,3584,17.0171,0,5.0,0.0,0.0
1156,3586,17.0171,0,5.0,0.0,0.0
1157,3588,17.0171,0,5.0,0.0,0.0
1158,3590,17.0171,0,5.0,0.0,0.0
1159,3593,17.0171,0,5.0,0.0,0.0
1160,3595,4.5816,0,5.0,0.0,0.0
1161,3597,4.5816,0,5.0,0.0,0.0
1162,3599,4.5816,0,5.0,0.0,0.0
1163,3602,4.5816,0,5.0,0.0,0.0
1164,3604,4.5816,0,5.0,0.0,0.0
1165,3606,4.5816,0,5.0,0.0,0.0
1166,3608,4.5816,0,5.0,0.0,0.0
1167,3611,4.5816,0,5.0,0.0,0.0
1168,3613,4.5816,0,5.0,0.0,0.0
1169,3615,4.5816,0,5.0,0.0,0.0
1170,3617,-9.8174,0,5.0,0.0,0.0
1171,3620,-9.8174,0,5.0,0.0,0.0
1172,3622,-9.8174,0,5.0,0.0,0.0
1173,3623,-9.8174,0,5.0,0.0,0.0
1174,3625,-9.8174,0,5.0,0.0,0.0
1175,3627,-9.8174,0,5.0,0.0,0.0
1176,3628,-9.8174,0,5.0,0.0,0.0
1177,3629,-9.8174,0,5.0,0.0,0.0
1178,3630,-9.8174,0,5.0,0.0,0.0
1179,3631,-9.8174,0,5.0,0.0,0.0
1180,3632,-20.2893,0,5.0,0.0,0.0
1181,3632,-20.2893,0,5.0,0.0,0.0
1182,3632,-20.2893,0,5.0,0.0,0.0
1183,3633,-20.2893,0,5.0,0.0,0.0
1184,3633,-20.2893,0,5.0,0.0,0.0
1185,3632,-20.2893,0,5.0,0.0,0.0
1186,3632,-20.2893,0,5.0,0.0,0.0
1187,3632,-20.2893,0,5.0,0.0,0.0
1188,3631,-20.2893,0,5.0,0.0,0.0
1189,3630,-20.2893,0,5.0,0.0,0.0
1190,3629,-19.6349,0,5.0,0.0,0.0
1191,3628,-19.6349,0,5.0,0.0,0.0
1192,3627,-19.6349,0,5.0,0.0,0.0
1193,3626,-19.6349,0,5.0,0.0,0.0
1194,3624,-19.6349,0,5.0,0.0,0.0
1195,3623,-19.6349,0,5.0,0.0,0.0
1196,3621,-19.6349,0,5.0,0.0,0.0
1197,3620,-19.6349,0,5.0,0.0,0.0
1198,3618,-19.6349,0,5.0,0.0,0.0
1199,3616,-19.6349,0,5.0,0.0,0.0
1200,3614,-10.4718,0,5.0,0.0,0.0
1201,3612,-10.4718,0,5.0,0.0,0.0
1202,3610,-10.4718,0,5.0,0.0,0.0
1203,3608,-10.4718,0,5.0,0.0,0.0
1204,3606,-10.4718,0,5.0,0.0,0.0
1205,3604,-10.4718,0,5.0,0.0,0.0
1206,3602,-10.4718,0,5.0,0.0,0.0
1207,3599,-10.4718,0,5.0,0.0,0.0
1208,3597,-10.4718,0,5.0,0.0,0.0
1209,3595,-10.4718,0,5.0,0.0,0.0
1210,3592,3.9272,0,5.0,0.0,0.0
1211,3590,3.9272,0,5.0,0.0,0.0
1212,3588,3.9272,0,5.0,0.0,0.0
1213,3585,3.9272,0,5.0,0.0,0.0
1214,3583,3.9272,0,5.0,0.0,0.0
1215,3581,3.9272,0,5.0,0.0,0.0
1216,3580,3.9272,0,5.0,0.0,0.0
1217,3578,3.9272,0,5.0,0.0,0.0
1218,3576,3.9272,0,5.0,0.0,0.0
1219,3574,3.9272,0,5.0,0.0,0.0
1220,3573,17.0171,0,5.0,0.0,0.0
1221,3572,17.0171,0,5.0,0.0,0.0
1222,3571,17.0171,0,5.0,0.0,0.0
1223,3570,17.0171,0,5.0,0.0,0.0
1224,3569,17.0171,0,5.0,0.0,0.0
1225,3568,17.0171,0,5.0,0.0,0.0
1226,3567,17.0171,0,5.0,0.0,0.0
1227,3567,17.0171,0,5.0,0.0,0.0
1228,3567,17.0171,0,5.0,0.0,0.0
1229,3567,17.0171,0,5.0,0.0,0.0
1230,3567,21.5985,0,5.0,0.0,0.0
1231,3567,21.5985,0,5.0,0.0,0.0
1232,3568,21.5985,0,5.0,0.0,0.0
1233,3569,21.5985,0,5.0,0.0,0.0
1234,3570,21.5985,0,5.0,0.0,0.0
1235,3571,21.5985,0,5.0,0.0,0.0
1236,3572,21.5985,0,5.0,0.0,0.0
1237,3573,21.5985,0,5.0,0.0,0.0
1238,3574,21.5985,0,5.0,0.0,0.0
1239,3575,21.5985,0,5.0,0.0,0.0
1240,3577,16.3626,0,5.0,0.0,0.0
1241,3578,16.3626,0,5.0,0.0,0.0
1242,3580,16.3626,0,5.0,0.0,0.0
1243,3582,16.3626,0,5.0,0.0,0.0
1244,3583,16.3626,0,5.0,0.0,0.0
1245,3585,16.3626,0,5.0,0.0,0.0
1246,3587,16.3626,0,5.0,0.0,0.0
1247,3589,16.3626,0,5.0,0.0,0.0
1248,3591,16.3626,0,5.0,0.0,0.0
1249,3594,16.3626,0,5.0,0.0,0.0
1250,3596,3.9272,0,5.0,0.0,0.0
1251,3598,3.9272,0,5.0,0.0,0.0
1252,3600,3.9272,0,5.0,0.0,0.0
1253,3603,3.9272,0,5.0,0.0,0.0
1254,3605,3.9272,0,5.0,0.0,0.0
1255,3607,3.9272,0,5.0,0.0,0.0
1256,3609,3.9272,0,5.0,0.0,0.0
1257,3612,3.9272,0,5.0,0.0,0.0
1258,3614,3.9272,0,5.0,0.0,0.0
1259,3616,3.9272,0,5.0,0.0,0.0
1260,3618,-10.4718,0,5.0,0.0,0.0
1261,3620,-10.4718,0,5.0,0.0,0.0
1262,3622,-10.4718,0,5.0,0.0,0.0
1263,3624,-10.4718,0,5.0,0.0,0.0
1264,3625,-10.4718,0,5.0,0.0,0.0
1265,3626,-10.4718,0,5.0,0.0,0.0
1266,3628,-10.4718,0,5.0,0.0,0.0
1267,3629,-10.4718,0,5.0,0.0,0.0
1268,3630,-10.4718,0,5.0,0.0,0.0
1269,3630,-10.4718,0,5.0,0.0,0.0
1270,3631,-19.6349,0,5.0,0.0,0.0
1271,3631,-19.6349,0,5.0,0.0,0.0
1272,3632,-19.6349,0,5.0,0.0,0.0
1273,3632,-19.6349,0,5.0,0.0,0.0
1274,3632,-19.6349,0,5.0,0.0,0.0
1275,3631,-19.6349,0,5.0,0.0,0.0
1276,3631,-19.6349,0,5.0,0.0,0.0
1277,3630,-19.6349,0,5.0,0.0,0.0
1278,3630,-19.6349,0,5.0,0.0,0.0
1279,3629,-19.6349,0,5.0,0.0,0.0
1280,3628,-18.9804,0,5.0,0.0,0.0
1281,3627,-18.9804,0,5.0,0.0,0.0
1282,3625,-18.9804,0,5.0,0.0,0.0
1283,3624,-18.9804,0,5.0,0.0,0.0
1284,3623,-18.9804,0,5.0,0.0,0.0
1285,3621,-18.9804,0,5.0,0.0,0.0
1286,3620,-18.9804,0,5.0,0.0,0.0
1287,3618,-18.9804,0,5.0,0.0,0.0
1288,3616,-18.9804,0,5.0,0.0,0.0
1289,3614,-18.9804,0,5.0,0.0,0.0
1290,3612,-9.1629,0,5.0,0.0,0.0
1291,3610,-9.1629,0,5.0,0.0,0.0
1292,3608,-9.1629,0,5.0,0.0,0.0
1293,3606,-9.1629,0,5.0,0.0,0.0
1294,3604,-9.1629,0,5.0,0.0,0.0
1295,3602,-9.1629,0,5.0,0.0,0.0
1296,3600,-9.1629,0,5.0,0.0,0.0
1297,3597,-9.1629,0,5.0,0.0,0.0
1298,3595,-9.1629,0,5.0,0.0,0.0
1299,3593,-9.1629,0,5.0,0.0,0.0
1300,3591,4.5816,0,5.0,0.0,0.0
1301,3588,4.5816,0,5.0,0.0,0.0
1302,3586,4.5816,0,5.0,0.0,0.0
1303,3584,4.5816,0,5.0,0.0,0.0
1304,3582,4.5816,0,5.0,0.0,0.0
1305,3580,4.5816,0,5.0,0.0,0.0
1306,3578,4.5816,0,5.0,0.0,0.0
1307,3577,4.5816,0,5.0,0.0,0.0
1308,3575,4.5816,0,5.0,0.0,0.0
1309,3574,4.5816,0,5.0,0.0,0.0
1310,3572,17.0171,0,5.0,0.0,0.0
1311,3571,17.0171,0,5.0,0.0,0.0
1312,3571,17.0171,0,5.0,0.0,0.0
1313,3570,17.0171,0,5.0,0.0,0.0
1314,3570,17.0171,0,5.0,0.0,0.0
1315,3569,17.0171,0,5.0,0.0,0.0
1316,3569,17.0171,0,5.0,0.0,0.0
1317,3568,17.0171,0,5.0,0.0,0.0
1318,3568,17.0171,0,5.0,0.0,0.0
1319,3568,17.0171,0,5.0,0.0,0.0
1320,3569,20.9441,0,5.0,0.0,0.0
1321,3569,20.9441,0,5.0,0.0,0.0
1322,3570,20.9441,0,5.0,0.0,0.0
1323,3571,20.9441,0,5.0,0.0,0.0
1324,3572,20.9441,0,5.0,0.0,0.0
1325,3573,20.9441,0,5.0,0.0,0.0
1326,3574,20.9441,0,5.0,0.0,0.0
1327,3575,20.9441,0,5.0,0.0,0.0
1328,3576,20.9441,0,5.0,0.0,0.0
1329,3577,20.9441,0,5.0,0.0,0.0
1330,3579,14.3991,0,5.0,0.0,0.0
1331,3581,14.3991,0,5.0,0.0,0.0
1332,3582,14.3991,0,5.0,0.0,0.0
1333,3584,14.3991,0,5.0,0.0,0.0
1334,3586,14.3991,0,5.0,0.0,0.0
1335,3588,14.3991,0,5.0,0.0,0.0
1336,3590,14.3991,0,5.0,0.0,0.0
1337,3592,14.3991,0,5.0,0.0,0.0
1338,3594,14.3991,0,5.0,0.0,0.0
1339,3596,14.3991,0,5.0,0.0,0.0
1340,3598,2.6181,0,5.0,0.0,0.0
1341,3601,2.6181,0,5.0,0.0,0.0
1342,3603,2.6181,0,5.0,0.0,0.0
1343,3605,2.6181,0,5.0,0.0,0.0
1344,3607,2.6181,0,5.0,0.0,0.0
1345,3610,2.6181,0,5.0,0.0,0.0
1346,3612,2.6181,0,5.0,0.0,0.0
1347,3614,2.6181,0,5.0,0.0,0.0
1348,3616,2.6181,0,5.0,0.0,0.0
1349,3618,2.6181,0,5.0,0.0,0.0
1350,3620,-11.7809,0,5.0,0.0,0.0
1351,3622,-11.7809,0,5.0,0.0,0.0
1352,3624,-11.7809,0,5.0,0.0,0.0
1353,3625,-11.7809,0,5.0,0.0,0.0
1354,3627,-11.7809,0,5.0,0.0,0.0
1355,3628,-11.7809,0,5.0,0.0,0.0
1356,3629,-11.7809,0,5.0,0.0,0.0
1357,3630,-11.7809,0,5.0,0.0,0.0
1358,3630,-11.7809,0,5.0,0.0,0.0
1359,3631,-11.7809,0,5.0,0.0,0.0
1360,3631,-20.2893,0,5.0,0.0,0.0
1361,3632,-20.2893,0,5.0,0.0,0.0
1362,3632,-20.2893,0,5.0,0.0,0.0
1363,3631,-20.2893,0,5.0,0.0,0.0
1364,3631,-20.2893,0,5.0,0.0,0.0
1365,3631,-20.2893,0,5.0,0.0,0.0
1366,3630,-20.2893,0,5.0,0.0,0.0
1367,3629,-20.2893,0,5.0,0.0,0.0
1368,3629,-20.2893,0,5.0,0.0,0.0
1369,3628,-20.2893,0,5.0,0.0,0.0
1370,3627,-18.3258,0,5.0,0.0,0.0
1371,3625,-18.3258,0,5.0,0.0,0.0
1372,3624,-18.3258,0,5.0,0.0,0.0
1373,3623,-18.3258,0,5.0,0.0,0.0
1374,3621,-18.3258,0,5.0,0.0,0.0
1375,3620,-18.3258,0,5.0,0.0,0.0
1376,3618,-18.3258,0,5.0,0.0,0.0
1377,3616,-18.3258,0,5.0,0.0,0.0
1378,3615,-18.3258,0,5.0,0.0,0.0
1379,3613,-18.3258,0,5.0,0.0,0.0
1380,3611,-8.5083,0,5.0,0.0,0.0
1381,3609,-8.5083,0,5.0,0.0,0.0
1382,3607,-8.5083,0,5.0,0.0,0.0
1383,3604,-8.5083,0,5.0,0.0,0.0
1384,3602,-8.5083,0,5.0,0.0,0.0
1385,3600,-8.5083,0,5.0,0.0,0.0
1386,3598,-8.5083,0,5.0,0.0,0.0
1387,3596,-8.5083,0,5.0,0.0,0.0
1388,3594,-8.5083,0,5.0,0.0,0.0
1389,3591,-8.5083,0,5.0,0.0,0.0
1390,3589,5.8907,0,5.0,0.0,0.0
1391,3587,5.8907,0,5.0,0.0,0.0
1392,3585,5.8907,0,5.0,0.0,0.0
1393,3583,5.8907,0,5.0,0.0,0.0
1394,3581,5.8907,0,5.0,0.0,0.0
1395,3579,5.8907,0,5.0,0.0,0.0
1396,3577,5.8907,0,5.0,0.0,0.0
1397,3576,5.8907,0,5.0,0.0,0.0
1398,3574,5.8907,0,5.0,0.0,0.0
1399,3573,5.8907,0,5.0,0.0,0.0
1400,3572,17.6715,0,5.0,0.0,0.0
1401,3571,17.6715,0,5.0,0.0,0.0
1402,3570,17.6715,0,5.0,0.0,0.0
1403,3569,17.6715,0,5.0,0.0,0.0
1404,3568,17.6715,0,5.0,0.0,0.0
1405,3568,17.6715,0,5.0,0.0,0.0
1406,3568,17.6715,0,5.0,0.0,0.0
1407,3568,17.6715,0,5.0,0.0,0.0
1408,3568,17.6715,0,5.0,0.0,0.0
1409,3568,17.6715,0,5.0,0.0,0.0
1410,3569,20.9441,0,5.0,0.0,0.0
1411,3569,20.9441,0,5.0,0.0,0.0
1412,3570,20.9441,0,5.0,0.0,0.0
1413,3571,20.9441,0,5.0,0.0,0.0
1414,3572,20.9441,0,5.0,0.0,0.0
1415,3573,20.9441,0,5.0,0.0,0.0
1416,3575,20.9441,0,5.0,0.0,0.0
1417,3576,20.9441,0,5.0,0.0,0.0
1418,3577,20.9441,0,5.0,0.0,0.0
1419,3579,20.9441,0,5.0,0.0,0.0
1420,3580,13.7447,0,5.0,0.0,0.0
1421,3582,13.7447,0,5.0,0.0,0.0
1422,3584,13.7447,0,5.0,0.0,0.0
1423,3586,13.7447,0,5.0,0.0,0.0
1424,3588,13.7447,0,5.0,0.0,0.0
1425,3590,13.7447,0,5.0,0.0,0.0
1426,3592,13.7447,0,5.0,0.0,0.0
1427,3594,13.7447,0,5.0,0.0,0.0
1428,3596,13.7447,0,5.0,0.0,0.0
1429,3599,13.7447,0,5.0,0.0,0.0
1430,3601,0.6546,0,5.0,0.0,0.0
1431,3603,0.6546,0,5.0,0.0,0.0
1432,3606,0.6546,0,5.0,0.0,0.0
1433,3608,0.6546,0,5.0,0.0,0.0
1434,3610,0.6546,0,5.0,0.0,0.0
1435,3612,0.6546,0,5.0,0.0,0.0
1436,3614,0.6546,0,5.0,0.0,0.0
1437,3616,0.6546,0,5.0,0.0,0.0
1438,3619,0.6546,0,5.0,0.0,0.0
1439,3620,0.6546,0,5.0,0.0,0.0
1440,3622,-13.7444,0,5.0,0.0,0.0
1441,3624,-13.7444,0,5.0,0.0,0.0
1442,3626,-13.7444,0,5.0,0.0,0.0
1443,3627,-13.7444,0,5.0,0.0,0.0
1444,3628,-13.7444,0,5.0,0.0,0.0
1445,3629,-13.7444,0,5.0,0.0,0.0
1446,3630,-13.7444,0,5.0,0.0,0.0
1447,3631,-13.7444,0,5.0,0.0,0.0
1448,3632,-13.7444,0,5.0,0.0,0.0
1449,3632,-13.7444,0,5.0,0.0,0.0
1450,3632,-20.9438,0,5.0,0.0,0.0
1451,3632,-20.9438,0,5.0,0.0,0.0
1452,3632,-20.9438,0,5.0,0.0,0.0
1453,3632,-20.9438,0,5.0,0.0,0.0
1454,3631,-20.9438,0,5.0,0.0,0.0
1455,3631,-20.9438,0,5.0,0.0,0.0
1456,3630,-20.9438,0,5.0,0.0,0.0
1457,3629,-20.9438,0,5.0,0.0,0.0
1458,3628,-20.9438,0,5.0,0.0,0.0
1459,3627,-20.9438,0,5.0,0.0,0.0
1460,3626,-17.6714,0,5.0,0.0,0.0
1461,3625,-17.6714,0,5.0,0.0,0.0
1462,3623,-17.6714,0,5.0,0.0,0.0
1463,3622,-17.6714,0,5.0,0.0,0.0
1464,3620,-17.6714,0,5.0,0.0,0.0
1465,3618,-17.6714,0,5.0,0.0,0.0
1466,3616,-17.6714,0,5.0,0.0,0.0
1467,3615,-17.6714,0,5.0,0.0,0.0
1468,3613,-17.6714,0,5.0,0.0,0.0
1469,3611,-17.6714,0,5.0,0.0,0.0
1470,3609,-7.1994,0,5.0,0.0,0.0
1471,3607,-7.1994,0,5.0,0.0,0.0
1472,3604,-7.1994,0,5.0,0.0,0.0
1473,3602,-7.1994,0,5.0,0.0,0.0
1474,3600,-7.1994,0,5.0,0.0,0.0
1475,3598,-7.1994,0,5.0,0.0,0.0
1476,3596,-7.1994,0,5.0,0.0,0.0
1477,3594,-7.1994,0,5.0,0.0,0.0
1478,3591,-7.1994,0,5.0,0.0,0.0
1479,3589,-7.1994,0,5.0,0.0,0.0
1480,3587,7.1996,0,5.0,0.0,0.0
1481,3585,7.1996,0,5.0,0.0,0.0
1482,3583,7.1996,0,5.0,0.0,0.0
1483,3581,7.1996,0,5.0,0.0,0.0
1484,3579,7.1996,0,5.0,0.0,0.0
1485,3577,7.1996,0,5.0,0.0,0.0
1486,3576,7.1996,0,5.0,0.0,0.0
1487,3574,7.1996,0,5.0,0.0,0.0
1488,3573,7.1996,0,5.0,0.0,0.0
1489,3572,7.1996,0,5.0,0.0,0.0
1490,3571,18.3261,0,5.0,0.0,0.0
1491,3570,18.3261,0,5.0,0.0,0.0
1492,3569,18.3261,0,5.0,0.0,0.0
1493,3569,18.3261,0,5.0,0.0,0.0
1494,3568,18.3261,0,5.0,0.0,0.0
1495,3568,18.3261,0,5.0,0.0,0.0
1496,3568,18.3261,0,5.0,0.0,0.0
1497,3568,18.3261,0,5.0,0.0,0.0
1498,3569,18.3261,0,5.0,0.0,0.0
1499,3569,18.3261,0,5.0,0.0,0.0
1500,3570,20.2896,0,5.0,0.0,0.0
1501,3571,20.2896,0,5.0,0.0,0.0
1502,3572,20.2896,0,5.0,0.0,0.0
1503,3573,20.2896,0,5.0,0.0,0.0
1504,3574,20.2896,0,5.0,0.0,0.0
1505,3575,20.2896,0,5.0,0.0,0.0
1506,3576,20.2896,0,5.0,0.0,0.0
1507,3578,20.2896,0,5.0,0.0,0.0
1508,3579,20.2896,0,5.0,0.0,0.0
1509,3581,20.2896,0,5.0,0.0,0.0
1510,3582,12.4356,0,5.0,0.0,0.0
1511,3584,12.4356,0,5.0,0.0,0.0
1512,3586,12.4356,0,5.0,0.0,0.0
1513,3589,12.4356,0,5.0,0.0,0.0
1514,3591,12.4356,0,5.0,0.0,0.0
1515,3593,12.4356,0,5.0,0.0,0.0
1516,3595,12.4356,0,5.0,0.0,0.0
1517,3598,12.4356,0,5.0,0.0,0.0
1518,3600,12.4356,0,5.0,0.0,0.0
1519,3602,12.4356,0,5.0,0.0,0.0
1520,3605,-1.3089,0,5.0,0.0,0.0
1521,3607,-1.3089,0,5.0,0.0,0.0
1522,3609,-1.3089,0,5.0,0.0,0.0
1523,3612,-1.3089,0,5.0,0.0,0.0
1524,3614,-1.3089,0,5.0,0.0,0.0
1525,3616,-1.3089,0,5.0,0.0,0.0
1526,3618,-1.3089,0,5.0,0.0,0.0
1527,3620,-1.3089,0,5.0,0.0,0.0
1528,3622,-1.3089,0,5.0,0.0,0.0
1529,3624,-1.3089,0,5.0,0.0,0.0
1530,3626,-15.7079,0,5.0,0.0,0.0
1531,3627,-15.7079,0,5.0,0.0,0.0
1532,3629,-15.7079,0,5.0,0.0,0.0
1533,3630,-15.7079,0,5.0,0.0,0.0
1534,3631,-15.7079,0,5.0,0.0,0.0
1535,3632,-15.7079,0,5.0,0.0,0.0
1536,3633,-15.7079,0,5.0,0.0,0.0
1537,3633,-15.7079,0,5.0,0.0,0.0
1538,3634,-15.7079,0,5.0,0.0,0.0
1539,3634,-15.7079,0,5.0,0.0,0.0
1540,3634,-22.2528,0,5.0,0.0,0.0
1541,3634,-22.2528,0,5.0,0.0,0.0
1542,3634,-22.2528,0,5.0,0.0,0.0
1543,3633,-22.2528,0,5.0,0.0,0.0
1544,3633,-22.2528,0,5.0,0.0,0.0
1545,3632,-22.2528,0,5.0,0.0,0.0
1546,3631,-22.2528,0,5.0,0.0,0.0
1547,3630,-22.2528,0,5.0,0.0,0.0
1548,3629,-22.2528,0,5.0,0.0,0.0
1549,3628,-22.2528,0,5.0,0.0,0.0
1550,3626,-17.6714,0,5.0,0.0,0.0
1551,3625,-17.6714,0,5.0,0.0,0.0
1552,3623,-17.6714,0,5.0,0.0,0.0
1553,3622,-17.6714,0,5.0,0.0,0.0
1554,3620,-17.6714,0,5.0,0.0,0.0
1555,3618,-17.6714,0,5.0,0.0,0.0
1556,3616,-17.6714,0,5.0,0.0,0.0
1557,3614,-17.6714,0,5.0,0.0,0.0
1558,3612,-17.6714,0,5.0,0.0,0.0
1559,3610,-17.6714,0,5.0,0.0,0.0
1560,3608,-6.5448,0,5.0,0.0,0.0
1561,3606,-6.5448,0,5.0,0.0,0.0
1562,3604,-6.5448,0,5.0,0.0,0.0
1563,3601,-6.5448,0,5.0,0.0,0.0
1564,3599,-6.5448,0,5.0,0.0,0.0
1565,3597,-6.5448,0,5.0,0.0,0.0
1566,3595,-6.5448,0,5.0,0.0,0.0
1567,3592,-6.5448,0,5.0,0.0,0.0
1568,3590,-6.5448,0,5.0,0.0,0.0
1569,3588,-6.5448,0,5.0,0.0,0.0
1570,3586,7.8542,0,5.0,0.0,0.0
1571,3584,7.8542,0,5.0,0.0,0.0
1572,3581,7.8542,0,5.0,0.0,0.0
1573,3579,7.8542,0,5.0,0.0,0.0
1574,3578,7.8542,0,5.0,0.0,0.0
1575,3576,7.8542,0,5.0,0.0,0.0
1576,3575,7.8542,0,5.0,0.0,0.0
1577,3573,7.8542,0,5.0,0.0,0.0
1578,3572,7.8542,0,5.0,0.0,0.0
1579,3571,7.8542,0,5.0,0.0,0.0
1580,3570,18.9806,0,5.0,0.0,0.0
1581,3569,18.9806,0,5.0,0.0,0.0
1582,3568,18.9806,0,5.0,0.0,0.0
1583,3568,18.9806,0,5.0,0.0,0.0
1584,3568,18.9806,0,5.0,0.0,0.0
1585,3568,18.9806,0,5.0,0.0,0.0
1586,3568,18.9806,0,5.0,0.0,0.0
1587,3568,18.9806,0,5.0,0.0,0.0
1588,3568,18.9806,0,5.0,0.0,0.0
1589,3569,18.9806,0,5.0,0.0,0.0
1590,3570,20.2896,0,5.0,0.0,0.0
1591,3571,20.2896,0,5.0,0.0,0.0
1592,3572,20.2896,0,5.0,0.0,0.0
1593,3573,20.2896,0,5.0,0.0,0.0
1594,3574,20.2896,0,5.0,0.0,0.0
1595,3575,20.2896,0,5.0,0.0,0.0
1596,3577,20.2896,0,5.0,0.0,0.0
1597,3578,20.2896,0,5.0,0.0,0.0
1598,3580,20.2896,0,5.0,0.0,0.0
1599,3582,20.2896,0,5.0,0.0,0.0
1600,3583,11.7812,0,5.0,0.0,0.0
1601,3585,11.7812,0,5.0,0.0,0.0
1602,3587,11.7812,0,5.0,0.0,0.0
1603,3589,11.7812,0,5.0,0.0,0.0
1604,3591,11.7812,0,5.0,0.0,0.0
1605,3593,11.7812,0,5.0,0.0,0.0
1606,3596,11.7812,0,5.0,0.0,0.0
1607,3598,11.7812,0,5.0,0.0,0.0
1608,3600,11.7812,0,5.0,0.0,0.0
1609,3603,11.7812,0,5.0,0.0,0.0
1610,3605,-1.9633,0,5.0,0.0,0.0
1611,3608,-1.9633,0,5.0,0.0,0.0
1612,3610,-1.9633,0,5.0,0.0,0.0
1613,3613,-1.9633,0,5.0,0.0,0.0
1614,3615,-1.9633,0,5.0,0.0,0.0
1615,3617,-1.9633,0,5.0,0.0,0.0
1616,3619,-1.9633,0,5.0,0.0,0.0
1617,3621,-1.9633,0,5.0,0.0,0.0
1618,3623,-1.9633,0,5.0,0.0,0.0
1619,3625,-1.9633,0,5.0,0.0,0.0
1620,3626,-16.3623,0,5.0,0.0,0.0
1621,3628,-16.3623,0,5.0,0.0,0.0
1622,3629,-16.3623,0,5.0,0.0,0.0
1623,3631,-16.3623,0,5.0,0.0,0.0
1624,3632,-16.3623,0,5.0,0.0,0.0
1625,3633,-16.3623,0,5.0,0.0,0.0
1626,3634,-16.3623,0,5.0,0.0,0.0
1627,3634,-16.3623,0,5.0,0.0,0.0
1628,3634,-16.3623,0,5.0,0.0,0.0
1629,3635,-16.3623,0,5.0,0.0,0.0
1630,3635,-22.9073,0,5.0,0.0,0.0
1631,3635,-22.9073,0,5.0,0.0,0.0
1632,3634,-22.9073,0,5.0,0.0,0.0
1633,3634,-22.9073,0,5.0,0.0,0.0
1634,3633,-22.9073,0,5.0,0.0,0.0
1635,3632,-22.9073,0,5.0,0.0,0.0
1636,3631,-22.9073,0,5.0,0.0,0.0
1637,3630,-22.9073,0,5.0,0.0,0.0
1638,3629,-22.9073,0,5.0,0.0,0.0
1639,3628,-22.9073,0,5.0,0.0,0.0
1640,3627,-18.3258,0,5.0,0.0,0.0
1641,3625,-18.3258,0,5.0,0.0,0.0
1642,3624,-18.3258,0,5.0,0.0,0.0
1643,3622,-18.3258,0,5.0,0.0,0.0
1644,3620,-18.3258,0,5.0,0.0,0.0
1645,3618,-18.3258,0,5.0,0.0,0.0
1646,3617,-18.3258,0,5.0,0.0,0.0
1647,3615,-18.3258,0,5.0,0.0,0.0
1648,3613,-18.3258,0,5.0,0.0,0.0
1649,3610,-18.3258,0,5.0,0.0,0.0
1650,3608,-6.5448,0,5.0,0.0,0.0
1651,3606,-6.5448,0,5.0,0.0,0.0
1652,3604,-6.5448,0,5.0,0.0,0.0
1653,3602,-6.5448,0,5.0,0.0,0.0
1654,3599,-6.5448,0,5.0,0.0,0.0
1655,3597,-6.5448,0,5.0,0.0,0.0
1656,3595,-6.5448,0,5.0,0.0,0.0
1657,3593,-6.5448,0,5.0,0.0,0.0
1658,3590,-6.5448,0,5.0,0.0,0.0
1659,3588,-6.5448,0,5.0,0.0,0.0
1660,3586,7.8542,0,5.0,0.0,0.0
1661,3584,7.8542,0,5.0,0.0,0.0
1662,3582,7.8542,0,5.0,0.0,0.0
1663,3580,7.8542,0,5.0,0.0,0.0
1664,3578,7.8542,0,5.0,0.0,0.0
1665,3576,7.8542,0,5.0,0.0,0.0
1666,3575,7.8542,0,5.0,0.0,0.0
1667,3573,7.8542,0,5.0,0.0,0.0
1668,3572,7.8542,0,5.0,0.0,0.0
1669,3571,7.8542,0,5.0,0.0,0.0
1670,3570,18.9806,0,5.0,0.0,0.0
1671,3569,18.9806,0,5.0,0.0,0.0
1672,3568,18.9806,0,5.0,0.0,0.0
1673,3568,18.9806,0,5.0,0.0,0.0
1674,3568,18.9806,0,5.0,0.0,0.0
1675,3568,18.9806,0,5.0,0.0,0.0
1676,3568,18.9806,0,5.0,0.0,0.0
1677,3568,18.9806,0,5.0,0.0,0.0
1678,3568,18.9806,0,5.0,0.0,0.0
1679,3569,18.9806,0,5.0,0.0,0.0
1680,3570,20.2896,0,5.0,0.0,0.0
1681,3571,20.2896,0,5.0,0.0,0.0
1682,3572,20.2896,0,5.0,0.0,0.0
1683,3573,20.2896,0,5.0,0.0,0.0
1684,3574,20.2896,0,5.0,0.0,0.0
1685,3575,20.2896,0,5.0,0.0,0.0
1686,3577,20.2896,0,5.0,0.0,0.0
1687,3578,20.2896,0,5.0,0.0,0.0
1688,3580,20.2896,0,5.0,0.0,0.0
1689,3582,20.2896,0,5.0,0.0,0.0
1690,3583,11.7812,0,5.0,0.0,0.0
1691,3585,11.7812,0,5.0,0.0,0.0
1692,3587,11.7812,0,5.0,0.0,0.0
1693,3589,11.7812,0,5.0,0.0,0.0
1694,3591,11.7812,0,5.0,0.0,0.0
1695,3594,11.7812,0,5.0,0.0,0.0
1696,3596,11.7812,0,5.0,0.0,0.0
1697,3598,11.7812,0,5.0,0.0,0.0
1698,3600,11.7812,0,5.0,0.0,0.0
1699,3603,11.7812,0,5.0,0.0,0.0
1700,3605,-1.9633,0,5.0,0.0,0.0
1701,3608,-1.9633,0,5.0,0.0,0.0
1702,3610,-1.9633,0,5.0,0.0,0.0
1703,3613,-1.9633,0,5.0,0.0,0.0
1704,3615,-1.9633,0,5.0,0.0,0.0
1705,3617,-1.9633,0,5.0,0.0,0.0
1706,3619,-1.9633,0,5.0,0.0,0.0
1707,3621,-1.9633,0,5.0,0.0,0.0
1708,3623,-1.9633,0,5.0,0.0,0.0
1709,3625,-1.9633,0,5.0,0.0,0.0
1710,3627,-16.3623,0,5.0,0.0,0.0
1711,3628,-16.3623,0,5.0,0.0,0.0
1712,3630,-16.3623,0,5.0,0.0,0.0
1713,3631,-16.3623,0,5.0,0.0,0.0
1714,3632,-16.3623,0,5.0,0.0,0.0
1715,3633,-16.3623,0,5.0,0.0,0.0
1716,3634,-16.3623,0,5.0,0.0,0.0
1717,3634,-16.3623,0,5.0,0.0,0.0
1718,3635,-16.3623,0,5.0,0.0,0.0
1719,3635,-16.3623,0,5.0,0.0,0.0
1720,3635,-22.9073,0,5.0,0.0,0.0
1721,3635,-22.9073,0,5.0,0.0,0.0
1722,3634,-22.9073,0,5.0,0.0,0.0
1723,3634,-22.9073,0,5.0,0.0,0.0
1724,3633,-22.9073,0,5.0,0.0,0.0
1725,3632,-22.9073,0,5.0,0.0,0.0
1726,3632,-22.9073,0,5.0,0.0,0.0
1727,3630,-22.9073,0,5.0,0.0,0.0
1728,3629,-22.9073,0,5.0,0.0,0.0
1729,3628,-22.9073,0,5.0,0.0,0.0
1730,3627,-18.3258,0,5.0,0.0,0.0
1731,3625,-18.3258,0,5.0,0.0,0.0
1732,3624,-18.3258,0,5.0,0.0,0.0
1733,3622,-18.3258,0,5.0,0.0,0.0
1734,3620,-18.3258,0,5.0,0.0,0.0
1735,3619,-18.3258,0,5.0,0.0,0.0
1736,3617,-18.3258,0,5.0,0.0,0.0
1737,3615,-18.3258,0,5.0,0.0,0.0
1738,3613,-18.3258,0,5.0,0.0,0.0
1739,3610,-18.3258,0,5.0,0.0,0.0
1740,3608,-6.5448,0,5.0,0.0,0.0
1741,3606,-6.5448,0,5.0,0.0,0.0
1742,3604,-6.5448,0,5.0,0.0,0.0
1743,3602,-6.5448,0,5.0,0.0,0.0
1744,3599,-6.5448,0,5.0,0.0,0.0
1745,3597,-6.5448,0,5.0,0.0,0.0
1746,3595,-6.5448,0,5.0,0.0,0.0
1747,3593,-6.5448,0,5.0,0.0,0.0
1748,3590,-6.5448,0,5.0,0.0,0.0
1749,3588,-6.5448,0,5.0,0.0,0.0
1750,3586,7.8542,0,5.0,0.0,0.0
1751,3584,7.8542,0,5.0,0.0,0.0
1752,3582,7.8542,0,5.0,0.0,0.0
1753,3580,7.8542,0,5.0,0.0,0.0
1754,3578,7.8542,0,5.0,0.0,0.0
1755,3576,7.8542,0,5.0,0.0,0.0
1756,3575,7.8542,0,5.0,0.0,0.0
1757,3573,7.8542,0,5.0,0.0,0.0
1758,3572,7.8542,0,5.0,0.0,0.0
1759,3571,7.8542,0,5.0,0.0,0.0
1760,3570,18.9806,0,5.0,0.0,0.0
1761,3569,18.9806,0,5.0,0.0,0.0
1762,3569,18.9806,0,5.0,0.0,0.0
1763,3568,18.9806,0,5.0,0.0,0.0
1764,3568,18.9806,0,5.0,0.0,0.0
1765,3568,18.9806,0,5.0,0.0,0.0
1766,3568,18.9806,0,5.0,0.0,0.0
1767,3568,18.9806,0,5.0,0.0,0.0
1768,3569,18.9806,0,5.0,0.0,0.0
1769,3569,18.9806,0,5.0,0.0,0.0
1770,3570,20.2896,0,5.0,0.0,0.0
1771,3571,20.2896,0,5.0,0.0,0.0
1772,3572,20.2896,0,5.0,0.0,0.0
1773,3573,20.2896,0,5.0,0.0,0.0
1774,3574,20.2896,0,5.0,0.0,0.0
1775,3576,20.2896,0,5.0,0.0,0.0
1776,3577,20.2896,0,5.0,0.0,0.0
1777,3578,20.2896,0,5.0,0.0,0.0
1778,3580,20.2896,0,5.0,0.0,0.0
1779,3582,20.2896,0,5.0,0.0,0.0
1780,3584,11.7812,0,5.0,0.0,0.0
1781,3585,11.7812,0,5.0,0.0,0.0
1782,3587,11.7812,0,5.0,0.0,0.0
1783,3589,11.7812,0,5.0,0.0,0.0
1784,3591,11.7812,0,5.0,0.0,0.0
1785,3594,11.7812,0,5.0,0.0,0.0
1786,3596,11.7812,0,5.0,0.0,0.0
1787,3598,11.7812,0,5.0,0.0,0.0
1788,3600,11.7812,0,5.0,0.0,0.0
1789,3603,11.7812,0,5.0,0.0,0.0
1790,3605,-1.9633,0,5.0,0.0,0.0
1791,3608,-1.9633,0,5.0,0.0,0.0
1792,3610,-1.9633,0,5.0,0.0,0.0
1793,3613,-1.9633,0,5.0,0.0,0.0
1794,3615,-1.9633,0,5.0,0.0,0.0
1795,3617,-1.9633,0,5.0,0.0,0.0
1796,3619,-1.9633,0,5.0,0.0,0.0
1797,3621,-1.9633,0,5.0,0.0,0.0
1798,3623,-1.9633,0,5.0,0.0,0.0
1799,3625,-1.9633,0,5.0,0.0,0.0
1800,3627,-16.3623,0,5.0,0.0,0.0
1801,3628,-16.3623,0,5.0,0.0,0.0
1802,3630,-16.3623,0,5.0,0.0,0.0
1803,3631,-16.3623,0,5.0,0.0,0.0
1804,3632,-16.3623,0,5.0,0.0,0.0
1805,3633,-16.3623,0,5.0,0.0,0.0
1806,3633,-16.3623,0,5.0,0.0,0.0
1807,3634,-16.3623,0,5.0,0.0,0.0
1808,3634,-16.3623,0,5.0,0.0,0.0
1809,3634,-16.3623,0,5.0,0.0,0.0
1810,3634,-22.2528,0,5.0,0.0,0.0
1811,3634,-22.2528,0,5.0,0.0,0.0
1812,3634,-22.2528,0,5.0,0.0,0.0
1813,3634,-22.2528,0,5.0,0.0,0.0
1814,3633,-22.2528,0,5.0,0.0,0.0
1815,3632,-22.2528,0,5.0,0.0,0.0
1816,3631,-22.2528,0,5.0,0.0,0.0
1817,3630,-22.2528,0,5.0,0.0,0.0
1818,3629,-22.2528,0,5.0,0.0,0.0
1819,3628,-22.2528,0,5.0,0.0,0.0
1820,3626,-18.3258,0,5.0,0.0,0.0
1821,3625,-18.3258,0,5.0,0.0,0.0
1822,3623,-18.3258,0,5.0,0.0,0.0
1823,3622,-18.3258,0,5.0,0.0,0.0
1824,3620,-18.3258,0,5.0,0.0,0.0
1825,3618,-18.3258,0,5.0,0.0,0.0
1826,3616,-18.3258,0,5.0,0.0,0.0
1827,3614,-18.3258,0,5.0,0.0,0.0
1828,3612,-18.3258,0,5.0,0.0,0.0
1829,3610,-18.3258,0,5.0,0.0,0.0
1830,3608,-6.5448,0,5.0,0.0,0.0
1831,3606,-6.5448,0,5.0,0.0,0.0
1832,3603,-6.5448,0,5.0,0.0,0.0
1833,3601,-6.5448,0,5.0,0.0,0.0
1834,3599,-6.5448,0,5.0,0.0,0.0
1835,3597,-6.5448,0,5.0,0.0,0.0
1836,3594,-6.5448,0,5.0,0.0,0.0
1837,3592,-6.5448,0,5.0,0.0,0.0
1838,3590,-6.5448,0,5.0,0.0,0.0
1839,3588,-6.5448,0,5.0,0.0,0.0
1840,3585,8.5086,0,5.0,0.0,0.0
1841,3583,8.5086,0,5.0,0.0,0.0
1842,3581,8.5086,0,5.0,0.0,0.0
1843,3579,8.5086,0,5.0,0.0,0.0
1844,3577,8.5086,0,5.0,0.0,0.0
1845,3576,8.5086,0,5.0,0.0,0.0
1846,3574,8.5086,0,5.0,0.0,0.0
1847,3573,8.5086,0,5.0,0.0,0.0
1848,3572,8.5086,0,5.0,0.0,0.0
1849,3571,8.5086,0,5.0,0.0,0.0
1850,3570,18.9806,0,5.0,0.0,0.0
1851,3569,18.9806,0,5.0,0.0,0.0
1852,3568,18.9806,0,5.0,0.0,0.0
1853,3568,18.9806,0,5.0,0.0,0.0
1854,3568,18.9806,0,5.0,0.0,0.0
1855,3568,18.9806,0,5.0,0.0,0.0
1856,3568,18.9806,0,5.0,0.0,0.0
1857,3568,18.9806,0,5.0,0.0,0.0
1858,3569,18.9806,0,5.0,0.0,0.0
1859,3569,18.9806,0,5.0,0.0,0.0
1860,3570,20.2896,0,5.0,0.0,0.0
1861,3571,20.2896,0,5.0,0.0,0.0
1862,3572,20.2896,0,5.0,0.0,0.0
1863,3573,20.2896,0,5.0,0.0,0.0
1864,3574,20.2896,0,5.0,0.0,0.0
1865,3576,20.2896,0,5.0,0.0,0.0
1866,3577,20.2896,0,5.0,0.0,0.0
1867,3579,20.2896,0,5.0,0.0,0.0
1868,3580,20.2896,0,5.0,0.0,0.0
1869,3582,20.2896,0,5.0,0.0,0.0
1870,3584,11.7812,0,5.0,0.0,0.0
1871,3586,11.7812,0,5.0,0.0,0.0
1872,3588,11.7812,0,5.0,0.0,0.0
1873,3590,11.7812,0,5.0,0.0,0.0
1874,3592,11.7812,0,5.0,0.0,0.0
1875,3594,11.7812,0,5.0,0.0,0.0
1876,3596,11.7812,0,5.0,0.0,0.0
1877,3599,11.7812,0,5.0,0.0,0.0
1878,3601,11.7812,0,5.0,0.0,0.0
1879,3603,11.7812,0,5.0,0.0,0.0
1880,3606,-2.6178,0,5.0,0.0,0.0
1881,3608,-2.6178,0,5.0,0.0,0.0
1882,3611,-2.6178,0,5.0,0.0,0.0
1883,3613,-2.6178,0,5.0,0.0,0.0
1884,3615,-2.6178,0,5.0,0.0,0.0
1885,3617,-2.6178,0,5.0,0.0,0.0
1886,3620,-2.6178,0,5.0,0.0,0.0
1887,3622,-2.6178,0,5.0,0.0,0.0
1888,3623,-2.6178,0,5.0,0.0,0.0
1889,3625,-2.6178,0,5.0,0.0,0.0
1890,3627,-16.3623,0,5.0,0.0,0.0
1891,3628,-16.3623,0,5.0,0.0,0.0
1892,3630,-16.3623,0,5.0,0.0,0.0
1893,3631,-16.3623,0,5.0,0.0,0.0
1894,3632,-16.3623,0,5.0,0.0,0.0
1895,3633,-16.3623,0,5.0,0.0,0.0
1896,3634,-16.3623,0,5.0,0.0,0.0
1897,3634,-16.3623,0,5.0,0.0,0.0
1898,3634,-16.3623,0,5.0,0.0,0.0
1899,3635,-16.3623,0,5.0,0.0,0.0
1900,3635,-22.9073,0,5.0,0.0,0.0
1901,3634,-22.9073,0,5.0,0.0,0.0
1902,3634,-22.9073,0,5.0,0.0,0.0
1903,3633,-22.9073,0,5.0,0.0,0.0
1904,3633,-22.9073,0,5.0,0.0,0.0
1905,3632,-22.9073,0,5.0,0.0,0.0
1906,3631,-22.9073,0,5.0,0.0,0.0
1907,3630,-22.9073,0,5.0,0.0,0.0
1908,3629,-22.9073,0,5.0,0.0,0.0
1909,3627,-22.9073,0,5.0,0.0,0.0
1910,3626,-17.6714,0,5.0,0.0,0.0
1911,3625,-17.6714,0,5.0,0.0,0.0
1912,3623,-17.6714,0,5.0,0.0,0.0
1913,3621,-17.6714,0,5.0,0.0,0.0
1914,3620,-17.6714,0,5.0,0.0,0.0
1915,3618,-17.6714,0,5.0,0.0,0.0
1916,3616,-17.6714,0,5.0,0.0,0.0
1917,3614,-17.6714,0,5.0,0.0,0.0
1918,3612,-17.6714,0,5.0,0.0,0.0
1919,3610,-17.6714,0,5.0,0.0,0.0
1920,3608,-6.5448,0,5.0,0.0,0.0
1921,3605,-6.5448,0,5.0,0.0,0.0
1922,3603,-6.5448,0,5.0,0.0,0.0
1923,3601,-6.5448,0,5.0,0.0,0.0
1924,3599,-6.5448,0,5.0,0.0,0.0
1925,3596,-6.5448,0,5.0,0.0,0.0
1926,3594,-6.5448,0,5.0,0.0,0.0
1927,3592,-6.5448,0,5.0,0.0,0.0
1928,3589,-6.5448,0,5.0,0.0,0.0
1929,3587,-6.5448,0,5.0,0.0,0.0
1930,3585,8.5086,0,5.0,0.0,0.0
1931,3583,8.5086,0,5.0,0.0,0.0
1932,3581,8.5086,0,5.0,0.0,0.0
1933,3579,8.5086,0,5.0,0.0,0.0
1934,3577,8.5086,0,5.0,0.0,0.0
1935,3575,8.5086,0,5.0,0.0,0.0
1936,3574,8.5086,0,5.0,0.0,0.0
1937,3572,8.5086,0,5.0,0.0,0.0
1938,3571,8.5086,0,5.0,0.0,0.0
1939,3570,8.5086,0,5.0,0.0,0.0
1940,3569,19.635,0,5.0,0.0,0.0
1941,3568,19.635,0,5.0,0.0,0.0
1942,3568,19.635,0,5.0,0.0,0.0
1943,3567,19.635,0,5.0,0.0,0.0
1944,3567,19.635,0,5.0,0.0,0.0
1945,3567,19.635,0,5.0,0.0,0.0
1946,3567,19.635,0,5.0,0.0,0.0
1947,3568,19.635,0,5.0,0.0,0.0
1948,3568,19.635,0,5.0,0.0,0.0
1949,3569,19.635,0,5.0,0.0,0.0
1950,3569,20.2896,0,5.0,0.0,0.0
1951,3570,20.2896,0,5.0,0.0,0.0
1952,3572,20.2896,0,5.0,0.0,0.0
1953,3573,20.2896,0,5.0,0.0,0.0
1954,3574,20.2896,0,5.0,0.0,0.0
1955,3575,20.2896,0,5.0,0.0,0.0
1956,3577,20.2896,0,5.0,0.0,0.0
1957,3578,20.2896,0,5.0,0.0,0.0
1958,3580,20.2896,0,5.0,0.0,0.0
1959,3582,20.2896,0,5.0,0.0,0.0
1960,3583,11.7812,0,5.0,0.0,0.0
1961,3585,11.7812,0,5.0,0.0,0.0
1962,3587,11.7812,0,5.0,0.0,0.0
1963,3589,11.7812,0,5.0,0.0,0.0
1964,3591,11.7812,0,5.0,0.0,0.0
1965,3594,11.7812,0,5.0,0.0,0.0
1966,3596,11.7812,0,5.0,0.0,0.0
1967,3598,11.7812,0,5.0,0.0,0.0
1968,3600,11.7812,0,5.0,0.0,0.0
1969,3603,11.7812,0,5.0,0.0,0.0
1970,3605,-1.9633,0,5.0,0.0,0.0
1971,3608,-1.9633,0,5.0,0.0,0.0
1972,3610,-1.9633,0,5.0,0.0,0.0
1973,3613,-1.9633,0,5.0,0.0,0.0
1974,3615,-1.9633,0,5.0,0.0,0.0
1975,3617,-1.9633,0,5.0,0.0,0.0
1976,3619,-1.9633,0,5.0,0.0,0.0
1977,3621,-1.9633,0,5.0,0.0,0.0
1978,3623,-1.9633,0,5.0,0.0,0.0
1979,3625,-1.9633,0,5.0,0.0,0.0
1980,3627,-16.3623,0,5.0,0.0,0.0
1981,3628,-16.3623,0,5.0,0.0,0.0
1982,3630,-16.3623,0,5.0,0.0,0.0
1983,3631,-16.3623,0,5.0,0.0,0.0
1984,3632,-16.3623,0,5.0,0.0,0.0
1985,3633,-16.3623,0,5.0,0.0,0.0
1986,3634,-16.3623,0,5.0,0.0,0.0
1987,3634,-16.3623,0,5.0,0.0,0.0
1988,3635,-16.3623,0,5.0,0.0,0.0
1989,3635,-16.3623,0,5.0,0.0,0.0
1990,3635,-22.9073,0,5.0,0.0,0.0
1991,3635,-22.9073,0,5.0,0.0,0.0
1992,3635,-22.9073,0,5.0,0.0,0.0
1993,3634,-22.9073,0,5.0,0.0,0.0
1994,3633,-22.9073,0,5.0,0.0,0.0
1995,3633,-22.9073,0,5.0,0.0,0.0
1996,3632,-22.9073,0,5.0,0.0,0.0
1997,3631,-22.9073,0,5.0,0.0,0.0
1998,3630,-22.9073,0,5.0,0.0,0.0
1999,3628,-22.9073,0,5.0,0.0,0.0
2000,3627,-18.3258,0,5.0,0.0,0.0
2001,3626,-18.3258,0,5.0,0.0,0.0
2002,3624,-18.3258,0,5.0,0.0,0.0
2003,3622,-18.3258,0,5.0,0.0,0.0
2004,3621,-18.3258,0,5.0,0.0,0.0
2005,3619,-18.3258,0,5.0,0.0,0.0
2006,3617,-18.3258,0,5.0,0.0,0.0
2007,3615,-18.3258,0,5.0,0.0,0.0
2008,3613,-18.3258,0,5.0,0.0,0.0
2009,3611,-18.3258,0,5.0,0.0,0.0
2010,3609,-7.1994,0,5.0,0.0,0.0
2011,3607,-7.1994,0,5.0,0.0,0.0
2012,3604,-7.1994,0,5.0,0.0,0.0
2013,3602,-7.1994,0,5.0,0.0,0.0
2014,3600,-7.1994,0,5.0,0.0,0.0
2015,3597,-7.1994,0,5.0,0.0,0.0
2016,3595,-7.1994,0,5.0,0.0,0.0
2017,3593,-7.1994,0,5.0,0.0,0.0
2018,3591,-7.1994,0,5.0,0.0,0.0
2019,3588,-7.1994,0,5.0,0.0,0.0
2020,3586,7.8542,0,5.0,0.0,0.0
2021,3584,7.8542,0,5.0,0.0,0.0
2022,3582,7.8542,0,5.0,0.0,0.0
2023,3580,7.8542,0,5.0,0.0,0.0
2024,3578,7.8542,0,5.0,0.0,0.0
2025,3576,7.8542,0,5.0,0.0,0.0
2026,3575,7.8542,0,5.0,0.0,0.0
2027,3573,7.8542,0,5.0,0.0,0.0
2028,3572,7.8542,0,5.0,0.0,0.0
2029,3571,7.8542,0,5.0,0.0,0.0
2030,3570,18.9806,0,5.0,0.0,0.0
2031,3569,18.9806,0,5.0,0.0,0.0
2032,3568,18.9806,0,5.0,0.0,0.0
2033,3568,18.9806,0,5.0,0.0,0.0
2034,3567,18.9806,0,5.0,0.0,0.0
2035,3567,18.9806,0,5.0,0.0,0.0
2036,3567,18.9806,0,5.0,0.0,0.0
2037,3568,18.9806,0,5.0,0.0,0.0
2038,3568,18.9806,0,5.0,0.0,0.0
2039,3568,18.9806,0,5.0,0.0,0.0
2040,3569,20.9441,0,5.0,0.0,0.0
2041,3570,20.9441,0,5.0,0.0,0.0
2042,3571,20.9441,0,5.0,0.0,0.0
2043,3572,20.9441,0,5.0,0.0,0.0
2044,3573,20.9441,0,5.0,0.0,0.0
2045,3575,20.9441,0,5.0,0.0,0.0
2046,3576,20.9441,0,5.0,0.0,0.0
2047,3577,20.9441,0,5.0,0.0,0.0
2048,3579,20.9441,0,5.0,0.0,0.0
2049,3581,20.9441,0,5.0,0.0,0.0
2050,3583,12.4356,0,5.0,0.0,0.0
2051,3584,12.4356,0,5.0,0.0,0.0
2052,3586,12.4356,0,5.0,0.0,0.0
2053,3588,12.4356,0,5.0,0.0,0.0
2054,3590,12.4356,0,5.0,0.0,0.0
2055,3592,12.4356,0,5.0,0.0,0.0
2056,3595,12.4356,0,5.0,0.0,0.0
2057,3597,12.4356,0,5.0,0.0,0.0
2058,3599,12.4356,0,5.0,0.0,0.0
2059,3602,12.4356,0,5.0,0.0,0.0
2060,3604,-1.3089,0,5.0,0.0,0.0
2061,3607,-1.3089,0,5.0,0.0,0.0
2062,3609,-1.3089,0,5.0,0.0,0.0
2063,3611,-1.3089,0,5.0,0.0,0.0
2064,3614,-1.3089,0,5.0,0.0,0.0
2065,3616,-1.3089,0,5.0,0.0,0.0
2066,3618,-1.3089,0,5.0,0.0,0.0
2067,3620,-1.3089,0,5.0,0.0,0.0
2068,3622,-1.3089,0,5.0,0.0,0.0
2069,3624,-1.3089,0,5.0,0.0,0.0
2070,3626,-15.7079,0,5.0,0.0,0.0
2071,3627,-15.7079,0,5.0,0.0,0.0
2072,3629,-15.7079,0,5.0,0.0,0.0
2073,3630,-15.7079,0,5.0,0.0,0.0
2074,3631,-15.7079,0,5.0,0.0,0.0
2075,3632,-15.7079,0,5.0,0.0,0.0
2076,3633,-15.7079,0,5.0,0.0,0.0
2077,3634,-15.7079,0,5.0,0.0,0.0
2078,3634,-15.7079,0,5.0,0.0,0.0
2079,3634,-15.7079,0,5.0,0.0,0.0
2080,3634,-22.2528,0,5.0,0.0,0.0
2081,3634,-22.2528,0,5.0,0.0,0.0
2082,3634,-22.2528,0,5.0,0.0,0.0
2083,3634,-22.2528,0,5.0,0.0,0.0
2084,3633,-22.2528,0,5.0,0.0,0.0
2085,3632,-22.2528,0,5.0,0.0,0.0
2086,3631,-22.2528,0,5.0,0.0,0.0
2087,3630,-22.2528,0,5.0,0.0,0.0
2088,3629,-22.2528,0,5.0,0.0,0.0
2089,3628,-22.2528,0,5.0,0.0,0.0
2090,3627,-18.3258,0,5.0,0.0,0.0
2091,3625,-18.3258,0,5.0,0.0,0.0
2092,3624,-18.3258,0,5.0,0.0,0.0
2093,3622,-18.3258,0,5.0,0.0,0.0
2094,3621,-18.3258,0,5.0,0.0,0.0
2095,3619,-18.3258,0,5.0,0.0,0.0
2096,3617,-18.3258,0,5.0,0.0,0.0
2097,3615,-18.3258,0,5.0,0.0,0.0
2098,3613,-18.3258,0,5.0,0.0,0.0
2099,3611,-18.3258,0,5.0,0.0,0.0
2100,3609,-7.1994,0,5.0,0.0,0.0
2101,3607,-7.1994,0,5.0,0.0,0.0
2102,3604,-7.1994,0,5.0,0.0,0.0
2103,3602,-7.1994,0,5.0,0.0,0.0
2104,3600,-7.1994,0,5.0,0.0,0.0
2105,3598,-7.1994,0,5.0,0.0,0.0
2106,3596,-7.1994,0,5.0,0.0,0.0
2107,3593,-7.1994,0,5.0,0.0,0.0
2108,3591,-7.1994,0,5.0,0.0,0.0
2109,3589,-7.1994,0,5.0,0.0,0.0
2110,3586,7.8542,0,5.0,0.0,0.0
2111,3584,7.8542,0,5.0,0.0,0.0
2112,3582,7.8542,0,5.0,0.0,0.0
2113,3580,7.8542,0,5.0,0.0,0.0
2114,3578,7.8542,0,5.0,0.0,0.0
2115,3577,7.8542,0,5.0,0.0,0.0
2116,3575,7.8542,0,5.0,0.0,0.0
2117,3574,7.8542,0,5.0,0.0,0.0
2118,3572,7.8542,0,5.0,0.0,0.0
2119,3571,7.8542,0,5.0,0.0,0.0
2120,3570,18.9806,0,5.0,0.0,0.0
2121,3569,18.9806,0,5.0,0.0,0.0
2122,3569,18.9806,0,5.0,0.0,0.0
2123,3568,18.9806,0,5.0,0.0,0.0
2124,3568,18.9806,0,5.0,0.0,0.0
2125,3568,18.9806,0,5.0,0.0,0.0
2126,3568,18.9806,0,5.0,0.0,0.0
2127,3568,18.9806,0,5.0,0.0,0.0
2128,3568,18.9806,0,5.0,0.0,0.0
2129,3569,18.9806,0,5.0,0.0,0.0
2130,3570,20.2896,0,5.0,0.0,0.0
2131,3571,20.2896,0,5.0,0.0,0.0
2132,3572,20.2896,0,5.0,0.0,0.0
2133,3573,20.2896,0,5.0,0.0,0.0
2134,3574,20.2896,0,5.0,0.0,0.0
2135,3575,20.2896,0,5.0,0.0,0.0
2136,3577,20.2896,0,5.0,0.0,0.0
2137,3578,20.2896,0,5.0,0.0,0.0
2138,3580,20.2896,0,5.0,0.0,0.0
2139,3581,20.2896,0,5.0,0.0,0.0
2140,3583,12.4356,0,5.0,0.0,0.0
2141,3585,12.4356,0,5.0,0.0,0.0
2142,3587,12.4356,0,5.0,0.0,0.0
2143,3589,12.4356,0,5.0,0.0,0.0
2144,3591,12.4356,0,5.0,0.0,0.0
2145,3593,12.4356,0,5.0,0.0,0.0
2146,3595,12.4356,0,5.0,0.0,0.0
2147,3597,12.4356,0,5.0,0.0,0.0
2148,3600,12.4356,0,5.0,0.0,0.0
2149,3602,12.4356,0,5.0,0.0,0.0
2150,3605,-1.3089,0,5.0,0.0,0.0
2151,3607,-1.3089,0,5.0,0.0,0.0
2152,3610,-1.3089,0,5.0,0.0,0.0
2153,3612,-1.3089,0,5.0,0.0,0.0
2154,3614,-1.3089,0,5.0,0.0,0.0
2155,3616,-1.3089,0,5.0,0.0,0.0
2156,3619,-1.3089,0,5.0,0.0,0.0
2157,3621,-1.3089,0,5.0,0.0,0.0
2158,3623,-1.3089,0,5.0,0.0,0.0
2159,3624,-1.3089,0,5.0,0.0,0.0
2160,3626,-16.3623,0,5.0,0.0,0.0
2161,3628,-16.3623,0,5.0,0.0,0.0
2162,3629,-16.3623,0,5.0,0.0,0.0
2163,3631,-16.3623,0,5.0,0.0,0.0
2164,3632,-16.3623,0,5.0,0.0,0.0
2165,3633,-16.3623,0,5.0,0.0,0.0
2166,3633,-16.3623,0,5.0,0.0,0.0
2167,3634,-16.3623,0,5.0,0.0,0.0
2168,3634,-16.3623,0,5.0,0.0,0.0
2169,3635,-16.3623,0,5.0,0.0,0.0
2170,3635,-22.9073,0,5.0,0.0,0.0
2171,3635,-22.9073,0,5.0,0.0,0.0
2172,3634,-22.9073,0,5.0,0.0,0.0
2173,3634,-22.9073,0,5.0,0.0,0.0
2174,3633,-22.9073,0,5.0,0.0,0.0
2175,3633,-22.9073,0,5.0,0.0,0.0
2176,3632,-22.9073,0,5.0,0.0,0.0
2177,3631,-22.9073,0,5.0,0.0,0.0
2178,3629,-22.9073,0,5.0,0.0,0.0
2179,3628,-22.9073,0,5.0,0.0,0.0
2180,3627,-18.3258,0,5.0,0.0,0.0
2181,3626,-18.3258,0,5.0,0.0,0.0
2182,3624,-18.3258,0,5.0,0.0,0.0
2183,3622,-18.3258,0,5.0,0.0,0.0
2184,3621,-18.3258,0,5.0,0.0,0.0
2185,3619,-18.3258,0,5.0,0.0,0.0
2186,3617,-18.3258,0,5.0,0.0,0.0
2187,3615,-18.3258,0,5.0,0.0,0.0
2188,3613,-18.3258,0,5.0,0.0,0.0
2189,3611,-18.3258,0,5.0,0.0,0.0
2190,3609,-7.1994,0,5.0,0.0,0.0
2191,3607,-7.1994,0,5.0,0.0,0.0
2192,3604,-7.1994,0,5.0,0.0,0.0
2193,3602,-7.1994,0,5.0,0.0,0.0
2194,3600,-7.1994,0,5.0,0.0,0.0
2195,3598,-7.1994,0,5.0,0.0,0.0
2196,3595,-7.1994,0,5.0,0.0,0.0
2197,3593,-7.1994,0,5.0,0.0,0.0
2198,3591,-7.1994,0,5.0,0.0,0.0
2199,3588,-7.1994,0,5.0,0.0,0.0
2200,3586,7.8542,0,5.0,0.0,0.0
2201,3584,7.8542,0,5.0,0.0,0.0
2202,3582,7.8542,0,5.0,0.0,0.0
2203,3580,7.8542,0,5.0,0.0,0.0
2204,3578,7.8542,0,5.0,0.0,0.0
2205,3576,7.8542,0,5.0,0.0,0.0
2206,3575,7.8542,0,5.0,0.0,0.0
2207,3573,7.8542,0,5.0,0.0,0.0
2208,3572,7.8542,0,5.0,0.0,0.0
2209,3571,7.8542,0,5.0,0.0,0.0
2210,3570,18.9806,0,5.0,0.0,0.0
2211,3569,18.9806,0,5.0,0.0,0.0
2212,3568,18.9806,0,5.0,0.0,0.0
2213,3568,18.9806,0,5.0,0.0,0.0
2214,3568,18.9806,0,5.0,0.0,0.0
2215,3568,18.9806,0,5.0,0.0,0.0
2216,3568,18.9806,0,5.0,0.0,0.0
2217,3568,18.9806,0,5.0,0.0,0.0
2218,3568,18.9806,0,5.0,0.0,0.0
2219,3569,18.9806,0,5.0,0.0,0.0
2220,3569,20.2896,0,5.0,0.0,0.0
2221,3570,20.2896,0,5.0,0.0,0.0
2222,3571,20.2896,0,5.0,0.0,0.0
2223,3572,20.2896,0,5.0,0.0,0.0
2224,3574,20.2896,0,5.0,0.0,0.0
2225,3575,20.2896,0,5.0,0.0,0.0
2226,3576,20.2896,0,5.0,0.0,0.0
2227,3578,20.2896,0,5.0,0.0,0.0
2228,3579,20.2896,0,5.0,0.0,0.0
2229,3581,20.2896,0,5.0,0.0,0.0
2230,3583,12.4356,0,5.0,0.0,0.0
2231,3585,12.4356,0,5.0,0.0,0.0
2232,3587,12.4356,0,5.0,0.0,0.0
2233,3589,12.4356,0,5.0,0.0,0.0
2234,3591,12.4356,0,5.0,0.0,0.0
2235,3593,12.4356,0,5.0,0.0,0.0
2236,3595,12.4356,0,5.0,0.0,0.0
2237,3597,12.4356,0,5.0,0.0,0.0
2238,3600,12.4356,0,5.0,0.0,0.0
2239,3602,12.4356,0,5.0,0.0,0.0
2240,3605,-1.3089,0,5.0,0.0,0.0
2241,3607,-1.3089,0,5.0,0.0,0.0
2242,3609,-1.3089,0,5.0,0.0,0.0
2243,3612,-1.3089,0,5.0,0.0,0.0
2244,3614,-1.3089,0,5.0,0.0,0.0
2245,3616,-1.3089,0,5.0,0.0,0.0
2246,3618,-1.3089,0,5.0,0.0,0.0
2247,3620,-1.3089,0,5.0,0.0,0.0
2248,3622,-1.3089,0,5.0,0.0,0.0
2249,3624,-1.3089,0,5.0,0.0,0.0
2250,3626,-15.7079,0,5.0,0.0,0.0
2251,3628,-15.7079,0,5.0,0.0,0.0
2252,3629,-15.7079,0,5.0,0.0,0.0
2253,3630,-15.7079,0,5.0,0.0,0.0
2254,3632,-15.7079,0,5.0,0.0,0.0
2255,3633,-15.7079,0,5.0,0.0,0.0
2256,3633,-15.7079,0,5.0,0.0,0.0
2257,3634,-15.7079,0,5.0,0.0,0.0
2258,3634,-15.7079,0,5.0,0.0,0.0
2259,3635,-15.7079,0,5.0,0.0,0.0
2260,3635,-22.9073,0,5.0,0.0,0.0
2261,3635,-22.9073,0,5.0,0.0,0.0
2262,3634,-22.9073,0,5.0,0.0,0.0
2263,3634,-22.9073,0,5.0,0.0,0.0
2264,3633,-22.9073,0,5.0,0.0,0.0
2265,3633,-22.9073,0,5.0,0.0,0.0
2266,3632,-22.9073,0,5.0,0.0,0.0
2267,3631,-22.9073,0,5.0,0.0,0.0
2268,3630,-22.9073,0,5.0,0.0,0.0
2269,3628,-22.9073,0,5.0,0.0,0.0
2270,3627,-18.3258,0,5.0,0.0,0.0
2271,3626,-18.3258,0,5.0,0.0,0.0
2272,3624,-18.3258,0,5.0,0.0,0.0
2273,3623,-18.3258,0,5.0,0.0,0.0
2274,3621,-18.3258,0,5.0,0.0,0.0
2275,3619,-18.3258,0,5.0,0.0,0.0
2276,3617,-18.3258,0,5.0,0.0,0.0
2277,3615,-18.3258,0,5.0,0.0,0.0
2278,3613,-18.3258,0,5.0,0.0,0.0
2279,3611,-18.3258,0,5.0,0.0,0.0
2280,3609,-7.1994,0,5.0,0.0,0.0
2281,3607,-7.1994,0,5.0,0.0,0.0
2282,3605,-7.1994,0,5.0,0.0,0.0
2283,3602,-7.1994,0,5.0,0.0,0.0
2284,3600,-7.1994,0,5.0,0.0,0.0
2285,3598,-7.1994,0,5.0,0.0,0.0
2286,3596,-7.1994,0,5.0,0.0,0.0
2287,3593,-7.1994,0,5.0,0.0,0.0
2288,3591,-7.1994,0,5.0,0.0,0.0
2289,3589,-7.1994,0,5.0,0.0,0.0
2290,3587,7.1996,0,5.0,0.0,0.0
2291,3584,7.1996,0,5.0,0.0,0.0
2292,3582,7.1996,0,5.0,0.0,0.0
2293,3580,7.1996,0,5.0,0.0,0.0
2294,3578,7.1996,0,5.0,0.0,0.0
2295,3577,7.1996,0,5.0,0.0,0.0
2296,3575,7.1996,0,5.0,0.0,0.0
2297,3574,7.1996,0,5.0,0.0,0.0
2298,3572,7.1996,0,5.0,0.0,0.0
2299,3571,7.1996,0,5.0,0.0,0.0
2300,3570,18.9806,0,5.0,0.0,0.0
2301,3569,18.9806,0,5.0,0.0,0.0
2302,3569,18.9806,0,5.0,0.0,0.0
2303,3568,18.9806,0,5.0,0.0,0.0
2304,3568,18.9806,0,5.0,0.0,0.0
2305,3568,18.9806,0,5.0,0.0,0.0
2306,3568,18.9806,0,5.0,0.0,0.0
2307,3568,18.9806,0,5.0,0.0,0.0
2308,3568,18.9806,0,5.0,0.0,0.0
2309,3568,18.9806,0,5.0,0.0,0.0
2310,3569,20.2896,0,5.0,0.0,0.0
2311,3570,20.2896,0,5.0,0.0,0.0
2312,3571,20.2896,0,5.0,0.0,0.0
2313,3572,20.2896,0,5.0,0.0,0.0
2314,3573,20.2896,0,5.0,0.0,0.0
2315,3575,20.2896,0,5.0,0.0,0.0
2316,3576,20.2896,0,5.0,0.0,0.0
2317,3577,20.2896,0,5.0,0.0,0.0
2318,3579,20.2896,0,5.0,0.0,0.0
2319,3581,20.2896,0,5.0,0.0,0.0
2320,3582,12.4356,0,5.0,0.0,0.0
2321,3584,12.4356,0,5.0,0.0,0.0
2322,3586,12.4356,0,5.0,0.0,0.0
2323,3588,12.4356,0,5.0,0.0,0.0
2324,3590,12.4356,0,5.0,0.0,0.0
2325,3592,12.4356,0,5.0,0.0,0.0
2326,3594,12.4356,0,5.0,0.0,0.0
2327,3597,12.4356,0,5.0,0.0,0.0
2328,3599,12.4356,0,5.0,0.0,0.0
2329,3601,12.4356,0,5.0,0.0,0.0
2330,3604,-0.6544,0,5.0,0.0,0.0
2331,3606,-0.6544,0,5.0,0.0,0.0
2332,3609,-0.6544,0,5.0,0.0,0.0
2333,3611,-0.6544,0,5.0,0.0,0.0
2334,3613,-0.6544,0,5.0,0.0,0.0
2335,3615,-0.6544,0,5.0,0.0,0.0
2336,3618,-0.6544,0,5.0,0.0,0.0
2337,3620,-0.6544,0,5.0,0.0,0.0
2338,3622,-0.6544,0,5.0,0.0,0.0
2339,3624,-0.6544,0,5.0,0.0,0.0
2340,3625,-15.7079,0,5.0,0.0,0.0
2341,3627,-15.7079,0,5.0,0.0,0.0
2342,3629,-15.7079,0,5.0,0.0,0.0
2343,3630,-15.7079,0,5.0,0.0,0.0
2344,3631,-15.7079,0,5.0,0.0,0.0
2345,3632,-15.7079,0,5.0,0.0,0.0
2346,3633,-15.7079,0,5.0,0.0,0.0
2347,3634,-15.7079,0,5.0,0.0,0.0
2348,3634,-15.7079,0,5.0,0.0,0.0
2349,3635,-15.7079,0,5.0,0.0,0.0
2350,3635,-22.9073,0,5.0,0.0,0.0
2351,3635,-22.9073,0,5.0,0.0,0.0
2352,3634,-22.9073,0,5.0,0.0,0.0
2353,3634,-22.9073,0,5.0,0.0,0.0
2354,3634,-22.9073,0,5.0,0.0,0.0
2355,3633,-22.9073,0,5.0,0.0,0.0
2356,3632,-22.9073,0,5.0,0.0,0.0
2357,3631,-22.9073,0,5.0,0.0,0.0
2358,3630,-22.9073,0,5.0,0.0,0.0
2359,3629,-22.9073,0,5.0,0.0,0.0
2360,3627,-18.9804,0,5.0,0.0,0.0
2361,3626,-18.9804,0,5.0,0.0,0.0
2362,3625,-18.9804,0,5.0,0.0,0.0
2363,3623,-18.9804,0,5.0,0.0,0.0
2364,3621,-18.9804,0,5.0,0.0,0.0
2365,3620,-18.9804,0,5.0,0.0,0.0
2366,3618,-18.9804,0,5.0,0.0,0.0
2367,3616,-18.9804,0,5.0,0.0,0.0
2368,3614,-18.9804,0,5.0,0.0,0.0
2369,3612,-18.9804,0,5.0,0.0,0.0
2370,3610,-7.8539,0,5.0,0.0,0.0
2371,3608,-7.8539,0,5.0,0.0,0.0
2372,3605,-7.8539,0,5.0,0.0,0.0
2373,3603,-7.8539,0,5.0,0.0,0.0
2374,3601,-7.8539,0,5.0,0.0,0.0
2375,3599,-7.8539,0,5.0,0.0,0.0
2376,3596,-7.8539,0,5.0,0.0,0.0
2377,3594,-7.8539,0,5.0,0.0,0.0
2378,3592,-7.8539,0,5.0,0.0,0.0
2379,3589,-7.8539,0,5.0,0.0,0.0
2380,3587,7.8542,0,5.0,0.0,0.0
2381,3585,7.8542,0,5.0,0.0,0.0
2382,3583,7.8542,0,5.0,0.0,0.0
2383,3581,7.8542,0,5.0,0.0,0.0
2384,3578,7.8542,0,5.0,0.0,0.0
2385,3577,7.8542,0,5.0,0.0,0.0
2386,3575,7.8542,0,5.0,0.0,0.0
2387,3574,7.8542,0,5.0,0.0,0.0
2388,3572,7.8542,0,5.0,0.0,0.0
2389,3571,7.8542,0,5.0,0.0,0.0
2390,3570,18.9806,0,5.0,0.0,0.0
2391,3569,18.9806,0,5.0,0.0,0.0
2392,3568,18.9806,0,5.0,0.0,0.0
2393,3567,18.9806,0,5.0,0.0,0.0
2394,3567,18.9806,0,5.0,0.0,0.0
2395,3567,18.9806,0,5.0,0.0,0.0
2396,3567,18.9806,0,5.0,0.0,0.0
2397,3567,18.9806,0,5.0,0.0,0.0
2398,3567,18.9806,0,5.0,0.0,0.0
2399,3568,18.9806,0,5.0,0.0,0.0
2400,3568,20.9441,0,5.0,0.0,0.0
2401,3569,20.9441,0,5.0,0.0,0.0
2402,3570,20.9441,0,5.0,0.0,0.0
2403,3571,20.9441,0,5.0,0.0,0.0
2404,3572,20.9441,0,5.0,0.0,0.0
2405,3573,20.9441,0,5.0,0.0,0.0
2406,3574,20.9441,0,5.0,0.0,0.0
2407,3576,20.9441,0,5.0,0.0,0.0
2408,3577,20.9441,0,5.0,0.0,0.0
2409,3579,20.9441,0,5.0,0.0,0.0
2410,3581,13.7447,0,5.0,0.0,0.0
2411,3583,13.7447,0,5.0,0.0,0.0
2412,3584,13.7447,0,5.0,0.0,0.0
2413,3586,13.7447,0,5.0,0.0,0.0
2414,3588,13.7447,0,5.0,0.0,0.0
2415,3590,13.7447,0,5.0,0.0,0.0
2416,3593,13.7447,0,5.0,0.0,0.0
2417,3595,13.7447,0,5.0,0.0,0.0
2418,3597,13.7447,0,5.0,0.0,0.0
2419,3600,13.7447,0,5.0,0.0,0.0
