TIME,PULSES,CONTROLLERVOLTAGE,CONTROLLER,KP,TAUD,TAUI 
NEXT EXPERIMENT0,0.0,0.0818,1.0,1.25,0.003125,0.0
1,0.0,0.0818,1.0,1.25,0.003125,0.0
2,0.0,0.0818,1.0,1.25,0.003125,0.0
3,0.0,0.0818,1.0,1.25,0.003125,0.0
4,0.0,0.0818,1.0,1.25,0.003125,0.0
5,0.0,0.0818,1.0,1.25,0.003125,0.0
6,0.0,0.0818,1.0,1.25,0.003125,0.0
7,0.0,0.0818,1.0,1.25,0.003125,0.0
8,0.0,0.0818,1.0,1.25,0.003125,0.0
9,0.0,0.0818,1.0,1.25,0.003125,0.0
10,0.0,773.1775,1.0,1.25,0.003125,0.0
11,0.0,773.1775,1.0,1.25,0.003125,0.0
12,0.0,773.1775,1.0,1.25,0.003125,0.0
13,1.0,773.1775,1.0,1.25,0.003125,0.0
14,1.0,773.1775,1.0,1.25,0.003125,0.0
15,2.0,773.1775,1.0,1.25,0.003125,0.0
16,2.0,773.1775,1.0,1.25,0.003125,0.0
17,3.0,773.1775,1.0,1.25,0.003125,0.0
18,4.0,773.1775,1.0,1.25,0.003125,0.0
19,5.0,773.1775,1.0,1.25,0.003125,0.0
20,6.0,587.9749,1.0,1.25,0.003125,0.0
21,7.0,587.9749,1.0,1.25,0.003125,0.0
22,8.0,587.9749,1.0,1.25,0.003125,0.0
23,10.0,587.9749,1.0,1.25,0.003125,0.0
24,11.0,587.9749,1.0,1.25,0.003125,0.0
25,13.0,587.9749,1.0,1.25,0.003125,0.0
26,15.0,587.9749,1.0,1.25,0.003125,0.0
27,17.0,587.9749,1.0,1.25,0.003125,0.0
28,19.0,587.9749,1.0,1.25,0.003125,0.0
29,20.0,587.9749,1.0,1.25,0.003125,0.0
30,23.0,584.7944,1.0,1.25,0.003125,0.0
31,25.0,584.7944,1.0,1.25,0.003125,0.0
32,27.0,584.7944,1.0,1.25,0.003125,0.0
33,29.0,584.7944,1.0,1.25,0.003125,0.0
34,32.0,584.7944,1.0,1.25,0.003125,0.0
35,34.0,584.7944,1.0,1.25,0.003125,0.0
36,36.0,584.7944,1.0,1.25,0.003125,0.0
37,39.0,584.7944,1.0,1.25,0.003125,0.0
38,42.0,584.7944,1.0,1.25,0.003125,0.0
39,44.0,584.7944,1.0,1.25,0.003125,0.0
40,47.0,580.6732,1.0,1.25,0.003125,0.0
41,50.0,580.6732,1.0,1.25,0.003125,0.0
42,52.0,580.6732,1.0,1.25,0.003125,0.0
43,55.0,580.6732,1.0,1.25,0.003125,0.0
44,58.0,580.6732,1.0,1.25,0.003125,0.0
45,61.0,580.6732,1.0,1.25,0.003125,0.0
46,64.0,580.6732,1.0,1.25,0.003125,0.0
47,67.0,580.6732,1.0,1.25,0.003125,0.0
48,70.0,580.6732,1.0,1.25,0.003125,0.0
49,73.0,580.6732,1.0,1.25,0.003125,0.0
50,77.0,575.4064,1.0,1.25,0.003125,0.0
51,80.0,575.4064,1.0,1.25,0.003125,0.0
52,83.0,575.4064,1.0,1.25,0.003125,0.0
53,86.0,575.4064,1.0,1.25,0.003125,0.0
54,90.0,575.4064,1.0,1.25,0.003125,0.0
55,93.0,575.4064,1.0,1.25,0.003125,0.0
56,96.0,575.4064,1.0,1.25,0.003125,0.0
57,100.0,575.4064,1.0,1.25,0.003125,0.0
58,103.0,575.4064,1.0,1.25,0.003125,0.0
59,107.0,575.4064,1.0,1.25,0.003125,0.0
60,110.0,569.8535,1.0,1.25,0.003125,0.0
61,114.0,569.8535,1.0,1.25,0.003125,0.0
62,117.0,569.8535,1.0,1.25,0.003125,0.0
63,121.0,569.8535,1.0,1.25,0.003125,0.0
64,124.0,569.8535,1.0,1.25,0.003125,0.0
65,128.0,569.8535,1.0,1.25,0.003125,0.0
66,132.0,569.8535,1.0,1.25,0.003125,0.0
67,135.0,569.8535,1.0,1.25,0.003125,0.0
68,139.0,569.8535,1.0,1.25,0.003125,0.0
69,143.0,569.8535,1.0,1.25,0.003125,0.0
70,146.0,563.8096,1.0,1.25,0.003125,0.0
71,150.0,563.8096,1.0,1.25,0.003125,0.0
72,154.0,563.8096,1.0,1.25,0.003125,0.0
73,158.0,563.8096,1.0,1.25,0.003125,0.0
74,162.0,563.8096,1.0,1.25,0.003125,0.0
75,165.0,563.8096,1.0,1.25,0.003125,0.0
76,169.0,563.8096,1.0,1.25,0.003125,0.0
77,173.0,563.8096,1.0,1.25,0.003125,0.0
78,177.0,563.8096,1.0,1.25,0.003125,0.0
79,181.0,563.8096,1.0,1.25,0.003125,0.0
80,185.0,557.4896,1.0,1.25,0.003125,0.0
81,189.0,557.4896,1.0,1.25,0.003125,0.0
82,194.0,557.4896,1.0,1.25,0.003125,0.0
83,198.0,557.4896,1.0,1.25,0.003125,0.0
84,202.0,557.4896,1.0,1.25,0.003125,0.0
85,206.0,557.4896,1.0,1.25,0.003125,0.0
86,210.0,557.4896,1.0,1.25,0.003125,0.0
87,214.0,557.4896,1.0,1.25,0.003125,0.0
88,218.0,557.4896,1.0,1.25,0.003125,0.0
89,222.0,557.4896,1.0,1.25,0.003125,0.0
90,226.0,550.6276,1.0,1.25,0.003125,0.0
91,230.0,550.6276,1.0,1.25,0.003125,0.0
92,234.0,550.6276,1.0,1.25,0.003125,0.0
93,238.0,550.6276,1.0,1.25,0.003125,0.0
94,242.0,550.6276,1.0,1.25,0.003125,0.0
95,246.0,550.6276,1.0,1.25,0.003125,0.0
96,250.0,550.6276,1.0,1.25,0.003125,0.0
97,254.0,550.6276,1.0,1.25,0.003125,0.0
98,259.0,550.6276,1.0,1.25,0.003125,0.0
99,263.0,550.6276,1.0,1.25,0.003125,0.0
100,267.0,543.9189,1.0,1.25,0.003125,0.0
101,271.0,543.9189,1.0,1.25,0.003125,0.0
102,275.0,543.9189,1.0,1.25,0.003125,0.0
103,279.0,543.9189,1.0,1.25,0.003125,0.0
104,284.0,543.9189,1.0,1.25,0.003125,0.0
105,288.0,543.9189,1.0,1.25,0.003125,0.0
106,292.0,543.9189,1.0,1.25,0.003125,0.0
107,296.0,543.9189,1.0,1.25,0.003125,0.0
108,300.0,543.9189,1.0,1.25,0.003125,0.0
109,305.0,543.9189,1.0,1.25,0.003125,0.0
110,309.0,536.9955,1.0,1.25,0.003125,0.0
111,313.0,536.9955,1.0,1.25,0.003125,0.0
112,317.0,536.9955,1.0,1.25,0.003125,0.0
113,322.0,536.9955,1.0,1.25,0.003125,0.0
114,326.0,536.9955,1.0,1.25,0.003125,0.0
115,330.0,536.9955,1.0,1.25,0.003125,0.0
116,334.0,536.9955,1.0,1.25,0.003125,0.0
117,339.0,536.9955,1.0,1.25,0.003125,0.0
118,343.0,536.9955,1.0,1.25,0.003125,0.0
119,347.0,536.9955,1.0,1.25,0.003125,0.0
120,351.0,530.1233,1.0,1.25,0.003125,0.0
121,356.0,530.1233,1.0,1.25,0.003125,0.0
122,360.0,530.1233,1.0,1.25,0.003125,0.0
123,364.0,530.1233,1.0,1.25,0.003125,0.0
124,369.0,530.1233,1.0,1.25,0.003125,0.0
125,373.0,530.1233,1.0,1.25,0.003125,0.0
126,377.0,530.1233,1.0,1.25,0.003125,0.0
127,383.0,530.1233,1.0,1.25,0.003125,0.0
128,387.0,530.1233,1.0,1.25,0.003125,0.0
129,391.0,530.1233,1.0,1.25,0.003125,0.0
130,395.0,522.8216,1.0,1.25,0.003125,0.0
131,400.0,522.8216,1.0,1.25,0.003125,0.0
132,404.0,522.8216,1.0,1.25,0.003125,0.0
133,408.0,522.8216,1.0,1.25,0.003125,0.0
134,413.0,522.8216,1.0,1.25,0.003125,0.0
135,417.0,522.8216,1.0,1.25,0.003125,0.0
136,422.0,522.8216,1.0,1.25,0.003125,0.0
137,426.0,522.8216,1.0,1.25,0.003125,0.0
138,430.0,522.8216,1.0,1.25,0.003125,0.0
139,434.0,522.8216,1.0,1.25,0.003125,0.0
140,439.0,515.6221,1.0,1.25,0.003125,0.0
141,443.0,515.6221,1.0,1.25,0.003125,0.0
142,447.0,515.6221,1.0,1.25,0.003125,0.0
143,452.0,515.6221,1.0,1.25,0.003125,0.0
144,456.0,515.6221,1.0,1.25,0.003125,0.0
145,461.0,515.6221,1.0,1.25,0.003125,0.0
146,465.0,515.6221,1.0,1.25,0.003125,0.0
147,469.0,515.6221,1.0,1.25,0.003125,0.0
148,474.0,515.6221,1.0,1.25,0.003125,0.0
149,478.0,515.6221,1.0,1.25,0.003125,0.0
150,482.0,508.6374,1.0,1.25,0.003125,0.0
151,487.0,508.6374,1.0,1.25,0.003125,0.0
152,491.0,508.6374,1.0,1.25,0.003125,0.0
153,496.0,508.6374,1.0,1.25,0.003125,0.0
154,500.0,508.6374,1.0,1.25,0.003125,0.0
155,504.0,508.6374,1.0,1.25,0.003125,0.0
156,509.0,508.6374,1.0,1.25,0.003125,0.0
157,513.0,508.6374,1.0,1.25,0.003125,0.0
158,518.0,508.6374,1.0,1.25,0.003125,0.0
159,522.0,508.6374,1.0,1.25,0.003125,0.0
160,526.0,501.3867,1.0,1.25,0.003125,0.0
161,532.0,501.3867,1.0,1.25,0.003125,0.0
162,536.0,501.3867,1.0,1.25,0.003125,0.0
163,540.0,501.3867,1.0,1.25,0.003125,0.0
164,545.0,501.3867,1.0,1.25,0.003125,0.0
165,549.0,501.3867,1.0,1.25,0.003125,0.0
166,554.0,501.3867,1.0,1.25,0.003125,0.0
167,558.0,501.3867,1.0,1.25,0.003125,0.0
168,563.0,501.3867,1.0,1.25,0.003125,0.0
169,567.0,501.3867,1.0,1.25,0.003125,0.0
170,571.0,493.9725,1.0,1.25,0.003125,0.0
171,576.0,493.9725,1.0,1.25,0.003125,0.0
172,581.0,493.9725,1.0,1.25,0.003125,0.0
173,585.0,493.9725,1.0,1.25,0.003125,0.0
174,590.0,493.9725,1.0,1.25,0.003125,0.0
175,594.0,493.9725,1.0,1.25,0.003125,0.0
176,599.0,493.9725,1.0,1.25,0.003125,0.0
177,603.0,493.9725,1.0,1.25,0.003125,0.0
178,608.0,493.9725,1.0,1.25,0.003125,0.0
179,612.0,493.9725,1.0,1.25,0.003125,0.0
180,616.0,486.6094,1.0,1.25,0.003125,0.0
181,621.0,486.6094,1.0,1.25,0.003125,0.0
182,625.0,486.6094,1.0,1.25,0.003125,0.0
183,629.0,486.6094,1.0,1.25,0.003125,0.0
184,633.0,486.6094,1.0,1.25,0.003125,0.0
185,637.0,486.6094,1.0,1.25,0.003125,0.0
186,642.0,486.6094,1.0,1.25,0.003125,0.0
187,646.0,486.6094,1.0,1.25,0.003125,0.0
188,651.0,486.6094,1.0,1.25,0.003125,0.0
189,655.0,486.6094,1.0,1.25,0.003125,0.0
190,660.0,479.6758,1.0,1.25,0.003125,0.0
191,664.0,479.6758,1.0,1.25,0.003125,0.0
192,668.0,479.6758,1.0,1.25,0.003125,0.0
193,673.0,479.6758,1.0,1.25,0.003125,0.0
194,678.0,479.6758,1.0,1.25,0.003125,0.0
195,682.0,479.6758,1.0,1.25,0.003125,0.0
196,687.0,479.6758,1.0,1.25,0.003125,0.0
197,691.0,479.6758,1.0,1.25,0.003125,0.0
198,696.0,479.6758,1.0,1.25,0.003125,0.0
199,700.0,479.6758,1.0,1.25,0.003125,0.0
200,705.0,471.9957,1.0,1.25,0.003125,0.0
201,709.0,471.9957,1.0,1.25,0.003125,0.0
202,713.0,471.9957,1.0,1.25,0.003125,0.0
203,718.0,471.9957,1.0,1.25,0.003125,0.0
204,722.0,471.9957,1.0,1.25,0.003125,0.0
205,727.0,471.9957,1.0,1.25,0.003125,0.0
206,731.0,471.9957,1.0,1.25,0.003125,0.0
207,736.0,471.9957,1.0,1.25,0.003125,0.0
208,740.0,471.9957,1.0,1.25,0.003125,0.0
209,744.0,471.9957,1.0,1.25,0.003125,0.0
210,749.0,464.8985,1.0,1.25,0.003125,0.0
211,753.0,464.8985,1.0,1.25,0.003125,0.0
212,758.0,464.8985,1.0,1.25,0.003125,0.0
213,762.0,464.8985,1.0,1.25,0.003125,0.0
214,767.0,464.8985,1.0,1.25,0.003125,0.0
215,771.0,464.8985,1.0,1.25,0.003125,0.0
216,775.0,464.8985,1.0,1.25,0.003125,0.0
217,780.0,464.8985,1.0,1.25,0.003125,0.0
218,784.0,464.8985,1.0,1.25,0.003125,0.0
219,789.0,464.8985,1.0,1.25,0.003125,0.0
220,793.0,457.6989,1.0,1.25,0.003125,0.0
221,798.0,457.6989,1.0,1.25,0.003125,0.0
222,802.0,457.6989,1.0,1.25,0.003125,0.0
223,806.0,457.6989,1.0,1.25,0.003125,0.0
224,811.0,457.6989,1.0,1.25,0.003125,0.0
225,815.0,457.6989,1.0,1.25,0.003125,0.0
226,820.0,457.6989,1.0,1.25,0.003125,0.0
227,825.0,457.6989,1.0,1.25,0.003125,0.0
228,829.0,457.6989,1.0,1.25,0.003125,0.0
229,834.0,457.6989,1.0,1.25,0.003125,0.0
230,838.0,450.2848,1.0,1.25,0.003125,0.0
231,843.0,450.2848,1.0,1.25,0.003125,0.0
232,847.0,450.2848,1.0,1.25,0.003125,0.0
233,852.0,450.2848,1.0,1.25,0.003125,0.0
234,856.0,450.2848,1.0,1.25,0.003125,0.0
235,860.0,450.2848,1.0,1.25,0.003125,0.0
236,865.0,450.2848,1.0,1.25,0.003125,0.0
237,869.0,450.2848,1.0,1.25,0.003125,0.0
238,874.0,450.2848,1.0,1.25,0.003125,0.0
239,878.0,450.2848,1.0,1.25,0.003125,0.0
240,883.0,443.1364,1.0,1.25,0.003125,0.0
241,887.0,443.1364,1.0,1.25,0.003125,0.0
242,891.0,443.1364,1.0,1.25,0.003125,0.0
243,896.0,443.1364,1.0,1.25,0.003125,0.0
244,900.0,443.1364,1.0,1.25,0.003125,0.0
245,905.0,443.1364,1.0,1.25,0.003125,0.0
246,909.0,443.1364,1.0,1.25,0.003125,0.0
247,914.0,443.1364,1.0,1.25,0.003125,0.0
248,918.0,443.1364,1.0,1.25,0.003125,0.0
249,922.0,443.1364,1.0,1.25,0.003125,0.0
250,928.0,435.7222,1.0,1.25,0.003125,0.0
251,932.0,435.7222,1.0,1.25,0.003125,0.0
252,937.0,435.7222,1.0,1.25,0.003125,0.0
253,941.0,435.7222,1.0,1.25,0.003125,0.0
254,946.0,435.7222,1.0,1.25,0.003125,0.0
255,950.0,435.7222,1.0,1.25,0.003125,0.0
256,955.0,435.7222,1.0,1.25,0.003125,0.0
257,959.0,435.7222,1.0,1.25,0.003125,0.0
258,963.0,435.7222,1.0,1.25,0.003125,0.0
259,968.0,435.7222,1.0,1.25,0.003125,0.0
260,972.0,428.3591,1.0,1.25,0.003125,0.0
261,978.0,428.3591,1.0,1.25,0.003125,0.0
262,982.0,428.3591,1.0,1.25,0.003125,0.0
263,986.0,428.3591,1.0,1.25,0.003125,0.0
264,991.0,428.3591,1.0,1.25,0.003125,0.0
265,995.0,428.3591,1.0,1.25,0.003125,0.0
266,1000.0,428.3591,1.0,1.25,0.003125,0.0
267,1004.0,428.3591,1.0,1.25,0.003125,0.0
268,1009.0,428.3591,1.0,1.25,0.003125,0.0
269,1013.0,428.3591,1.0,1.25,0.003125,0.0
270,1018.0,420.9959,1.0,1.25,0.003125,0.0
271,1022.0,420.9959,1.0,1.25,0.003125,0.0
272,1026.0,420.9959,1.0,1.25,0.003125,0.0
273,1031.0,420.9959,1.0,1.25,0.003125,0.0
274,1035.0,420.9959,1.0,1.25,0.003125,0.0
275,1040.0,420.9959,1.0,1.25,0.003125,0.0
276,1044.0,420.9959,1.0,1.25,0.003125,0.0
277,1049.0,420.9959,1.0,1.25,0.003125,0.0
278,1053.0,420.9959,1.0,1.25,0.003125,0.0
279,1057.0,420.9959,1.0,1.25,0.003125,0.0
280,1062.0,413.6328,1.0,1.25,0.003125,0.0
281,1066.0,413.6328,1.0,1.25,0.003125,0.0
282,1071.0,413.6328,1.0,1.25,0.003125,0.0
283,1076.0,413.6328,1.0,1.25,0.003125,0.0
284,1081.0,413.6328,1.0,1.25,0.003125,0.0
285,1085.0,413.6328,1.0,1.25,0.003125,0.0
286,1089.0,413.6328,1.0,1.25,0.003125,0.0
287,1094.0,413.6328,1.0,1.25,0.003125,0.0
288,1098.0,413.6328,1.0,1.25,0.003125,0.0
289,1103.0,413.6328,1.0,1.25,0.003125,0.0
290,1107.0,406.2697,1.0,1.25,0.003125,0.0
291,1112.0,406.2697,1.0,1.25,0.003125,0.0
292,1116.0,406.2697,1.0,1.25,0.003125,0.0
293,1121.0,406.2697,1.0,1.25,0.003125,0.0
294,1126.0,406.2697,1.0,1.25,0.003125,0.0
295,1130.0,406.2697,1.0,1.25,0.003125,0.0
296,1135.0,406.2697,1.0,1.25,0.003125,0.0
297,1139.0,406.2697,1.0,1.25,0.003125,0.0
298,1144.0,406.2697,1.0,1.25,0.003125,0.0
299,1148.0,406.2697,1.0,1.25,0.003125,0.0
300,1152.0,398.9066,1.0,1.25,0.003125,0.0
301,1157.0,398.9066,1.0,1.25,0.003125,0.0
302,1161.0,398.9066,1.0,1.25,0.003125,0.0
303,1166.0,398.9066,1.0,1.25,0.003125,0.0
304,1171.0,398.9066,1.0,1.25,0.003125,0.0
305,1175.0,398.9066,1.0,1.25,0.003125,0.0
306,1180.0,398.9066,1.0,1.25,0.003125,0.0
307,1184.0,398.9066,1.0,1.25,0.003125,0.0
308,1189.0,398.9066,1.0,1.25,0.003125,0.0
309,1193.0,398.9066,1.0,1.25,0.003125,0.0
310,1198.0,391.3288,1.0,1.25,0.003125,0.0
311,1202.0,391.3288,1.0,1.25,0.003125,0.0
312,1207.0,391.3288,1.0,1.25,0.003125,0.0
313,1211.0,391.3288,1.0,1.25,0.003125,0.0
314,1215.0,391.3288,1.0,1.25,0.003125,0.0
315,1220.0,391.3288,1.0,1.25,0.003125,0.0
316,1224.0,391.3288,1.0,1.25,0.003125,0.0
317,1229.0,391.3288,1.0,1.25,0.003125,0.0
318,1233.0,391.3288,1.0,1.25,0.003125,0.0
319,1238.0,391.3288,1.0,1.25,0.003125,0.0
320,1242.0,384.2315,1.0,1.25,0.003125,0.0
321,1247.0,384.2315,1.0,1.25,0.003125,0.0
322,1251.0,384.2315,1.0,1.25,0.003125,0.0
323,1255.0,384.2315,1.0,1.25,0.003125,0.0
324,1261.0,384.2315,1.0,1.25,0.003125,0.0
325,1265.0,384.2315,1.0,1.25,0.003125,0.0
326,1270.0,384.2315,1.0,1.25,0.003125,0.0
327,1274.0,384.2315,1.0,1.25,0.003125,0.0
328,1278.0,384.2315,1.0,1.25,0.003125,0.0
329,1283.0,384.2315,1.0,1.25,0.003125,0.0
330,1287.0,376.8173,1.0,1.25,0.003125,0.0
331,1292.0,376.8173,1.0,1.25,0.003125,0.0
332,1296.0,376.8173,1.0,1.25,0.003125,0.0
333,1301.0,376.8173,1.0,1.25,0.003125,0.0
334,1305.0,376.8173,1.0,1.25,0.003125,0.0
335,1312.0,376.8173,1.0,1.25,0.003125,0.0
336,1316.0,376.8173,1.0,1.25,0.003125,0.0
337,1320.0,376.8173,1.0,1.25,0.003125,0.0
338,1325.0,376.8173,1.0,1.25,0.003125,0.0
339,1330.0,376.8173,1.0,1.25,0.003125,0.0
340,1335.0,369.0247,1.0,1.25,0.003125,0.0
341,1339.0,369.0247,1.0,1.25,0.003125,0.0
342,1344.0,369.0247,1.0,1.25,0.003125,0.0
343,1348.0,369.0247,1.0,1.25,0.003125,0.0
344,1352.0,369.0247,1.0,1.25,0.003125,0.0
345,1357.0,369.0247,1.0,1.25,0.003125,0.0
346,1361.0,369.0247,1.0,1.25,0.003125,0.0
347,1366.0,369.0247,1.0,1.25,0.003125,0.0
348,1370.0,369.0247,1.0,1.25,0.003125,0.0
349,1375.0,369.0247,1.0,1.25,0.003125,0.0
350,1379.0,361.7638,1.0,1.25,0.003125,0.0
351,1384.0,361.7638,1.0,1.25,0.003125,0.0
352,1388.0,361.7638,1.0,1.25,0.003125,0.0
353,1392.0,361.7638,1.0,1.25,0.003125,0.0
354,1397.0,361.7638,1.0,1.25,0.003125,0.0
355,1401.0,361.7638,1.0,1.25,0.003125,0.0
356,1406.0,361.7638,1.0,1.25,0.003125,0.0
357,1411.0,361.7638,1.0,1.25,0.003125,0.0
358,1415.0,361.7638,1.0,1.25,0.003125,0.0
359,1420.0,361.7638,1.0,1.25,0.003125,0.0
360,1424.0,354.4007,1.0,1.25,0.003125,0.0
361,1429.0,354.4007,1.0,1.25,0.003125,0.0
362,1433.0,354.4007,1.0,1.25,0.003125,0.0
363,1438.0,354.4007,1.0,1.25,0.003125,0.0
364,1442.0,354.4007,1.0,1.25,0.003125,0.0
365,1447.0,354.4007,1.0,1.25,0.003125,0.0
366,1451.0,354.4007,1.0,1.25,0.003125,0.0
367,1455.0,354.4007,1.0,1.25,0.003125,0.0
368,1460.0,354.4007,1.0,1.25,0.003125,0.0
369,1464.0,354.4007,1.0,1.25,0.003125,0.0
370,1469.0,347.0377,1.0,1.25,0.003125,0.0
371,1473.0,347.0377,1.0,1.25,0.003125,0.0
372,1478.0,347.0377,1.0,1.25,0.003125,0.0
373,1482.0,347.0377,1.0,1.25,0.003125,0.0
374,1487.0,347.0377,1.0,1.25,0.003125,0.0
375,1491.0,347.0377,1.0,1.25,0.003125,0.0
376,1495.0,347.0377,1.0,1.25,0.003125,0.0
377,1500.0,347.0377,1.0,1.25,0.003125,0.0
378,1504.0,347.0377,1.0,1.25,0.003125,0.0
379,1509.0,347.0377,1.0,1.25,0.003125,0.0
380,1513.0,339.8893,1.0,1.25,0.003125,0.0
381,1517.0,339.8893,1.0,1.25,0.003125,0.0
382,1522.0,339.8893,1.0,1.25,0.003125,0.0
383,1526.0,339.8893,1.0,1.25,0.003125,0.0
384,1531.0,339.8893,1.0,1.25,0.003125,0.0
385,1535.0,339.8893,1.0,1.25,0.003125,0.0
386,1540.0,339.8893,1.0,1.25,0.003125,0.0
387,1544.0,339.8893,1.0,1.25,0.003125,0.0
388,1549.0,339.8893,1.0,1.25,0.003125,0.0
389,1554.0,339.8893,1.0,1.25,0.003125,0.0
390,1558.0,332.475,1.0,1.25,0.003125,0.0
391,1563.0,332.475,1.0,1.25,0.003125,0.0
392,1567.0,332.475,1.0,1.25,0.003125,0.0
393,1572.0,332.475,1.0,1.25,0.003125,0.0
394,1576.0,332.475,1.0,1.25,0.003125,0.0
395,1581.0,332.475,1.0,1.25,0.003125,0.0
396,1585.0,332.475,1.0,1.25,0.003125,0.0
397,1589.0,332.475,1.0,1.25,0.003125,0.0
398,1594.0,332.475,1.0,1.25,0.003125,0.0
399,1598.0,332.475,1.0,1.25,0.003125,0.0
400,1603.0,325.1119,1.0,1.25,0.003125,0.0
401,1607.0,325.1119,1.0,1.25,0.003125,0.0
402,1612.0,325.1119,1.0,1.25,0.003125,0.0
403,1616.0,325.1119,1.0,1.25,0.003125,0.0
404,1620.0,325.1119,1.0,1.25,0.003125,0.0
405,1625.0,325.1119,1.0,1.25,0.003125,0.0
406,1629.0,325.1119,1.0,1.25,0.003125,0.0
407,1634.0,325.1119,1.0,1.25,0.003125,0.0
408,1638.0,325.1119,1.0,1.25,0.003125,0.0
409,1643.0,325.1119,1.0,1.25,0.003125,0.0
410,1647.0,317.9635,1.0,1.25,0.003125,0.0
411,1651.0,317.9635,1.0,1.25,0.003125,0.0
412,1656.0,317.9635,1.0,1.25,0.003125,0.0
413,1660.0,317.9635,1.0,1.25,0.003125,0.0
414,1665.0,317.9635,1.0,1.25,0.003125,0.0
415,1669.0,317.9635,1.0,1.25,0.003125,0.0
416,1674.0,317.9635,1.0,1.25,0.003125,0.0
417,1678.0,317.9635,1.0,1.25,0.003125,0.0
418,1682.0,317.9635,1.0,1.25,0.003125,0.0
419,1687.0,317.9635,1.0,1.25,0.003125,0.0
420,1691.0,310.7641,1.0,1.25,0.003125,0.0
421,1696.0,310.7641,1.0,1.25,0.003125,0.0
422,1700.0,310.7641,1.0,1.25,0.003125,0.0
423,1705.0,310.7641,1.0,1.25,0.003125,0.0
424,1710.0,310.7641,1.0,1.25,0.003125,0.0
425,1714.0,310.7641,1.0,1.25,0.003125,0.0
426,1719.0,310.7641,1.0,1.25,0.003125,0.0
427,1723.0,310.7641,1.0,1.25,0.003125,0.0
428,1728.0,310.7641,1.0,1.25,0.003125,0.0
429,1732.0,310.7641,1.0,1.25,0.003125,0.0
430,1737.0,303.1351,1.0,1.25,0.003125,0.0
431,1741.0,303.1351,1.0,1.25,0.003125,0.0
432,1745.0,303.1351,1.0,1.25,0.003125,0.0
433,1750.0,303.1351,1.0,1.25,0.003125,0.0
434,1754.0,303.1351,1.0,1.25,0.003125,0.0
435,1759.0,303.1351,1.0,1.25,0.003125,0.0
436,1763.0,303.1351,1.0,1.25,0.003125,0.0
437,1768.0,303.1351,1.0,1.25,0.003125,0.0
438,1772.0,303.1351,1.0,1.25,0.003125,0.0
439,1777.0,303.1351,1.0,1.25,0.003125,0.0
440,1781.0,296.0379,1.0,1.25,0.003125,0.0
441,1785.0,296.0379,1.0,1.25,0.003125,0.0
442,1790.0,296.0379,1.0,1.25,0.003125,0.0
443,1795.0,296.0379,1.0,1.25,0.003125,0.0
444,1800.0,296.0379,1.0,1.25,0.003125,0.0
445,1804.0,296.0379,1.0,1.25,0.003125,0.0
446,1808.0,296.0379,1.0,1.25,0.003125,0.0
447,1813.0,296.0379,1.0,1.25,0.003125,0.0
448,1817.0,296.0379,1.0,1.25,0.003125,0.0
449,1822.0,296.0379,1.0,1.25,0.003125,0.0
450,1826.0,288.6237,1.0,1.25,0.003125,0.0
451,1831.0,288.6237,1.0,1.25,0.003125,0.0
452,1835.0,288.6237,1.0,1.25,0.003125,0.0
453,1839.0,288.6237,1.0,1.25,0.003125,0.0
454,1844.0,288.6237,1.0,1.25,0.003125,0.0
455,1848.0,288.6237,1.0,1.25,0.003125,0.0
456,1853.0,288.6237,1.0,1.25,0.003125,0.0
457,1857.0,288.6237,1.0,1.25,0.003125,0.0
458,1862.0,288.6237,1.0,1.25,0.003125,0.0
459,1866.0,288.6237,1.0,1.25,0.003125,0.0
460,1871.0,281.4753,1.0,1.25,0.003125,0.0
461,1875.0,281.4753,1.0,1.25,0.003125,0.0
462,1879.0,281.4753,1.0,1.25,0.003125,0.0
463,1884.0,281.4753,1.0,1.25,0.003125,0.0
464,1888.0,281.4753,1.0,1.25,0.003125,0.0
465,1893.0,281.4753,1.0,1.25,0.003125,0.0
466,1897.0,281.4753,1.0,1.25,0.003125,0.0
467,1901.0,281.4753,1.0,1.25,0.003125,0.0
468,1906.0,281.4753,1.0,1.25,0.003125,0.0
469,1910.0,281.4753,1.0,1.25,0.003125,0.0
470,1915.0,274.061,1.0,1.25,0.003125,0.0
471,1919.0,274.061,1.0,1.25,0.003125,0.0
472,1924.0,274.061,1.0,1.25,0.003125,0.0
473,1928.0,274.061,1.0,1.25,0.003125,0.0
474,1933.0,274.061,1.0,1.25,0.003125,0.0
475,1937.0,274.061,1.0,1.25,0.003125,0.0
476,1942.0,274.061,1.0,1.25,0.003125,0.0
477,1947.0,274.061,1.0,1.25,0.003125,0.0
478,1951.0,274.061,1.0,1.25,0.003125,0.0
479,1956.0,274.061,1.0,1.25,0.003125,0.0
480,1960.0,266.6979,1.0,1.25,0.003125,0.0
481,1965.0,266.6979,1.0,1.25,0.003125,0.0
482,1969.0,266.6979,1.0,1.25,0.003125,0.0
483,1973.0,266.6979,1.0,1.25,0.003125,0.0
484,1978.0,266.6979,1.0,1.25,0.003125,0.0
485,1982.0,266.6979,1.0,1.25,0.003125,0.0
486,1987.0,266.6979,1.0,1.25,0.003125,0.0
487,1991.0,266.6979,1.0,1.25,0.003125,0.0
488,1995.0,266.6979,1.0,1.25,0.003125,0.0
489,2000.0,266.6979,1.0,1.25,0.003125,0.0
490,2004.0,259.5496,1.0,1.25,0.003125,0.0
491,2009.0,259.5496,1.0,1.25,0.003125,0.0
492,2013.0,259.5496,1.0,1.25,0.003125,0.0
493,2018.0,259.5496,1.0,1.25,0.003125,0.0
494,2022.0,259.5496,1.0,1.25,0.003125,0.0
495,2027.0,259.5496,1.0,1.25,0.003125,0.0
496,2031.0,259.5496,1.0,1.25,0.003125,0.0
497,2034.0,259.5496,1.0,1.25,0.003125,0.0
498,2039.0,259.5496,1.0,1.25,0.003125,0.0
499,2043.0,259.5496,1.0,1.25,0.003125,0.0
500,2048.0,252.3501,1.0,1.25,0.003125,0.0
501,2052.0,252.3501,1.0,1.25,0.003125,0.0
502,2057.0,252.3501,1.0,1.25,0.003125,0.0
503,2061.0,252.3501,1.0,1.25,0.003125,0.0
504,2066.0,252.3501,1.0,1.25,0.003125,0.0
505,2070.0,252.3501,1.0,1.25,0.003125,0.0
506,2074.0,252.3501,1.0,1.25,0.003125,0.0
507,2079.0,252.3501,1.0,1.25,0.003125,0.0
508,2084.0,252.3501,1.0,1.25,0.003125,0.0
509,2089.0,252.3501,1.0,1.25,0.003125,0.0
510,2094.0,244.9358,1.0,1.25,0.003125,0.0
511,2098.0,244.9358,1.0,1.25,0.003125,0.0
512,2103.0,244.9358,1.0,1.25,0.003125,0.0
513,2107.0,244.9358,1.0,1.25,0.003125,0.0
514,2112.0,244.9358,1.0,1.25,0.003125,0.0
515,2116.0,244.9358,1.0,1.25,0.003125,0.0
516,2121.0,244.9358,1.0,1.25,0.003125,0.0
517,2125.0,244.9358,1.0,1.25,0.003125,0.0
518,2130.0,244.9358,1.0,1.25,0.003125,0.0
519,2135.0,244.9358,1.0,1.25,0.003125,0.0
520,2139.0,237.358,1.0,1.25,0.003125,0.0
521,2144.0,237.358,1.0,1.25,0.003125,0.0
522,2148.0,237.358,1.0,1.25,0.003125,0.0
523,2153.0,237.358,1.0,1.25,0.003125,0.0
524,2157.0,237.358,1.0,1.25,0.003125,0.0
525,2162.0,237.358,1.0,1.25,0.003125,0.0
526,2166.0,237.358,1.0,1.25,0.003125,0.0
527,2170.0,237.358,1.0,1.25,0.003125,0.0
528,2175.0,237.358,1.0,1.25,0.003125,0.0
529,2179.0,237.358,1.0,1.25,0.003125,0.0
530,2183.0,230.046,1.0,1.25,0.003125,0.0
531,2187.0,230.046,1.0,1.25,0.003125,0.0
532,2191.0,230.046,1.0,1.25,0.003125,0.0
533,2196.0,230.046,1.0,1.25,0.003125,0.0
534,2201.0,230.046,1.0,1.25,0.003125,0.0
535,2206.0,230.046,1.0,1.25,0.003125,0.0
536,2210.0,230.046,1.0,1.25,0.003125,0.0
537,2215.0,230.046,1.0,1.25,0.003125,0.0
538,2219.0,230.046,1.0,1.25,0.003125,0.0
539,2224.0,230.046,1.0,1.25,0.003125,0.0
540,2228.0,222.8977,1.0,1.25,0.003125,0.0
541,2233.0,222.8977,1.0,1.25,0.003125,0.0
542,2238.0,222.8977,1.0,1.25,0.003125,0.0
543,2242.0,222.8977,1.0,1.25,0.003125,0.0
544,2248.0,222.8977,1.0,1.25,0.003125,0.0
545,2252.0,222.8977,1.0,1.25,0.003125,0.0
546,2257.0,222.8977,1.0,1.25,0.003125,0.0
547,2261.0,222.8977,1.0,1.25,0.003125,0.0
548,2265.0,222.8977,1.0,1.25,0.003125,0.0
549,2270.0,222.8977,1.0,1.25,0.003125,0.0
550,2274.0,215.2687,1.0,1.25,0.003125,0.0
551,2279.0,215.2687,1.0,1.25,0.003125,0.0
552,2283.0,215.2687,1.0,1.25,0.003125,0.0
553,2288.0,215.2687,1.0,1.25,0.003125,0.0
554,2293.0,215.2687,1.0,1.25,0.003125,0.0
555,2297.0,215.2687,1.0,1.25,0.003125,0.0
556,2302.0,215.2687,1.0,1.25,0.003125,0.0
557,2306.0,215.2687,1.0,1.25,0.003125,0.0
558,2311.0,215.2687,1.0,1.25,0.003125,0.0
559,2315.0,215.2687,1.0,1.25,0.003125,0.0
560,2320.0,207.7419,1.0,1.25,0.003125,0.0
561,2324.0,207.7419,1.0,1.25,0.003125,0.0
562,2330.0,207.7419,1.0,1.25,0.003125,0.0
563,2335.0,207.7419,1.0,1.25,0.003125,0.0
564,2339.0,207.7419,1.0,1.25,0.003125,0.0
565,2344.0,207.7419,1.0,1.25,0.003125,0.0
566,2348.0,207.7419,1.0,1.25,0.003125,0.0
567,2353.0,207.7419,1.0,1.25,0.003125,0.0
568,2357.0,207.7419,1.0,1.25,0.003125,0.0
569,2361.0,207.7419,1.0,1.25,0.003125,0.0
570,2366.0,200.2152,1.0,1.25,0.003125,0.0
571,2370.0,200.2152,1.0,1.25,0.003125,0.0
572,2375.0,200.2152,1.0,1.25,0.003125,0.0
573,2380.0,200.2152,1.0,1.25,0.003125,0.0
574,2384.0,200.2152,1.0,1.25,0.003125,0.0
575,2389.0,200.2152,1.0,1.25,0.003125,0.0
576,2393.0,200.2152,1.0,1.25,0.003125,0.0
577,2398.0,200.2152,1.0,1.25,0.003125,0.0
578,2402.0,200.2152,1.0,1.25,0.003125,0.0
579,2407.0,200.2152,1.0,1.25,0.003125,0.0
580,2411.0,192.9032,1.0,1.25,0.003125,0.0
581,2416.0,192.9032,1.0,1.25,0.003125,0.0
582,2420.0,192.9032,1.0,1.25,0.003125,0.0
583,2424.0,192.9032,1.0,1.25,0.003125,0.0
584,2429.0,192.9032,1.0,1.25,0.003125,0.0
585,2433.0,192.9032,1.0,1.25,0.003125,0.0
586,2438.0,192.9032,1.0,1.25,0.003125,0.0
587,2442.0,192.9032,1.0,1.25,0.003125,0.0
588,2447.0,192.9032,1.0,1.25,0.003125,0.0
589,2451.0,192.9032,1.0,1.25,0.003125,0.0
590,2456.0,185.7549,1.0,1.25,0.003125,0.0
591,2460.0,185.7549,1.0,1.25,0.003125,0.0
592,2464.0,185.7549,1.0,1.25,0.003125,0.0
593,2469.0,185.7549,1.0,1.25,0.003125,0.0
594,2473.0,185.7549,1.0,1.25,0.003125,0.0
595,2478.0,185.7549,1.0,1.25,0.003125,0.0
596,2482.0,185.7549,1.0,1.25,0.003125,0.0
597,2486.0,185.7549,1.0,1.25,0.003125,0.0
598,2491.0,185.7549,1.0,1.25,0.003125,0.0
599,2495.0,185.7549,1.0,1.25,0.003125,0.0
600,2500.0,178.3406,1.0,1.25,0.003125,0.0
601,2504.0,178.3406,1.0,1.25,0.003125,0.0
602,2509.0,178.3406,1.0,1.25,0.003125,0.0
603,2513.0,178.3406,1.0,1.25,0.003125,0.0
604,2518.0,178.3406,1.0,1.25,0.003125,0.0
605,2522.0,178.3406,1.0,1.25,0.003125,0.0
606,2527.0,178.3406,1.0,1.25,0.003125,0.0
607,2532.0,178.3406,1.0,1.25,0.003125,0.0
608,2536.0,178.3406,1.0,1.25,0.003125,0.0
609,2541.0,178.3406,1.0,1.25,0.003125,0.0
610,2545.0,170.9775,1.0,1.25,0.003125,0.0
611,2550.0,170.9775,1.0,1.25,0.003125,0.0
612,2554.0,170.9775,1.0,1.25,0.003125,0.0
613,2558.0,170.9775,1.0,1.25,0.003125,0.0
614,2563.0,170.9775,1.0,1.25,0.003125,0.0
615,2567.0,170.9775,1.0,1.25,0.003125,0.0
616,2572.0,170.9775,1.0,1.25,0.003125,0.0
617,2576.0,170.9775,1.0,1.25,0.003125,0.0
618,2580.0,170.9775,1.0,1.25,0.003125,0.0
619,2585.0,170.9775,1.0,1.25,0.003125,0.0
620,2590.0,163.8292,1.0,1.25,0.003125,0.0
621,2595.0,163.8292,1.0,1.25,0.003125,0.0
622,2599.0,163.8292,1.0,1.25,0.003125,0.0
623,2604.0,163.8292,1.0,1.25,0.003125,0.0
624,2608.0,163.8292,1.0,1.25,0.003125,0.0
625,2613.0,163.8292,1.0,1.25,0.003125,0.0
626,2617.0,163.8292,1.0,1.25,0.003125,0.0
627,2621.0,163.8292,1.0,1.25,0.003125,0.0
628,2626.0,163.8292,1.0,1.25,0.003125,0.0
629,2630.0,163.8292,1.0,1.25,0.003125,0.0
630,2635.0,156.2002,1.0,1.25,0.003125,0.0
631,2639.0,156.2002,1.0,1.25,0.003125,0.0
632,2644.0,156.2002,1.0,1.25,0.003125,0.0
633,2648.0,156.2002,1.0,1.25,0.003125,0.0
634,2653.0,156.2002,1.0,1.25,0.003125,0.0
635,2657.0,156.2002,1.0,1.25,0.003125,0.0
636,2661.0,156.2002,1.0,1.25,0.003125,0.0
637,2666.0,156.2002,1.0,1.25,0.003125,0.0
638,2670.0,156.2002,1.0,1.25,0.003125,0.0
639,2675.0,156.2002,1.0,1.25,0.003125,0.0
640,2679.0,149.103,1.0,1.25,0.003125,0.0
641,2683.0,149.103,1.0,1.25,0.003125,0.0
642,2688.0,149.103,1.0,1.25,0.003125,0.0
643,2692.0,149.103,1.0,1.25,0.003125,0.0
644,2697.0,149.103,1.0,1.25,0.003125,0.0
645,2701.0,149.103,1.0,1.25,0.003125,0.0
646,2706.0,149.103,1.0,1.25,0.003125,0.0
647,2710.0,149.103,1.0,1.25,0.003125,0.0
648,2715.0,149.103,1.0,1.25,0.003125,0.0
649,2720.0,149.103,1.0,1.25,0.003125,0.0
650,2724.0,141.6887,1.0,1.25,0.003125,0.0
651,2729.0,141.6887,1.0,1.25,0.003125,0.0
652,2733.0,141.6887,1.0,1.25,0.003125,0.0
653,2738.0,141.6887,1.0,1.25,0.003125,0.0
654,2742.0,141.6887,1.0,1.25,0.003125,0.0
655,2747.0,141.6887,1.0,1.25,0.003125,0.0
656,2751.0,141.6887,1.0,1.25,0.003125,0.0
657,2755.0,141.6887,1.0,1.25,0.003125,0.0
658,2760.0,141.6887,1.0,1.25,0.003125,0.0
659,2764.0,141.6887,1.0,1.25,0.003125,0.0
660,2769.0,134.3256,1.0,1.25,0.003125,0.0
661,2773.0,134.3256,1.0,1.25,0.003125,0.0
662,2777.0,134.3256,1.0,1.25,0.003125,0.0
663,2782.0,134.3256,1.0,1.25,0.003125,0.0
664,2786.0,134.3256,1.0,1.25,0.003125,0.0
665,2791.0,134.3256,1.0,1.25,0.003125,0.0
666,2795.0,134.3256,1.0,1.25,0.003125,0.0
667,2800.0,134.3256,1.0,1.25,0.003125,0.0
668,2804.0,134.3256,1.0,1.25,0.003125,0.0
669,2809.0,134.3256,1.0,1.25,0.003125,0.0
670,2813.0,127.1773,1.0,1.25,0.003125,0.0
671,2818.0,127.1773,1.0,1.25,0.003125,0.0
672,2823.0,127.1773,1.0,1.25,0.003125,0.0
673,2827.0,127.1773,1.0,1.25,0.003125,0.0
674,2832.0,127.1773,1.0,1.25,0.003125,0.0
675,2836.0,127.1773,1.0,1.25,0.003125,0.0
676,2841.0,127.1773,1.0,1.25,0.003125,0.0
677,2845.0,127.1773,1.0,1.25,0.003125,0.0
678,2849.0,127.1773,1.0,1.25,0.003125,0.0
679,2854.0,127.1773,1.0,1.25,0.003125,0.0
680,2858.0,119.763,1.0,1.25,0.003125,0.0
681,2863.0,119.763,1.0,1.25,0.003125,0.0
682,2867.0,119.763,1.0,1.25,0.003125,0.0
683,2871.0,119.763,1.0,1.25,0.003125,0.0
684,2876.0,119.763,1.0,1.25,0.003125,0.0
685,2880.0,119.763,1.0,1.25,0.003125,0.0
686,2885.0,119.763,1.0,1.25,0.003125,0.0
687,2889.0,119.763,1.0,1.25,0.003125,0.0
688,2894.0,119.763,1.0,1.25,0.003125,0.0
689,2898.0,119.763,1.0,1.25,0.003125,0.0
690,2902.0,112.6147,1.0,1.25,0.003125,0.0
691,2907.0,112.6147,1.0,1.25,0.003125,0.0
692,2912.0,112.6147,1.0,1.25,0.003125,0.0
693,2917.0,112.6147,1.0,1.25,0.003125,0.0
694,2921.0,112.6147,1.0,1.25,0.003125,0.0
695,2926.0,112.6147,1.0,1.25,0.003125,0.0
696,2930.0,112.6147,1.0,1.25,0.003125,0.0
697,2934.0,112.6147,1.0,1.25,0.003125,0.0
698,2939.0,112.6147,1.0,1.25,0.003125,0.0
699,2943.0,112.6147,1.0,1.25,0.003125,0.0
700,2948.0,104.9857,1.0,1.25,0.003125,0.0
701,2952.0,104.9857,1.0,1.25,0.003125,0.0
702,2957.0,104.9857,1.0,1.25,0.003125,0.0
703,2961.0,104.9857,1.0,1.25,0.003125,0.0
704,2965.0,104.9857,1.0,1.25,0.003125,0.0
705,2970.0,104.9857,1.0,1.25,0.003125,0.0
706,2974.0,104.9857,1.0,1.25,0.003125,0.0
707,2979.0,104.9857,1.0,1.25,0.003125,0.0
708,2983.0,104.9857,1.0,1.25,0.003125,0.0
709,2988.0,104.9857,1.0,1.25,0.003125,0.0
710,2992.0,97.8884,1.0,1.25,0.003125,0.0
711,2997.0,97.8884,1.0,1.25,0.003125,0.0
712,3001.0,97.8884,1.0,1.25,0.003125,0.0
713,3005.0,97.8884,1.0,1.25,0.003125,0.0
714,3011.0,97.8884,1.0,1.25,0.003125,0.0
715,3015.0,97.8884,1.0,1.25,0.003125,0.0
716,3020.0,97.8884,1.0,1.25,0.003125,0.0
717,3024.0,97.8884,1.0,1.25,0.003125,0.0
718,3028.0,97.8884,1.0,1.25,0.003125,0.0
719,3033.0,97.8884,1.0,1.25,0.003125,0.0
720,3037.0,90.4742,1.0,1.25,0.003125,0.0
721,3042.0,90.4742,1.0,1.25,0.003125,0.0
722,3046.0,90.4742,1.0,1.25,0.003125,0.0
723,3051.0,90.4742,1.0,1.25,0.003125,0.0
724,3055.0,90.4742,1.0,1.25,0.003125,0.0
725,3060.0,90.4742,1.0,1.25,0.003125,0.0
726,3064.0,90.4742,1.0,1.25,0.003125,0.0
727,3069.0,90.4742,1.0,1.25,0.003125,0.0
728,3074.0,90.4742,1.0,1.25,0.003125,0.0
729,3078.0,90.4742,1.0,1.25,0.003125,0.0
730,3083.0,83.1111,1.0,1.25,0.003125,0.0
731,3087.0,83.1111,1.0,1.25,0.003125,0.0
732,3092.0,83.1111,1.0,1.25,0.003125,0.0
733,3096.0,83.1111,1.0,1.25,0.003125,0.0
734,3100.0,83.1111,1.0,1.25,0.003125,0.0
735,3105.0,83.1111,1.0,1.25,0.003125,0.0
736,3109.0,83.1111,1.0,1.25,0.003125,0.0
737,3114.0,83.1111,1.0,1.25,0.003125,0.0
738,3118.0,83.1111,1.0,1.25,0.003125,0.0
739,3123.0,83.1111,1.0,1.25,0.003125,0.0
740,3127.0,75.748,1.0,1.25,0.003125,0.0
741,3131.0,75.748,1.0,1.25,0.003125,0.0
742,3136.0,75.748,1.0,1.25,0.003125,0.0
743,3140.0,75.748,1.0,1.25,0.003125,0.0
744,3145.0,75.748,1.0,1.25,0.003125,0.0
745,3149.0,75.748,1.0,1.25,0.003125,0.0
746,3153.0,75.748,1.0,1.25,0.003125,0.0
747,3158.0,75.748,1.0,1.25,0.003125,0.0
748,3162.0,75.748,1.0,1.25,0.003125,0.0
749,3167.0,75.748,1.0,1.25,0.003125,0.0
750,3171.0,68.5997,1.0,1.25,0.003125,0.0
751,3176.0,68.5997,1.0,1.25,0.003125,0.0
752,3180.0,68.5997,1.0,1.25,0.003125,0.0
753,3185.0,68.5997,1.0,1.25,0.003125,0.0
754,3189.0,68.5997,1.0,1.25,0.003125,0.0
755,3193.0,68.5997,1.0,1.25,0.003125,0.0
756,3198.0,68.5997,1.0,1.25,0.003125,0.0
757,3202.0,68.5997,1.0,1.25,0.003125,0.0
758,3208.0,68.5997,1.0,1.25,0.003125,0.0
759,3212.0,68.5997,1.0,1.25,0.003125,0.0
760,3216.0,61.1854,1.0,1.25,0.003125,0.0
761,3222.0,61.1854,1.0,1.25,0.003125,0.0
762,3226.0,61.1854,1.0,1.25,0.003125,0.0
763,3231.0,61.1854,1.0,1.25,0.003125,0.0
764,3235.0,61.1854,1.0,1.25,0.003125,0.0
765,3240.0,61.1854,1.0,1.25,0.003125,0.0
766,3244.0,61.1854,1.0,1.25,0.003125,0.0
767,3249.0,61.1854,1.0,1.25,0.003125,0.0
768,3253.0,61.1854,1.0,1.25,0.003125,0.0
769,3257.0,61.1854,1.0,1.25,0.003125,0.0
770,3262.0,53.6076,1.0,1.25,0.003125,0.0
771,3266.0,53.6076,1.0,1.25,0.003125,0.0
772,3271.0,53.6076,1.0,1.25,0.003125,0.0
773,3275.0,53.6076,1.0,1.25,0.003125,0.0
774,3280.0,53.6076,1.0,1.25,0.003125,0.0
775,3284.0,53.6076,1.0,1.25,0.003125,0.0
776,3288.0,53.6076,1.0,1.25,0.003125,0.0
777,3293.0,53.6076,1.0,1.25,0.003125,0.0
778,3297.0,53.6076,1.0,1.25,0.003125,0.0
779,3302.0,53.6076,1.0,1.25,0.003125,0.0
780,3306.0,46.5103,1.0,1.25,0.003125,0.0
781,3310.0,46.5103,1.0,1.25,0.003125,0.0
782,3315.0,46.5103,1.0,1.25,0.003125,0.0
783,3319.0,46.5103,1.0,1.25,0.003125,0.0
784,3324.0,46.5103,1.0,1.25,0.003125,0.0
785,3328.0,46.5103,1.0,1.25,0.003125,0.0
786,3333.0,46.5103,1.0,1.25,0.003125,0.0
787,3337.0,46.5103,1.0,1.25,0.003125,0.0
788,3342.0,46.5103,1.0,1.25,0.003125,0.0
789,3346.0,46.5103,1.0,1.25,0.003125,0.0
790,3350.0,39.3108,1.0,1.25,0.003125,0.0
791,3355.0,39.3108,1.0,1.25,0.003125,0.0
792,3359.0,39.3108,1.0,1.25,0.003125,0.0
793,3364.0,39.3108,1.0,1.25,0.003125,0.0
794,3368.0,39.3108,1.0,1.25,0.003125,0.0
795,3373.0,39.3108,1.0,1.25,0.003125,0.0
796,3377.0,39.3108,1.0,1.25,0.003125,0.0
797,3381.0,39.3108,1.0,1.25,0.003125,0.0
798,3386.0,39.3108,1.0,1.25,0.003125,0.0
799,3390.0,39.3108,1.0,1.25,0.003125,0.0
800,3395.0,31.8966,1.0,1.25,0.003125,0.0
801,3399.0,31.8966,1.0,1.25,0.003125,0.0
802,3403.0,31.8966,1.0,1.25,0.003125,0.0
803,3408.0,31.8966,1.0,1.25,0.003125,0.0
804,3412.0,31.8966,1.0,1.25,0.003125,0.0
805,3417.0,31.8966,1.0,1.25,0.003125,0.0
806,3421.0,31.8966,1.0,1.25,0.003125,0.0
807,3426.0,31.8966,1.0,1.25,0.003125,0.0
808,3430.0,31.8966,1.0,1.25,0.003125,0.0
809,3435.0,31.8966,1.0,1.25,0.003125,0.0
810,3439.0,24.7483,1.0,1.25,0.003125,0.0
811,3443.0,24.7483,1.0,1.25,0.003125,0.0
812,3449.0,24.7483,1.0,1.25,0.003125,0.0
813,3454.0,24.7483,1.0,1.25,0.003125,0.0
814,3459.0,24.7483,1.0,1.25,0.003125,0.0
815,3463.0,24.7483,1.0,1.25,0.003125,0.0
816,3467.0,24.7483,1.0,1.25,0.003125,0.0
817,3472.0,24.7483,1.0,1.25,0.003125,0.0
818,3476.0,24.7483,1.0,1.25,0.003125,0.0
819,3481.0,24.7483,1.0,1.25,0.003125,0.0
820,3485.0,17.1193,1.0,1.25,0.003125,0.0
821,3490.0,17.1193,1.0,1.25,0.003125,0.0
822,3494.0,17.1193,1.0,1.25,0.003125,0.0
823,3498.0,17.1193,1.0,1.25,0.003125,0.0
824,3503.0,17.1193,1.0,1.25,0.003125,0.0
825,3507.0,17.1193,1.0,1.25,0.003125,0.0
826,3512.0,17.1193,1.0,1.25,0.003125,0.0
827,3516.0,17.1193,1.0,1.25,0.003125,0.0
828,3521.0,17.1193,1.0,1.25,0.003125,0.0
829,3525.0,17.1193,1.0,1.25,0.003125,0.0
830,3530.0,10.022,1.0,1.25,0.003125,0.0
831,3534.0,10.022,1.0,1.25,0.003125,0.0
832,3538.0,10.022,1.0,1.25,0.003125,0.0
833,3543.0,10.022,1.0,1.25,0.003125,0.0
834,3547.0,10.022,1.0,1.25,0.003125,0.0
835,3551.0,10.022,1.0,1.25,0.003125,0.0
836,3556.0,10.022,1.0,1.25,0.003125,0.0
837,3560.0,10.022,1.0,1.25,0.003125,0.0
838,3564.0,10.022,1.0,1.25,0.003125,0.0
839,3569.0,10.022,1.0,1.25,0.003125,0.0
840,3573.0,2.8226,1.0,1.25,0.003125,0.0
841,3577.0,2.8226,1.0,1.25,0.003125,0.0
842,3581.0,2.8226,1.0,1.25,0.003125,0.0
843,3585.0,2.8226,1.0,1.25,0.003125,0.0
844,3589.0,2.8226,1.0,1.25,0.003125,0.0
845,3593.0,2.8226,1.0,1.25,0.003125,0.0
846,3597.0,2.8226,1.0,1.25,0.003125,0.0
847,3601.0,2.8226,1.0,1.25,0.003125,0.0
848,3604.0,2.8226,1.0,1.25,0.003125,0.0
849,3608.0,2.8226,1.0,1.25,0.003125,0.0
850,3612.0,-3.3032,1.0,1.25,0.003125,0.0
851,3615.0,-3.3032,1.0,1.25,0.003125,0.0
852,3619.0,-3.3032,1.0,1.25,0.003125,0.0
853,3622.0,-3.3032,1.0,1.25,0.003125,0.0
854,3625.0,-3.3032,1.0,1.25,0.003125,0.0
855,3628.0,-3.3032,1.0,1.25,0.003125,0.0
856,3631.0,-3.3032,1.0,1.25,0.003125,0.0
857,3633.0,-3.3032,1.0,1.25,0.003125,0.0
858,3636.0,-3.3032,1.0,1.25,0.003125,0.0
859,3638.0,-3.3032,1.0,1.25,0.003125,0.0
860,3641.0,-7.9665,1.0,1.25,0.003125,0.0
861,3643.0,-7.9665,1.0,1.25,0.003125,0.0
862,3645.0,-7.9665,1.0,1.25,0.003125,0.0
863,3647.0,-7.9665,1.0,1.25,0.003125,0.0
864,3649.0,-7.9665,1.0,1.25,0.003125,0.0
865,3651.0,-7.9665,1.0,1.25,0.003125,0.0
866,3652.0,-7.9665,1.0,1.25,0.003125,0.0
867,3653.0,-7.9665,1.0,1.25,0.003125,0.0
868,3655.0,-7.9665,1.0,1.25,0.003125,0.0
869,3656.0,-7.9665,1.0,1.25,0.003125,0.0
870,3657.0,-10.0322,1.0,1.25,0.003125,0.0
871,3658.0,-10.0322,1.0,1.25,0.003125,0.0
872,3658.0,-10.0322,1.0,1.25,0.003125,0.0
873,3659.0,-10.0322,1.0,1.25,0.003125,0.0
874,3659.0,-10.0322,1.0,1.25,0.003125,0.0
875,3659.0,-10.0322,1.0,1.25,0.003125,0.0
876,3659.0,-10.0322,1.0,1.25,0.003125,0.0
877,3659.0,-10.0322,1.0,1.25,0.003125,0.0
878,3659.0,-10.0322,1.0,1.25,0.003125,0.0
879,3659.0,-10.0322,1.0,1.25,0.003125,0.0
880,3658.0,-9.8072,1.0,1.25,0.003125,0.0
881,3658.0,-9.8072,1.0,1.25,0.003125,0.0
882,3657.0,-9.8072,1.0,1.25,0.003125,0.0
883,3656.0,-9.8072,1.0,1.25,0.003125,0.0
884,3655.0,-9.8072,1.0,1.25,0.003125,0.0
885,3654.0,-9.8072,1.0,1.25,0.003125,0.0
886,3653.0,-9.8072,1.0,1.25,0.003125,0.0
887,3652.0,-9.8072,1.0,1.25,0.003125,0.0
888,3651.0,-9.8072,1.0,1.25,0.003125,0.0
889,3649.0,-9.8072,1.0,1.25,0.003125,0.0
890,3648.0,-7.5063,1.0,1.25,0.003125,0.0
891,3646.0,-7.5063,1.0,1.25,0.003125,0.0
892,3645.0,-7.5063,1.0,1.25,0.003125,0.0
893,3643.0,-7.5063,1.0,1.25,0.003125,0.0
894,3642.0,-7.5063,1.0,1.25,0.003125,0.0
895,3640.0,-7.5063,1.0,1.25,0.003125,0.0
896,3638.0,-7.5063,1.0,1.25,0.003125,0.0
897,3637.0,-7.5063,1.0,1.25,0.003125,0.0
898,3635.0,-7.5063,1.0,1.25,0.003125,0.0
899,3633.0,-7.5063,1.0,1.25,0.003125,0.0
900,3631.0,-4.5815,1.0,1.25,0.003125,0.0
901,3629.0,-4.5815,1.0,1.25,0.003125,0.0
902,3628.0,-4.5815,1.0,1.25,0.003125,0.0
903,3626.0,-4.5815,1.0,1.25,0.003125,0.0
904,3624.0,-4.5815,1.0,1.25,0.003125,0.0
905,3622.0,-4.5815,1.0,1.25,0.003125,0.0
906,3620.0,-4.5815,1.0,1.25,0.003125,0.0
907,3619.0,-4.5815,1.0,1.25,0.003125,0.0
908,3617.0,-4.5815,1.0,1.25,0.003125,0.0
909,3615.0,-4.5815,1.0,1.25,0.003125,0.0
910,3613.0,-1.5339,1.0,1.25,0.003125,0.0
911,3611.0,-1.5339,1.0,1.25,0.003125,0.0
912,3610.0,-1.5339,1.0,1.25,0.003125,0.0
913,3608.0,-1.5339,1.0,1.25,0.003125,0.0
914,3606.0,-1.5339,1.0,1.25,0.003125,0.0
915,3605.0,-1.5339,1.0,1.25,0.003125,0.0
916,3603.0,-1.5339,1.0,1.25,0.003125,0.0
917,3601.0,-1.5339,1.0,1.25,0.003125,0.0
918,3600.0,-1.5339,1.0,1.25,0.003125,0.0
919,3598.0,-1.5339,1.0,1.25,0.003125,0.0
920,3597.0,1.1965,1.0,1.25,0.003125,0.0
921,3596.0,1.1965,1.0,1.25,0.003125,0.0
922,3594.0,1.1965,1.0,1.25,0.003125,0.0
923,3593.0,1.1965,1.0,1.25,0.003125,0.0
924,3592.0,1.1965,1.0,1.25,0.003125,0.0
925,3591.0,1.1965,1.0,1.25,0.003125,0.0
926,3590.0,1.1965,1.0,1.25,0.003125,0.0
927,3589.0,1.1965,1.0,1.25,0.003125,0.0
928,3588.0,1.1965,1.0,1.25,0.003125,0.0
929,3586.0,1.1965,1.0,1.25,0.003125,0.0
930,3586.0,2.9044,1.0,1.25,0.003125,0.0
931,3585.0,2.9044,1.0,1.25,0.003125,0.0
932,3584.0,2.9044,1.0,1.25,0.003125,0.0
933,3583.0,2.9044,1.0,1.25,0.003125,0.0
934,3583.0,2.9044,1.0,1.25,0.003125,0.0
935,3582.0,2.9044,1.0,1.25,0.003125,0.0
936,3582.0,2.9044,1.0,1.25,0.003125,0.0
937,3581.0,2.9044,1.0,1.25,0.003125,0.0
938,3581.0,2.9044,1.0,1.25,0.003125,0.0
939,3580.0,2.9044,1.0,1.25,0.003125,0.0
940,3580.0,3.5793,1.0,1.25,0.003125,0.0
941,3580.0,3.5793,1.0,1.25,0.003125,0.0
942,3580.0,3.5793,1.0,1.25,0.003125,0.0
943,3579.0,3.5793,1.0,1.25,0.003125,0.0
944,3579.0,3.5793,1.0,1.25,0.003125,0.0
945,3579.0,3.5793,1.0,1.25,0.003125,0.0
946,3579.0,3.5793,1.0,1.25,0.003125,0.0
947,3579.0,3.5793,1.0,1.25,0.003125,0.0
948,3580.0,3.5793,1.0,1.25,0.003125,0.0
949,3580.0,3.5793,1.0,1.25,0.003125,0.0
950,3580.0,3.2725,1.0,1.25,0.003125,0.0
951,3580.0,3.2725,1.0,1.25,0.003125,0.0
952,3581.0,3.2725,1.0,1.25,0.003125,0.0
953,3581.0,3.2725,1.0,1.25,0.003125,0.0
954,3581.0,3.2725,1.0,1.25,0.003125,0.0
955,3582.0,3.2725,1.0,1.25,0.003125,0.0
956,3582.0,3.2725,1.0,1.25,0.003125,0.0
957,3583.0,3.2725,1.0,1.25,0.003125,0.0
958,3583.0,3.2725,1.0,1.25,0.003125,0.0
959,3584.0,3.2725,1.0,1.25,0.003125,0.0
960,3584.0,2.4135,1.0,1.25,0.003125,0.0
961,3585.0,2.4135,1.0,1.25,0.003125,0.0
962,3585.0,2.4135,1.0,1.25,0.003125,0.0
963,3586.0,2.4135,1.0,1.25,0.003125,0.0
964,3586.0,2.4135,1.0,1.25,0.003125,0.0
965,3587.0,2.4135,1.0,1.25,0.003125,0.0
966,3588.0,2.4135,1.0,1.25,0.003125,0.0
967,3588.0,2.4135,1.0,1.25,0.003125,0.0
968,3589.0,2.4135,1.0,1.25,0.003125,0.0
969,3589.0,2.4135,1.0,1.25,0.003125,0.0
970,3590.0,1.5442,1.0,1.25,0.003125,0.0
971,3591.0,1.5442,1.0,1.25,0.003125,0.0
972,3591.0,1.5442,1.0,1.25,0.003125,0.0
973,3592.0,1.5442,1.0,1.25,0.003125,0.0
974,3593.0,1.5442,1.0,1.25,0.003125,0.0
975,3593.0,1.5442,1.0,1.25,0.003125,0.0
976,3594.0,1.5442,1.0,1.25,0.003125,0.0
977,3594.0,1.5442,1.0,1.25,0.003125,0.0
978,3595.0,1.5442,1.0,1.25,0.003125,0.0
979,3595.0,1.5442,1.0,1.25,0.003125,0.0
980,3596.0,0.5113,1.0,1.25,0.003125,0.0
981,3597.0,0.5113,1.0,1.25,0.003125,0.0
982,3597.0,0.5113,1.0,1.25,0.003125,0.0
983,3598.0,0.5113,1.0,1.25,0.003125,0.0
984,3598.0,0.5113,1.0,1.25,0.003125,0.0
985,3599.0,0.5113,1.0,1.25,0.003125,0.0
986,3599.0,0.5113,1.0,1.25,0.003125,0.0
987,3600.0,0.5113,1.0,1.25,0.003125,0.0
988,3600.0,0.5113,1.0,1.25,0.003125,0.0
989,3601.0,0.5113,1.0,1.25,0.003125,0.0
990,3601.0,-0.4704,1.0,1.25,0.003125,0.0
991,3602.0,-0.4704,1.0,1.25,0.003125,0.0
992,3602.0,-0.4704,1.0,1.25,0.003125,0.0
993,3602.0,-0.4704,1.0,1.25,0.003125,0.0
994,3603.0,-0.4704,1.0,1.25,0.003125,0.0
995,3603.0,-0.4704,1.0,1.25,0.003125,0.0
996,3603.0,-0.4704,1.0,1.25,0.003125,0.0
997,3604.0,-0.4704,1.0,1.25,0.003125,0.0
998,3604.0,-0.4704,1.0,1.25,0.003125,0.0
999,3604.0,-0.4704,1.0,1.25,0.003125,0.0
1000,3604.0,-0.8078,1.0,1.25,0.003125,0.0
1001,3605.0,-0.8078,1.0,1.25,0.003125,0.0
1002,3605.0,-0.8078,1.0,1.25,0.003125,0.0
1003,3605.0,-0.8078,1.0,1.25,0.003125,0.0
1004,3605.0,-0.8078,1.0,1.25,0.003125,0.0
1005,3605.0,-0.8078,1.0,1.25,0.003125,0.0
1006,3605.0,-0.8078,1.0,1.25,0.003125,0.0
1007,3606.0,-0.8078,1.0,1.25,0.003125,0.0
1008,3606.0,-0.8078,1.0,1.25,0.003125,0.0
1009,3606.0,-0.8078,1.0,1.25,0.003125,0.0
1010,3606.0,-1.084,1.0,1.25,0.003125,0.0
1011,3606.0,-1.084,1.0,1.25,0.003125,0.0
1012,3606.0,-1.084,1.0,1.25,0.003125,0.0
1013,3606.0,-1.084,1.0,1.25,0.003125,0.0
1014,3606.0,-1.084,1.0,1.25,0.003125,0.0
1015,3606.0,-1.084,1.0,1.25,0.003125,0.0
1016,3606.0,-1.084,1.0,1.25,0.003125,0.0
1017,3606.0,-1.084,1.0,1.25,0.003125,0.0
1018,3606.0,-1.084,1.0,1.25,0.003125,0.0
1019,3606.0,-1.084,1.0,1.25,0.003125,0.0
1020,3606.0,-0.9817,1.0,1.25,0.003125,0.0
1021,3606.0,-0.9817,1.0,1.25,0.003125,0.0
1022,3606.0,-0.9817,1.0,1.25,0.003125,0.0
1023,3606.0,-0.9817,1.0,1.25,0.003125,0.0
1024,3606.0,-0.9817,1.0,1.25,0.003125,0.0
1025,3606.0,-0.9817,1.0,1.25,0.003125,0.0
1026,3606.0,-0.9817,1.0,1.25,0.003125,0.0
1027,3606.0,-0.9817,1.0,1.25,0.003125,0.0
1028,3605.0,-0.9817,1.0,1.25,0.003125,0.0
1029,3605.0,-0.9817,1.0,1.25,0.003125,0.0
1030,3605.0,-0.767,1.0,1.25,0.003125,0.0
1031,3605.0,-0.767,1.0,1.25,0.003125,0.0
1032,3605.0,-0.767,1.0,1.25,0.003125,0.0
1033,3605.0,-0.767,1.0,1.25,0.003125,0.0
1034,3605.0,-0.767,1.0,1.25,0.003125,0.0
1035,3605.0,-0.767,1.0,1.25,0.003125,0.0
1036,3605.0,-0.767,1.0,1.25,0.003125,0.0
1037,3604.0,-0.767,1.0,1.25,0.003125,0.0
1038,3604.0,-0.767,1.0,1.25,0.003125,0.0
1039,3604.0,-0.767,1.0,1.25,0.003125,0.0
1040,3604.0,-0.6033,1.0,1.25,0.003125,0.0
1041,3604.0,-0.6033,1.0,1.25,0.003125,0.0
1042,3604.0,-0.6033,1.0,1.25,0.003125,0.0
1043,3604.0,-0.6033,1.0,1.25,0.003125,0.0
1044,3604.0,-0.6033,1.0,1.25,0.003125,0.0
1045,3604.0,-0.6033,1.0,1.25,0.003125,0.0
1046,3604.0,-0.6033,1.0,1.25,0.003125,0.0
1047,3604.0,-0.6033,1.0,1.25,0.003125,0.0
1048,3603.0,-0.6033,1.0,1.25,0.003125,0.0
1049,3603.0,-0.6033,1.0,1.25,0.003125,0.0
1050,3603.0,-0.4397,1.0,1.25,0.003125,0.0
1051,3603.0,-0.4397,1.0,1.25,0.003125,0.0
1052,3603.0,-0.4397,1.0,1.25,0.003125,0.0
1053,3603.0,-0.4397,1.0,1.25,0.003125,0.0
1054,3603.0,-0.4397,1.0,1.25,0.003125,0.0
1055,3603.0,-0.4397,1.0,1.25,0.003125,0.0
1056,3603.0,-0.4397,1.0,1.25,0.003125,0.0
1057,3603.0,-0.4397,1.0,1.25,0.003125,0.0
1058,3603.0,-0.4397,1.0,1.25,0.003125,0.0
1059,3603.0,-0.4397,1.0,1.25,0.003125,0.0
1060,3603.0,-0.4908,1.0,1.25,0.003125,0.0
1061,3603.0,-0.4908,1.0,1.25,0.003125,0.0
1062,3603.0,-0.4908,1.0,1.25,0.003125,0.0
1063,3602.0,-0.4908,1.0,1.25,0.003125,0.0
1064,3602.0,-0.4908,1.0,1.25,0.003125,0.0
1065,3602.0,-0.4908,1.0,1.25,0.003125,0.0
1066,3602.0,-0.4908,1.0,1.25,0.003125,0.0
1067,3602.0,-0.4908,1.0,1.25,0.003125,0.0
1068,3602.0,-0.4908,1.0,1.25,0.003125,0.0
1069,3602.0,-0.4908,1.0,1.25,0.003125,0.0
1070,3602.0,-0.2761,1.0,1.25,0.003125,0.0
1071,3602.0,-0.2761,1.0,1.25,0.003125,0.0
1072,3602.0,-0.2761,1.0,1.25,0.003125,0.0
1073,3602.0,-0.2761,1.0,1.25,0.003125,0.0
1074,3602.0,-0.2761,1.0,1.25,0.003125,0.0
1075,3602.0,-0.2761,1.0,1.25,0.003125,0.0
1076,3602.0,-0.2761,1.0,1.25,0.003125,0.0
1077,3602.0,-0.2761,1.0,1.25,0.003125,0.0
1078,3602.0,-0.2761,1.0,1.25,0.003125,0.0
1079,3602.0,-0.2761,1.0,1.25,0.003125,0.0
1080,3602.0,-0.3272,1.0,1.25,0.003125,0.0
1081,3602.0,-0.3272,1.0,1.25,0.003125,0.0
1082,3602.0,-0.3272,1.0,1.25,0.003125,0.0
1083,3602.0,-0.3272,1.0,1.25,0.003125,0.0
1084,3602.0,-0.3272,1.0,1.25,0.003125,0.0
1085,3601.0,-0.3272,1.0,1.25,0.003125,0.0
1086,3601.0,-0.3272,1.0,1.25,0.003125,0.0
1087,3601.0,-0.3272,1.0,1.25,0.003125,0.0
1088,3601.0,-0.3272,1.0,1.25,0.003125,0.0
1089,3601.0,-0.3272,1.0,1.25,0.003125,0.0
