TIME,PULSES,CONTROLLERVOLTAGE,CONTROLLER,KP,TAUD,TAUI 
NEXT EXPERIMENT0,0.0,-0.1636,1.0,0.625,0.00625,0.0
1,0.0,-0.1636,1.0,0.625,0.00625,0.0
2,0.0,-0.1636,1.0,0.625,0.00625,0.0
3,0.0,-0.1636,1.0,0.625,0.00625,0.0
4,0.0,-0.1636,1.0,0.625,0.00625,0.0
5,0.0,-0.1636,1.0,0.625,0.00625,0.0
6,0.0,-0.1636,1.0,0.625,0.00625,0.0
7,0.0,-0.1636,1.0,0.625,0.00625,0.0
8,0.0,-0.1636,1.0,0.625,0.00625,0.0
9,0.0,-0.1636,1.0,0.625,0.00625,0.0
10,0.0,478.6531,1.0,0.625,0.00625,0.0
11,0.0,478.6531,1.0,0.625,0.00625,0.0
12,0.0,478.6531,1.0,0.625,0.00625,0.0
13,0.0,478.6531,1.0,0.625,0.00625,0.0
14,1.0,478.6531,1.0,0.625,0.00625,0.0
15,1.0,478.6531,1.0,0.625,0.00625,0.0
16,2.0,478.6531,1.0,0.625,0.00625,0.0
17,3.0,478.6531,1.0,0.625,0.00625,0.0
18,4.0,478.6531,1.0,0.625,0.00625,0.0
19,5.0,478.6531,1.0,0.625,0.00625,0.0
20,6.0,293.8596,1.0,0.625,0.00625,0.0
21,7.0,293.8596,1.0,0.625,0.00625,0.0
22,9.0,293.8596,1.0,0.625,0.00625,0.0
23,10.0,293.8596,1.0,0.625,0.00625,0.0
24,12.0,293.8596,1.0,0.625,0.00625,0.0
25,13.0,293.8596,1.0,0.625,0.00625,0.0
26,15.0,293.8596,1.0,0.625,0.00625,0.0
27,17.0,293.8596,1.0,0.625,0.00625,0.0
28,19.0,293.8596,1.0,0.625,0.00625,0.0
29,21.0,293.8596,1.0,0.625,0.00625,0.0
30,23.0,291.9882,1.0,0.625,0.00625,0.0
31,25.0,291.9882,1.0,0.625,0.00625,0.0
32,27.0,291.9882,1.0,0.625,0.00625,0.0
33,29.0,291.9882,1.0,0.625,0.00625,0.0
34,32.0,291.9882,1.0,0.625,0.00625,0.0
35,34.0,291.9882,1.0,0.625,0.00625,0.0
36,37.0,291.9882,1.0,0.625,0.00625,0.0
37,39.0,291.9882,1.0,0.625,0.00625,0.0
38,42.0,291.9882,1.0,0.625,0.00625,0.0
39,45.0,291.9882,1.0,0.625,0.00625,0.0
40,47.0,289.6156,1.0,0.625,0.00625,0.0
41,50.0,289.6156,1.0,0.625,0.00625,0.0
42,53.0,289.6156,1.0,0.625,0.00625,0.0
43,56.0,289.6156,1.0,0.625,0.00625,0.0
44,59.0,289.6156,1.0,0.625,0.00625,0.0
45,62.0,289.6156,1.0,0.625,0.00625,0.0
46,65.0,289.6156,1.0,0.625,0.00625,0.0
47,68.0,289.6156,1.0,0.625,0.00625,0.0
48,71.0,289.6156,1.0,0.625,0.00625,0.0
49,74.0,289.6156,1.0,0.625,0.00625,0.0
50,77.0,286.9874,1.0,0.625,0.00625,0.0
51,80.0,286.9874,1.0,0.625,0.00625,0.0
52,84.0,286.9874,1.0,0.625,0.00625,0.0
53,87.0,286.9874,1.0,0.625,0.00625,0.0
54,90.0,286.9874,1.0,0.625,0.00625,0.0
55,94.0,286.9874,1.0,0.625,0.00625,0.0
56,97.0,286.9874,1.0,0.625,0.00625,0.0
57,101.0,286.9874,1.0,0.625,0.00625,0.0
58,104.0,286.9874,1.0,0.625,0.00625,0.0
59,108.0,286.9874,1.0,0.625,0.00625,0.0
60,111.0,283.9501,1.0,0.625,0.00625,0.0
61,115.0,283.9501,1.0,0.625,0.00625,0.0
62,118.0,283.9501,1.0,0.625,0.00625,0.0
63,122.0,283.9501,1.0,0.625,0.00625,0.0
64,125.0,283.9501,1.0,0.625,0.00625,0.0
65,129.0,283.9501,1.0,0.625,0.00625,0.0
66,133.0,283.9501,1.0,0.625,0.00625,0.0
67,136.0,283.9501,1.0,0.625,0.00625,0.0
68,140.0,283.9501,1.0,0.625,0.00625,0.0
69,144.0,283.9501,1.0,0.625,0.00625,0.0
70,148.0,280.9026,1.0,0.625,0.00625,0.0
71,151.0,280.9026,1.0,0.625,0.00625,0.0
72,155.0,280.9026,1.0,0.625,0.00625,0.0
73,159.0,280.9026,1.0,0.625,0.00625,0.0
74,163.0,280.9026,1.0,0.625,0.00625,0.0
75,167.0,280.9026,1.0,0.625,0.00625,0.0
76,171.0,280.9026,1.0,0.625,0.00625,0.0
77,174.0,280.9026,1.0,0.625,0.00625,0.0
78,178.0,280.9026,1.0,0.625,0.00625,0.0
79,182.0,280.9026,1.0,0.625,0.00625,0.0
80,186.0,277.6914,1.0,0.625,0.00625,0.0
81,190.0,277.6914,1.0,0.625,0.00625,0.0
82,194.0,277.6914,1.0,0.625,0.00625,0.0
83,198.0,277.6914,1.0,0.625,0.00625,0.0
84,202.0,277.6914,1.0,0.625,0.00625,0.0
85,206.0,277.6914,1.0,0.625,0.00625,0.0
86,210.0,277.6914,1.0,0.625,0.00625,0.0
87,214.0,277.6914,1.0,0.625,0.00625,0.0
88,218.0,277.6914,1.0,0.625,0.00625,0.0
89,222.0,277.6914,1.0,0.625,0.00625,0.0
90,226.0,274.3167,1.0,0.625,0.00625,0.0
91,230.0,274.3167,1.0,0.625,0.00625,0.0
92,234.0,274.3167,1.0,0.625,0.00625,0.0
93,239.0,274.3167,1.0,0.625,0.00625,0.0
94,243.0,274.3167,1.0,0.625,0.00625,0.0
95,247.0,274.3167,1.0,0.625,0.00625,0.0
96,251.0,274.3167,1.0,0.625,0.00625,0.0
97,255.0,274.3167,1.0,0.625,0.00625,0.0
98,259.0,274.3167,1.0,0.625,0.00625,0.0
99,263.0,274.3167,1.0,0.625,0.00625,0.0
100,266.0,270.7783,1.0,0.625,0.00625,0.0
101,270.0,270.7783,1.0,0.625,0.00625,0.0
102,275.0,270.7783,1.0,0.625,0.00625,0.0
103,279.0,270.7783,1.0,0.625,0.00625,0.0
104,283.0,270.7783,1.0,0.625,0.00625,0.0
105,287.0,270.7783,1.0,0.625,0.00625,0.0
106,291.0,270.7783,1.0,0.625,0.00625,0.0
107,296.0,270.7783,1.0,0.625,0.00625,0.0
108,300.0,270.7783,1.0,0.625,0.00625,0.0
109,304.0,270.7783,1.0,0.625,0.00625,0.0
110,308.0,267.6081,1.0,0.625,0.00625,0.0
111,313.0,267.6081,1.0,0.625,0.00625,0.0
112,318.0,267.6081,1.0,0.625,0.00625,0.0
113,323.0,267.6081,1.0,0.625,0.00625,0.0
114,327.0,267.6081,1.0,0.625,0.00625,0.0
115,331.0,267.6081,1.0,0.625,0.00625,0.0
116,336.0,267.6081,1.0,0.625,0.00625,0.0
117,340.0,267.6081,1.0,0.625,0.00625,0.0
118,344.0,267.6081,1.0,0.625,0.00625,0.0
119,349.0,267.6081,1.0,0.625,0.00625,0.0
120,353.0,263.6709,1.0,0.625,0.00625,0.0
121,357.0,263.6709,1.0,0.625,0.00625,0.0
122,362.0,263.6709,1.0,0.625,0.00625,0.0
123,367.0,263.6709,1.0,0.625,0.00625,0.0
124,371.0,263.6709,1.0,0.625,0.00625,0.0
125,375.0,263.6709,1.0,0.625,0.00625,0.0
126,379.0,263.6709,1.0,0.625,0.00625,0.0
127,384.0,263.6709,1.0,0.625,0.00625,0.0
128,389.0,263.6709,1.0,0.625,0.00625,0.0
129,393.0,263.6709,1.0,0.625,0.00625,0.0
130,399.0,259.9893,1.0,0.625,0.00625,0.0
131,403.0,259.9893,1.0,0.625,0.00625,0.0
132,407.0,259.9893,1.0,0.625,0.00625,0.0
133,412.0,259.9893,1.0,0.625,0.00625,0.0
134,416.0,259.9893,1.0,0.625,0.00625,0.0
135,420.0,259.9893,1.0,0.625,0.00625,0.0
136,425.0,259.9893,1.0,0.625,0.00625,0.0
137,429.0,259.9893,1.0,0.625,0.00625,0.0
138,433.0,259.9893,1.0,0.625,0.00625,0.0
139,438.0,259.9893,1.0,0.625,0.00625,0.0
140,442.0,256.4407,1.0,0.625,0.00625,0.0
141,447.0,256.4407,1.0,0.625,0.00625,0.0
142,452.0,256.4407,1.0,0.625,0.00625,0.0
143,456.0,256.4407,1.0,0.625,0.00625,0.0
144,460.0,256.4407,1.0,0.625,0.00625,0.0
145,466.0,256.4407,1.0,0.625,0.00625,0.0
146,470.0,256.4407,1.0,0.625,0.00625,0.0
147,474.0,256.4407,1.0,0.625,0.00625,0.0
148,479.0,256.4407,1.0,0.625,0.00625,0.0
149,483.0,256.4407,1.0,0.625,0.00625,0.0
150,487.0,252.708,1.0,0.625,0.00625,0.0
151,492.0,252.708,1.0,0.625,0.00625,0.0
152,495.0,252.708,1.0,0.625,0.00625,0.0
153,499.0,252.708,1.0,0.625,0.00625,0.0
154,504.0,252.708,1.0,0.625,0.00625,0.0
155,508.0,252.708,1.0,0.625,0.00625,0.0
156,513.0,252.708,1.0,0.625,0.00625,0.0
157,518.0,252.708,1.0,0.625,0.00625,0.0
158,522.0,252.708,1.0,0.625,0.00625,0.0
159,527.0,252.708,1.0,0.625,0.00625,0.0
160,531.0,249.1594,1.0,0.625,0.00625,0.0
161,535.0,249.1594,1.0,0.625,0.00625,0.0
162,540.0,249.1594,1.0,0.625,0.00625,0.0
163,545.0,249.1594,1.0,0.625,0.00625,0.0
164,549.0,249.1594,1.0,0.625,0.00625,0.0
165,554.0,249.1594,1.0,0.625,0.00625,0.0
166,558.0,249.1594,1.0,0.625,0.00625,0.0
167,563.0,249.1594,1.0,0.625,0.00625,0.0
168,568.0,249.1594,1.0,0.625,0.00625,0.0
169,572.0,249.1594,1.0,0.625,0.00625,0.0
170,577.0,245.2938,1.0,0.625,0.00625,0.0
171,581.0,245.2938,1.0,0.625,0.00625,0.0
172,586.0,245.2938,1.0,0.625,0.00625,0.0
173,591.0,245.2938,1.0,0.625,0.00625,0.0
174,595.0,245.2938,1.0,0.625,0.00625,0.0
175,600.0,245.2938,1.0,0.625,0.00625,0.0
176,604.0,245.2938,1.0,0.625,0.00625,0.0
177,608.0,245.2938,1.0,0.625,0.00625,0.0
178,613.0,245.2938,1.0,0.625,0.00625,0.0
179,617.0,245.2938,1.0,0.625,0.00625,0.0
180,621.0,241.7963,1.0,0.625,0.00625,0.0
181,626.0,241.7963,1.0,0.625,0.00625,0.0
182,630.0,241.7963,1.0,0.625,0.00625,0.0
183,636.0,241.7963,1.0,0.625,0.00625,0.0
184,640.0,241.7963,1.0,0.625,0.00625,0.0
185,644.0,241.7963,1.0,0.625,0.00625,0.0
186,649.0,241.7963,1.0,0.625,0.00625,0.0
187,653.0,241.7963,1.0,0.625,0.00625,0.0
188,658.0,241.7963,1.0,0.625,0.00625,0.0
189,662.0,241.7963,1.0,0.625,0.00625,0.0
190,667.0,238.0636,1.0,0.625,0.00625,0.0
191,672.0,238.0636,1.0,0.625,0.00625,0.0
192,676.0,238.0636,1.0,0.625,0.00625,0.0
193,681.0,238.0636,1.0,0.625,0.00625,0.0
194,685.0,238.0636,1.0,0.625,0.00625,0.0
195,689.0,238.0636,1.0,0.625,0.00625,0.0
196,694.0,238.0636,1.0,0.625,0.00625,0.0
197,698.0,238.0636,1.0,0.625,0.00625,0.0
198,703.0,238.0636,1.0,0.625,0.00625,0.0
199,707.0,238.0636,1.0,0.625,0.00625,0.0
200,711.0,234.3821,1.0,0.625,0.00625,0.0
201,716.0,234.3821,1.0,0.625,0.00625,0.0
202,720.0,234.3821,1.0,0.625,0.00625,0.0
203,724.0,234.3821,1.0,0.625,0.00625,0.0
204,729.0,234.3821,1.0,0.625,0.00625,0.0
205,733.0,234.3821,1.0,0.625,0.00625,0.0
206,738.0,234.3821,1.0,0.625,0.00625,0.0
207,742.0,234.3821,1.0,0.625,0.00625,0.0
208,746.0,234.3821,1.0,0.625,0.00625,0.0
209,751.0,234.3821,1.0,0.625,0.00625,0.0
210,755.0,230.8334,1.0,0.625,0.00625,0.0
211,761.0,230.8334,1.0,0.625,0.00625,0.0
212,765.0,230.8334,1.0,0.625,0.00625,0.0
213,769.0,230.8334,1.0,0.625,0.00625,0.0
214,774.0,230.8334,1.0,0.625,0.00625,0.0
215,778.0,230.8334,1.0,0.625,0.00625,0.0
216,784.0,230.8334,1.0,0.625,0.00625,0.0
217,788.0,230.8334,1.0,0.625,0.00625,0.0
218,793.0,230.8334,1.0,0.625,0.00625,0.0
219,797.0,230.8334,1.0,0.625,0.00625,0.0
220,801.0,226.9678,1.0,0.625,0.00625,0.0
221,806.0,226.9678,1.0,0.625,0.00625,0.0
222,810.0,226.9678,1.0,0.625,0.00625,0.0
223,815.0,226.9678,1.0,0.625,0.00625,0.0
224,820.0,226.9678,1.0,0.625,0.00625,0.0
225,824.0,226.9678,1.0,0.625,0.00625,0.0
226,829.0,226.9678,1.0,0.625,0.00625,0.0
227,833.0,226.9678,1.0,0.625,0.00625,0.0
228,838.0,226.9678,1.0,0.625,0.00625,0.0
229,842.0,226.9678,1.0,0.625,0.00625,0.0
230,846.0,223.3374,1.0,0.625,0.00625,0.0
231,851.0,223.3374,1.0,0.625,0.00625,0.0
232,857.0,223.3374,1.0,0.625,0.00625,0.0
233,861.0,223.3374,1.0,0.625,0.00625,0.0
234,866.0,223.3374,1.0,0.625,0.00625,0.0
235,870.0,223.3374,1.0,0.625,0.00625,0.0
236,875.0,223.3374,1.0,0.625,0.00625,0.0
237,879.0,223.3374,1.0,0.625,0.00625,0.0
238,884.0,223.3374,1.0,0.625,0.00625,0.0
239,889.0,223.3374,1.0,0.625,0.00625,0.0
240,892.0,219.5229,1.0,0.625,0.00625,0.0
241,897.0,219.5229,1.0,0.625,0.00625,0.0
242,901.0,219.5229,1.0,0.625,0.00625,0.0
243,905.0,219.5229,1.0,0.625,0.00625,0.0
244,910.0,219.5229,1.0,0.625,0.00625,0.0
245,915.0,219.5229,1.0,0.625,0.00625,0.0
246,920.0,219.5229,1.0,0.625,0.00625,0.0
247,924.0,219.5229,1.0,0.625,0.00625,0.0
248,928.0,219.5229,1.0,0.625,0.00625,0.0
249,933.0,219.5229,1.0,0.625,0.00625,0.0
250,936.0,215.8925,1.0,0.625,0.00625,0.0
251,941.0,215.8925,1.0,0.625,0.00625,0.0
252,945.0,215.8925,1.0,0.625,0.00625,0.0
253,949.0,215.8925,1.0,0.625,0.00625,0.0
254,954.0,215.8925,1.0,0.625,0.00625,0.0
255,958.0,215.8925,1.0,0.625,0.00625,0.0
256,964.0,215.8925,1.0,0.625,0.00625,0.0
257,968.0,215.8925,1.0,0.625,0.00625,0.0
258,972.0,215.8925,1.0,0.625,0.00625,0.0
259,977.0,215.8925,1.0,0.625,0.00625,0.0
260,981.0,212.3439,1.0,0.625,0.00625,0.0
261,986.0,212.3439,1.0,0.625,0.00625,0.0
262,990.0,212.3439,1.0,0.625,0.00625,0.0
263,994.0,212.3439,1.0,0.625,0.00625,0.0
264,999.0,212.3439,1.0,0.625,0.00625,0.0
265,1003.0,212.3439,1.0,0.625,0.00625,0.0
266,1008.0,212.3439,1.0,0.625,0.00625,0.0
267,1012.0,212.3439,1.0,0.625,0.00625,0.0
268,1016.0,212.3439,1.0,0.625,0.00625,0.0
269,1021.0,212.3439,1.0,0.625,0.00625,0.0
270,1025.0,208.7441,1.0,0.625,0.00625,0.0
271,1030.0,208.7441,1.0,0.625,0.00625,0.0
272,1035.0,208.7441,1.0,0.625,0.00625,0.0
273,1039.0,208.7441,1.0,0.625,0.00625,0.0
274,1044.0,208.7441,1.0,0.625,0.00625,0.0
275,1048.0,208.7441,1.0,0.625,0.00625,0.0
276,1053.0,208.7441,1.0,0.625,0.00625,0.0
277,1057.0,208.7441,1.0,0.625,0.00625,0.0
278,1061.0,208.7441,1.0,0.625,0.00625,0.0
279,1066.0,208.7441,1.0,0.625,0.00625,0.0
280,1070.0,205.0114,1.0,0.625,0.00625,0.0
281,1075.0,205.0114,1.0,0.625,0.00625,0.0
282,1079.0,205.0114,1.0,0.625,0.00625,0.0
283,1084.0,205.0114,1.0,0.625,0.00625,0.0
284,1088.0,205.0114,1.0,0.625,0.00625,0.0
285,1092.0,205.0114,1.0,0.625,0.00625,0.0
286,1097.0,205.0114,1.0,0.625,0.00625,0.0
287,1100.0,205.0114,1.0,0.625,0.00625,0.0
288,1104.0,205.0114,1.0,0.625,0.00625,0.0
289,1109.0,205.0114,1.0,0.625,0.00625,0.0
290,1113.0,201.5958,1.0,0.625,0.00625,0.0
291,1118.0,201.5958,1.0,0.625,0.00625,0.0
292,1122.0,201.5958,1.0,0.625,0.00625,0.0
293,1127.0,201.5958,1.0,0.625,0.00625,0.0
294,1131.0,201.5958,1.0,0.625,0.00625,0.0
295,1135.0,201.5958,1.0,0.625,0.00625,0.0
296,1140.0,201.5958,1.0,0.625,0.00625,0.0
297,1144.0,201.5958,1.0,0.625,0.00625,0.0
298,1148.0,201.5958,1.0,0.625,0.00625,0.0
299,1153.0,201.5958,1.0,0.625,0.00625,0.0
300,1157.0,197.9449,1.0,0.625,0.00625,0.0
301,1162.0,197.9449,1.0,0.625,0.00625,0.0
302,1166.0,197.9449,1.0,0.625,0.00625,0.0
303,1171.0,197.9449,1.0,0.625,0.00625,0.0
304,1175.0,197.9449,1.0,0.625,0.00625,0.0
305,1178.0,197.9449,1.0,0.625,0.00625,0.0
306,1183.0,197.9449,1.0,0.625,0.00625,0.0
307,1187.0,197.9449,1.0,0.625,0.00625,0.0
308,1192.0,197.9449,1.0,0.625,0.00625,0.0
309,1196.0,197.9449,1.0,0.625,0.00625,0.0
310,1200.0,194.4781,1.0,0.625,0.00625,0.0
311,1205.0,194.4781,1.0,0.625,0.00625,0.0
312,1209.0,194.4781,1.0,0.625,0.00625,0.0
313,1214.0,194.4781,1.0,0.625,0.00625,0.0
314,1218.0,194.4781,1.0,0.625,0.00625,0.0
315,1222.0,194.4781,1.0,0.625,0.00625,0.0
316,1228.0,194.4781,1.0,0.625,0.00625,0.0
317,1232.0,194.4781,1.0,0.625,0.00625,0.0
318,1237.0,194.4781,1.0,0.625,0.00625,0.0
319,1241.0,194.4781,1.0,0.625,0.00625,0.0
320,1246.0,190.5613,1.0,0.625,0.00625,0.0
321,1251.0,190.5613,1.0,0.625,0.00625,0.0
322,1255.0,190.5613,1.0,0.625,0.00625,0.0
323,1260.0,190.5613,1.0,0.625,0.00625,0.0
324,1264.0,190.5613,1.0,0.625,0.00625,0.0
325,1269.0,190.5613,1.0,0.625,0.00625,0.0
326,1274.0,190.5613,1.0,0.625,0.00625,0.0
327,1278.0,190.5613,1.0,0.625,0.00625,0.0
328,1283.0,190.5613,1.0,0.625,0.00625,0.0
329,1287.0,190.5613,1.0,0.625,0.00625,0.0
330,1292.0,186.9309,1.0,0.625,0.00625,0.0
331,1297.0,186.9309,1.0,0.625,0.00625,0.0
332,1302.0,186.9309,1.0,0.625,0.00625,0.0
333,1307.0,186.9309,1.0,0.625,0.00625,0.0
334,1311.0,186.9309,1.0,0.625,0.00625,0.0
335,1316.0,186.9309,1.0,0.625,0.00625,0.0
336,1320.0,186.9309,1.0,0.625,0.00625,0.0
337,1324.0,186.9309,1.0,0.625,0.00625,0.0
338,1330.0,186.9309,1.0,0.625,0.00625,0.0
339,1334.0,186.9309,1.0,0.625,0.00625,0.0
340,1339.0,182.9835,1.0,0.625,0.00625,0.0
341,1344.0,182.9835,1.0,0.625,0.00625,0.0
342,1348.0,182.9835,1.0,0.625,0.00625,0.0
343,1353.0,182.9835,1.0,0.625,0.00625,0.0
344,1357.0,182.9835,1.0,0.625,0.00625,0.0
345,1361.0,182.9835,1.0,0.625,0.00625,0.0
346,1366.0,182.9835,1.0,0.625,0.00625,0.0
347,1370.0,182.9835,1.0,0.625,0.00625,0.0
348,1375.0,182.9835,1.0,0.625,0.00625,0.0
349,1379.0,182.9835,1.0,0.625,0.00625,0.0
350,1384.0,179.2713,1.0,0.625,0.00625,0.0
351,1388.0,179.2713,1.0,0.625,0.00625,0.0
352,1392.0,179.2713,1.0,0.625,0.00625,0.0
353,1397.0,179.2713,1.0,0.625,0.00625,0.0
354,1401.0,179.2713,1.0,0.625,0.00625,0.0
355,1406.0,179.2713,1.0,0.625,0.00625,0.0
356,1410.0,179.2713,1.0,0.625,0.00625,0.0
357,1414.0,179.2713,1.0,0.625,0.00625,0.0
358,1419.0,179.2713,1.0,0.625,0.00625,0.0
359,1424.0,179.2713,1.0,0.625,0.00625,0.0
360,1429.0,175.6408,1.0,0.625,0.00625,0.0
361,1433.0,175.6408,1.0,0.625,0.00625,0.0
362,1438.0,175.6408,1.0,0.625,0.00625,0.0
363,1442.0,175.6408,1.0,0.625,0.00625,0.0
364,1446.0,175.6408,1.0,0.625,0.00625,0.0
365,1451.0,175.6408,1.0,0.625,0.00625,0.0
366,1455.0,175.6408,1.0,0.625,0.00625,0.0
367,1459.0,175.6408,1.0,0.625,0.00625,0.0
368,1464.0,175.6408,1.0,0.625,0.00625,0.0
369,1468.0,175.6408,1.0,0.625,0.00625,0.0
370,1473.0,172.0922,1.0,0.625,0.00625,0.0
371,1477.0,172.0922,1.0,0.625,0.00625,0.0
372,1482.0,172.0922,1.0,0.625,0.00625,0.0
373,1486.0,172.0922,1.0,0.625,0.00625,0.0
374,1491.0,172.0922,1.0,0.625,0.00625,0.0
375,1496.0,172.0922,1.0,0.625,0.00625,0.0
376,1500.0,172.0922,1.0,0.625,0.00625,0.0
377,1505.0,172.0922,1.0,0.625,0.00625,0.0
378,1509.0,172.0922,1.0,0.625,0.00625,0.0
379,1513.0,172.0922,1.0,0.625,0.00625,0.0
380,1518.0,168.3595,1.0,0.625,0.00625,0.0
381,1522.0,168.3595,1.0,0.625,0.00625,0.0
382,1527.0,168.3595,1.0,0.625,0.00625,0.0
383,1531.0,168.3595,1.0,0.625,0.00625,0.0
384,1535.0,168.3595,1.0,0.625,0.00625,0.0
385,1541.0,168.3595,1.0,0.625,0.00625,0.0
386,1545.0,168.3595,1.0,0.625,0.00625,0.0
387,1550.0,168.3595,1.0,0.625,0.00625,0.0
388,1554.0,168.3595,1.0,0.625,0.00625,0.0
389,1558.0,168.3595,1.0,0.625,0.00625,0.0
390,1564.0,164.678,1.0,0.625,0.00625,0.0
391,1568.0,164.678,1.0,0.625,0.00625,0.0
392,1573.0,164.678,1.0,0.625,0.00625,0.0
393,1577.0,164.678,1.0,0.625,0.00625,0.0
394,1582.0,164.678,1.0,0.625,0.00625,0.0
395,1586.0,164.678,1.0,0.625,0.00625,0.0
396,1590.0,164.678,1.0,0.625,0.00625,0.0
397,1595.0,164.678,1.0,0.625,0.00625,0.0
398,1599.0,164.678,1.0,0.625,0.00625,0.0
399,1603.0,164.678,1.0,0.625,0.00625,0.0
400,1608.0,160.9964,1.0,0.625,0.00625,0.0
401,1613.0,160.9964,1.0,0.625,0.00625,0.0
402,1618.0,160.9964,1.0,0.625,0.00625,0.0
403,1623.0,160.9964,1.0,0.625,0.00625,0.0
404,1628.0,160.9964,1.0,0.625,0.00625,0.0
405,1632.0,160.9964,1.0,0.625,0.00625,0.0
406,1636.0,160.9964,1.0,0.625,0.00625,0.0
407,1640.0,160.9964,1.0,0.625,0.00625,0.0
408,1644.0,160.9964,1.0,0.625,0.00625,0.0
409,1648.0,160.9964,1.0,0.625,0.00625,0.0
410,1653.0,157.3149,1.0,0.625,0.00625,0.0
411,1657.0,157.3149,1.0,0.625,0.00625,0.0
412,1662.0,157.3149,1.0,0.625,0.00625,0.0
413,1666.0,157.3149,1.0,0.625,0.00625,0.0
414,1671.0,157.3149,1.0,0.625,0.00625,0.0
415,1675.0,157.3149,1.0,0.625,0.00625,0.0
416,1679.0,157.3149,1.0,0.625,0.00625,0.0
417,1684.0,157.3149,1.0,0.625,0.00625,0.0
418,1687.0,157.3149,1.0,0.625,0.00625,0.0
419,1692.0,157.3149,1.0,0.625,0.00625,0.0
420,1696.0,153.8992,1.0,0.625,0.00625,0.0
421,1700.0,153.8992,1.0,0.625,0.00625,0.0
422,1705.0,153.8992,1.0,0.625,0.00625,0.0
423,1710.0,153.8992,1.0,0.625,0.00625,0.0
424,1715.0,153.8992,1.0,0.625,0.00625,0.0
425,1720.0,153.8992,1.0,0.625,0.00625,0.0
426,1724.0,153.8992,1.0,0.625,0.00625,0.0
427,1729.0,153.8992,1.0,0.625,0.00625,0.0
428,1733.0,153.8992,1.0,0.625,0.00625,0.0
429,1739.0,153.8992,1.0,0.625,0.00625,0.0
430,1743.0,149.8495,1.0,0.625,0.00625,0.0
431,1747.0,149.8495,1.0,0.625,0.00625,0.0
432,1752.0,149.8495,1.0,0.625,0.00625,0.0
433,1756.0,149.8495,1.0,0.625,0.00625,0.0
434,1761.0,149.8495,1.0,0.625,0.00625,0.0
435,1765.0,149.8495,1.0,0.625,0.00625,0.0
436,1770.0,149.8495,1.0,0.625,0.00625,0.0
437,1774.0,149.8495,1.0,0.625,0.00625,0.0
438,1778.0,149.8495,1.0,0.625,0.00625,0.0
439,1783.0,149.8495,1.0,0.625,0.00625,0.0
440,1787.0,146.4032,1.0,0.625,0.00625,0.0
441,1791.0,146.4032,1.0,0.625,0.00625,0.0
442,1796.0,146.4032,1.0,0.625,0.00625,0.0
443,1800.0,146.4032,1.0,0.625,0.00625,0.0
444,1805.0,146.4032,1.0,0.625,0.00625,0.0
445,1809.0,146.4032,1.0,0.625,0.00625,0.0
446,1814.0,146.4032,1.0,0.625,0.00625,0.0
447,1818.0,146.4032,1.0,0.625,0.00625,0.0
448,1822.0,146.4032,1.0,0.625,0.00625,0.0
449,1827.0,146.4032,1.0,0.625,0.00625,0.0
450,1830.0,142.8034,1.0,0.625,0.00625,0.0
451,1834.0,142.8034,1.0,0.625,0.00625,0.0
452,1839.0,142.8034,1.0,0.625,0.00625,0.0
453,1843.0,142.8034,1.0,0.625,0.00625,0.0
454,1848.0,142.8034,1.0,0.625,0.00625,0.0
455,1852.0,142.8034,1.0,0.625,0.00625,0.0
456,1857.0,142.8034,1.0,0.625,0.00625,0.0
457,1861.0,142.8034,1.0,0.625,0.00625,0.0
458,1865.0,142.8034,1.0,0.625,0.00625,0.0
459,1870.0,142.8034,1.0,0.625,0.00625,0.0
460,1874.0,139.3366,1.0,0.625,0.00625,0.0
461,1879.0,139.3366,1.0,0.625,0.00625,0.0
462,1883.0,139.3366,1.0,0.625,0.00625,0.0
463,1888.0,139.3366,1.0,0.625,0.00625,0.0
464,1893.0,139.3366,1.0,0.625,0.00625,0.0
465,1897.0,139.3366,1.0,0.625,0.00625,0.0
466,1902.0,139.3366,1.0,0.625,0.00625,0.0
467,1906.0,139.3366,1.0,0.625,0.00625,0.0
468,1912.0,139.3366,1.0,0.625,0.00625,0.0
469,1916.0,139.3366,1.0,0.625,0.00625,0.0
470,1920.0,135.4198,1.0,0.625,0.00625,0.0
471,1925.0,135.4198,1.0,0.625,0.00625,0.0
472,1929.0,135.4198,1.0,0.625,0.00625,0.0
473,1933.0,135.4198,1.0,0.625,0.00625,0.0
474,1938.0,135.4198,1.0,0.625,0.00625,0.0
475,1942.0,135.4198,1.0,0.625,0.00625,0.0
476,1947.0,135.4198,1.0,0.625,0.00625,0.0
477,1951.0,135.4198,1.0,0.625,0.00625,0.0
478,1956.0,135.4198,1.0,0.625,0.00625,0.0
479,1959.0,135.4198,1.0,0.625,0.00625,0.0
480,1963.0,132.0553,1.0,0.625,0.00625,0.0
481,1968.0,132.0553,1.0,0.625,0.00625,0.0
482,1972.0,132.0553,1.0,0.625,0.00625,0.0
483,1976.0,132.0553,1.0,0.625,0.00625,0.0
484,1981.0,132.0553,1.0,0.625,0.00625,0.0
485,1985.0,132.0553,1.0,0.625,0.00625,0.0
486,1990.0,132.0553,1.0,0.625,0.00625,0.0
487,1994.0,132.0553,1.0,0.625,0.00625,0.0
488,1999.0,132.0553,1.0,0.625,0.00625,0.0
489,2003.0,132.0553,1.0,0.625,0.00625,0.0
490,2008.0,128.4044,1.0,0.625,0.00625,0.0
491,2013.0,128.4044,1.0,0.625,0.00625,0.0
492,2017.0,128.4044,1.0,0.625,0.00625,0.0
493,2022.0,128.4044,1.0,0.625,0.00625,0.0
494,2026.0,128.4044,1.0,0.625,0.00625,0.0
495,2030.0,128.4044,1.0,0.625,0.00625,0.0
496,2035.0,128.4044,1.0,0.625,0.00625,0.0
497,2039.0,128.4044,1.0,0.625,0.00625,0.0
498,2043.0,128.4044,1.0,0.625,0.00625,0.0
499,2048.0,128.4044,1.0,0.625,0.00625,0.0
500,2052.0,124.6717,1.0,0.625,0.00625,0.0
501,2057.0,124.6717,1.0,0.625,0.00625,0.0
502,2061.0,124.6717,1.0,0.625,0.00625,0.0
503,2066.0,124.6717,1.0,0.625,0.00625,0.0
504,2070.0,124.6717,1.0,0.625,0.00625,0.0
505,2075.0,124.6717,1.0,0.625,0.00625,0.0
506,2080.0,124.6717,1.0,0.625,0.00625,0.0
507,2084.0,124.6717,1.0,0.625,0.00625,0.0
508,2089.0,124.6717,1.0,0.625,0.00625,0.0
509,2093.0,124.6717,1.0,0.625,0.00625,0.0
510,2097.0,120.9902,1.0,0.625,0.00625,0.0
511,2102.0,120.9902,1.0,0.625,0.00625,0.0
512,2107.0,120.9902,1.0,0.625,0.00625,0.0
513,2112.0,120.9902,1.0,0.625,0.00625,0.0
514,2116.0,120.9902,1.0,0.625,0.00625,0.0
515,2120.0,120.9902,1.0,0.625,0.00625,0.0
516,2125.0,120.9902,1.0,0.625,0.00625,0.0
517,2129.0,120.9902,1.0,0.625,0.00625,0.0
518,2134.0,120.9902,1.0,0.625,0.00625,0.0
519,2138.0,120.9902,1.0,0.625,0.00625,0.0
520,2142.0,117.3086,1.0,0.625,0.00625,0.0
521,2147.0,117.3086,1.0,0.625,0.00625,0.0
522,2151.0,117.3086,1.0,0.625,0.00625,0.0
523,2156.0,117.3086,1.0,0.625,0.00625,0.0
524,2160.0,117.3086,1.0,0.625,0.00625,0.0
525,2164.0,117.3086,1.0,0.625,0.00625,0.0
526,2169.0,117.3086,1.0,0.625,0.00625,0.0
527,2174.0,117.3086,1.0,0.625,0.00625,0.0
528,2179.0,117.3086,1.0,0.625,0.00625,0.0
529,2183.0,117.3086,1.0,0.625,0.00625,0.0
530,2187.0,113.6271,1.0,0.625,0.00625,0.0
531,2192.0,113.6271,1.0,0.625,0.00625,0.0
532,2197.0,113.6271,1.0,0.625,0.00625,0.0
533,2202.0,113.6271,1.0,0.625,0.00625,0.0
534,2206.0,113.6271,1.0,0.625,0.00625,0.0
535,2210.0,113.6271,1.0,0.625,0.00625,0.0
536,2215.0,113.6271,1.0,0.625,0.00625,0.0
537,2219.0,113.6271,1.0,0.625,0.00625,0.0
538,2225.0,113.6271,1.0,0.625,0.00625,0.0
539,2229.0,113.6271,1.0,0.625,0.00625,0.0
540,2233.0,109.8126,1.0,0.625,0.00625,0.0
541,2238.0,109.8126,1.0,0.625,0.00625,0.0
542,2242.0,109.8126,1.0,0.625,0.00625,0.0
543,2247.0,109.8126,1.0,0.625,0.00625,0.0
544,2251.0,109.8126,1.0,0.625,0.00625,0.0
545,2256.0,109.8126,1.0,0.625,0.00625,0.0
546,2260.0,109.8126,1.0,0.625,0.00625,0.0
547,2264.0,109.8126,1.0,0.625,0.00625,0.0
548,2269.0,109.8126,1.0,0.625,0.00625,0.0
549,2273.0,109.8126,1.0,0.625,0.00625,0.0
550,2277.0,106.3151,1.0,0.625,0.00625,0.0
551,2282.0,106.3151,1.0,0.625,0.00625,0.0
552,2286.0,106.3151,1.0,0.625,0.00625,0.0
553,2291.0,106.3151,1.0,0.625,0.00625,0.0
554,2295.0,106.3151,1.0,0.625,0.00625,0.0
555,2300.0,106.3151,1.0,0.625,0.00625,0.0
556,2303.0,106.3151,1.0,0.625,0.00625,0.0
557,2307.0,106.3151,1.0,0.625,0.00625,0.0
558,2312.0,106.3151,1.0,0.625,0.00625,0.0
559,2316.0,106.3151,1.0,0.625,0.00625,0.0
560,2321.0,102.8483,1.0,0.625,0.00625,0.0
561,2325.0,102.8483,1.0,0.625,0.00625,0.0
562,2329.0,102.8483,1.0,0.625,0.00625,0.0
563,2334.0,102.8483,1.0,0.625,0.00625,0.0
564,2338.0,102.8483,1.0,0.625,0.00625,0.0
565,2344.0,102.8483,1.0,0.625,0.00625,0.0
566,2348.0,102.8483,1.0,0.625,0.00625,0.0
567,2353.0,102.8483,1.0,0.625,0.00625,0.0
568,2358.0,102.8483,1.0,0.625,0.00625,0.0
569,2362.0,102.8483,1.0,0.625,0.00625,0.0
570,2368.0,98.7986,1.0,0.625,0.00625,0.0
571,2372.0,98.7986,1.0,0.625,0.00625,0.0
572,2377.0,98.7986,1.0,0.625,0.00625,0.0
573,2382.0,98.7986,1.0,0.625,0.00625,0.0
574,2386.0,98.7986,1.0,0.625,0.00625,0.0
575,2391.0,98.7986,1.0,0.625,0.00625,0.0
576,2395.0,98.7986,1.0,0.625,0.00625,0.0
577,2400.0,98.7986,1.0,0.625,0.00625,0.0
578,2404.0,98.7986,1.0,0.625,0.00625,0.0
579,2408.0,98.7986,1.0,0.625,0.00625,0.0
580,2413.0,95.0864,1.0,0.625,0.00625,0.0
581,2417.0,95.0864,1.0,0.625,0.00625,0.0
582,2421.0,95.0864,1.0,0.625,0.00625,0.0
583,2427.0,95.0864,1.0,0.625,0.00625,0.0
584,2431.0,95.0864,1.0,0.625,0.00625,0.0
585,2436.0,95.0864,1.0,0.625,0.00625,0.0
586,2440.0,95.0864,1.0,0.625,0.00625,0.0
587,2445.0,95.0864,1.0,0.625,0.00625,0.0
588,2450.0,95.0864,1.0,0.625,0.00625,0.0
589,2454.0,95.0864,1.0,0.625,0.00625,0.0
590,2459.0,91.323,1.0,0.625,0.00625,0.0
591,2463.0,91.323,1.0,0.625,0.00625,0.0
592,2468.0,91.323,1.0,0.625,0.00625,0.0
593,2473.0,91.323,1.0,0.625,0.00625,0.0
594,2477.0,91.323,1.0,0.625,0.00625,0.0
595,2482.0,91.323,1.0,0.625,0.00625,0.0
596,2486.0,91.323,1.0,0.625,0.00625,0.0
597,2491.0,91.323,1.0,0.625,0.00625,0.0
598,2495.0,91.323,1.0,0.625,0.00625,0.0
599,2499.0,91.323,1.0,0.625,0.00625,0.0
600,2504.0,87.6926,1.0,0.625,0.00625,0.0
601,2508.0,87.6926,1.0,0.625,0.00625,0.0
602,2513.0,87.6926,1.0,0.625,0.00625,0.0
603,2516.0,87.6926,1.0,0.625,0.00625,0.0
604,2520.0,87.6926,1.0,0.625,0.00625,0.0
605,2525.0,87.6926,1.0,0.625,0.00625,0.0
606,2529.0,87.6926,1.0,0.625,0.00625,0.0
607,2533.0,87.6926,1.0,0.625,0.00625,0.0
608,2538.0,87.6926,1.0,0.625,0.00625,0.0
609,2542.0,87.6926,1.0,0.625,0.00625,0.0
610,2547.0,84.2769,1.0,0.625,0.00625,0.0
611,2551.0,84.2769,1.0,0.625,0.00625,0.0
612,2556.0,84.2769,1.0,0.625,0.00625,0.0
613,2560.0,84.2769,1.0,0.625,0.00625,0.0
614,2564.0,84.2769,1.0,0.625,0.00625,0.0
615,2569.0,84.2769,1.0,0.625,0.00625,0.0
616,2573.0,84.2769,1.0,0.625,0.00625,0.0
617,2578.0,84.2769,1.0,0.625,0.00625,0.0
618,2582.0,84.2769,1.0,0.625,0.00625,0.0
619,2586.0,84.2769,1.0,0.625,0.00625,0.0
620,2591.0,80.626,1.0,0.625,0.00625,0.0
621,2596.0,80.626,1.0,0.625,0.00625,0.0
622,2601.0,80.626,1.0,0.625,0.00625,0.0
623,2605.0,80.626,1.0,0.625,0.00625,0.0
624,2609.0,80.626,1.0,0.625,0.00625,0.0
625,2615.0,80.626,1.0,0.625,0.00625,0.0
626,2619.0,80.626,1.0,0.625,0.00625,0.0
627,2624.0,80.626,1.0,0.625,0.00625,0.0
628,2628.0,80.626,1.0,0.625,0.00625,0.0
629,2632.0,80.626,1.0,0.625,0.00625,0.0
630,2637.0,76.7604,1.0,0.625,0.00625,0.0
631,2641.0,76.7604,1.0,0.625,0.00625,0.0
632,2646.0,76.7604,1.0,0.625,0.00625,0.0
633,2650.0,76.7604,1.0,0.625,0.00625,0.0
634,2654.0,76.7604,1.0,0.625,0.00625,0.0
635,2659.0,76.7604,1.0,0.625,0.00625,0.0
636,2663.0,76.7604,1.0,0.625,0.00625,0.0
637,2668.0,76.7604,1.0,0.625,0.00625,0.0
638,2672.0,76.7604,1.0,0.625,0.00625,0.0
639,2676.0,76.7604,1.0,0.625,0.00625,0.0
640,2681.0,73.2629,1.0,0.625,0.00625,0.0
641,2685.0,73.2629,1.0,0.625,0.00625,0.0
642,2690.0,73.2629,1.0,0.625,0.00625,0.0
643,2693.0,73.2629,1.0,0.625,0.00625,0.0
644,2697.0,73.2629,1.0,0.625,0.00625,0.0
645,2702.0,73.2629,1.0,0.625,0.00625,0.0
646,2707.0,73.2629,1.0,0.625,0.00625,0.0
647,2712.0,73.2629,1.0,0.625,0.00625,0.0
648,2716.0,73.2629,1.0,0.625,0.00625,0.0
649,2720.0,73.2629,1.0,0.625,0.00625,0.0
650,2725.0,69.6632,1.0,0.625,0.00625,0.0
651,2729.0,69.6632,1.0,0.625,0.00625,0.0
652,2734.0,69.6632,1.0,0.625,0.00625,0.0
653,2738.0,69.6632,1.0,0.625,0.00625,0.0
654,2744.0,69.6632,1.0,0.625,0.00625,0.0
655,2748.0,69.6632,1.0,0.625,0.00625,0.0
656,2752.0,69.6632,1.0,0.625,0.00625,0.0
657,2757.0,69.6632,1.0,0.625,0.00625,0.0
658,2761.0,69.6632,1.0,0.625,0.00625,0.0
659,2766.0,69.6632,1.0,0.625,0.00625,0.0
660,2771.0,65.7976,1.0,0.625,0.00625,0.0
661,2775.0,65.7976,1.0,0.625,0.00625,0.0
662,2780.0,65.7976,1.0,0.625,0.00625,0.0
663,2784.0,65.7976,1.0,0.625,0.00625,0.0
664,2789.0,65.7976,1.0,0.625,0.00625,0.0
665,2793.0,65.7976,1.0,0.625,0.00625,0.0
666,2797.0,65.7976,1.0,0.625,0.00625,0.0
667,2802.0,65.7976,1.0,0.625,0.00625,0.0
668,2807.0,65.7976,1.0,0.625,0.00625,0.0
669,2811.0,65.7976,1.0,0.625,0.00625,0.0
670,2816.0,62.1672,1.0,0.625,0.00625,0.0
671,2820.0,62.1672,1.0,0.625,0.00625,0.0
672,2825.0,62.1672,1.0,0.625,0.00625,0.0
673,2829.0,62.1672,1.0,0.625,0.00625,0.0
674,2834.0,62.1672,1.0,0.625,0.00625,0.0
675,2839.0,62.1672,1.0,0.625,0.00625,0.0
676,2843.0,62.1672,1.0,0.625,0.00625,0.0
677,2848.0,62.1672,1.0,0.625,0.00625,0.0
678,2852.0,62.1672,1.0,0.625,0.00625,0.0
679,2856.0,62.1672,1.0,0.625,0.00625,0.0
680,2861.0,58.4856,1.0,0.625,0.00625,0.0
681,2865.0,58.4856,1.0,0.625,0.00625,0.0
682,2870.0,58.4856,1.0,0.625,0.00625,0.0
683,2874.0,58.4856,1.0,0.625,0.00625,0.0
684,2878.0,58.4856,1.0,0.625,0.00625,0.0
685,2883.0,58.4856,1.0,0.625,0.00625,0.0
686,2887.0,58.4856,1.0,0.625,0.00625,0.0
687,2892.0,58.4856,1.0,0.625,0.00625,0.0
688,2896.0,58.4856,1.0,0.625,0.00625,0.0
689,2900.0,58.4856,1.0,0.625,0.00625,0.0
690,2906.0,54.937,1.0,0.625,0.00625,0.0
691,2910.0,54.937,1.0,0.625,0.00625,0.0
692,2915.0,54.937,1.0,0.625,0.00625,0.0
693,2919.0,54.937,1.0,0.625,0.00625,0.0
694,2923.0,54.937,1.0,0.625,0.00625,0.0
695,2928.0,54.937,1.0,0.625,0.00625,0.0
696,2932.0,54.937,1.0,0.625,0.00625,0.0
697,2937.0,54.937,1.0,0.625,0.00625,0.0
698,2941.0,54.937,1.0,0.625,0.00625,0.0
699,2945.0,54.937,1.0,0.625,0.00625,0.0
700,2950.0,51.2043,1.0,0.625,0.00625,0.0
701,2955.0,51.2043,1.0,0.625,0.00625,0.0
702,2960.0,51.2043,1.0,0.625,0.00625,0.0
703,2964.0,51.2043,1.0,0.625,0.00625,0.0
704,2968.0,51.2043,1.0,0.625,0.00625,0.0
705,2973.0,51.2043,1.0,0.625,0.00625,0.0
706,2977.0,51.2043,1.0,0.625,0.00625,0.0
707,2982.0,51.2043,1.0,0.625,0.00625,0.0
708,2986.0,51.2043,1.0,0.625,0.00625,0.0
709,2990.0,51.2043,1.0,0.625,0.00625,0.0
710,2995.0,47.5227,1.0,0.625,0.00625,0.0
711,2999.0,47.5227,1.0,0.625,0.00625,0.0
712,3004.0,47.5227,1.0,0.625,0.00625,0.0
713,3008.0,47.5227,1.0,0.625,0.00625,0.0
714,3012.0,47.5227,1.0,0.625,0.00625,0.0
715,3017.0,47.5227,1.0,0.625,0.00625,0.0
716,3021.0,47.5227,1.0,0.625,0.00625,0.0
717,3027.0,47.5227,1.0,0.625,0.00625,0.0
718,3031.0,47.5227,1.0,0.625,0.00625,0.0
719,3034.0,47.5227,1.0,0.625,0.00625,0.0
720,3039.0,43.9741,1.0,0.625,0.00625,0.0
721,3043.0,43.9741,1.0,0.625,0.00625,0.0
722,3048.0,43.9741,1.0,0.625,0.00625,0.0
723,3052.0,43.9741,1.0,0.625,0.00625,0.0
724,3056.0,43.9741,1.0,0.625,0.00625,0.0
725,3061.0,43.9741,1.0,0.625,0.00625,0.0
726,3065.0,43.9741,1.0,0.625,0.00625,0.0
727,3069.0,43.9741,1.0,0.625,0.00625,0.0
728,3074.0,43.9741,1.0,0.625,0.00625,0.0
729,3078.0,43.9741,1.0,0.625,0.00625,0.0
730,3084.0,40.3744,1.0,0.625,0.00625,0.0
731,3088.0,40.3744,1.0,0.625,0.00625,0.0
732,3092.0,40.3744,1.0,0.625,0.00625,0.0
733,3097.0,40.3744,1.0,0.625,0.00625,0.0
734,3102.0,40.3744,1.0,0.625,0.00625,0.0
735,3107.0,40.3744,1.0,0.625,0.00625,0.0
736,3111.0,40.3744,1.0,0.625,0.00625,0.0
737,3115.0,40.3744,1.0,0.625,0.00625,0.0
738,3120.0,40.3744,1.0,0.625,0.00625,0.0
739,3125.0,40.3744,1.0,0.625,0.00625,0.0
740,3130.0,36.3758,1.0,0.625,0.00625,0.0
741,3134.0,36.3758,1.0,0.625,0.00625,0.0
742,3138.0,36.3758,1.0,0.625,0.00625,0.0
743,3143.0,36.3758,1.0,0.625,0.00625,0.0
744,3147.0,36.3758,1.0,0.625,0.00625,0.0
745,3151.0,36.3758,1.0,0.625,0.00625,0.0
746,3156.0,36.3758,1.0,0.625,0.00625,0.0
747,3161.0,36.3758,1.0,0.625,0.00625,0.0
748,3166.0,36.3758,1.0,0.625,0.00625,0.0
749,3170.0,36.3758,1.0,0.625,0.00625,0.0
750,3176.0,32.9295,1.0,0.625,0.00625,0.0
751,3180.0,32.9295,1.0,0.625,0.00625,0.0
752,3184.0,32.9295,1.0,0.625,0.00625,0.0
753,3189.0,32.9295,1.0,0.625,0.00625,0.0
754,3193.0,32.9295,1.0,0.625,0.00625,0.0
755,3197.0,32.9295,1.0,0.625,0.00625,0.0
756,3201.0,32.9295,1.0,0.625,0.00625,0.0
757,3206.0,32.9295,1.0,0.625,0.00625,0.0
758,3211.0,32.9295,1.0,0.625,0.00625,0.0
759,3215.0,32.9295,1.0,0.625,0.00625,0.0
760,3219.0,29.1968,1.0,0.625,0.00625,0.0
761,3225.0,29.1968,1.0,0.625,0.00625,0.0
762,3229.0,29.1968,1.0,0.625,0.00625,0.0
763,3233.0,29.1968,1.0,0.625,0.00625,0.0
764,3237.0,29.1968,1.0,0.625,0.00625,0.0
765,3241.0,29.1968,1.0,0.625,0.00625,0.0
766,3246.0,29.1968,1.0,0.625,0.00625,0.0
767,3251.0,29.1968,1.0,0.625,0.00625,0.0
768,3256.0,29.1968,1.0,0.625,0.00625,0.0
769,3260.0,29.1968,1.0,0.625,0.00625,0.0
770,3264.0,25.5152,1.0,0.625,0.00625,0.0
771,3269.0,25.5152,1.0,0.625,0.00625,0.0
772,3273.0,25.5152,1.0,0.625,0.00625,0.0
773,3278.0,25.5152,1.0,0.625,0.00625,0.0
774,3281.0,25.5152,1.0,0.625,0.00625,0.0
775,3285.0,25.5152,1.0,0.625,0.00625,0.0
776,3290.0,25.5152,1.0,0.625,0.00625,0.0
777,3294.0,25.5152,1.0,0.625,0.00625,0.0
778,3298.0,25.5152,1.0,0.625,0.00625,0.0
779,3303.0,25.5152,1.0,0.625,0.00625,0.0
780,3307.0,22.0996,1.0,0.625,0.00625,0.0
781,3312.0,22.0996,1.0,0.625,0.00625,0.0
782,3316.0,22.0996,1.0,0.625,0.00625,0.0
783,3321.0,22.0996,1.0,0.625,0.00625,0.0
784,3325.0,22.0996,1.0,0.625,0.00625,0.0
785,3330.0,22.0996,1.0,0.625,0.00625,0.0
786,3335.0,22.0996,1.0,0.625,0.00625,0.0
787,3339.0,22.0996,1.0,0.625,0.00625,0.0
788,3343.0,22.0996,1.0,0.625,0.00625,0.0
789,3348.0,22.0996,1.0,0.625,0.00625,0.0
790,3352.0,18.3158,1.0,0.625,0.00625,0.0
791,3357.0,18.3158,1.0,0.625,0.00625,0.0
792,3361.0,18.3158,1.0,0.625,0.00625,0.0
793,3365.0,18.3158,1.0,0.625,0.00625,0.0
794,3371.0,18.3158,1.0,0.625,0.00625,0.0
795,3375.0,18.3158,1.0,0.625,0.00625,0.0
796,3381.0,18.3158,1.0,0.625,0.00625,0.0
797,3385.0,18.3158,1.0,0.625,0.00625,0.0
798,3389.0,18.3158,1.0,0.625,0.00625,0.0
799,3394.0,18.3158,1.0,0.625,0.00625,0.0
800,3398.0,14.5012,1.0,0.625,0.00625,0.0
801,3403.0,14.5012,1.0,0.625,0.00625,0.0
802,3407.0,14.5012,1.0,0.625,0.00625,0.0
803,3411.0,14.5012,1.0,0.625,0.00625,0.0
804,3416.0,14.5012,1.0,0.625,0.00625,0.0
805,3420.0,14.5012,1.0,0.625,0.00625,0.0
806,3425.0,14.5012,1.0,0.625,0.00625,0.0
807,3430.0,14.5012,1.0,0.625,0.00625,0.0
808,3434.0,14.5012,1.0,0.625,0.00625,0.0
809,3439.0,14.5012,1.0,0.625,0.00625,0.0
810,3443.0,10.8708,1.0,0.625,0.00625,0.0
811,3447.0,10.8708,1.0,0.625,0.00625,0.0
812,3452.0,10.8708,1.0,0.625,0.00625,0.0
813,3456.0,10.8708,1.0,0.625,0.00625,0.0
814,3461.0,10.8708,1.0,0.625,0.00625,0.0
815,3465.0,10.8708,1.0,0.625,0.00625,0.0
816,3469.0,10.8708,1.0,0.625,0.00625,0.0
817,3474.0,10.8708,1.0,0.625,0.00625,0.0
818,3478.0,10.8708,1.0,0.625,0.00625,0.0
819,3482.0,10.8708,1.0,0.625,0.00625,0.0
820,3487.0,7.3222,1.0,0.625,0.00625,0.0
821,3491.0,7.3222,1.0,0.625,0.00625,0.0
822,3495.0,7.3222,1.0,0.625,0.00625,0.0
823,3499.0,7.3222,1.0,0.625,0.00625,0.0
824,3503.0,7.3222,1.0,0.625,0.00625,0.0
825,3508.0,7.3222,1.0,0.625,0.00625,0.0
826,3512.0,7.3222,1.0,0.625,0.00625,0.0
827,3516.0,7.3222,1.0,0.625,0.00625,0.0
828,3520.0,7.3222,1.0,0.625,0.00625,0.0
829,3524.0,7.3222,1.0,0.625,0.00625,0.0
830,3528.0,4.1213,1.0,0.625,0.00625,0.0
831,3532.0,4.1213,1.0,0.625,0.00625,0.0
832,3536.0,4.1213,1.0,0.625,0.00625,0.0
833,3539.0,4.1213,1.0,0.625,0.00625,0.0
834,3543.0,4.1213,1.0,0.625,0.00625,0.0
835,3547.0,4.1213,1.0,0.625,0.00625,0.0
836,3550.0,4.1213,1.0,0.625,0.00625,0.0
837,3554.0,4.1213,1.0,0.625,0.00625,0.0
838,3558.0,4.1213,1.0,0.625,0.00625,0.0
839,3561.0,4.1213,1.0,0.625,0.00625,0.0
840,3565.0,1.2988,1.0,0.625,0.00625,0.0
841,3568.0,1.2988,1.0,0.625,0.00625,0.0
842,3571.0,1.2988,1.0,0.625,0.00625,0.0
843,3574.0,1.2988,1.0,0.625,0.00625,0.0
844,3577.0,1.2988,1.0,0.625,0.00625,0.0
845,3581.0,1.2988,1.0,0.625,0.00625,0.0
846,3583.0,1.2988,1.0,0.625,0.00625,0.0
847,3586.0,1.2988,1.0,0.625,0.00625,0.0
848,3589.0,1.2988,1.0,0.625,0.00625,0.0
849,3592.0,1.2988,1.0,0.625,0.00625,0.0
850,3594.0,-0.9306,1.0,0.625,0.00625,0.0
851,3597.0,-0.9306,1.0,0.625,0.00625,0.0
852,3600.0,-0.9306,1.0,0.625,0.00625,0.0
853,3602.0,-0.9306,1.0,0.625,0.00625,0.0
854,3604.0,-0.9306,1.0,0.625,0.00625,0.0
855,3607.0,-0.9306,1.0,0.625,0.00625,0.0
856,3609.0,-0.9306,1.0,0.625,0.00625,0.0
857,3611.0,-0.9306,1.0,0.625,0.00625,0.0
858,3613.0,-0.9306,1.0,0.625,0.00625,0.0
859,3615.0,-0.9306,1.0,0.625,0.00625,0.0
860,3617.0,-2.4032,1.0,0.625,0.00625,0.0
861,3619.0,-2.4032,1.0,0.625,0.00625,0.0
862,3620.0,-2.4032,1.0,0.625,0.00625,0.0
863,3622.0,-2.4032,1.0,0.625,0.00625,0.0
864,3624.0,-2.4032,1.0,0.625,0.00625,0.0
865,3625.0,-2.4032,1.0,0.625,0.00625,0.0
866,3626.0,-2.4032,1.0,0.625,0.00625,0.0
867,3628.0,-2.4032,1.0,0.625,0.00625,0.0
868,3629.0,-2.4032,1.0,0.625,0.00625,0.0
869,3630.0,-2.4032,1.0,0.625,0.00625,0.0
870,3631.0,-3.2213,1.0,0.625,0.00625,0.0
871,3632.0,-3.2213,1.0,0.625,0.00625,0.0
872,3633.0,-3.2213,1.0,0.625,0.00625,0.0
873,3634.0,-3.2213,1.0,0.625,0.00625,0.0
874,3635.0,-3.2213,1.0,0.625,0.00625,0.0
875,3636.0,-3.2213,1.0,0.625,0.00625,0.0
876,3636.0,-3.2213,1.0,0.625,0.00625,0.0
877,3637.0,-3.2213,1.0,0.625,0.00625,0.0
878,3637.0,-3.2213,1.0,0.625,0.00625,0.0
879,3638.0,-3.2213,1.0,0.625,0.00625,0.0
880,3638.0,-3.5179,1.0,0.625,0.00625,0.0
881,3638.0,-3.5179,1.0,0.625,0.00625,0.0
882,3639.0,-3.5179,1.0,0.625,0.00625,0.0
883,3639.0,-3.5179,1.0,0.625,0.00625,0.0
884,3639.0,-3.5179,1.0,0.625,0.00625,0.0
885,3639.0,-3.5179,1.0,0.625,0.00625,0.0
886,3639.0,-3.5179,1.0,0.625,0.00625,0.0
887,3639.0,-3.5179,1.0,0.625,0.00625,0.0
888,3639.0,-3.5179,1.0,0.625,0.00625,0.0
889,3639.0,-3.5179,1.0,0.625,0.00625,0.0
890,3639.0,-3.2418,1.0,0.625,0.00625,0.0
891,3638.0,-3.2418,1.0,0.625,0.00625,0.0
892,3638.0,-3.2418,1.0,0.625,0.00625,0.0
893,3638.0,-3.2418,1.0,0.625,0.00625,0.0
894,3637.0,-3.2418,1.0,0.625,0.00625,0.0
895,3637.0,-3.2418,1.0,0.625,0.00625,0.0
896,3637.0,-3.2418,1.0,0.625,0.00625,0.0
897,3636.0,-3.2418,1.0,0.625,0.00625,0.0
898,3636.0,-3.2418,1.0,0.625,0.00625,0.0
899,3635.0,-3.2418,1.0,0.625,0.00625,0.0
900,3635.0,-2.6589,1.0,0.625,0.00625,0.0
901,3634.0,-2.6589,1.0,0.625,0.00625,0.0
902,3634.0,-2.6589,1.0,0.625,0.00625,0.0
903,3633.0,-2.6589,1.0,0.625,0.00625,0.0
904,3633.0,-2.6589,1.0,0.625,0.00625,0.0
905,3632.0,-2.6589,1.0,0.625,0.00625,0.0
906,3631.0,-2.6589,1.0,0.625,0.00625,0.0
907,3631.0,-2.6589,1.0,0.625,0.00625,0.0
908,3630.0,-2.6589,1.0,0.625,0.00625,0.0
909,3629.0,-2.6589,1.0,0.625,0.00625,0.0
910,3629.0,-2.0658,1.0,0.625,0.00625,0.0
911,3628.0,-2.0658,1.0,0.625,0.00625,0.0
912,3628.0,-2.0658,1.0,0.625,0.00625,0.0
913,3627.0,-2.0658,1.0,0.625,0.00625,0.0
914,3626.0,-2.0658,1.0,0.625,0.00625,0.0
915,3625.0,-2.0658,1.0,0.625,0.00625,0.0
916,3625.0,-2.0658,1.0,0.625,0.00625,0.0
917,3624.0,-2.0658,1.0,0.625,0.00625,0.0
918,3624.0,-2.0658,1.0,0.625,0.00625,0.0
919,3623.0,-2.0658,1.0,0.625,0.00625,0.0
920,3622.0,-1.5749,1.0,0.625,0.00625,0.0
921,3622.0,-1.5749,1.0,0.625,0.00625,0.0
922,3621.0,-1.5749,1.0,0.625,0.00625,0.0
923,3620.0,-1.5749,1.0,0.625,0.00625,0.0
924,3620.0,-1.5749,1.0,0.625,0.00625,0.0
925,3619.0,-1.5749,1.0,0.625,0.00625,0.0
926,3618.0,-1.5749,1.0,0.625,0.00625,0.0
927,3618.0,-1.5749,1.0,0.625,0.00625,0.0
928,3617.0,-1.5749,1.0,0.625,0.00625,0.0
929,3616.0,-1.5749,1.0,0.625,0.00625,0.0
930,3616.0,-0.951,1.0,0.625,0.00625,0.0
931,3615.0,-0.951,1.0,0.625,0.00625,0.0
932,3615.0,-0.951,1.0,0.625,0.00625,0.0
933,3614.0,-0.951,1.0,0.625,0.00625,0.0
934,3613.0,-0.951,1.0,0.625,0.00625,0.0
935,3613.0,-0.951,1.0,0.625,0.00625,0.0
936,3612.0,-0.951,1.0,0.625,0.00625,0.0
937,3612.0,-0.951,1.0,0.625,0.00625,0.0
938,3611.0,-0.951,1.0,0.625,0.00625,0.0
939,3611.0,-0.951,1.0,0.625,0.00625,0.0
940,3610.0,-0.6443,1.0,0.625,0.00625,0.0
941,3610.0,-0.6443,1.0,0.625,0.00625,0.0
942,3609.0,-0.6443,1.0,0.625,0.00625,0.0
943,3609.0,-0.6443,1.0,0.625,0.00625,0.0
944,3608.0,-0.6443,1.0,0.625,0.00625,0.0
945,3608.0,-0.6443,1.0,0.625,0.00625,0.0
946,3607.0,-0.6443,1.0,0.625,0.00625,0.0
947,3607.0,-0.6443,1.0,0.625,0.00625,0.0
948,3606.0,-0.6443,1.0,0.625,0.00625,0.0
949,3606.0,-0.6443,1.0,0.625,0.00625,0.0
950,3606.0,-0.2352,1.0,0.625,0.00625,0.0
951,3605.0,-0.2352,1.0,0.625,0.00625,0.0
952,3605.0,-0.2352,1.0,0.625,0.00625,0.0
953,3605.0,-0.2352,1.0,0.625,0.00625,0.0
954,3604.0,-0.2352,1.0,0.625,0.00625,0.0
955,3604.0,-0.2352,1.0,0.625,0.00625,0.0
956,3604.0,-0.2352,1.0,0.625,0.00625,0.0
957,3603.0,-0.2352,1.0,0.625,0.00625,0.0
958,3603.0,-0.2352,1.0,0.625,0.00625,0.0
959,3603.0,-0.2352,1.0,0.625,0.00625,0.0
960,3603.0,-0.092,1.0,0.625,0.00625,0.0
961,3602.0,-0.092,1.0,0.625,0.00625,0.0
962,3602.0,-0.092,1.0,0.625,0.00625,0.0
963,3602.0,-0.092,1.0,0.625,0.00625,0.0
964,3602.0,-0.092,1.0,0.625,0.00625,0.0
965,3601.0,-0.092,1.0,0.625,0.00625,0.0
966,3601.0,-0.092,1.0,0.625,0.00625,0.0
967,3601.0,-0.092,1.0,0.625,0.00625,0.0
968,3601.0,-0.092,1.0,0.625,0.00625,0.0
969,3601.0,-0.092,1.0,0.625,0.00625,0.0
970,3600.0,0.0205,1.0,0.625,0.00625,0.0
971,3600.0,0.0205,1.0,0.625,0.00625,0.0
972,3600.0,0.0205,1.0,0.625,0.00625,0.0
973,3600.0,0.0205,1.0,0.625,0.00625,0.0
974,3600.0,0.0205,1.0,0.625,0.00625,0.0
975,3600.0,0.0205,1.0,0.625,0.00625,0.0
976,3600.0,0.0205,1.0,0.625,0.00625,0.0
977,3600.0,0.0205,1.0,0.625,0.00625,0.0
978,3600.0,0.0205,1.0,0.625,0.00625,0.0
979,3600.0,0.0205,1.0,0.625,0.00625,0.0
980,3599.0,0.0512,1.0,0.625,0.00625,0.0
981,3599.0,0.0512,1.0,0.625,0.00625,0.0
982,3599.0,0.0512,1.0,0.625,0.00625,0.0
983,3599.0,0.0512,1.0,0.625,0.00625,0.0
984,3599.0,0.0512,1.0,0.625,0.00625,0.0
985,3599.0,0.0512,1.0,0.625,0.00625,0.0
986,3599.0,0.0512,1.0,0.625,0.00625,0.0
987,3599.0,0.0512,1.0,0.625,0.00625,0.0
988,3599.0,0.0512,1.0,0.625,0.00625,0.0
989,3599.0,0.0512,1.0,0.625,0.00625,0.0
990,3599.0,0.133,1.0,0.625,0.00625,0.0
991,3599.0,0.133,1.0,0.625,0.00625,0.0
992,3599.0,0.133,1.0,0.625,0.00625,0.0
993,3599.0,0.133,1.0,0.625,0.00625,0.0
994,3599.0,0.133,1.0,0.625,0.00625,0.0
995,3599.0,0.133,1.0,0.625,0.00625,0.0
996,3599.0,0.133,1.0,0.625,0.00625,0.0
997,3599.0,0.133,1.0,0.625,0.00625,0.0
998,3599.0,0.133,1.0,0.625,0.00625,0.0
999,3599.0,0.133,1.0,0.625,0.00625,0.0
1000,3599.0,0.0818,1.0,0.625,0.00625,0.0
1001,3599.0,0.0818,1.0,0.625,0.00625,0.0
1002,3599.0,0.0818,1.0,0.625,0.00625,0.0
1003,3599.0,0.0818,1.0,0.625,0.00625,0.0
1004,3599.0,0.0818,1.0,0.625,0.00625,0.0
1005,3599.0,0.0818,1.0,0.625,0.00625,0.0
1006,3599.0,0.0818,1.0,0.625,0.00625,0.0
1007,3599.0,0.0818,1.0,0.625,0.00625,0.0
1008,3599.0,0.0818,1.0,0.625,0.00625,0.0
1009,3599.0,0.0818,1.0,0.625,0.00625,0.0
1010,3599.0,0.0818,1.0,0.625,0.00625,0.0
1011,3600.0,0.0818,1.0,0.625,0.00625,0.0
1012,3600.0,0.0818,1.0,0.625,0.00625,0.0
1013,3600.0,0.0818,1.0,0.625,0.00625,0.0
1014,3600.0,0.0818,1.0,0.625,0.00625,0.0
1015,3600.0,0.0818,1.0,0.625,0.00625,0.0
1016,3600.0,0.0818,1.0,0.625,0.00625,0.0
1017,3600.0,0.0818,1.0,0.625,0.00625,0.0
1018,3600.0,0.0818,1.0,0.625,0.00625,0.0
1019,3600.0,0.0818,1.0,0.625,0.00625,0.0
