TIME,PULSES,CONTROLLERVOLTAGE,CONTROLLER,KP,TAUD,TAUI 
0,0,-0.409,1,1.25,0.00625,0.0
1,0,-0.409,1,1.25,0.00625,0.0
2,0,-0.409,1,1.25,0.00625,0.0
3,0,-0.409,1,1.25,0.00625,0.0
4,0,-0.409,1,1.25,0.00625,0.0
5,0,-0.409,1,1.25,0.00625,0.0
6,0,-0.409,1,1.25,0.00625,0.0
7,0,-0.409,1,1.25,0.00625,0.0
8,0,-0.409,1,1.25,0.00625,0.0
9,0,-0.409,1,1.25,0.00625,0.0
10,0,957.204,1,1.25,0.00625,0.0
11,0,957.204,1,1.25,0.00625,0.0
12,0,957.204,1,1.25,0.00625,0.0
13,1,957.204,1,1.25,0.00625,0.0
14,1,957.204,1,1.25,0.00625,0.0
15,1,957.204,1,1.25,0.00625,0.0
16,2,957.204,1,1.25,0.00625,0.0
17,3,957.204,1,1.25,0.00625,0.0
18,4,957.204,1,1.25,0.00625,0.0
19,4,957.204,1,1.25,0.00625,0.0
20,5,587.9851,1,1.25,0.00625,0.0
21,7,587.9851,1,1.25,0.00625,0.0
22,8,587.9851,1,1.25,0.00625,0.0
23,9,587.9851,1,1.25,0.00625,0.0
24,11,587.9851,1,1.25,0.00625,0.0
25,12,587.9851,1,1.25,0.00625,0.0
26,14,587.9851,1,1.25,0.00625,0.0
27,16,587.9851,1,1.25,0.00625,0.0
28,18,587.9851,1,1.25,0.00625,0.0
29,20,587.9851,1,1.25,0.00625,0.0
30,22,584.14,1,1.25,0.00625,0.0
31,24,584.14,1,1.25,0.00625,0.0
32,26,584.14,1,1.25,0.00625,0.0
33,28,584.14,1,1.25,0.00625,0.0
34,31,584.14,1,1.25,0.00625,0.0
35,33,584.14,1,1.25,0.00625,0.0
36,36,584.14,1,1.25,0.00625,0.0
37,38,584.14,1,1.25,0.00625,0.0
38,41,584.14,1,1.25,0.00625,0.0
39,43,584.14,1,1.25,0.00625,0.0
40,46,579.3948,1,1.25,0.00625,0.0
41,49,579.3948,1,1.25,0.00625,0.0
42,51,579.3948,1,1.25,0.00625,0.0
43,54,579.3948,1,1.25,0.00625,0.0
44,57,579.3948,1,1.25,0.00625,0.0
45,60,579.3948,1,1.25,0.00625,0.0
46,63,579.3948,1,1.25,0.00625,0.0
47,66,579.3948,1,1.25,0.00625,0.0
48,69,579.3948,1,1.25,0.00625,0.0
49,72,579.3948,1,1.25,0.00625,0.0
50,76,574.1384,1,1.25,0.00625,0.0
51,79,574.1384,1,1.25,0.00625,0.0
52,82,574.1384,1,1.25,0.00625,0.0
53,85,574.1384,1,1.25,0.00625,0.0
54,89,574.1384,1,1.25,0.00625,0.0
55,92,574.1384,1,1.25,0.00625,0.0
56,95,574.1384,1,1.25,0.00625,0.0
57,99,574.1384,1,1.25,0.00625,0.0
58,102,574.1384,1,1.25,0.00625,0.0
59,105,574.1384,1,1.25,0.00625,0.0
60,109,568.3297,1,1.25,0.00625,0.0
61,113,568.3297,1,1.25,0.00625,0.0
62,116,568.3297,1,1.25,0.00625,0.0
63,120,568.3297,1,1.25,0.00625,0.0
64,123,568.3297,1,1.25,0.00625,0.0
65,127,568.3297,1,1.25,0.00625,0.0
66,131,568.3297,1,1.25,0.00625,0.0
67,134,568.3297,1,1.25,0.00625,0.0
68,138,568.3297,1,1.25,0.00625,0.0
69,142,568.3297,1,1.25,0.00625,0.0
70,145,562.1324,1,1.25,0.00625,0.0
71,149,562.1324,1,1.25,0.00625,0.0
72,153,562.1324,1,1.25,0.00625,0.0
73,157,562.1324,1,1.25,0.00625,0.0
74,161,562.1324,1,1.25,0.00625,0.0
75,164,562.1324,1,1.25,0.00625,0.0
76,168,562.1324,1,1.25,0.00625,0.0
77,173,562.1324,1,1.25,0.00625,0.0
78,177,562.1324,1,1.25,0.00625,0.0
79,181,562.1324,1,1.25,0.00625,0.0
80,185,555.4443,1,1.25,0.00625,0.0
81,189,555.4443,1,1.25,0.00625,0.0
82,193,555.4443,1,1.25,0.00625,0.0
83,197,555.4443,1,1.25,0.00625,0.0
84,201,555.4443,1,1.25,0.00625,0.0
85,205,555.4443,1,1.25,0.00625,0.0
86,208,555.4443,1,1.25,0.00625,0.0
87,213,555.4443,1,1.25,0.00625,0.0
88,217,555.4443,1,1.25,0.00625,0.0
89,221,555.4443,1,1.25,0.00625,0.0
90,225,548.797,1,1.25,0.00625,0.0
91,229,548.797,1,1.25,0.00625,0.0
92,233,548.797,1,1.25,0.00625,0.0
93,237,548.797,1,1.25,0.00625,0.0
94,241,548.797,1,1.25,0.00625,0.0
95,245,548.797,1,1.25,0.00625,0.0
96,249,548.797,1,1.25,0.00625,0.0
97,253,548.797,1,1.25,0.00625,0.0
98,258,548.797,1,1.25,0.00625,0.0
99,262,548.797,1,1.25,0.00625,0.0
100,266,541.9861,1,1.25,0.00625,0.0
101,270,541.9861,1,1.25,0.00625,0.0
102,274,541.9861,1,1.25,0.00625,0.0
103,278,541.9861,1,1.25,0.00625,0.0
104,282,541.9861,1,1.25,0.00625,0.0
105,287,541.9861,1,1.25,0.00625,0.0
106,291,541.9861,1,1.25,0.00625,0.0
107,295,541.9861,1,1.25,0.00625,0.0
108,300,541.9861,1,1.25,0.00625,0.0
109,304,541.9861,1,1.25,0.00625,0.0
110,309,534.7457,1,1.25,0.00625,0.0
111,313,534.7457,1,1.25,0.00625,0.0
112,317,534.7457,1,1.25,0.00625,0.0
113,321,534.7457,1,1.25,0.00625,0.0
114,326,534.7457,1,1.25,0.00625,0.0
115,330,534.7457,1,1.25,0.00625,0.0
116,334,534.7457,1,1.25,0.00625,0.0
117,338,534.7457,1,1.25,0.00625,0.0
118,343,534.7457,1,1.25,0.00625,0.0
119,347,534.7457,1,1.25,0.00625,0.0
120,351,527.9757,1,1.25,0.00625,0.0
121,355,527.9757,1,1.25,0.00625,0.0
122,360,527.9757,1,1.25,0.00625,0.0
123,365,527.9757,1,1.25,0.00625,0.0
124,369,527.9757,1,1.25,0.00625,0.0
125,374,527.9757,1,1.25,0.00625,0.0
126,378,527.9757,1,1.25,0.00625,0.0
127,382,527.9757,1,1.25,0.00625,0.0
128,387,527.9757,1,1.25,0.00625,0.0
129,392,527.9757,1,1.25,0.00625,0.0
130,396,520.3058,1,1.25,0.00625,0.0
131,400,520.3058,1,1.25,0.00625,0.0
132,405,520.3058,1,1.25,0.00625,0.0
133,409,520.3058,1,1.25,0.00625,0.0
134,413,520.3058,1,1.25,0.00625,0.0
135,418,520.3058,1,1.25,0.00625,0.0
136,422,520.3058,1,1.25,0.00625,0.0
137,426,520.3058,1,1.25,0.00625,0.0
138,431,520.3058,1,1.25,0.00625,0.0
139,435,520.3058,1,1.25,0.00625,0.0
140,439,513.4745,1,1.25,0.00625,0.0
141,444,513.4745,1,1.25,0.00625,0.0
142,449,513.4745,1,1.25,0.00625,0.0
143,453,513.4745,1,1.25,0.00625,0.0
144,458,513.4745,1,1.25,0.00625,0.0
145,462,513.4745,1,1.25,0.00625,0.0
146,466,513.4745,1,1.25,0.00625,0.0
147,470,513.4745,1,1.25,0.00625,0.0
148,474,513.4745,1,1.25,0.00625,0.0
149,478,513.4745,1,1.25,0.00625,0.0
150,483,506.1728,1,1.25,0.00625,0.0
151,487,506.1728,1,1.25,0.00625,0.0
152,491,506.1728,1,1.25,0.00625,0.0
153,497,506.1728,1,1.25,0.00625,0.0
154,501,506.1728,1,1.25,0.00625,0.0
155,505,506.1728,1,1.25,0.00625,0.0
156,510,506.1728,1,1.25,0.00625,0.0
157,514,506.1728,1,1.25,0.00625,0.0
158,520,506.1728,1,1.25,0.00625,0.0
159,524,506.1728,1,1.25,0.00625,0.0
160,528,498.7074,1,1.25,0.00625,0.0
161,533,498.7074,1,1.25,0.00625,0.0
162,538,498.7074,1,1.25,0.00625,0.0
163,542,498.7074,1,1.25,0.00625,0.0
164,548,498.7074,1,1.25,0.00625,0.0
165,552,498.7074,1,1.25,0.00625,0.0
166,556,498.7074,1,1.25,0.00625,0.0
167,561,498.7074,1,1.25,0.00625,0.0
168,565,498.7074,1,1.25,0.00625,0.0
169,570,498.7074,1,1.25,0.00625,0.0
170,574,491.0784,1,1.25,0.00625,0.0
171,578,491.0784,1,1.25,0.00625,0.0
172,583,491.0784,1,1.25,0.00625,0.0
173,588,491.0784,1,1.25,0.00625,0.0
174,593,491.0784,1,1.25,0.00625,0.0
175,598,491.0784,1,1.25,0.00625,0.0
176,602,491.0784,1,1.25,0.00625,0.0
177,607,491.0784,1,1.25,0.00625,0.0
178,611,491.0784,1,1.25,0.00625,0.0
179,616,491.0784,1,1.25,0.00625,0.0
180,621,483.5517,1,1.25,0.00625,0.0
181,625,483.5517,1,1.25,0.00625,0.0
182,630,483.5517,1,1.25,0.00625,0.0
183,634,483.5517,1,1.25,0.00625,0.0
184,638,483.5517,1,1.25,0.00625,0.0
185,643,483.5517,1,1.25,0.00625,0.0
186,647,483.5517,1,1.25,0.00625,0.0
187,652,483.5517,1,1.25,0.00625,0.0
188,656,483.5517,1,1.25,0.00625,0.0
189,660,483.5517,1,1.25,0.00625,0.0
190,665,476.2909,1,1.25,0.00625,0.0
191,669,476.2909,1,1.25,0.00625,0.0
192,673,476.2909,1,1.25,0.00625,0.0
193,678,476.2909,1,1.25,0.00625,0.0
194,682,476.2909,1,1.25,0.00625,0.0
195,688,476.2909,1,1.25,0.00625,0.0
196,692,476.2909,1,1.25,0.00625,0.0
197,696,476.2909,1,1.25,0.00625,0.0
198,701,476.2909,1,1.25,0.00625,0.0
199,705,476.2909,1,1.25,0.00625,0.0
200,711,469.1936,1,1.25,0.00625,0.0
201,715,469.1936,1,1.25,0.00625,0.0
202,720,469.1936,1,1.25,0.00625,0.0
203,725,469.1936,1,1.25,0.00625,0.0
204,729,469.1936,1,1.25,0.00625,0.0
205,734,469.1936,1,1.25,0.00625,0.0
206,739,469.1936,1,1.25,0.00625,0.0
207,743,469.1936,1,1.25,0.00625,0.0
208,748,469.1936,1,1.25,0.00625,0.0
209,752,469.1936,1,1.25,0.00625,0.0
210,756,461.1965,1,1.25,0.00625,0.0
211,762,461.1965,1,1.25,0.00625,0.0
212,766,461.1965,1,1.25,0.00625,0.0
213,772,461.1965,1,1.25,0.00625,0.0
214,776,461.1965,1,1.25,0.00625,0.0
215,780,461.1965,1,1.25,0.00625,0.0
216,785,461.1965,1,1.25,0.00625,0.0
217,789,461.1965,1,1.25,0.00625,0.0
218,794,461.1965,1,1.25,0.00625,0.0
219,798,461.1965,1,1.25,0.00625,0.0
220,802,453.772,1,1.25,0.00625,0.0
221,807,453.772,1,1.25,0.00625,0.0
222,811,453.772,1,1.25,0.00625,0.0
223,816,453.772,1,1.25,0.00625,0.0
224,821,453.772,1,1.25,0.00625,0.0
225,825,453.772,1,1.25,0.00625,0.0
226,830,453.772,1,1.25,0.00625,0.0
227,834,453.772,1,1.25,0.00625,0.0
228,838,453.772,1,1.25,0.00625,0.0
229,843,453.772,1,1.25,0.00625,0.0
230,847,446.5112,1,1.25,0.00625,0.0
231,852,446.5112,1,1.25,0.00625,0.0
232,856,446.5112,1,1.25,0.00625,0.0
233,861,446.5112,1,1.25,0.00625,0.0
234,865,446.5112,1,1.25,0.00625,0.0
235,869,446.5112,1,1.25,0.00625,0.0
236,874,446.5112,1,1.25,0.00625,0.0
237,878,446.5112,1,1.25,0.00625,0.0
238,882,446.5112,1,1.25,0.00625,0.0
239,887,446.5112,1,1.25,0.00625,0.0
240,892,439.4139,1,1.25,0.00625,0.0
241,897,439.4139,1,1.25,0.00625,0.0
242,901,439.4139,1,1.25,0.00625,0.0
243,906,439.4139,1,1.25,0.00625,0.0
244,910,439.4139,1,1.25,0.00625,0.0
245,914,439.4139,1,1.25,0.00625,0.0
246,918,439.4139,1,1.25,0.00625,0.0
247,922,439.4139,1,1.25,0.00625,0.0
248,927,439.4139,1,1.25,0.00625,0.0
249,931,439.4139,1,1.25,0.00625,0.0
250,935,432.2145,1,1.25,0.00625,0.0
251,940,432.2145,1,1.25,0.00625,0.0
252,944,432.2145,1,1.25,0.00625,0.0
253,948,432.2145,1,1.25,0.00625,0.0
254,953,432.2145,1,1.25,0.00625,0.0
255,957,432.2145,1,1.25,0.00625,0.0
256,962,432.2145,1,1.25,0.00625,0.0
257,965,432.2145,1,1.25,0.00625,0.0
258,970,432.2145,1,1.25,0.00625,0.0
259,974,432.2145,1,1.25,0.00625,0.0
260,978,425.2809,1,1.25,0.00625,0.0
261,983,425.2809,1,1.25,0.00625,0.0
262,987,425.2809,1,1.25,0.00625,0.0
263,991,425.2809,1,1.25,0.00625,0.0
264,996,425.2809,1,1.25,0.00625,0.0
265,1000,425.2809,1,1.25,0.00625,0.0
266,1006,425.2809,1,1.25,0.00625,0.0
267,1010,425.2809,1,1.25,0.00625,0.0
268,1015,425.2809,1,1.25,0.00625,0.0
269,1019,425.2809,1,1.25,0.00625,0.0
270,1023,417.7132,1,1.25,0.00625,0.0
271,1028,417.7132,1,1.25,0.00625,0.0
272,1032,417.7132,1,1.25,0.00625,0.0
273,1037,417.7132,1,1.25,0.00625,0.0
274,1042,417.7132,1,1.25,0.00625,0.0
275,1046,417.7132,1,1.25,0.00625,0.0
276,1051,417.7132,1,1.25,0.00625,0.0
277,1055,417.7132,1,1.25,0.00625,0.0
278,1060,417.7132,1,1.25,0.00625,0.0
279,1064,417.7132,1,1.25,0.00625,0.0
280,1068,410.3502,1,1.25,0.00625,0.0
281,1073,410.3502,1,1.25,0.00625,0.0
282,1079,410.3502,1,1.25,0.00625,0.0
283,1083,410.3502,1,1.25,0.00625,0.0
284,1088,410.3502,1,1.25,0.00625,0.0
285,1092,410.3502,1,1.25,0.00625,0.0
286,1097,410.3502,1,1.25,0.00625,0.0
287,1101,410.3502,1,1.25,0.00625,0.0
288,1107,410.3502,1,1.25,0.00625,0.0
289,1111,410.3502,1,1.25,0.00625,0.0
290,1116,402.1893,1,1.25,0.00625,0.0
291,1121,402.1893,1,1.25,0.00625,0.0
292,1125,402.1893,1,1.25,0.00625,0.0
293,1130,402.1893,1,1.25,0.00625,0.0
294,1134,402.1893,1,1.25,0.00625,0.0
295,1138,402.1893,1,1.25,0.00625,0.0
296,1143,402.1893,1,1.25,0.00625,0.0
297,1147,402.1893,1,1.25,0.00625,0.0
298,1152,402.1893,1,1.25,0.00625,0.0
299,1156,402.1893,1,1.25,0.00625,0.0
300,1160,395.3989,1,1.25,0.00625,0.0
301,1165,395.3989,1,1.25,0.00625,0.0
302,1169,395.3989,1,1.25,0.00625,0.0
303,1174,395.3989,1,1.25,0.00625,0.0
304,1179,395.3989,1,1.25,0.00625,0.0
305,1183,395.3989,1,1.25,0.00625,0.0
306,1188,395.3989,1,1.25,0.00625,0.0
307,1192,395.3989,1,1.25,0.00625,0.0
308,1196,395.3989,1,1.25,0.00625,0.0
309,1201,395.3989,1,1.25,0.00625,0.0
310,1206,387.6677,1,1.25,0.00625,0.0
311,1211,387.6677,1,1.25,0.00625,0.0
312,1215,387.6677,1,1.25,0.00625,0.0
313,1220,387.6677,1,1.25,0.00625,0.0
314,1224,387.6677,1,1.25,0.00625,0.0
315,1228,387.6677,1,1.25,0.00625,0.0
316,1233,387.6677,1,1.25,0.00625,0.0
317,1237,387.6677,1,1.25,0.00625,0.0
318,1242,387.6677,1,1.25,0.00625,0.0
319,1246,387.6677,1,1.25,0.00625,0.0
320,1250,380.6727,1,1.25,0.00625,0.0
321,1255,380.6727,1,1.25,0.00625,0.0
322,1259,380.6727,1,1.25,0.00625,0.0
323,1264,380.6727,1,1.25,0.00625,0.0
324,1268,380.6727,1,1.25,0.00625,0.0
325,1272,380.6727,1,1.25,0.00625,0.0
326,1277,380.6727,1,1.25,0.00625,0.0
327,1281,380.6727,1,1.25,0.00625,0.0
328,1286,380.6727,1,1.25,0.00625,0.0
329,1290,380.6727,1,1.25,0.00625,0.0
330,1294,373.4732,1,1.25,0.00625,0.0
331,1299,373.4732,1,1.25,0.00625,0.0
332,1303,373.4732,1,1.25,0.00625,0.0
333,1308,373.4732,1,1.25,0.00625,0.0
334,1312,373.4732,1,1.25,0.00625,0.0
335,1317,373.4732,1,1.25,0.00625,0.0
336,1321,373.4732,1,1.25,0.00625,0.0
337,1325,373.4732,1,1.25,0.00625,0.0
338,1330,373.4732,1,1.25,0.00625,0.0
339,1334,373.4732,1,1.25,0.00625,0.0
340,1339,366.2737,1,1.25,0.00625,0.0
341,1343,366.2737,1,1.25,0.00625,0.0
342,1347,366.2737,1,1.25,0.00625,0.0
343,1352,366.2737,1,1.25,0.00625,0.0
344,1355,366.2737,1,1.25,0.00625,0.0
345,1360,366.2737,1,1.25,0.00625,0.0
346,1364,366.2737,1,1.25,0.00625,0.0
347,1368,366.2737,1,1.25,0.00625,0.0
348,1374,366.2737,1,1.25,0.00625,0.0
349,1378,366.2737,1,1.25,0.00625,0.0
350,1383,359.0742,1,1.25,0.00625,0.0
351,1387,359.0742,1,1.25,0.00625,0.0
352,1391,359.0742,1,1.25,0.00625,0.0
353,1396,359.0742,1,1.25,0.00625,0.0
354,1400,359.0742,1,1.25,0.00625,0.0
355,1404,359.0742,1,1.25,0.00625,0.0
356,1408,359.0742,1,1.25,0.00625,0.0
357,1412,359.0742,1,1.25,0.00625,0.0
358,1417,359.0742,1,1.25,0.00625,0.0
359,1422,359.0742,1,1.25,0.00625,0.0
360,1427,351.6089,1,1.25,0.00625,0.0
361,1431,351.6089,1,1.25,0.00625,0.0
362,1435,351.6089,1,1.25,0.00625,0.0
363,1440,351.6089,1,1.25,0.00625,0.0
364,1445,351.6089,1,1.25,0.00625,0.0
365,1450,351.6089,1,1.25,0.00625,0.0
366,1454,351.6089,1,1.25,0.00625,0.0
367,1458,351.6089,1,1.25,0.00625,0.0
368,1463,351.6089,1,1.25,0.00625,0.0
369,1468,351.6089,1,1.25,0.00625,0.0
370,1473,343.9799,1,1.25,0.00625,0.0
371,1478,343.9799,1,1.25,0.00625,0.0
372,1482,343.9799,1,1.25,0.00625,0.0
373,1487,343.9799,1,1.25,0.00625,0.0
374,1491,343.9799,1,1.25,0.00625,0.0
375,1496,343.9799,1,1.25,0.00625,0.0
376,1500,343.9799,1,1.25,0.00625,0.0
377,1504,343.9799,1,1.25,0.00625,0.0
378,1508,343.9799,1,1.25,0.00625,0.0
379,1512,343.9799,1,1.25,0.00625,0.0
380,1516,336.985,1,1.25,0.00625,0.0
381,1520,336.985,1,1.25,0.00625,0.0
382,1524,336.985,1,1.25,0.00625,0.0
383,1529,336.985,1,1.25,0.00625,0.0
384,1533,336.985,1,1.25,0.00625,0.0
385,1538,336.985,1,1.25,0.00625,0.0
386,1542,336.985,1,1.25,0.00625,0.0
387,1547,336.985,1,1.25,0.00625,0.0
388,1550,336.985,1,1.25,0.00625,0.0
389,1554,336.985,1,1.25,0.00625,0.0
390,1559,330.3172,1,1.25,0.00625,0.0
391,1563,330.3172,1,1.25,0.00625,0.0
392,1568,330.3172,1,1.25,0.00625,0.0
393,1572,330.3172,1,1.25,0.00625,0.0
394,1576,330.3172,1,1.25,0.00625,0.0
395,1581,330.3172,1,1.25,0.00625,0.0
396,1585,330.3172,1,1.25,0.00625,0.0
397,1590,330.3172,1,1.25,0.00625,0.0
398,1594,330.3172,1,1.25,0.00625,0.0
399,1599,330.3172,1,1.25,0.00625,0.0
400,1604,322.6473,1,1.25,0.00625,0.0
401,1608,322.6473,1,1.25,0.00625,0.0
402,1614,322.6473,1,1.25,0.00625,0.0
403,1618,322.6473,1,1.25,0.00625,0.0
404,1622,322.6473,1,1.25,0.00625,0.0
405,1627,322.6473,1,1.25,0.00625,0.0
406,1631,322.6473,1,1.25,0.00625,0.0
407,1636,322.6473,1,1.25,0.00625,0.0
408,1640,322.6473,1,1.25,0.00625,0.0
409,1645,322.6473,1,1.25,0.00625,0.0
410,1649,315.2842,1,1.25,0.00625,0.0
411,1653,315.2842,1,1.25,0.00625,0.0
412,1658,315.2842,1,1.25,0.00625,0.0
413,1661,315.2842,1,1.25,0.00625,0.0
414,1665,315.2842,1,1.25,0.00625,0.0
415,1671,315.2842,1,1.25,0.00625,0.0
416,1675,315.2842,1,1.25,0.00625,0.0
417,1680,315.2842,1,1.25,0.00625,0.0
418,1684,315.2842,1,1.25,0.00625,0.0
419,1689,315.2842,1,1.25,0.00625,0.0
420,1693,308.187,1,1.25,0.00625,0.0
421,1697,308.187,1,1.25,0.00625,0.0
422,1702,308.187,1,1.25,0.00625,0.0
423,1706,308.187,1,1.25,0.00625,0.0
424,1710,308.187,1,1.25,0.00625,0.0
425,1715,308.187,1,1.25,0.00625,0.0
426,1719,308.187,1,1.25,0.00625,0.0
427,1724,308.187,1,1.25,0.00625,0.0
428,1728,308.187,1,1.25,0.00625,0.0
429,1733,308.187,1,1.25,0.00625,0.0
430,1737,300.9875,1,1.25,0.00625,0.0
431,1742,300.9875,1,1.25,0.00625,0.0
432,1747,300.9875,1,1.25,0.00625,0.0
433,1751,300.9875,1,1.25,0.00625,0.0
434,1756,300.9875,1,1.25,0.00625,0.0
435,1761,300.9875,1,1.25,0.00625,0.0
436,1765,300.9875,1,1.25,0.00625,0.0
437,1770,300.9875,1,1.25,0.00625,0.0
438,1774,300.9875,1,1.25,0.00625,0.0
439,1778,300.9875,1,1.25,0.00625,0.0
440,1784,293.2562,1,1.25,0.00625,0.0
441,1788,293.2562,1,1.25,0.00625,0.0
442,1793,293.2562,1,1.25,0.00625,0.0
443,1797,293.2562,1,1.25,0.00625,0.0
444,1802,293.2562,1,1.25,0.00625,0.0
445,1806,293.2562,1,1.25,0.00625,0.0
446,1811,293.2562,1,1.25,0.00625,0.0
447,1816,293.2562,1,1.25,0.00625,0.0
448,1821,293.2562,1,1.25,0.00625,0.0
449,1826,293.2562,1,1.25,0.00625,0.0
450,1830,285.4637,1,1.25,0.00625,0.0
451,1835,285.4637,1,1.25,0.00625,0.0
452,1839,285.4637,1,1.25,0.00625,0.0
453,1843,285.4637,1,1.25,0.00625,0.0
454,1848,285.4637,1,1.25,0.00625,0.0
455,1852,285.4637,1,1.25,0.00625,0.0
456,1857,285.4637,1,1.25,0.00625,0.0
457,1861,285.4637,1,1.25,0.00625,0.0
458,1865,285.4637,1,1.25,0.00625,0.0
459,1870,285.4637,1,1.25,0.00625,0.0
460,1874,278.571,1,1.25,0.00625,0.0
461,1879,278.571,1,1.25,0.00625,0.0
462,1884,278.571,1,1.25,0.00625,0.0
463,1888,278.571,1,1.25,0.00625,0.0
464,1892,278.571,1,1.25,0.00625,0.0
465,1896,278.571,1,1.25,0.00625,0.0
466,1901,278.571,1,1.25,0.00625,0.0
467,1905,278.571,1,1.25,0.00625,0.0
468,1910,278.571,1,1.25,0.00625,0.0
469,1915,278.571,1,1.25,0.00625,0.0
470,1919,271.1056,1,1.25,0.00625,0.0
471,1924,271.1056,1,1.25,0.00625,0.0
472,1928,271.1056,1,1.25,0.00625,0.0
473,1933,271.1056,1,1.25,0.00625,0.0
474,1937,271.1056,1,1.25,0.00625,0.0
475,1941,271.1056,1,1.25,0.00625,0.0
476,1946,271.1056,1,1.25,0.00625,0.0
477,1950,271.1056,1,1.25,0.00625,0.0
478,1955,271.1056,1,1.25,0.00625,0.0
479,1960,271.1056,1,1.25,0.00625,0.0
480,1964,263.7425,1,1.25,0.00625,0.0
481,1969,263.7425,1,1.25,0.00625,0.0
482,1973,263.7425,1,1.25,0.00625,0.0
483,1978,263.7425,1,1.25,0.00625,0.0
484,1982,263.7425,1,1.25,0.00625,0.0
485,1986,263.7425,1,1.25,0.00625,0.0
486,1992,263.7425,1,1.25,0.00625,0.0
487,1996,263.7425,1,1.25,0.00625,0.0
488,2001,263.7425,1,1.25,0.00625,0.0
489,2006,263.7425,1,1.25,0.00625,0.0
490,2010,256.1135,1,1.25,0.00625,0.0
491,2015,256.1135,1,1.25,0.00625,0.0
492,2019,256.1135,1,1.25,0.00625,0.0
493,2024,256.1135,1,1.25,0.00625,0.0
494,2028,256.1135,1,1.25,0.00625,0.0
495,2033,256.1135,1,1.25,0.00625,0.0
496,2037,256.1135,1,1.25,0.00625,0.0
497,2041,256.1135,1,1.25,0.00625,0.0
498,2046,256.1135,1,1.25,0.00625,0.0
499,2050,256.1135,1,1.25,0.00625,0.0
500,2056,248.8526,1,1.25,0.00625,0.0
501,2060,248.8526,1,1.25,0.00625,0.0
502,2064,248.8526,1,1.25,0.00625,0.0
503,2069,248.8526,1,1.25,0.00625,0.0
504,2073,248.8526,1,1.25,0.00625,0.0
505,2078,248.8526,1,1.25,0.00625,0.0
506,2082,248.8526,1,1.25,0.00625,0.0
507,2086,248.8526,1,1.25,0.00625,0.0
508,2090,248.8526,1,1.25,0.00625,0.0
509,2094,248.8526,1,1.25,0.00625,0.0
510,2099,241.7554,1,1.25,0.00625,0.0
511,2102,241.7554,1,1.25,0.00625,0.0
512,2106,241.7554,1,1.25,0.00625,0.0
513,2111,241.7554,1,1.25,0.00625,0.0
514,2115,241.7554,1,1.25,0.00625,0.0
515,2120,241.7554,1,1.25,0.00625,0.0
516,2124,241.7554,1,1.25,0.00625,0.0
517,2129,241.7554,1,1.25,0.00625,0.0
518,2134,241.7554,1,1.25,0.00625,0.0
519,2138,241.7554,1,1.25,0.00625,0.0
520,2143,234.5559,1,1.25,0.00625,0.0
521,2147,234.5559,1,1.25,0.00625,0.0
522,2153,234.5559,1,1.25,0.00625,0.0
523,2157,234.5559,1,1.25,0.00625,0.0
524,2162,234.5559,1,1.25,0.00625,0.0
525,2167,234.5559,1,1.25,0.00625,0.0
526,2171,234.5559,1,1.25,0.00625,0.0
527,2176,234.5559,1,1.25,0.00625,0.0
528,2180,234.5559,1,1.25,0.00625,0.0
529,2186,234.5559,1,1.25,0.00625,0.0
530,2190,226.5588,1,1.25,0.00625,0.0
531,2194,226.5588,1,1.25,0.00625,0.0
532,2199,226.5588,1,1.25,0.00625,0.0
533,2203,226.5588,1,1.25,0.00625,0.0
534,2208,226.5588,1,1.25,0.00625,0.0
535,2212,226.5588,1,1.25,0.00625,0.0
536,2216,226.5588,1,1.25,0.00625,0.0
537,2221,226.5588,1,1.25,0.00625,0.0
538,2225,226.5588,1,1.25,0.00625,0.0
539,2230,226.5588,1,1.25,0.00625,0.0
540,2233,219.6661,1,1.25,0.00625,0.0
541,2238,219.6661,1,1.25,0.00625,0.0
542,2242,219.6661,1,1.25,0.00625,0.0
543,2246,219.6661,1,1.25,0.00625,0.0
544,2252,219.6661,1,1.25,0.00625,0.0
545,2257,219.6661,1,1.25,0.00625,0.0
546,2262,219.6661,1,1.25,0.00625,0.0
547,2266,219.6661,1,1.25,0.00625,0.0
548,2270,219.6661,1,1.25,0.00625,0.0
549,2275,219.6661,1,1.25,0.00625,0.0
550,2279,212.2007,1,1.25,0.00625,0.0
551,2284,212.2007,1,1.25,0.00625,0.0
552,2288,212.2007,1,1.25,0.00625,0.0
553,2293,212.2007,1,1.25,0.00625,0.0
554,2297,212.2007,1,1.25,0.00625,0.0
555,2301,212.2007,1,1.25,0.00625,0.0
556,2306,212.2007,1,1.25,0.00625,0.0
557,2310,212.2007,1,1.25,0.00625,0.0
558,2315,212.2007,1,1.25,0.00625,0.0
559,2319,212.2007,1,1.25,0.00625,0.0
560,2324,205.1035,1,1.25,0.00625,0.0
561,2328,205.1035,1,1.25,0.00625,0.0
562,2332,205.1035,1,1.25,0.00625,0.0
563,2337,205.1035,1,1.25,0.00625,0.0
564,2341,205.1035,1,1.25,0.00625,0.0
565,2345,205.1035,1,1.25,0.00625,0.0
566,2350,205.1035,1,1.25,0.00625,0.0
567,2354,205.1035,1,1.25,0.00625,0.0
568,2359,205.1035,1,1.25,0.00625,0.0
569,2363,205.1035,1,1.25,0.00625,0.0
570,2368,197.904,1,1.25,0.00625,0.0
571,2372,197.904,1,1.25,0.00625,0.0
572,2377,197.904,1,1.25,0.00625,0.0
573,2381,197.904,1,1.25,0.00625,0.0
574,2385,197.904,1,1.25,0.00625,0.0
575,2390,197.904,1,1.25,0.00625,0.0
576,2394,197.904,1,1.25,0.00625,0.0
577,2398,197.904,1,1.25,0.00625,0.0
578,2404,197.904,1,1.25,0.00625,0.0
579,2408,197.904,1,1.25,0.00625,0.0
580,2413,190.1727,1,1.25,0.00625,0.0
581,2417,190.1727,1,1.25,0.00625,0.0
582,2422,190.1727,1,1.25,0.00625,0.0
583,2426,190.1727,1,1.25,0.00625,0.0
584,2430,190.1727,1,1.25,0.00625,0.0
585,2435,190.1727,1,1.25,0.00625,0.0
586,2439,190.1727,1,1.25,0.00625,0.0
587,2444,190.1727,1,1.25,0.00625,0.0
588,2448,190.1727,1,1.25,0.00625,0.0
589,2452,190.1727,1,1.25,0.00625,0.0
590,2457,183.1778,1,1.25,0.00625,0.0
591,2461,183.1778,1,1.25,0.00625,0.0
592,2466,183.1778,1,1.25,0.00625,0.0
593,2470,183.1778,1,1.25,0.00625,0.0
594,2476,183.1778,1,1.25,0.00625,0.0
595,2480,183.1778,1,1.25,0.00625,0.0
596,2484,183.1778,1,1.25,0.00625,0.0
597,2489,183.1778,1,1.25,0.00625,0.0
598,2494,183.1778,1,1.25,0.00625,0.0
599,2499,183.1778,1,1.25,0.00625,0.0
600,2504,175.4465,1,1.25,0.00625,0.0
601,2509,175.4465,1,1.25,0.00625,0.0
602,2513,175.4465,1,1.25,0.00625,0.0
603,2517,175.4465,1,1.25,0.00625,0.0
604,2522,175.4465,1,1.25,0.00625,0.0
605,2526,175.4465,1,1.25,0.00625,0.0
606,2531,175.4465,1,1.25,0.00625,0.0
607,2535,175.4465,1,1.25,0.00625,0.0
608,2539,175.4465,1,1.25,0.00625,0.0
609,2544,175.4465,1,1.25,0.00625,0.0
610,2548,168.1857,1,1.25,0.00625,0.0
611,2553,168.1857,1,1.25,0.00625,0.0
612,2557,168.1857,1,1.25,0.00625,0.0
613,2561,168.1857,1,1.25,0.00625,0.0
614,2567,168.1857,1,1.25,0.00625,0.0
615,2571,168.1857,1,1.25,0.00625,0.0
616,2575,168.1857,1,1.25,0.00625,0.0
617,2579,168.1857,1,1.25,0.00625,0.0
618,2584,168.1857,1,1.25,0.00625,0.0
619,2588,168.1857,1,1.25,0.00625,0.0
620,2592,161.0885,1,1.25,0.00625,0.0
621,2597,161.0885,1,1.25,0.00625,0.0
622,2601,161.0885,1,1.25,0.00625,0.0
623,2606,161.0885,1,1.25,0.00625,0.0
624,2610,161.0885,1,1.25,0.00625,0.0
625,2616,161.0885,1,1.25,0.00625,0.0
626,2620,161.0885,1,1.25,0.00625,0.0
627,2625,161.0885,1,1.25,0.00625,0.0
628,2630,161.0885,1,1.25,0.00625,0.0
629,2634,161.0885,1,1.25,0.00625,0.0
630,2639,153.0913,1,1.25,0.00625,0.0
631,2643,153.0913,1,1.25,0.00625,0.0
632,2648,153.0913,1,1.25,0.00625,0.0
633,2653,153.0913,1,1.25,0.00625,0.0
634,2657,153.0913,1,1.25,0.00625,0.0
635,2662,153.0913,1,1.25,0.00625,0.0
636,2666,153.0913,1,1.25,0.00625,0.0
637,2671,153.0913,1,1.25,0.00625,0.0
638,2675,153.0913,1,1.25,0.00625,0.0
639,2679,153.0913,1,1.25,0.00625,0.0
640,2684,145.9327,1,1.25,0.00625,0.0
641,2688,145.9327,1,1.25,0.00625,0.0
642,2693,145.9327,1,1.25,0.00625,0.0
643,2698,145.9327,1,1.25,0.00625,0.0
644,2702,145.9327,1,1.25,0.00625,0.0
645,2707,145.9327,1,1.25,0.00625,0.0
646,2711,145.9327,1,1.25,0.00625,0.0
647,2716,145.9327,1,1.25,0.00625,0.0
648,2720,145.9327,1,1.25,0.00625,0.0
649,2725,145.9327,1,1.25,0.00625,0.0
650,2729,138.5696,1,1.25,0.00625,0.0
651,2733,138.5696,1,1.25,0.00625,0.0
652,2738,138.5696,1,1.25,0.00625,0.0
653,2742,138.5696,1,1.25,0.00625,0.0
654,2747,138.5696,1,1.25,0.00625,0.0
655,2751,138.5696,1,1.25,0.00625,0.0
656,2755,138.5696,1,1.25,0.00625,0.0
657,2760,138.5696,1,1.25,0.00625,0.0
658,2764,138.5696,1,1.25,0.00625,0.0
659,2769,138.5696,1,1.25,0.00625,0.0
660,2775,131.4724,1,1.25,0.00625,0.0
661,2780,131.4724,1,1.25,0.00625,0.0
662,2784,131.4724,1,1.25,0.00625,0.0
663,2788,131.4724,1,1.25,0.00625,0.0
664,2793,131.4724,1,1.25,0.00625,0.0
665,2797,131.4724,1,1.25,0.00625,0.0
666,2802,131.4724,1,1.25,0.00625,0.0
667,2806,131.4724,1,1.25,0.00625,0.0
668,2811,131.4724,1,1.25,0.00625,0.0
669,2815,131.4724,1,1.25,0.00625,0.0
670,2820,123.7411,1,1.25,0.00625,0.0
671,2825,123.7411,1,1.25,0.00625,0.0
672,2829,123.7411,1,1.25,0.00625,0.0
673,2834,123.7411,1,1.25,0.00625,0.0
674,2838,123.7411,1,1.25,0.00625,0.0
675,2842,123.7411,1,1.25,0.00625,0.0
676,2848,123.7411,1,1.25,0.00625,0.0
677,2852,123.7411,1,1.25,0.00625,0.0
678,2857,123.7411,1,1.25,0.00625,0.0
679,2861,123.7411,1,1.25,0.00625,0.0
680,2867,115.9485,1,1.25,0.00625,0.0
681,2871,115.9485,1,1.25,0.00625,0.0
682,2875,115.9485,1,1.25,0.00625,0.0
683,2880,115.9485,1,1.25,0.00625,0.0
684,2884,115.9485,1,1.25,0.00625,0.0
685,2889,115.9485,1,1.25,0.00625,0.0
686,2893,115.9485,1,1.25,0.00625,0.0
687,2897,115.9485,1,1.25,0.00625,0.0
688,2902,115.9485,1,1.25,0.00625,0.0
689,2906,115.9485,1,1.25,0.00625,0.0
690,2912,108.7899,1,1.25,0.00625,0.0
691,2916,108.7899,1,1.25,0.00625,0.0
692,2921,108.7899,1,1.25,0.00625,0.0
693,2925,108.7899,1,1.25,0.00625,0.0
694,2929,108.7899,1,1.25,0.00625,0.0
695,2934,108.7899,1,1.25,0.00625,0.0
696,2938,108.7899,1,1.25,0.00625,0.0
697,2943,108.7899,1,1.25,0.00625,0.0
698,2947,108.7899,1,1.25,0.00625,0.0
699,2951,108.7899,1,1.25,0.00625,0.0
700,2956,101.4269,1,1.25,0.00625,0.0
701,2960,101.4269,1,1.25,0.00625,0.0
702,2965,101.4269,1,1.25,0.00625,0.0
703,2969,101.4269,1,1.25,0.00625,0.0
704,2974,101.4269,1,1.25,0.00625,0.0
705,2978,101.4269,1,1.25,0.00625,0.0
706,2982,101.4269,1,1.25,0.00625,0.0
707,2988,101.4269,1,1.25,0.00625,0.0
708,2993,101.4269,1,1.25,0.00625,0.0
709,2998,101.4269,1,1.25,0.00625,0.0
710,3002,93.7978,1,1.25,0.00625,0.0
711,3006,93.7978,1,1.25,0.00625,0.0
712,3011,93.7978,1,1.25,0.00625,0.0
713,3015,93.7978,1,1.25,0.00625,0.0
714,3020,93.7978,1,1.25,0.00625,0.0
715,3024,93.7978,1,1.25,0.00625,0.0
716,3029,93.7978,1,1.25,0.00625,0.0
717,3033,93.7978,1,1.25,0.00625,0.0
718,3037,93.7978,1,1.25,0.00625,0.0
719,3043,93.7978,1,1.25,0.00625,0.0
720,3047,86.537,1,1.25,0.00625,0.0
721,3052,86.537,1,1.25,0.00625,0.0
722,3056,86.537,1,1.25,0.00625,0.0
723,3061,86.537,1,1.25,0.00625,0.0
724,3065,86.537,1,1.25,0.00625,0.0
725,3069,86.537,1,1.25,0.00625,0.0
726,3074,86.537,1,1.25,0.00625,0.0
727,3078,86.537,1,1.25,0.00625,0.0
728,3083,86.537,1,1.25,0.00625,0.0
729,3088,86.537,1,1.25,0.00625,0.0
730,3092,79.1739,1,1.25,0.00625,0.0
731,3097,79.1739,1,1.25,0.00625,0.0
732,3101,79.1739,1,1.25,0.00625,0.0
733,3106,79.1739,1,1.25,0.00625,0.0
734,3110,79.1739,1,1.25,0.00625,0.0
735,3115,79.1739,1,1.25,0.00625,0.0
736,3118,79.1739,1,1.25,0.00625,0.0
737,3122,79.1739,1,1.25,0.00625,0.0
738,3127,79.1739,1,1.25,0.00625,0.0
739,3131,79.1739,1,1.25,0.00625,0.0
740,3135,72.3425,1,1.25,0.00625,0.0
741,3141,72.3425,1,1.25,0.00625,0.0
742,3145,72.3425,1,1.25,0.00625,0.0
743,3150,72.3425,1,1.25,0.00625,0.0
744,3154,72.3425,1,1.25,0.00625,0.0
745,3160,72.3425,1,1.25,0.00625,0.0
746,3164,72.3425,1,1.25,0.00625,0.0
747,3169,72.3425,1,1.25,0.00625,0.0
748,3173,72.3425,1,1.25,0.00625,0.0
749,3177,72.3425,1,1.25,0.00625,0.0
750,3183,64.2431,1,1.25,0.00625,0.0
751,3187,64.2431,1,1.25,0.00625,0.0
752,3192,64.2431,1,1.25,0.00625,0.0
753,3196,64.2431,1,1.25,0.00625,0.0
754,3200,64.2431,1,1.25,0.00625,0.0
755,3205,64.2431,1,1.25,0.00625,0.0
756,3209,64.2431,1,1.25,0.00625,0.0
757,3214,64.2431,1,1.25,0.00625,0.0
758,3218,64.2431,1,1.25,0.00625,0.0
759,3223,64.2431,1,1.25,0.00625,0.0
760,3227,57.0846,1,1.25,0.00625,0.0
761,3232,57.0846,1,1.25,0.00625,0.0
762,3237,57.0846,1,1.25,0.00625,0.0
763,3241,57.0846,1,1.25,0.00625,0.0
764,3246,57.0846,1,1.25,0.00625,0.0
765,3250,57.0846,1,1.25,0.00625,0.0
766,3255,57.0846,1,1.25,0.00625,0.0
767,3260,57.0846,1,1.25,0.00625,0.0
768,3265,57.0846,1,1.25,0.00625,0.0
769,3270,57.0846,1,1.25,0.00625,0.0
770,3274,49.1897,1,1.25,0.00625,0.0
771,3279,49.1897,1,1.25,0.00625,0.0
772,3283,49.1897,1,1.25,0.00625,0.0
773,3287,49.1897,1,1.25,0.00625,0.0
774,3292,49.1897,1,1.25,0.00625,0.0
775,3296,49.1897,1,1.25,0.00625,0.0
776,3301,49.1897,1,1.25,0.00625,0.0
777,3306,49.1897,1,1.25,0.00625,0.0
778,3310,49.1897,1,1.25,0.00625,0.0
779,3316,49.1897,1,1.25,0.00625,0.0
780,3320,41.7652,1,1.25,0.00625,0.0
781,3325,41.7652,1,1.25,0.00625,0.0
782,3329,41.7652,1,1.25,0.00625,0.0
783,3334,41.7652,1,1.25,0.00625,0.0
784,3338,41.7652,1,1.25,0.00625,0.0
785,3343,41.7652,1,1.25,0.00625,0.0
786,3348,41.7652,1,1.25,0.00625,0.0
787,3352,41.7652,1,1.25,0.00625,0.0
788,3357,41.7652,1,1.25,0.00625,0.0
789,3361,41.7652,1,1.25,0.00625,0.0
790,3366,34.5044,1,1.25,0.00625,0.0
791,3370,34.5044,1,1.25,0.00625,0.0
792,3374,34.5044,1,1.25,0.00625,0.0
793,3379,34.5044,1,1.25,0.00625,0.0
794,3383,34.5044,1,1.25,0.00625,0.0
795,3388,34.5044,1,1.25,0.00625,0.0
796,3392,34.5044,1,1.25,0.00625,0.0
797,3396,34.5044,1,1.25,0.00625,0.0
798,3401,34.5044,1,1.25,0.00625,0.0
799,3405,34.5044,1,1.25,0.00625,0.0
800,3410,27.1412,1,1.25,0.00625,0.0
801,3414,27.1412,1,1.25,0.00625,0.0
802,3419,27.1412,1,1.25,0.00625,0.0
803,3423,27.1412,1,1.25,0.00625,0.0
804,3427,27.1412,1,1.25,0.00625,0.0
805,3432,27.1412,1,1.25,0.00625,0.0
806,3436,27.1412,1,1.25,0.00625,0.0
807,3441,27.1412,1,1.25,0.00625,0.0
808,3445,27.1412,1,1.25,0.00625,0.0
809,3450,27.1412,1,1.25,0.00625,0.0
810,3455,20.0441,1,1.25,0.00625,0.0
811,3459,20.0441,1,1.25,0.00625,0.0
812,3465,20.0441,1,1.25,0.00625,0.0
813,3469,20.0441,1,1.25,0.00625,0.0
814,3474,20.0441,1,1.25,0.00625,0.0
815,3478,20.0441,1,1.25,0.00625,0.0
816,3482,20.0441,1,1.25,0.00625,0.0
817,3487,20.0441,1,1.25,0.00625,0.0
818,3491,20.0441,1,1.25,0.00625,0.0
819,3496,20.0441,1,1.25,0.00625,0.0
820,3500,12.3128,1,1.25,0.00625,0.0
821,3505,12.3128,1,1.25,0.00625,0.0
822,3509,12.3128,1,1.25,0.00625,0.0
823,3515,12.3128,1,1.25,0.00625,0.0
824,3519,12.3128,1,1.25,0.00625,0.0
825,3523,12.3128,1,1.25,0.00625,0.0
826,3528,12.3128,1,1.25,0.00625,0.0
827,3532,12.3128,1,1.25,0.00625,0.0
828,3537,12.3128,1,1.25,0.00625,0.0
829,3541,12.3128,1,1.25,0.00625,0.0
830,3545,5.052,1,1.25,0.00625,0.0
831,3550,5.052,1,1.25,0.00625,0.0
832,3554,5.052,1,1.25,0.00625,0.0
833,3558,5.052,1,1.25,0.00625,0.0
834,3563,5.052,1,1.25,0.00625,0.0
835,3567,5.052,1,1.25,0.00625,0.0
836,3571,5.052,1,1.25,0.00625,0.0
837,3575,5.052,1,1.25,0.00625,0.0
838,3579,5.052,1,1.25,0.00625,0.0
839,3583,5.052,1,1.25,0.00625,0.0
840,3587,-1.5135,1,1.25,0.00625,0.0
841,3590,-1.5135,1,1.25,0.00625,0.0
842,3594,-1.5135,1,1.25,0.00625,0.0
843,3598,-1.5135,1,1.25,0.00625,0.0
844,3601,-1.5135,1,1.25,0.00625,0.0
845,3604,-1.5135,1,1.25,0.00625,0.0
846,3608,-1.5135,1,1.25,0.00625,0.0
847,3611,-1.5135,1,1.25,0.00625,0.0
848,3614,-1.5135,1,1.25,0.00625,0.0
849,3617,-1.5135,1,1.25,0.00625,0.0
850,3620,-6.2586,1,1.25,0.00625,0.0
851,3622,-6.2586,1,1.25,0.00625,0.0
852,3625,-6.2586,1,1.25,0.00625,0.0
853,3627,-6.2586,1,1.25,0.00625,0.0
854,3629,-6.2586,1,1.25,0.00625,0.0
855,3632,-6.2586,1,1.25,0.00625,0.0
856,3634,-6.2586,1,1.25,0.00625,0.0
857,3635,-6.2586,1,1.25,0.00625,0.0
858,3637,-6.2586,1,1.25,0.00625,0.0
859,3639,-6.2586,1,1.25,0.00625,0.0
860,3640,-8.6312,1,1.25,0.00625,0.0
861,3642,-8.6312,1,1.25,0.00625,0.0
862,3643,-8.6312,1,1.25,0.00625,0.0
863,3644,-8.6312,1,1.25,0.00625,0.0
864,3645,-8.6312,1,1.25,0.00625,0.0
865,3646,-8.6312,1,1.25,0.00625,0.0
866,3646,-8.6312,1,1.25,0.00625,0.0
867,3647,-8.6312,1,1.25,0.00625,0.0
868,3647,-8.6312,1,1.25,0.00625,0.0
869,3648,-8.6312,1,1.25,0.00625,0.0
870,3648,-8.7744,1,1.25,0.00625,0.0
871,3648,-8.7744,1,1.25,0.00625,0.0
872,3648,-8.7744,1,1.25,0.00625,0.0
873,3648,-8.7744,1,1.25,0.00625,0.0
874,3648,-8.7744,1,1.25,0.00625,0.0
875,3647,-8.7744,1,1.25,0.00625,0.0
876,3647,-8.7744,1,1.25,0.00625,0.0
877,3646,-8.7744,1,1.25,0.00625,0.0
878,3646,-8.7744,1,1.25,0.00625,0.0
879,3645,-8.7744,1,1.25,0.00625,0.0
880,3644,-7.0563,1,1.25,0.00625,0.0
881,3643,-7.0563,1,1.25,0.00625,0.0
882,3642,-7.0563,1,1.25,0.00625,0.0
883,3642,-7.0563,1,1.25,0.00625,0.0
884,3641,-7.0563,1,1.25,0.00625,0.0
885,3639,-7.0563,1,1.25,0.00625,0.0
886,3638,-7.0563,1,1.25,0.00625,0.0
887,3637,-7.0563,1,1.25,0.00625,0.0
888,3636,-7.0563,1,1.25,0.00625,0.0
889,3635,-7.0563,1,1.25,0.00625,0.0
890,3633,-4.7041,1,1.25,0.00625,0.0
891,3632,-4.7041,1,1.25,0.00625,0.0
892,3631,-4.7041,1,1.25,0.00625,0.0
893,3629,-4.7041,1,1.25,0.00625,0.0
894,3628,-4.7041,1,1.25,0.00625,0.0
895,3627,-4.7041,1,1.25,0.00625,0.0
896,3625,-4.7041,1,1.25,0.00625,0.0
897,3624,-4.7041,1,1.25,0.00625,0.0
898,3622,-4.7041,1,1.25,0.00625,0.0
899,3621,-4.7041,1,1.25,0.00625,0.0
900,3620,-2.0044,1,1.25,0.00625,0.0
901,3618,-2.0044,1,1.25,0.00625,0.0
902,3617,-2.0044,1,1.25,0.00625,0.0
903,3615,-2.0044,1,1.25,0.00625,0.0
904,3614,-2.0044,1,1.25,0.00625,0.0
905,3613,-2.0044,1,1.25,0.00625,0.0
906,3611,-2.0044,1,1.25,0.00625,0.0
907,3610,-2.0044,1,1.25,0.00625,0.0
908,3609,-2.0044,1,1.25,0.00625,0.0
909,3608,-2.0044,1,1.25,0.00625,0.0
910,3606,0.2864,1,1.25,0.00625,0.0
911,3605,0.2864,1,1.25,0.00625,0.0
912,3604,0.2864,1,1.25,0.00625,0.0
913,3603,0.2864,1,1.25,0.00625,0.0
914,3602,0.2864,1,1.25,0.00625,0.0
915,3601,0.2864,1,1.25,0.00625,0.0
916,3600,0.2864,1,1.25,0.00625,0.0
917,3599,0.2864,1,1.25,0.00625,0.0
918,3598,0.2864,1,1.25,0.00625,0.0
919,3597,0.2864,1,1.25,0.00625,0.0
920,3596,1.5136,1,1.25,0.00625,0.0
921,3595,1.5136,1,1.25,0.00625,0.0
922,3594,1.5136,1,1.25,0.00625,0.0
923,3594,1.5136,1,1.25,0.00625,0.0
924,3593,1.5136,1,1.25,0.00625,0.0
925,3592,1.5136,1,1.25,0.00625,0.0
926,3592,1.5136,1,1.25,0.00625,0.0
927,3591,1.5136,1,1.25,0.00625,0.0
928,3591,1.5136,1,1.25,0.00625,0.0
929,3590,1.5136,1,1.25,0.00625,0.0
930,3590,2.3521,1,1.25,0.00625,0.0
931,3589,2.3521,1,1.25,0.00625,0.0
932,3589,2.3521,1,1.25,0.00625,0.0
933,3589,2.3521,1,1.25,0.00625,0.0
934,3588,2.3521,1,1.25,0.00625,0.0
935,3588,2.3521,1,1.25,0.00625,0.0
936,3588,2.3521,1,1.25,0.00625,0.0
937,3588,2.3521,1,1.25,0.00625,0.0
938,3588,2.3521,1,1.25,0.00625,0.0
939,3588,2.3521,1,1.25,0.00625,0.0
940,3588,2.1681,1,1.25,0.00625,0.0
941,3588,2.1681,1,1.25,0.00625,0.0
942,3588,2.1681,1,1.25,0.00625,0.0
943,3588,2.1681,1,1.25,0.00625,0.0
944,3588,2.1681,1,1.25,0.00625,0.0
945,3588,2.1681,1,1.25,0.00625,0.0
946,3588,2.1681,1,1.25,0.00625,0.0
947,3589,2.1681,1,1.25,0.00625,0.0
948,3589,2.1681,1,1.25,0.00625,0.0
949,3589,2.1681,1,1.25,0.00625,0.0
950,3590,1.6976,1,1.25,0.00625,0.0
951,3590,1.6976,1,1.25,0.00625,0.0
952,3590,1.6976,1,1.25,0.00625,0.0
953,3590,1.6976,1,1.25,0.00625,0.0
954,3591,1.6976,1,1.25,0.00625,0.0
955,3591,1.6976,1,1.25,0.00625,0.0
956,3591,1.6976,1,1.25,0.00625,0.0
957,3592,1.6976,1,1.25,0.00625,0.0
958,3592,1.6976,1,1.25,0.00625,0.0
959,3592,1.6976,1,1.25,0.00625,0.0
960,3593,1.0022,1,1.25,0.00625,0.0
961,3593,1.0022,1,1.25,0.00625,0.0
962,3593,1.0022,1,1.25,0.00625,0.0
963,3594,1.0022,1,1.25,0.00625,0.0
964,3594,1.0022,1,1.25,0.00625,0.0
965,3594,1.0022,1,1.25,0.00625,0.0
966,3595,1.0022,1,1.25,0.00625,0.0
967,3595,1.0022,1,1.25,0.00625,0.0
968,3596,1.0022,1,1.25,0.00625,0.0
969,3596,1.0022,1,1.25,0.00625,0.0
970,3596,0.2455,1,1.25,0.00625,0.0
971,3597,0.2455,1,1.25,0.00625,0.0
972,3597,0.2455,1,1.25,0.00625,0.0
973,3597,0.2455,1,1.25,0.00625,0.0
974,3597,0.2455,1,1.25,0.00625,0.0
975,3598,0.2455,1,1.25,0.00625,0.0
976,3598,0.2455,1,1.25,0.00625,0.0
977,3598,0.2455,1,1.25,0.00625,0.0
978,3599,0.2455,1,1.25,0.00625,0.0
979,3599,0.2455,1,1.25,0.00625,0.0
980,3599,-0.1431,1,1.25,0.00625,0.0
981,3599,-0.1431,1,1.25,0.00625,0.0
982,3599,-0.1431,1,1.25,0.00625,0.0
983,3600,-0.1431,1,1.25,0.00625,0.0
984,3600,-0.1431,1,1.25,0.00625,0.0
985,3600,-0.1431,1,1.25,0.00625,0.0
986,3600,-0.1431,1,1.25,0.00625,0.0
987,3600,-0.1431,1,1.25,0.00625,0.0
988,3600,-0.1431,1,1.25,0.00625,0.0
989,3601,-0.1431,1,1.25,0.00625,0.0
990,3601,-0.3682,1,1.25,0.00625,0.0
991,3601,-0.3682,1,1.25,0.00625,0.0
992,3601,-0.3682,1,1.25,0.00625,0.0
993,3601,-0.3682,1,1.25,0.00625,0.0
994,3601,-0.3682,1,1.25,0.00625,0.0
995,3601,-0.3682,1,1.25,0.00625,0.0
996,3601,-0.3682,1,1.25,0.00625,0.0
997,3601,-0.3682,1,1.25,0.00625,0.0
998,3601,-0.3682,1,1.25,0.00625,0.0
999,3601,-0.3682,1,1.25,0.00625,0.0
1000,3601,-0.1636,1,1.25,0.00625,0.0
1001,3601,-0.1636,1,1.25,0.00625,0.0
1002,3601,-0.1636,1,1.25,0.00625,0.0
1003,3601,-0.1636,1,1.25,0.00625,0.0
1004,3601,-0.1636,1,1.25,0.00625,0.0
1005,3601,-0.1636,1,1.25,0.00625,0.0
1006,3601,-0.1636,1,1.25,0.00625,0.0
1007,3601,-0.1636,1,1.25,0.00625,0.0
1008,3601,-0.1636,1,1.25,0.00625,0.0
1009,3601,-0.1636,1,1.25,0.00625,0.0
