TIME,PULSES,CONTROLLERVOLTAGE,CONTROLLER,KP,TAUD,TAUI 
NEXT EXPERIMENT0,0.0,-0.3272,0.0,1.25,0.0,0.0
1,0.0,-0.3272,0.0,1.25,0.0,0.0
2,0.0,-0.3272,0.0,1.25,0.0,0.0
3,0.0,-0.3272,0.0,1.25,0.0,0.0
4,0.0,-0.3272,0.0,1.25,0.0,0.0
5,0.0,-0.3272,0.0,1.25,0.0,0.0
6,0.0,-0.3272,0.0,1.25,0.0,0.0
7,0.0,-0.3272,0.0,1.25,0.0,0.0
8,0.0,-0.3272,0.0,1.25,0.0,0.0
9,0.0,-0.3272,0.0,1.25,0.0,0.0
10,0.0,589.0486,0.0,1.25,0.0,0.0
11,0.0,589.0486,0.0,1.25,0.0,0.0
12,0.0,589.0486,0.0,1.25,0.0,0.0
13,0.0,589.0486,0.0,1.25,0.0,0.0
14,1.0,589.0486,0.0,1.25,0.0,0.0
15,1.0,589.0486,0.0,1.25,0.0,0.0
16,2.0,589.0486,0.0,1.25,0.0,0.0
17,3.0,589.0486,0.0,1.25,0.0,0.0
18,4.0,589.0486,0.0,1.25,0.0,0.0
19,5.0,589.0486,0.0,1.25,0.0,0.0
20,6.0,588.2305,0.0,1.25,0.0,0.0
21,8.0,588.2305,0.0,1.25,0.0,0.0
22,9.0,588.2305,0.0,1.25,0.0,0.0
23,11.0,588.2305,0.0,1.25,0.0,0.0
24,12.0,588.2305,0.0,1.25,0.0,0.0
25,14.0,588.2305,0.0,1.25,0.0,0.0
26,16.0,588.2305,0.0,1.25,0.0,0.0
27,17.0,588.2305,0.0,1.25,0.0,0.0
28,19.0,588.2305,0.0,1.25,0.0,0.0
29,21.0,588.2305,0.0,1.25,0.0,0.0
30,24.0,585.4489,0.0,1.25,0.0,0.0
31,26.0,585.4489,0.0,1.25,0.0,0.0
32,28.0,585.4489,0.0,1.25,0.0,0.0
33,30.0,585.4489,0.0,1.25,0.0,0.0
34,33.0,585.4489,0.0,1.25,0.0,0.0
35,35.0,585.4489,0.0,1.25,0.0,0.0
36,38.0,585.4489,0.0,1.25,0.0,0.0
37,40.0,585.4489,0.0,1.25,0.0,0.0
38,43.0,585.4489,0.0,1.25,0.0,0.0
39,46.0,585.4489,0.0,1.25,0.0,0.0
40,49.0,581.5219,0.0,1.25,0.0,0.0
41,51.0,581.5219,0.0,1.25,0.0,0.0
42,54.0,581.5219,0.0,1.25,0.0,0.0
43,57.0,581.5219,0.0,1.25,0.0,0.0
44,60.0,581.5219,0.0,1.25,0.0,0.0
45,63.0,581.5219,0.0,1.25,0.0,0.0
46,66.0,581.5219,0.0,1.25,0.0,0.0
47,69.0,581.5219,0.0,1.25,0.0,0.0
48,72.0,581.5219,0.0,1.25,0.0,0.0
49,75.0,581.5219,0.0,1.25,0.0,0.0
50,78.0,576.7768,0.0,1.25,0.0,0.0
51,82.0,576.7768,0.0,1.25,0.0,0.0
52,85.0,576.7768,0.0,1.25,0.0,0.0
53,87.0,576.7768,0.0,1.25,0.0,0.0
54,91.0,576.7768,0.0,1.25,0.0,0.0
55,94.0,576.7768,0.0,1.25,0.0,0.0
56,97.0,576.7768,0.0,1.25,0.0,0.0
57,101.0,576.7768,0.0,1.25,0.0,0.0
58,104.0,576.7768,0.0,1.25,0.0,0.0
59,108.0,576.7768,0.0,1.25,0.0,0.0
60,111.0,571.3772,0.0,1.25,0.0,0.0
61,115.0,571.3772,0.0,1.25,0.0,0.0
62,118.0,571.3772,0.0,1.25,0.0,0.0
63,122.0,571.3772,0.0,1.25,0.0,0.0
64,125.0,571.3772,0.0,1.25,0.0,0.0
65,129.0,571.3772,0.0,1.25,0.0,0.0
66,133.0,571.3772,0.0,1.25,0.0,0.0
67,137.0,571.3772,0.0,1.25,0.0,0.0
68,140.0,571.3772,0.0,1.25,0.0,0.0
69,144.0,571.3772,0.0,1.25,0.0,0.0
70,148.0,565.4867,0.0,1.25,0.0,0.0
71,151.0,565.4867,0.0,1.25,0.0,0.0
72,155.0,565.4867,0.0,1.25,0.0,0.0
73,159.0,565.4867,0.0,1.25,0.0,0.0
74,163.0,565.4867,0.0,1.25,0.0,0.0
75,167.0,565.4867,0.0,1.25,0.0,0.0
76,170.0,565.4867,0.0,1.25,0.0,0.0
77,174.0,565.4867,0.0,1.25,0.0,0.0
78,178.0,565.4867,0.0,1.25,0.0,0.0
79,181.0,565.4867,0.0,1.25,0.0,0.0
80,185.0,559.269,0.0,1.25,0.0,0.0
81,189.0,559.269,0.0,1.25,0.0,0.0
82,193.0,559.269,0.0,1.25,0.0,0.0
83,197.0,559.269,0.0,1.25,0.0,0.0
84,201.0,559.269,0.0,1.25,0.0,0.0
85,205.0,559.269,0.0,1.25,0.0,0.0
86,209.0,559.269,0.0,1.25,0.0,0.0
87,213.0,559.269,0.0,1.25,0.0,0.0
88,217.0,559.269,0.0,1.25,0.0,0.0
89,221.0,559.269,0.0,1.25,0.0,0.0
90,225.0,552.8876,0.0,1.25,0.0,0.0
91,229.0,552.8876,0.0,1.25,0.0,0.0
92,233.0,552.8876,0.0,1.25,0.0,0.0
93,237.0,552.8876,0.0,1.25,0.0,0.0
94,241.0,552.8876,0.0,1.25,0.0,0.0
95,246.0,552.8876,0.0,1.25,0.0,0.0
96,250.0,552.8876,0.0,1.25,0.0,0.0
97,254.0,552.8876,0.0,1.25,0.0,0.0
98,258.0,552.8876,0.0,1.25,0.0,0.0
99,263.0,552.8876,0.0,1.25,0.0,0.0
100,267.0,546.0154,0.0,1.25,0.0,0.0
101,271.0,546.0154,0.0,1.25,0.0,0.0
102,275.0,546.0154,0.0,1.25,0.0,0.0
103,279.0,546.0154,0.0,1.25,0.0,0.0
104,283.0,546.0154,0.0,1.25,0.0,0.0
105,288.0,546.0154,0.0,1.25,0.0,0.0
106,292.0,546.0154,0.0,1.25,0.0,0.0
107,296.0,546.0154,0.0,1.25,0.0,0.0
108,300.0,546.0154,0.0,1.25,0.0,0.0
109,304.0,546.0154,0.0,1.25,0.0,0.0
110,308.0,539.3068,0.0,1.25,0.0,0.0
111,312.0,539.3068,0.0,1.25,0.0,0.0
112,317.0,539.3068,0.0,1.25,0.0,0.0
113,321.0,539.3068,0.0,1.25,0.0,0.0
114,325.0,539.3068,0.0,1.25,0.0,0.0
115,329.0,539.3068,0.0,1.25,0.0,0.0
116,334.0,539.3068,0.0,1.25,0.0,0.0
117,338.0,539.3068,0.0,1.25,0.0,0.0
118,342.0,539.3068,0.0,1.25,0.0,0.0
119,346.0,539.3068,0.0,1.25,0.0,0.0
120,350.0,532.4346,0.0,1.25,0.0,0.0
121,354.0,532.4346,0.0,1.25,0.0,0.0
122,359.0,532.4346,0.0,1.25,0.0,0.0
123,363.0,532.4346,0.0,1.25,0.0,0.0
124,367.0,532.4346,0.0,1.25,0.0,0.0
125,372.0,532.4346,0.0,1.25,0.0,0.0
126,376.0,532.4346,0.0,1.25,0.0,0.0
127,380.0,532.4346,0.0,1.25,0.0,0.0
128,384.0,532.4346,0.0,1.25,0.0,0.0
129,388.0,532.4346,0.0,1.25,0.0,0.0
130,393.0,525.3987,0.0,1.25,0.0,0.0
131,397.0,525.3987,0.0,1.25,0.0,0.0
132,401.0,525.3987,0.0,1.25,0.0,0.0
133,405.0,525.3987,0.0,1.25,0.0,0.0
134,410.0,525.3987,0.0,1.25,0.0,0.0
135,414.0,525.3987,0.0,1.25,0.0,0.0
136,418.0,525.3987,0.0,1.25,0.0,0.0
137,423.0,525.3987,0.0,1.25,0.0,0.0
138,427.0,525.3987,0.0,1.25,0.0,0.0
139,431.0,525.3987,0.0,1.25,0.0,0.0
140,435.0,518.3628,0.0,1.25,0.0,0.0
141,441.0,518.3628,0.0,1.25,0.0,0.0
142,445.0,518.3628,0.0,1.25,0.0,0.0
143,449.0,518.3628,0.0,1.25,0.0,0.0
144,453.0,518.3628,0.0,1.25,0.0,0.0
145,458.0,518.3628,0.0,1.25,0.0,0.0
146,462.0,518.3628,0.0,1.25,0.0,0.0
147,466.0,518.3628,0.0,1.25,0.0,0.0
148,471.0,518.3628,0.0,1.25,0.0,0.0
149,475.0,518.3628,0.0,1.25,0.0,0.0
150,479.0,511.327,0.0,1.25,0.0,0.0
151,484.0,511.327,0.0,1.25,0.0,0.0
152,488.0,511.327,0.0,1.25,0.0,0.0
153,492.0,511.327,0.0,1.25,0.0,0.0
154,496.0,511.327,0.0,1.25,0.0,0.0
155,501.0,511.327,0.0,1.25,0.0,0.0
156,505.0,511.327,0.0,1.25,0.0,0.0
157,509.0,511.327,0.0,1.25,0.0,0.0
158,514.0,511.327,0.0,1.25,0.0,0.0
159,519.0,511.327,0.0,1.25,0.0,0.0
160,523.0,504.1275,0.0,1.25,0.0,0.0
161,528.0,504.1275,0.0,1.25,0.0,0.0
162,532.0,504.1275,0.0,1.25,0.0,0.0
163,536.0,504.1275,0.0,1.25,0.0,0.0
164,541.0,504.1275,0.0,1.25,0.0,0.0
165,545.0,504.1275,0.0,1.25,0.0,0.0
166,549.0,504.1275,0.0,1.25,0.0,0.0
167,553.0,504.1275,0.0,1.25,0.0,0.0
168,558.0,504.1275,0.0,1.25,0.0,0.0
169,562.0,504.1275,0.0,1.25,0.0,0.0
170,566.0,497.0916,0.0,1.25,0.0,0.0
171,571.0,497.0916,0.0,1.25,0.0,0.0
172,575.0,497.0916,0.0,1.25,0.0,0.0
173,579.0,497.0916,0.0,1.25,0.0,0.0
174,584.0,497.0916,0.0,1.25,0.0,0.0
175,588.0,497.0916,0.0,1.25,0.0,0.0
176,592.0,497.0916,0.0,1.25,0.0,0.0
177,597.0,497.0916,0.0,1.25,0.0,0.0
178,601.0,497.0916,0.0,1.25,0.0,0.0
179,605.0,497.0916,0.0,1.25,0.0,0.0
180,610.0,489.8921,0.0,1.25,0.0,0.0
181,614.0,489.8921,0.0,1.25,0.0,0.0
182,618.0,489.8921,0.0,1.25,0.0,0.0
183,623.0,489.8921,0.0,1.25,0.0,0.0
184,627.0,489.8921,0.0,1.25,0.0,0.0
185,631.0,489.8921,0.0,1.25,0.0,0.0
186,636.0,489.8921,0.0,1.25,0.0,0.0
187,640.0,489.8921,0.0,1.25,0.0,0.0
188,644.0,489.8921,0.0,1.25,0.0,0.0
189,650.0,489.8921,0.0,1.25,0.0,0.0
190,654.0,482.6926,0.0,1.25,0.0,0.0
191,658.0,482.6926,0.0,1.25,0.0,0.0
192,663.0,482.6926,0.0,1.25,0.0,0.0
193,668.0,482.6926,0.0,1.25,0.0,0.0
194,672.0,482.6926,0.0,1.25,0.0,0.0
195,677.0,482.6926,0.0,1.25,0.0,0.0
196,681.0,482.6926,0.0,1.25,0.0,0.0
197,685.0,482.6926,0.0,1.25,0.0,0.0
198,690.0,482.6926,0.0,1.25,0.0,0.0
199,694.0,482.6926,0.0,1.25,0.0,0.0
200,698.0,475.4932,0.0,1.25,0.0,0.0
201,703.0,475.4932,0.0,1.25,0.0,0.0
202,707.0,475.4932,0.0,1.25,0.0,0.0
203,711.0,475.4932,0.0,1.25,0.0,0.0
204,716.0,475.4932,0.0,1.25,0.0,0.0
205,720.0,475.4932,0.0,1.25,0.0,0.0
206,724.0,475.4932,0.0,1.25,0.0,0.0
207,729.0,475.4932,0.0,1.25,0.0,0.0
208,733.0,475.4932,0.0,1.25,0.0,0.0
209,737.0,475.4932,0.0,1.25,0.0,0.0
210,742.0,468.2937,0.0,1.25,0.0,0.0
211,746.0,468.2937,0.0,1.25,0.0,0.0
212,750.0,468.2937,0.0,1.25,0.0,0.0
213,755.0,468.2937,0.0,1.25,0.0,0.0
214,759.0,468.2937,0.0,1.25,0.0,0.0
215,764.0,468.2937,0.0,1.25,0.0,0.0
216,768.0,468.2937,0.0,1.25,0.0,0.0
217,772.0,468.2937,0.0,1.25,0.0,0.0
218,777.0,468.2937,0.0,1.25,0.0,0.0
219,781.0,468.2937,0.0,1.25,0.0,0.0
220,785.0,461.2578,0.0,1.25,0.0,0.0
221,790.0,461.2578,0.0,1.25,0.0,0.0
222,794.0,461.2578,0.0,1.25,0.0,0.0
223,798.0,461.2578,0.0,1.25,0.0,0.0
224,803.0,461.2578,0.0,1.25,0.0,0.0
225,807.0,461.2578,0.0,1.25,0.0,0.0
226,811.0,461.2578,0.0,1.25,0.0,0.0
227,816.0,461.2578,0.0,1.25,0.0,0.0
228,820.0,461.2578,0.0,1.25,0.0,0.0
229,824.0,461.2578,0.0,1.25,0.0,0.0
230,829.0,454.0583,0.0,1.25,0.0,0.0
231,833.0,454.0583,0.0,1.25,0.0,0.0
232,837.0,454.0583,0.0,1.25,0.0,0.0
233,842.0,454.0583,0.0,1.25,0.0,0.0
234,846.0,454.0583,0.0,1.25,0.0,0.0
235,850.0,454.0583,0.0,1.25,0.0,0.0
236,855.0,454.0583,0.0,1.25,0.0,0.0
237,859.0,454.0583,0.0,1.25,0.0,0.0
238,864.0,454.0583,0.0,1.25,0.0,0.0
239,868.0,454.0583,0.0,1.25,0.0,0.0
240,872.0,447.0225,0.0,1.25,0.0,0.0
241,877.0,447.0225,0.0,1.25,0.0,0.0
242,881.0,447.0225,0.0,1.25,0.0,0.0
243,885.0,447.0225,0.0,1.25,0.0,0.0
244,890.0,447.0225,0.0,1.25,0.0,0.0
245,894.0,447.0225,0.0,1.25,0.0,0.0
246,898.0,447.0225,0.0,1.25,0.0,0.0
247,903.0,447.0225,0.0,1.25,0.0,0.0
248,907.0,447.0225,0.0,1.25,0.0,0.0
249,911.0,447.0225,0.0,1.25,0.0,0.0
250,916.0,439.823,0.0,1.25,0.0,0.0
251,920.0,439.823,0.0,1.25,0.0,0.0
252,924.0,439.823,0.0,1.25,0.0,0.0
253,930.0,439.823,0.0,1.25,0.0,0.0
254,934.0,439.823,0.0,1.25,0.0,0.0
255,938.0,439.823,0.0,1.25,0.0,0.0
256,943.0,439.823,0.0,1.25,0.0,0.0
257,947.0,439.823,0.0,1.25,0.0,0.0
258,952.0,439.823,0.0,1.25,0.0,0.0
259,956.0,439.823,0.0,1.25,0.0,0.0
260,960.0,432.6235,0.0,1.25,0.0,0.0
261,965.0,432.6235,0.0,1.25,0.0,0.0
262,969.0,432.6235,0.0,1.25,0.0,0.0
263,973.0,432.6235,0.0,1.25,0.0,0.0
264,978.0,432.6235,0.0,1.25,0.0,0.0
265,982.0,432.6235,0.0,1.25,0.0,0.0
266,986.0,432.6235,0.0,1.25,0.0,0.0
267,991.0,432.6235,0.0,1.25,0.0,0.0
268,995.0,432.6235,0.0,1.25,0.0,0.0
269,999.0,432.6235,0.0,1.25,0.0,0.0
270,1005.0,425.424,0.0,1.25,0.0,0.0
271,1009.0,425.424,0.0,1.25,0.0,0.0
272,1014.0,425.424,0.0,1.25,0.0,0.0
273,1018.0,425.424,0.0,1.25,0.0,0.0
274,1023.0,425.424,0.0,1.25,0.0,0.0
275,1028.0,425.424,0.0,1.25,0.0,0.0
276,1032.0,425.424,0.0,1.25,0.0,0.0
277,1036.0,425.424,0.0,1.25,0.0,0.0
278,1041.0,425.424,0.0,1.25,0.0,0.0
279,1045.0,425.424,0.0,1.25,0.0,0.0
280,1049.0,418.0609,0.0,1.25,0.0,0.0
281,1054.0,418.0609,0.0,1.25,0.0,0.0
282,1058.0,418.0609,0.0,1.25,0.0,0.0
283,1062.0,418.0609,0.0,1.25,0.0,0.0
284,1067.0,418.0609,0.0,1.25,0.0,0.0
285,1071.0,418.0609,0.0,1.25,0.0,0.0
286,1075.0,418.0609,0.0,1.25,0.0,0.0
287,1080.0,418.0609,0.0,1.25,0.0,0.0
288,1084.0,418.0609,0.0,1.25,0.0,0.0
289,1088.0,418.0609,0.0,1.25,0.0,0.0
290,1093.0,410.8615,0.0,1.25,0.0,0.0
291,1097.0,410.8615,0.0,1.25,0.0,0.0
292,1102.0,410.8615,0.0,1.25,0.0,0.0
293,1106.0,410.8615,0.0,1.25,0.0,0.0
294,1110.0,410.8615,0.0,1.25,0.0,0.0
295,1115.0,410.8615,0.0,1.25,0.0,0.0
296,1119.0,410.8615,0.0,1.25,0.0,0.0
297,1124.0,410.8615,0.0,1.25,0.0,0.0
298,1129.0,410.8615,0.0,1.25,0.0,0.0
299,1133.0,410.8615,0.0,1.25,0.0,0.0
300,1137.0,403.662,0.0,1.25,0.0,0.0
301,1142.0,403.662,0.0,1.25,0.0,0.0
302,1146.0,403.662,0.0,1.25,0.0,0.0
303,1151.0,403.662,0.0,1.25,0.0,0.0
304,1155.0,403.662,0.0,1.25,0.0,0.0
305,1159.0,403.662,0.0,1.25,0.0,0.0
306,1164.0,403.662,0.0,1.25,0.0,0.0
307,1168.0,403.662,0.0,1.25,0.0,0.0
308,1173.0,403.662,0.0,1.25,0.0,0.0
309,1178.0,403.662,0.0,1.25,0.0,0.0
310,1182.0,396.2988,0.0,1.25,0.0,0.0
311,1186.0,396.2988,0.0,1.25,0.0,0.0
312,1191.0,396.2988,0.0,1.25,0.0,0.0
313,1195.0,396.2988,0.0,1.25,0.0,0.0
314,1200.0,396.2988,0.0,1.25,0.0,0.0
315,1204.0,396.2988,0.0,1.25,0.0,0.0
316,1208.0,396.2988,0.0,1.25,0.0,0.0
317,1213.0,396.2988,0.0,1.25,0.0,0.0
318,1217.0,396.2988,0.0,1.25,0.0,0.0
319,1221.0,396.2988,0.0,1.25,0.0,0.0
320,1226.0,389.0994,0.0,1.25,0.0,0.0
321,1230.0,389.0994,0.0,1.25,0.0,0.0
322,1234.0,389.0994,0.0,1.25,0.0,0.0
323,1239.0,389.0994,0.0,1.25,0.0,0.0
324,1243.0,389.0994,0.0,1.25,0.0,0.0
325,1248.0,389.0994,0.0,1.25,0.0,0.0
326,1253.0,389.0994,0.0,1.25,0.0,0.0
327,1257.0,389.0994,0.0,1.25,0.0,0.0
328,1261.0,389.0994,0.0,1.25,0.0,0.0
329,1266.0,389.0994,0.0,1.25,0.0,0.0
330,1269.0,381.8999,0.0,1.25,0.0,0.0
331,1273.0,381.8999,0.0,1.25,0.0,0.0
332,1278.0,381.8999,0.0,1.25,0.0,0.0
333,1282.0,381.8999,0.0,1.25,0.0,0.0
334,1287.0,381.8999,0.0,1.25,0.0,0.0
335,1291.0,381.8999,0.0,1.25,0.0,0.0
336,1296.0,381.8999,0.0,1.25,0.0,0.0
337,1301.0,381.8999,0.0,1.25,0.0,0.0
338,1305.0,381.8999,0.0,1.25,0.0,0.0
339,1309.0,381.8999,0.0,1.25,0.0,0.0
340,1314.0,374.7004,0.0,1.25,0.0,0.0
341,1318.0,374.7004,0.0,1.25,0.0,0.0
342,1322.0,374.7004,0.0,1.25,0.0,0.0
343,1327.0,374.7004,0.0,1.25,0.0,0.0
344,1331.0,374.7004,0.0,1.25,0.0,0.0
345,1336.0,374.7004,0.0,1.25,0.0,0.0
346,1340.0,374.7004,0.0,1.25,0.0,0.0
347,1344.0,374.7004,0.0,1.25,0.0,0.0
348,1349.0,374.7004,0.0,1.25,0.0,0.0
349,1353.0,374.7004,0.0,1.25,0.0,0.0
350,1357.0,367.6646,0.0,1.25,0.0,0.0
351,1362.0,367.6646,0.0,1.25,0.0,0.0
352,1366.0,367.6646,0.0,1.25,0.0,0.0
353,1371.0,367.6646,0.0,1.25,0.0,0.0
354,1376.0,367.6646,0.0,1.25,0.0,0.0
355,1380.0,367.6646,0.0,1.25,0.0,0.0
356,1384.0,367.6646,0.0,1.25,0.0,0.0
357,1389.0,367.6646,0.0,1.25,0.0,0.0
358,1393.0,367.6646,0.0,1.25,0.0,0.0
359,1398.0,367.6646,0.0,1.25,0.0,0.0
360,1402.0,360.3015,0.0,1.25,0.0,0.0
361,1406.0,360.3015,0.0,1.25,0.0,0.0
362,1411.0,360.3015,0.0,1.25,0.0,0.0
363,1415.0,360.3015,0.0,1.25,0.0,0.0
364,1419.0,360.3015,0.0,1.25,0.0,0.0
365,1424.0,360.3015,0.0,1.25,0.0,0.0
366,1428.0,360.3015,0.0,1.25,0.0,0.0
367,1432.0,360.3015,0.0,1.25,0.0,0.0
368,1437.0,360.3015,0.0,1.25,0.0,0.0
369,1441.0,360.3015,0.0,1.25,0.0,0.0
370,1446.0,353.102,0.0,1.25,0.0,0.0
371,1450.0,353.102,0.0,1.25,0.0,0.0
372,1454.0,353.102,0.0,1.25,0.0,0.0
373,1459.0,353.102,0.0,1.25,0.0,0.0
374,1463.0,353.102,0.0,1.25,0.0,0.0
375,1467.0,353.102,0.0,1.25,0.0,0.0
376,1472.0,353.102,0.0,1.25,0.0,0.0
377,1476.0,353.102,0.0,1.25,0.0,0.0
378,1480.0,353.102,0.0,1.25,0.0,0.0
379,1485.0,353.102,0.0,1.25,0.0,0.0
380,1489.0,346.0661,0.0,1.25,0.0,0.0
381,1494.0,346.0661,0.0,1.25,0.0,0.0
382,1498.0,346.0661,0.0,1.25,0.0,0.0
383,1502.0,346.0661,0.0,1.25,0.0,0.0
384,1507.0,346.0661,0.0,1.25,0.0,0.0
385,1511.0,346.0661,0.0,1.25,0.0,0.0
386,1515.0,346.0661,0.0,1.25,0.0,0.0
387,1520.0,346.0661,0.0,1.25,0.0,0.0
388,1524.0,346.0661,0.0,1.25,0.0,0.0
389,1528.0,346.0661,0.0,1.25,0.0,0.0
390,1533.0,338.8666,0.0,1.25,0.0,0.0
391,1537.0,338.8666,0.0,1.25,0.0,0.0
392,1542.0,338.8666,0.0,1.25,0.0,0.0
393,1546.0,338.8666,0.0,1.25,0.0,0.0
394,1550.0,338.8666,0.0,1.25,0.0,0.0
395,1555.0,338.8666,0.0,1.25,0.0,0.0
396,1559.0,338.8666,0.0,1.25,0.0,0.0
397,1563.0,338.8666,0.0,1.25,0.0,0.0
398,1568.0,338.8666,0.0,1.25,0.0,0.0
399,1572.0,338.8666,0.0,1.25,0.0,0.0
400,1576.0,331.8307,0.0,1.25,0.0,0.0
401,1581.0,331.8307,0.0,1.25,0.0,0.0
402,1585.0,331.8307,0.0,1.25,0.0,0.0
403,1590.0,331.8307,0.0,1.25,0.0,0.0
404,1594.0,331.8307,0.0,1.25,0.0,0.0
405,1598.0,331.8307,0.0,1.25,0.0,0.0
406,1603.0,331.8307,0.0,1.25,0.0,0.0
407,1607.0,331.8307,0.0,1.25,0.0,0.0
408,1611.0,331.8307,0.0,1.25,0.0,0.0
409,1616.0,331.8307,0.0,1.25,0.0,0.0
410,1620.0,324.6313,0.0,1.25,0.0,0.0
411,1624.0,324.6313,0.0,1.25,0.0,0.0
412,1629.0,324.6313,0.0,1.25,0.0,0.0
413,1634.0,324.6313,0.0,1.25,0.0,0.0
414,1639.0,324.6313,0.0,1.25,0.0,0.0
415,1643.0,324.6313,0.0,1.25,0.0,0.0
416,1647.0,324.6313,0.0,1.25,0.0,0.0
417,1652.0,324.6313,0.0,1.25,0.0,0.0
418,1656.0,324.6313,0.0,1.25,0.0,0.0
419,1660.0,324.6313,0.0,1.25,0.0,0.0
420,1665.0,317.2682,0.0,1.25,0.0,0.0
421,1669.0,317.2682,0.0,1.25,0.0,0.0
422,1673.0,317.2682,0.0,1.25,0.0,0.0
423,1678.0,317.2682,0.0,1.25,0.0,0.0
424,1682.0,317.2682,0.0,1.25,0.0,0.0
425,1687.0,317.2682,0.0,1.25,0.0,0.0
426,1691.0,317.2682,0.0,1.25,0.0,0.0
427,1695.0,317.2682,0.0,1.25,0.0,0.0
428,1700.0,317.2682,0.0,1.25,0.0,0.0
429,1704.0,317.2682,0.0,1.25,0.0,0.0
430,1709.0,310.0687,0.0,1.25,0.0,0.0
431,1714.0,310.0687,0.0,1.25,0.0,0.0
432,1718.0,310.0687,0.0,1.25,0.0,0.0
433,1722.0,310.0687,0.0,1.25,0.0,0.0
434,1727.0,310.0687,0.0,1.25,0.0,0.0
435,1732.0,310.0687,0.0,1.25,0.0,0.0
436,1737.0,310.0687,0.0,1.25,0.0,0.0
437,1741.0,310.0687,0.0,1.25,0.0,0.0
438,1745.0,310.0687,0.0,1.25,0.0,0.0
439,1750.0,310.0687,0.0,1.25,0.0,0.0
440,1754.0,302.7056,0.0,1.25,0.0,0.0
441,1759.0,302.7056,0.0,1.25,0.0,0.0
442,1764.0,302.7056,0.0,1.25,0.0,0.0
443,1768.0,302.7056,0.0,1.25,0.0,0.0
444,1772.0,302.7056,0.0,1.25,0.0,0.0
445,1777.0,302.7056,0.0,1.25,0.0,0.0
446,1781.0,302.7056,0.0,1.25,0.0,0.0
447,1786.0,302.7056,0.0,1.25,0.0,0.0
448,1790.0,302.7056,0.0,1.25,0.0,0.0
449,1794.0,302.7056,0.0,1.25,0.0,0.0
450,1799.0,295.3425,0.0,1.25,0.0,0.0
451,1803.0,295.3425,0.0,1.25,0.0,0.0
452,1807.0,295.3425,0.0,1.25,0.0,0.0
453,1812.0,295.3425,0.0,1.25,0.0,0.0
454,1816.0,295.3425,0.0,1.25,0.0,0.0
455,1820.0,295.3425,0.0,1.25,0.0,0.0
456,1825.0,295.3425,0.0,1.25,0.0,0.0
457,1829.0,295.3425,0.0,1.25,0.0,0.0
458,1834.0,295.3425,0.0,1.25,0.0,0.0
459,1838.0,295.3425,0.0,1.25,0.0,0.0
460,1842.0,288.3066,0.0,1.25,0.0,0.0
461,1847.0,288.3066,0.0,1.25,0.0,0.0
462,1851.0,288.3066,0.0,1.25,0.0,0.0
463,1855.0,288.3066,0.0,1.25,0.0,0.0
464,1860.0,288.3066,0.0,1.25,0.0,0.0
465,1864.0,288.3066,0.0,1.25,0.0,0.0
466,1868.0,288.3066,0.0,1.25,0.0,0.0
467,1873.0,288.3066,0.0,1.25,0.0,0.0
468,1877.0,288.3066,0.0,1.25,0.0,0.0
469,1882.0,288.3066,0.0,1.25,0.0,0.0
470,1886.0,281.1071,0.0,1.25,0.0,0.0
471,1890.0,281.1071,0.0,1.25,0.0,0.0
472,1895.0,281.1071,0.0,1.25,0.0,0.0
473,1899.0,281.1071,0.0,1.25,0.0,0.0
474,1903.0,281.1071,0.0,1.25,0.0,0.0
475,1908.0,281.1071,0.0,1.25,0.0,0.0
476,1912.0,281.1071,0.0,1.25,0.0,0.0
477,1917.0,281.1071,0.0,1.25,0.0,0.0
478,1921.0,281.1071,0.0,1.25,0.0,0.0
479,1925.0,281.1071,0.0,1.25,0.0,0.0
480,1930.0,273.9077,0.0,1.25,0.0,0.0
481,1934.0,273.9077,0.0,1.25,0.0,0.0
482,1938.0,273.9077,0.0,1.25,0.0,0.0
483,1943.0,273.9077,0.0,1.25,0.0,0.0
484,1947.0,273.9077,0.0,1.25,0.0,0.0
485,1952.0,273.9077,0.0,1.25,0.0,0.0
486,1957.0,273.9077,0.0,1.25,0.0,0.0
487,1961.0,273.9077,0.0,1.25,0.0,0.0
488,1966.0,273.9077,0.0,1.25,0.0,0.0
489,1970.0,273.9077,0.0,1.25,0.0,0.0
490,1974.0,266.7081,0.0,1.25,0.0,0.0
491,1979.0,266.7081,0.0,1.25,0.0,0.0
492,1983.0,266.7081,0.0,1.25,0.0,0.0
493,1987.0,266.7081,0.0,1.25,0.0,0.0
494,1992.0,266.7081,0.0,1.25,0.0,0.0
495,1996.0,266.7081,0.0,1.25,0.0,0.0
496,2001.0,266.7081,0.0,1.25,0.0,0.0
497,2006.0,266.7081,0.0,1.25,0.0,0.0
498,2010.0,266.7081,0.0,1.25,0.0,0.0
499,2015.0,266.7081,0.0,1.25,0.0,0.0
500,2019.0,259.3451,0.0,1.25,0.0,0.0
501,2023.0,259.3451,0.0,1.25,0.0,0.0
502,2028.0,259.3451,0.0,1.25,0.0,0.0
503,2033.0,259.3451,0.0,1.25,0.0,0.0
504,2037.0,259.3451,0.0,1.25,0.0,0.0
505,2042.0,259.3451,0.0,1.25,0.0,0.0
506,2046.0,259.3451,0.0,1.25,0.0,0.0
507,2051.0,259.3451,0.0,1.25,0.0,0.0
508,2056.0,259.3451,0.0,1.25,0.0,0.0
509,2060.0,259.3451,0.0,1.25,0.0,0.0
510,2065.0,251.9819,0.0,1.25,0.0,0.0
511,2069.0,251.9819,0.0,1.25,0.0,0.0
512,2073.0,251.9819,0.0,1.25,0.0,0.0
513,2078.0,251.9819,0.0,1.25,0.0,0.0
514,2082.0,251.9819,0.0,1.25,0.0,0.0
515,2086.0,251.9819,0.0,1.25,0.0,0.0
516,2091.0,251.9819,0.0,1.25,0.0,0.0
517,2095.0,251.9819,0.0,1.25,0.0,0.0
518,2099.0,251.9819,0.0,1.25,0.0,0.0
519,2104.0,251.9819,0.0,1.25,0.0,0.0
520,2108.0,244.7824,0.0,1.25,0.0,0.0
521,2112.0,244.7824,0.0,1.25,0.0,0.0
522,2117.0,244.7824,0.0,1.25,0.0,0.0
523,2121.0,244.7824,0.0,1.25,0.0,0.0
524,2126.0,244.7824,0.0,1.25,0.0,0.0
525,2130.0,244.7824,0.0,1.25,0.0,0.0
526,2134.0,244.7824,0.0,1.25,0.0,0.0
527,2139.0,244.7824,0.0,1.25,0.0,0.0
528,2143.0,244.7824,0.0,1.25,0.0,0.0
529,2149.0,244.7824,0.0,1.25,0.0,0.0
530,2154.0,237.2557,0.0,1.25,0.0,0.0
531,2158.0,237.2557,0.0,1.25,0.0,0.0
532,2162.0,237.2557,0.0,1.25,0.0,0.0
533,2167.0,237.2557,0.0,1.25,0.0,0.0
534,2171.0,237.2557,0.0,1.25,0.0,0.0
535,2176.0,237.2557,0.0,1.25,0.0,0.0
536,2180.0,237.2557,0.0,1.25,0.0,0.0
537,2184.0,237.2557,0.0,1.25,0.0,0.0
538,2189.0,237.2557,0.0,1.25,0.0,0.0
539,2193.0,237.2557,0.0,1.25,0.0,0.0
540,2197.0,230.2199,0.0,1.25,0.0,0.0
541,2202.0,230.2199,0.0,1.25,0.0,0.0
542,2206.0,230.2199,0.0,1.25,0.0,0.0
543,2210.0,230.2199,0.0,1.25,0.0,0.0
544,2215.0,230.2199,0.0,1.25,0.0,0.0
545,2219.0,230.2199,0.0,1.25,0.0,0.0
546,2224.0,230.2199,0.0,1.25,0.0,0.0
547,2229.0,230.2199,0.0,1.25,0.0,0.0
548,2233.0,230.2199,0.0,1.25,0.0,0.0
549,2238.0,230.2199,0.0,1.25,0.0,0.0
550,2242.0,222.8568,0.0,1.25,0.0,0.0
551,2247.0,222.8568,0.0,1.25,0.0,0.0
552,2252.0,222.8568,0.0,1.25,0.0,0.0
553,2256.0,222.8568,0.0,1.25,0.0,0.0
554,2260.0,222.8568,0.0,1.25,0.0,0.0
555,2265.0,222.8568,0.0,1.25,0.0,0.0
556,2269.0,222.8568,0.0,1.25,0.0,0.0
557,2274.0,222.8568,0.0,1.25,0.0,0.0
558,2278.0,222.8568,0.0,1.25,0.0,0.0
559,2282.0,222.8568,0.0,1.25,0.0,0.0
560,2287.0,215.4937,0.0,1.25,0.0,0.0
561,2291.0,215.4937,0.0,1.25,0.0,0.0
562,2296.0,215.4937,0.0,1.25,0.0,0.0
563,2301.0,215.4937,0.0,1.25,0.0,0.0
564,2305.0,215.4937,0.0,1.25,0.0,0.0
565,2309.0,215.4937,0.0,1.25,0.0,0.0
566,2314.0,215.4937,0.0,1.25,0.0,0.0
567,2319.0,215.4937,0.0,1.25,0.0,0.0
568,2324.0,215.4937,0.0,1.25,0.0,0.0
569,2328.0,215.4937,0.0,1.25,0.0,0.0
570,2332.0,208.1305,0.0,1.25,0.0,0.0
571,2337.0,208.1305,0.0,1.25,0.0,0.0
572,2341.0,208.1305,0.0,1.25,0.0,0.0
573,2347.0,208.1305,0.0,1.25,0.0,0.0
574,2352.0,208.1305,0.0,1.25,0.0,0.0
575,2356.0,208.1305,0.0,1.25,0.0,0.0
576,2360.0,208.1305,0.0,1.25,0.0,0.0
577,2365.0,208.1305,0.0,1.25,0.0,0.0
578,2369.0,208.1305,0.0,1.25,0.0,0.0
579,2374.0,208.1305,0.0,1.25,0.0,0.0
580,2378.0,200.6038,0.0,1.25,0.0,0.0
581,2382.0,200.6038,0.0,1.25,0.0,0.0
582,2387.0,200.6038,0.0,1.25,0.0,0.0
583,2391.0,200.6038,0.0,1.25,0.0,0.0
584,2395.0,200.6038,0.0,1.25,0.0,0.0
585,2400.0,200.6038,0.0,1.25,0.0,0.0
586,2404.0,200.6038,0.0,1.25,0.0,0.0
587,2408.0,200.6038,0.0,1.25,0.0,0.0
588,2413.0,200.6038,0.0,1.25,0.0,0.0
589,2417.0,200.6038,0.0,1.25,0.0,0.0
590,2422.0,193.4043,0.0,1.25,0.0,0.0
591,2426.0,193.4043,0.0,1.25,0.0,0.0
592,2430.0,193.4043,0.0,1.25,0.0,0.0
593,2435.0,193.4043,0.0,1.25,0.0,0.0
594,2439.0,193.4043,0.0,1.25,0.0,0.0
595,2444.0,193.4043,0.0,1.25,0.0,0.0
596,2449.0,193.4043,0.0,1.25,0.0,0.0
597,2453.0,193.4043,0.0,1.25,0.0,0.0
598,2457.0,193.4043,0.0,1.25,0.0,0.0
599,2462.0,193.4043,0.0,1.25,0.0,0.0
600,2466.0,186.2048,0.0,1.25,0.0,0.0
601,2470.0,186.2048,0.0,1.25,0.0,0.0
602,2475.0,186.2048,0.0,1.25,0.0,0.0
603,2479.0,186.2048,0.0,1.25,0.0,0.0
604,2484.0,186.2048,0.0,1.25,0.0,0.0
605,2488.0,186.2048,0.0,1.25,0.0,0.0
606,2491.0,186.2048,0.0,1.25,0.0,0.0
607,2496.0,186.2048,0.0,1.25,0.0,0.0
608,2500.0,186.2048,0.0,1.25,0.0,0.0
609,2504.0,186.2048,0.0,1.25,0.0,0.0
610,2509.0,179.169,0.0,1.25,0.0,0.0
611,2513.0,179.169,0.0,1.25,0.0,0.0
612,2517.0,179.169,0.0,1.25,0.0,0.0
613,2522.0,179.169,0.0,1.25,0.0,0.0
614,2526.0,179.169,0.0,1.25,0.0,0.0
615,2530.0,179.169,0.0,1.25,0.0,0.0
616,2535.0,179.169,0.0,1.25,0.0,0.0
617,2541.0,179.169,0.0,1.25,0.0,0.0
618,2546.0,179.169,0.0,1.25,0.0,0.0
619,2551.0,179.169,0.0,1.25,0.0,0.0
620,2555.0,171.6423,0.0,1.25,0.0,0.0
621,2560.0,171.6423,0.0,1.25,0.0,0.0
622,2564.0,171.6423,0.0,1.25,0.0,0.0
623,2568.0,171.6423,0.0,1.25,0.0,0.0
624,2573.0,171.6423,0.0,1.25,0.0,0.0
625,2577.0,171.6423,0.0,1.25,0.0,0.0
626,2581.0,171.6423,0.0,1.25,0.0,0.0
627,2586.0,171.6423,0.0,1.25,0.0,0.0
628,2591.0,171.6423,0.0,1.25,0.0,0.0
629,2596.0,171.6423,0.0,1.25,0.0,0.0
630,2601.0,164.1155,0.0,1.25,0.0,0.0
631,2605.0,164.1155,0.0,1.25,0.0,0.0
632,2609.0,164.1155,0.0,1.25,0.0,0.0
633,2614.0,164.1155,0.0,1.25,0.0,0.0
634,2618.0,164.1155,0.0,1.25,0.0,0.0
635,2623.0,164.1155,0.0,1.25,0.0,0.0
636,2627.0,164.1155,0.0,1.25,0.0,0.0
637,2631.0,164.1155,0.0,1.25,0.0,0.0
638,2636.0,164.1155,0.0,1.25,0.0,0.0
639,2640.0,164.1155,0.0,1.25,0.0,0.0
640,2644.0,157.0797,0.0,1.25,0.0,0.0
641,2649.0,157.0797,0.0,1.25,0.0,0.0
642,2653.0,157.0797,0.0,1.25,0.0,0.0
643,2657.0,157.0797,0.0,1.25,0.0,0.0
644,2662.0,157.0797,0.0,1.25,0.0,0.0
645,2666.0,157.0797,0.0,1.25,0.0,0.0
646,2670.0,157.0797,0.0,1.25,0.0,0.0
647,2675.0,157.0797,0.0,1.25,0.0,0.0
648,2679.0,157.0797,0.0,1.25,0.0,0.0
649,2683.0,157.0797,0.0,1.25,0.0,0.0
650,2687.0,149.8802,0.0,1.25,0.0,0.0
651,2691.0,149.8802,0.0,1.25,0.0,0.0
652,2695.0,149.8802,0.0,1.25,0.0,0.0
653,2700.0,149.8802,0.0,1.25,0.0,0.0
654,2704.0,149.8802,0.0,1.25,0.0,0.0
655,2709.0,149.8802,0.0,1.25,0.0,0.0
656,2713.0,149.8802,0.0,1.25,0.0,0.0
657,2717.0,149.8802,0.0,1.25,0.0,0.0
658,2722.0,149.8802,0.0,1.25,0.0,0.0
659,2726.0,149.8802,0.0,1.25,0.0,0.0
660,2730.0,143.0079,0.0,1.25,0.0,0.0
661,2735.0,143.0079,0.0,1.25,0.0,0.0
662,2739.0,143.0079,0.0,1.25,0.0,0.0
663,2744.0,143.0079,0.0,1.25,0.0,0.0
664,2749.0,143.0079,0.0,1.25,0.0,0.0
665,2753.0,143.0079,0.0,1.25,0.0,0.0
666,2758.0,143.0079,0.0,1.25,0.0,0.0
667,2762.0,143.0079,0.0,1.25,0.0,0.0
668,2766.0,143.0079,0.0,1.25,0.0,0.0
669,2771.0,143.0079,0.0,1.25,0.0,0.0
670,2775.0,135.6448,0.0,1.25,0.0,0.0
671,2779.0,135.6448,0.0,1.25,0.0,0.0
672,2784.0,135.6448,0.0,1.25,0.0,0.0
673,2788.0,135.6448,0.0,1.25,0.0,0.0
674,2792.0,135.6448,0.0,1.25,0.0,0.0
675,2797.0,135.6448,0.0,1.25,0.0,0.0
676,2801.0,135.6448,0.0,1.25,0.0,0.0
677,2805.0,135.6448,0.0,1.25,0.0,0.0
678,2810.0,135.6448,0.0,1.25,0.0,0.0
679,2814.0,135.6448,0.0,1.25,0.0,0.0
680,2819.0,128.4454,0.0,1.25,0.0,0.0
681,2823.0,128.4454,0.0,1.25,0.0,0.0
682,2827.0,128.4454,0.0,1.25,0.0,0.0
683,2831.0,128.4454,0.0,1.25,0.0,0.0
684,2836.0,128.4454,0.0,1.25,0.0,0.0
685,2840.0,128.4454,0.0,1.25,0.0,0.0
686,2845.0,128.4454,0.0,1.25,0.0,0.0
687,2849.0,128.4454,0.0,1.25,0.0,0.0
688,2853.0,128.4454,0.0,1.25,0.0,0.0
689,2858.0,128.4454,0.0,1.25,0.0,0.0
690,2862.0,121.4095,0.0,1.25,0.0,0.0
691,2866.0,121.4095,0.0,1.25,0.0,0.0
692,2871.0,121.4095,0.0,1.25,0.0,0.0
693,2875.0,121.4095,0.0,1.25,0.0,0.0
694,2879.0,121.4095,0.0,1.25,0.0,0.0
695,2884.0,121.4095,0.0,1.25,0.0,0.0
696,2889.0,121.4095,0.0,1.25,0.0,0.0
697,2894.0,121.4095,0.0,1.25,0.0,0.0
698,2898.0,121.4095,0.0,1.25,0.0,0.0
699,2903.0,121.4095,0.0,1.25,0.0,0.0
700,2908.0,113.8828,0.0,1.25,0.0,0.0
701,2912.0,113.8828,0.0,1.25,0.0,0.0
702,2916.0,113.8828,0.0,1.25,0.0,0.0
703,2921.0,113.8828,0.0,1.25,0.0,0.0
704,2925.0,113.8828,0.0,1.25,0.0,0.0
705,2931.0,113.8828,0.0,1.25,0.0,0.0
706,2936.0,113.8828,0.0,1.25,0.0,0.0
707,2940.0,113.8828,0.0,1.25,0.0,0.0
708,2944.0,113.8828,0.0,1.25,0.0,0.0
709,2949.0,113.8828,0.0,1.25,0.0,0.0
710,2953.0,106.5197,0.0,1.25,0.0,0.0
711,2958.0,106.5197,0.0,1.25,0.0,0.0
712,2962.0,106.5197,0.0,1.25,0.0,0.0
713,2966.0,106.5197,0.0,1.25,0.0,0.0
714,2971.0,106.5197,0.0,1.25,0.0,0.0
715,2975.0,106.5197,0.0,1.25,0.0,0.0
716,2980.0,106.5197,0.0,1.25,0.0,0.0
717,2985.0,106.5197,0.0,1.25,0.0,0.0
718,2989.0,106.5197,0.0,1.25,0.0,0.0
719,2993.0,106.5197,0.0,1.25,0.0,0.0
720,2998.0,99.1565,0.0,1.25,0.0,0.0
721,3002.0,99.1565,0.0,1.25,0.0,0.0
722,3006.0,99.1565,0.0,1.25,0.0,0.0
723,3011.0,99.1565,0.0,1.25,0.0,0.0
724,3015.0,99.1565,0.0,1.25,0.0,0.0
725,3020.0,99.1565,0.0,1.25,0.0,0.0
726,3024.0,99.1565,0.0,1.25,0.0,0.0
727,3029.0,99.1565,0.0,1.25,0.0,0.0
728,3034.0,99.1565,0.0,1.25,0.0,0.0
729,3038.0,99.1565,0.0,1.25,0.0,0.0
730,3042.0,91.9571,0.0,1.25,0.0,0.0
731,3047.0,91.9571,0.0,1.25,0.0,0.0
732,3051.0,91.9571,0.0,1.25,0.0,0.0
733,3055.0,91.9571,0.0,1.25,0.0,0.0
734,3060.0,91.9571,0.0,1.25,0.0,0.0
735,3064.0,91.9571,0.0,1.25,0.0,0.0
736,3068.0,91.9571,0.0,1.25,0.0,0.0
737,3073.0,91.9571,0.0,1.25,0.0,0.0
738,3078.0,91.9571,0.0,1.25,0.0,0.0
739,3082.0,91.9571,0.0,1.25,0.0,0.0
740,3087.0,84.594,0.0,1.25,0.0,0.0
741,3091.0,84.594,0.0,1.25,0.0,0.0
742,3095.0,84.594,0.0,1.25,0.0,0.0
743,3100.0,84.594,0.0,1.25,0.0,0.0
744,3104.0,84.594,0.0,1.25,0.0,0.0
745,3109.0,84.594,0.0,1.25,0.0,0.0
746,3113.0,84.594,0.0,1.25,0.0,0.0
747,3117.0,84.594,0.0,1.25,0.0,0.0
748,3122.0,84.594,0.0,1.25,0.0,0.0
749,3125.0,84.594,0.0,1.25,0.0,0.0
750,3129.0,77.7217,0.0,1.25,0.0,0.0
751,3134.0,77.7217,0.0,1.25,0.0,0.0
752,3138.0,77.7217,0.0,1.25,0.0,0.0
753,3142.0,77.7217,0.0,1.25,0.0,0.0
754,3147.0,77.7217,0.0,1.25,0.0,0.0
755,3151.0,77.7217,0.0,1.25,0.0,0.0
756,3156.0,77.7217,0.0,1.25,0.0,0.0
757,3160.0,77.7217,0.0,1.25,0.0,0.0
758,3164.0,77.7217,0.0,1.25,0.0,0.0
759,3169.0,77.7217,0.0,1.25,0.0,0.0
760,3173.0,70.5222,0.0,1.25,0.0,0.0
761,3177.0,70.5222,0.0,1.25,0.0,0.0
762,3183.0,70.5222,0.0,1.25,0.0,0.0
763,3187.0,70.5222,0.0,1.25,0.0,0.0
764,3191.0,70.5222,0.0,1.25,0.0,0.0
765,3196.0,70.5222,0.0,1.25,0.0,0.0
766,3200.0,70.5222,0.0,1.25,0.0,0.0
767,3205.0,70.5222,0.0,1.25,0.0,0.0
768,3209.0,70.5222,0.0,1.25,0.0,0.0
769,3213.0,70.5222,0.0,1.25,0.0,0.0
770,3218.0,63.1591,0.0,1.25,0.0,0.0
771,3223.0,63.1591,0.0,1.25,0.0,0.0
772,3227.0,63.1591,0.0,1.25,0.0,0.0
773,3232.0,63.1591,0.0,1.25,0.0,0.0
774,3236.0,63.1591,0.0,1.25,0.0,0.0
775,3240.0,63.1591,0.0,1.25,0.0,0.0
776,3245.0,63.1591,0.0,1.25,0.0,0.0
777,3249.0,63.1591,0.0,1.25,0.0,0.0
778,3253.0,63.1591,0.0,1.25,0.0,0.0
779,3258.0,63.1591,0.0,1.25,0.0,0.0
780,3262.0,55.9597,0.0,1.25,0.0,0.0
781,3267.0,55.9597,0.0,1.25,0.0,0.0
782,3272.0,55.9597,0.0,1.25,0.0,0.0
783,3276.0,55.9597,0.0,1.25,0.0,0.0
784,3281.0,55.9597,0.0,1.25,0.0,0.0
785,3285.0,55.9597,0.0,1.25,0.0,0.0
786,3289.0,55.9597,0.0,1.25,0.0,0.0
787,3294.0,55.9597,0.0,1.25,0.0,0.0
788,3298.0,55.9597,0.0,1.25,0.0,0.0
789,3302.0,55.9597,0.0,1.25,0.0,0.0
790,3307.0,48.5965,0.0,1.25,0.0,0.0
791,3311.0,48.5965,0.0,1.25,0.0,0.0
792,3315.0,48.5965,0.0,1.25,0.0,0.0
793,3320.0,48.5965,0.0,1.25,0.0,0.0
794,3324.0,48.5965,0.0,1.25,0.0,0.0
795,3328.0,48.5965,0.0,1.25,0.0,0.0
796,3333.0,48.5965,0.0,1.25,0.0,0.0
797,3337.0,48.5965,0.0,1.25,0.0,0.0
798,3342.0,48.5965,0.0,1.25,0.0,0.0
799,3346.0,48.5965,0.0,1.25,0.0,0.0
800,3350.0,41.5607,0.0,1.25,0.0,0.0
801,3355.0,41.5607,0.0,1.25,0.0,0.0
802,3359.0,41.5607,0.0,1.25,0.0,0.0
803,3363.0,41.5607,0.0,1.25,0.0,0.0
804,3368.0,41.5607,0.0,1.25,0.0,0.0
805,3372.0,41.5607,0.0,1.25,0.0,0.0
806,3376.0,41.5607,0.0,1.25,0.0,0.0
807,3381.0,41.5607,0.0,1.25,0.0,0.0
808,3385.0,41.5607,0.0,1.25,0.0,0.0
809,3389.0,41.5607,0.0,1.25,0.0,0.0
810,3394.0,34.3612,0.0,1.25,0.0,0.0
811,3398.0,34.3612,0.0,1.25,0.0,0.0
812,3402.0,34.3612,0.0,1.25,0.0,0.0
813,3407.0,34.3612,0.0,1.25,0.0,0.0
814,3411.0,34.3612,0.0,1.25,0.0,0.0
815,3415.0,34.3612,0.0,1.25,0.0,0.0
816,3419.0,34.3612,0.0,1.25,0.0,0.0
817,3424.0,34.3612,0.0,1.25,0.0,0.0
818,3429.0,34.3612,0.0,1.25,0.0,0.0
819,3433.0,34.3612,0.0,1.25,0.0,0.0
820,3437.0,27.3253,0.0,1.25,0.0,0.0
821,3442.0,27.3253,0.0,1.25,0.0,0.0
822,3446.0,27.3253,0.0,1.25,0.0,0.0
823,3450.0,27.3253,0.0,1.25,0.0,0.0
824,3455.0,27.3253,0.0,1.25,0.0,0.0
825,3459.0,27.3253,0.0,1.25,0.0,0.0
826,3463.0,27.3253,0.0,1.25,0.0,0.0
827,3468.0,27.3253,0.0,1.25,0.0,0.0
828,3473.0,27.3253,0.0,1.25,0.0,0.0
829,3478.0,27.3253,0.0,1.25,0.0,0.0
830,3482.0,19.9622,0.0,1.25,0.0,0.0
831,3486.0,19.9622,0.0,1.25,0.0,0.0
832,3491.0,19.9622,0.0,1.25,0.0,0.0
833,3495.0,19.9622,0.0,1.25,0.0,0.0
834,3499.0,19.9622,0.0,1.25,0.0,0.0
835,3504.0,19.9622,0.0,1.25,0.0,0.0
836,3508.0,19.9622,0.0,1.25,0.0,0.0
837,3515.0,19.9622,0.0,1.25,0.0,0.0
838,3520.0,19.9622,0.0,1.25,0.0,0.0
839,3524.0,19.9622,0.0,1.25,0.0,0.0
840,3528.0,12.4355,0.0,1.25,0.0,0.0
841,3533.0,12.4355,0.0,1.25,0.0,0.0
842,3537.0,12.4355,0.0,1.25,0.0,0.0
843,3541.0,12.4355,0.0,1.25,0.0,0.0
844,3546.0,12.4355,0.0,1.25,0.0,0.0
845,3550.0,12.4355,0.0,1.25,0.0,0.0
846,3555.0,12.4355,0.0,1.25,0.0,0.0
847,3559.0,12.4355,0.0,1.25,0.0,0.0
848,3563.0,12.4355,0.0,1.25,0.0,0.0
849,3567.0,12.4355,0.0,1.25,0.0,0.0
850,3572.0,5.236,0.0,1.25,0.0,0.0
851,3576.0,5.236,0.0,1.25,0.0,0.0
852,3580.0,5.236,0.0,1.25,0.0,0.0
853,3585.0,5.236,0.0,1.25,0.0,0.0
854,3589.0,5.236,0.0,1.25,0.0,0.0
855,3593.0,5.236,0.0,1.25,0.0,0.0
856,3597.0,5.236,0.0,1.25,0.0,0.0
857,3601.0,5.236,0.0,1.25,0.0,0.0
858,3605.0,5.236,0.0,1.25,0.0,0.0
859,3609.0,5.236,0.0,1.25,0.0,0.0
860,3613.0,-1.4726,0.0,1.25,0.0,0.0
861,3616.0,-1.4726,0.0,1.25,0.0,0.0
862,3620.0,-1.4726,0.0,1.25,0.0,0.0
863,3623.0,-1.4726,0.0,1.25,0.0,0.0
864,3627.0,-1.4726,0.0,1.25,0.0,0.0
865,3630.0,-1.4726,0.0,1.25,0.0,0.0
866,3632.0,-1.4726,0.0,1.25,0.0,0.0
867,3636.0,-1.4726,0.0,1.25,0.0,0.0
868,3638.0,-1.4726,0.0,1.25,0.0,0.0
869,3641.0,-1.4726,0.0,1.25,0.0,0.0
870,3644.0,-6.8722,0.0,1.25,0.0,0.0
871,3647.0,-6.8722,0.0,1.25,0.0,0.0
872,3649.0,-6.8722,0.0,1.25,0.0,0.0
873,3652.0,-6.8722,0.0,1.25,0.0,0.0
874,3654.0,-6.8722,0.0,1.25,0.0,0.0
875,3656.0,-6.8722,0.0,1.25,0.0,0.0
876,3658.0,-6.8722,0.0,1.25,0.0,0.0
877,3660.0,-6.8722,0.0,1.25,0.0,0.0
878,3661.0,-6.8722,0.0,1.25,0.0,0.0
879,3663.0,-6.8722,0.0,1.25,0.0,0.0
880,3664.0,-10.3083,0.0,1.25,0.0,0.0
881,3666.0,-10.3083,0.0,1.25,0.0,0.0
882,3667.0,-10.3083,0.0,1.25,0.0,0.0
883,3668.0,-10.3083,0.0,1.25,0.0,0.0
884,3669.0,-10.3083,0.0,1.25,0.0,0.0
885,3669.0,-10.3083,0.0,1.25,0.0,0.0
886,3670.0,-10.3083,0.0,1.25,0.0,0.0
887,3670.0,-10.3083,0.0,1.25,0.0,0.0
888,3670.0,-10.3083,0.0,1.25,0.0,0.0
889,3670.0,-10.3083,0.0,1.25,0.0,0.0
890,3670.0,-11.4537,0.0,1.25,0.0,0.0
891,3670.0,-11.4537,0.0,1.25,0.0,0.0
892,3669.0,-11.4537,0.0,1.25,0.0,0.0
893,3669.0,-11.4537,0.0,1.25,0.0,0.0
894,3668.0,-11.4537,0.0,1.25,0.0,0.0
895,3667.0,-11.4537,0.0,1.25,0.0,0.0
896,3666.0,-11.4537,0.0,1.25,0.0,0.0
897,3665.0,-11.4537,0.0,1.25,0.0,0.0
898,3664.0,-11.4537,0.0,1.25,0.0,0.0
899,3663.0,-11.4537,0.0,1.25,0.0,0.0
900,3661.0,-10.1447,0.0,1.25,0.0,0.0
901,3660.0,-10.1447,0.0,1.25,0.0,0.0
902,3658.0,-10.1447,0.0,1.25,0.0,0.0
903,3657.0,-10.1447,0.0,1.25,0.0,0.0
904,3655.0,-10.1447,0.0,1.25,0.0,0.0
905,3653.0,-10.1447,0.0,1.25,0.0,0.0
906,3651.0,-10.1447,0.0,1.25,0.0,0.0
907,3650.0,-10.1447,0.0,1.25,0.0,0.0
908,3648.0,-10.1447,0.0,1.25,0.0,0.0
909,3646.0,-10.1447,0.0,1.25,0.0,0.0
910,3644.0,-7.5267,0.0,1.25,0.0,0.0
911,3642.0,-7.5267,0.0,1.25,0.0,0.0
912,3640.0,-7.5267,0.0,1.25,0.0,0.0
913,3637.0,-7.5267,0.0,1.25,0.0,0.0
914,3635.0,-7.5267,0.0,1.25,0.0,0.0
915,3633.0,-7.5267,0.0,1.25,0.0,0.0
916,3631.0,-7.5267,0.0,1.25,0.0,0.0
917,3629.0,-7.5267,0.0,1.25,0.0,0.0
918,3626.0,-7.5267,0.0,1.25,0.0,0.0
919,3624.0,-7.5267,0.0,1.25,0.0,0.0
920,3622.0,-3.927,0.0,1.25,0.0,0.0
921,3620.0,-3.927,0.0,1.25,0.0,0.0
922,3617.0,-3.927,0.0,1.25,0.0,0.0
923,3615.0,-3.927,0.0,1.25,0.0,0.0
924,3613.0,-3.927,0.0,1.25,0.0,0.0
925,3611.0,-3.927,0.0,1.25,0.0,0.0
926,3609.0,-3.927,0.0,1.25,0.0,0.0
927,3607.0,-3.927,0.0,1.25,0.0,0.0
928,3605.0,-3.927,0.0,1.25,0.0,0.0
929,3603.0,-3.927,0.0,1.25,0.0,0.0
930,3601.0,-0.4908,0.0,1.25,0.0,0.0
931,3599.0,-0.4908,0.0,1.25,0.0,0.0
932,3597.0,-0.4908,0.0,1.25,0.0,0.0
933,3595.0,-0.4908,0.0,1.25,0.0,0.0
934,3593.0,-0.4908,0.0,1.25,0.0,0.0
935,3591.0,-0.4908,0.0,1.25,0.0,0.0
936,3589.0,-0.4908,0.0,1.25,0.0,0.0
937,3588.0,-0.4908,0.0,1.25,0.0,0.0
938,3586.0,-0.4908,0.0,1.25,0.0,0.0
939,3584.0,-0.4908,0.0,1.25,0.0,0.0
940,3583.0,2.618,0.0,1.25,0.0,0.0
941,3582.0,2.618,0.0,1.25,0.0,0.0
942,3580.0,2.618,0.0,1.25,0.0,0.0
943,3579.0,2.618,0.0,1.25,0.0,0.0
944,3577.0,2.618,0.0,1.25,0.0,0.0
945,3576.0,2.618,0.0,1.25,0.0,0.0
946,3575.0,2.618,0.0,1.25,0.0,0.0
947,3574.0,2.618,0.0,1.25,0.0,0.0
948,3573.0,2.618,0.0,1.25,0.0,0.0
949,3572.0,2.618,0.0,1.25,0.0,0.0
950,3572.0,4.5815,0.0,1.25,0.0,0.0
951,3571.0,4.5815,0.0,1.25,0.0,0.0
952,3570.0,4.5815,0.0,1.25,0.0,0.0
953,3570.0,4.5815,0.0,1.25,0.0,0.0
954,3569.0,4.5815,0.0,1.25,0.0,0.0
955,3569.0,4.5815,0.0,1.25,0.0,0.0
956,3569.0,4.5815,0.0,1.25,0.0,0.0
957,3568.0,4.5815,0.0,1.25,0.0,0.0
958,3568.0,4.5815,0.0,1.25,0.0,0.0
959,3568.0,4.5815,0.0,1.25,0.0,0.0
960,3568.0,5.236,0.0,1.25,0.0,0.0
961,3568.0,5.236,0.0,1.25,0.0,0.0
962,3568.0,5.236,0.0,1.25,0.0,0.0
963,3568.0,5.236,0.0,1.25,0.0,0.0
964,3568.0,5.236,0.0,1.25,0.0,0.0
965,3569.0,5.236,0.0,1.25,0.0,0.0
966,3569.0,5.236,0.0,1.25,0.0,0.0
967,3569.0,5.236,0.0,1.25,0.0,0.0
968,3570.0,5.236,0.0,1.25,0.0,0.0
969,3570.0,5.236,0.0,1.25,0.0,0.0
970,3571.0,4.9088,0.0,1.25,0.0,0.0
971,3571.0,4.9088,0.0,1.25,0.0,0.0
972,3572.0,4.9088,0.0,1.25,0.0,0.0
973,3572.0,4.9088,0.0,1.25,0.0,0.0
974,3573.0,4.9088,0.0,1.25,0.0,0.0
975,3574.0,4.9088,0.0,1.25,0.0,0.0
976,3574.0,4.9088,0.0,1.25,0.0,0.0
977,3575.0,4.9088,0.0,1.25,0.0,0.0
978,3576.0,4.9088,0.0,1.25,0.0,0.0
979,3577.0,4.9088,0.0,1.25,0.0,0.0
980,3578.0,3.7634,0.0,1.25,0.0,0.0
981,3579.0,3.7634,0.0,1.25,0.0,0.0
982,3580.0,3.7634,0.0,1.25,0.0,0.0
983,3581.0,3.7634,0.0,1.25,0.0,0.0
984,3582.0,3.7634,0.0,1.25,0.0,0.0
985,3583.0,3.7634,0.0,1.25,0.0,0.0
986,3584.0,3.7634,0.0,1.25,0.0,0.0
987,3585.0,3.7634,0.0,1.25,0.0,0.0
988,3586.0,3.7634,0.0,1.25,0.0,0.0
989,3587.0,3.7634,0.0,1.25,0.0,0.0
990,3588.0,2.1272,0.0,1.25,0.0,0.0
991,3589.0,2.1272,0.0,1.25,0.0,0.0
992,3590.0,2.1272,0.0,1.25,0.0,0.0
993,3591.0,2.1272,0.0,1.25,0.0,0.0
994,3592.0,2.1272,0.0,1.25,0.0,0.0
995,3593.0,2.1272,0.0,1.25,0.0,0.0
996,3594.0,2.1272,0.0,1.25,0.0,0.0
997,3595.0,2.1272,0.0,1.25,0.0,0.0
998,3596.0,2.1272,0.0,1.25,0.0,0.0
999,3597.0,2.1272,0.0,1.25,0.0,0.0
1000,3598.0,0.4909,0.0,1.25,0.0,0.0
1001,3599.0,0.4909,0.0,1.25,0.0,0.0
1002,3599.0,0.4909,0.0,1.25,0.0,0.0
1003,3600.0,0.4909,0.0,1.25,0.0,0.0
1004,3601.0,0.4909,0.0,1.25,0.0,0.0
1005,3602.0,0.4909,0.0,1.25,0.0,0.0
1006,3603.0,0.4909,0.0,1.25,0.0,0.0
1007,3604.0,0.4909,0.0,1.25,0.0,0.0
1008,3604.0,0.4909,0.0,1.25,0.0,0.0
1009,3605.0,0.4909,0.0,1.25,0.0,0.0
1010,3606.0,-0.8181,0.0,1.25,0.0,0.0
1011,3607.0,-0.8181,0.0,1.25,0.0,0.0
1012,3607.0,-0.8181,0.0,1.25,0.0,0.0
1013,3608.0,-0.8181,0.0,1.25,0.0,0.0
1014,3608.0,-0.8181,0.0,1.25,0.0,0.0
1015,3609.0,-0.8181,0.0,1.25,0.0,0.0
1016,3609.0,-0.8181,0.0,1.25,0.0,0.0
1017,3610.0,-0.8181,0.0,1.25,0.0,0.0
1018,3610.0,-0.8181,0.0,1.25,0.0,0.0
1019,3611.0,-0.8181,0.0,1.25,0.0,0.0
1020,3611.0,-1.7999,0.0,1.25,0.0,0.0
1021,3611.0,-1.7999,0.0,1.25,0.0,0.0
1022,3612.0,-1.7999,0.0,1.25,0.0,0.0
1023,3612.0,-1.7999,0.0,1.25,0.0,0.0
1024,3612.0,-1.7999,0.0,1.25,0.0,0.0
1025,3612.0,-1.7999,0.0,1.25,0.0,0.0
1026,3613.0,-1.7999,0.0,1.25,0.0,0.0
1027,3613.0,-1.7999,0.0,1.25,0.0,0.0
1028,3613.0,-1.7999,0.0,1.25,0.0,0.0
1029,3613.0,-1.7999,0.0,1.25,0.0,0.0
1030,3613.0,-2.1271,0.0,1.25,0.0,0.0
1031,3613.0,-2.1271,0.0,1.25,0.0,0.0
1032,3613.0,-2.1271,0.0,1.25,0.0,0.0
1033,3613.0,-2.1271,0.0,1.25,0.0,0.0
1034,3613.0,-2.1271,0.0,1.25,0.0,0.0
1035,3612.0,-2.1271,0.0,1.25,0.0,0.0
1036,3612.0,-2.1271,0.0,1.25,0.0,0.0
1037,3612.0,-2.1271,0.0,1.25,0.0,0.0
1038,3612.0,-2.1271,0.0,1.25,0.0,0.0
1039,3612.0,-2.1271,0.0,1.25,0.0,0.0
1040,3611.0,-1.9635,0.0,1.25,0.0,0.0
1041,3611.0,-1.9635,0.0,1.25,0.0,0.0
1042,3611.0,-1.9635,0.0,1.25,0.0,0.0
1043,3611.0,-1.9635,0.0,1.25,0.0,0.0
1044,3610.0,-1.9635,0.0,1.25,0.0,0.0
1045,3610.0,-1.9635,0.0,1.25,0.0,0.0
1046,3610.0,-1.9635,0.0,1.25,0.0,0.0
1047,3609.0,-1.9635,0.0,1.25,0.0,0.0
1048,3609.0,-1.9635,0.0,1.25,0.0,0.0
1049,3608.0,-1.9635,0.0,1.25,0.0,0.0
1050,3608.0,-1.309,0.0,1.25,0.0,0.0
1051,3608.0,-1.309,0.0,1.25,0.0,0.0
1052,3607.0,-1.309,0.0,1.25,0.0,0.0
1053,3607.0,-1.309,0.0,1.25,0.0,0.0
1054,3607.0,-1.309,0.0,1.25,0.0,0.0
1055,3606.0,-1.309,0.0,1.25,0.0,0.0
1056,3606.0,-1.309,0.0,1.25,0.0,0.0
1057,3605.0,-1.309,0.0,1.25,0.0,0.0
1058,3605.0,-1.309,0.0,1.25,0.0,0.0
1059,3605.0,-1.309,0.0,1.25,0.0,0.0
1060,3604.0,-0.6544,0.0,1.25,0.0,0.0
1061,3604.0,-0.6544,0.0,1.25,0.0,0.0
1062,3603.0,-0.6544,0.0,1.25,0.0,0.0
1063,3603.0,-0.6544,0.0,1.25,0.0,0.0
1064,3603.0,-0.6544,0.0,1.25,0.0,0.0
1065,3602.0,-0.6544,0.0,1.25,0.0,0.0
1066,3602.0,-0.6544,0.0,1.25,0.0,0.0
1067,3602.0,-0.6544,0.0,1.25,0.0,0.0
1068,3601.0,-0.6544,0.0,1.25,0.0,0.0
1069,3601.0,-0.6544,0.0,1.25,0.0,0.0
