TIME,PULSES,CONTROLLERVOLTAGE,CONTROLLER,KP,TAUD,TAUI 
0,0,-0.1636,1,0.625,0.00625,0.0
1,0,-0.1636,1,0.625,0.00625,0.0
2,0,-0.1636,1,0.625,0.00625,0.0
3,0,-0.1636,1,0.625,0.00625,0.0
4,0,-0.1636,1,0.625,0.00625,0.0
5,0,-0.1636,1,0.625,0.00625,0.0
6,0,-0.1636,1,0.625,0.00625,0.0
7,0,-0.1636,1,0.625,0.00625,0.0
8,0,-0.1636,1,0.625,0.00625,0.0
9,0,-0.1636,1,0.625,0.00625,0.0
10,0,478.6531,1,0.625,0.00625,0.0
11,0,478.6531,1,0.625,0.00625,0.0
12,0,478.6531,1,0.625,0.00625,0.0
13,0,478.6531,1,0.625,0.00625,0.0
14,1,478.6531,1,0.625,0.00625,0.0
15,1,478.6531,1,0.625,0.00625,0.0
16,2,478.6531,1,0.625,0.00625,0.0
17,3,478.6531,1,0.625,0.00625,0.0
18,4,478.6531,1,0.625,0.00625,0.0
19,5,478.6531,1,0.625,0.00625,0.0
20,6,293.8596,1,0.625,0.00625,0.0
21,7,293.8596,1,0.625,0.00625,0.0
22,9,293.8596,1,0.625,0.00625,0.0
23,10,293.8596,1,0.625,0.00625,0.0
24,12,293.8596,1,0.625,0.00625,0.0
25,13,293.8596,1,0.625,0.00625,0.0
26,15,293.8596,1,0.625,0.00625,0.0
27,17,293.8596,1,0.625,0.00625,0.0
28,19,293.8596,1,0.625,0.00625,0.0
29,21,293.8596,1,0.625,0.00625,0.0
30,23,291.9882,1,0.625,0.00625,0.0
31,25,291.9882,1,0.625,0.00625,0.0
32,27,291.9882,1,0.625,0.00625,0.0
33,29,291.9882,1,0.625,0.00625,0.0
34,32,291.9882,1,0.625,0.00625,0.0
35,34,291.9882,1,0.625,0.00625,0.0
36,37,291.9882,1,0.625,0.00625,0.0
37,39,291.9882,1,0.625,0.00625,0.0
38,42,291.9882,1,0.625,0.00625,0.0
39,45,291.9882,1,0.625,0.00625,0.0
40,47,289.6156,1,0.625,0.00625,0.0
41,50,289.6156,1,0.625,0.00625,0.0
42,53,289.6156,1,0.625,0.00625,0.0
43,56,289.6156,1,0.625,0.00625,0.0
44,59,289.6156,1,0.625,0.00625,0.0
45,62,289.6156,1,0.625,0.00625,0.0
46,65,289.6156,1,0.625,0.00625,0.0
47,68,289.6156,1,0.625,0.00625,0.0
48,71,289.6156,1,0.625,0.00625,0.0
49,74,289.6156,1,0.625,0.00625,0.0
50,77,286.9874,1,0.625,0.00625,0.0
51,80,286.9874,1,0.625,0.00625,0.0
52,84,286.9874,1,0.625,0.00625,0.0
53,87,286.9874,1,0.625,0.00625,0.0
54,90,286.9874,1,0.625,0.00625,0.0
55,94,286.9874,1,0.625,0.00625,0.0
56,97,286.9874,1,0.625,0.00625,0.0
57,101,286.9874,1,0.625,0.00625,0.0
58,104,286.9874,1,0.625,0.00625,0.0
59,108,286.9874,1,0.625,0.00625,0.0
60,111,283.9501,1,0.625,0.00625,0.0
61,115,283.9501,1,0.625,0.00625,0.0
62,118,283.9501,1,0.625,0.00625,0.0
63,122,283.9501,1,0.625,0.00625,0.0
64,125,283.9501,1,0.625,0.00625,0.0
65,129,283.9501,1,0.625,0.00625,0.0
66,133,283.9501,1,0.625,0.00625,0.0
67,136,283.9501,1,0.625,0.00625,0.0
68,140,283.9501,1,0.625,0.00625,0.0
69,144,283.9501,1,0.625,0.00625,0.0
70,148,280.9026,1,0.625,0.00625,0.0
71,151,280.9026,1,0.625,0.00625,0.0
72,155,280.9026,1,0.625,0.00625,0.0
73,159,280.9026,1,0.625,0.00625,0.0
74,163,280.9026,1,0.625,0.00625,0.0
75,167,280.9026,1,0.625,0.00625,0.0
76,171,280.9026,1,0.625,0.00625,0.0
77,174,280.9026,1,0.625,0.00625,0.0
78,178,280.9026,1,0.625,0.00625,0.0
79,182,280.9026,1,0.625,0.00625,0.0
80,186,277.6914,1,0.625,0.00625,0.0
81,190,277.6914,1,0.625,0.00625,0.0
82,194,277.6914,1,0.625,0.00625,0.0
83,198,277.6914,1,0.625,0.00625,0.0
84,202,277.6914,1,0.625,0.00625,0.0
85,206,277.6914,1,0.625,0.00625,0.0
86,210,277.6914,1,0.625,0.00625,0.0
87,214,277.6914,1,0.625,0.00625,0.0
88,218,277.6914,1,0.625,0.00625,0.0
89,222,277.6914,1,0.625,0.00625,0.0
90,226,274.3167,1,0.625,0.00625,0.0
91,230,274.3167,1,0.625,0.00625,0.0
92,234,274.3167,1,0.625,0.00625,0.0
93,239,274.3167,1,0.625,0.00625,0.0
94,243,274.3167,1,0.625,0.00625,0.0
95,247,274.3167,1,0.625,0.00625,0.0
96,251,274.3167,1,0.625,0.00625,0.0
97,255,274.3167,1,0.625,0.00625,0.0
98,259,274.3167,1,0.625,0.00625,0.0
99,263,274.3167,1,0.625,0.00625,0.0
100,266,270.7783,1,0.625,0.00625,0.0
101,270,270.7783,1,0.625,0.00625,0.0
102,275,270.7783,1,0.625,0.00625,0.0
103,279,270.7783,1,0.625,0.00625,0.0
104,283,270.7783,1,0.625,0.00625,0.0
105,287,270.7783,1,0.625,0.00625,0.0
106,291,270.7783,1,0.625,0.00625,0.0
107,296,270.7783,1,0.625,0.00625,0.0
108,300,270.7783,1,0.625,0.00625,0.0
109,304,270.7783,1,0.625,0.00625,0.0
110,308,267.6081,1,0.625,0.00625,0.0
111,313,267.6081,1,0.625,0.00625,0.0
112,318,267.6081,1,0.625,0.00625,0.0
113,323,267.6081,1,0.625,0.00625,0.0
114,327,267.6081,1,0.625,0.00625,0.0
115,331,267.6081,1,0.625,0.00625,0.0
116,336,267.6081,1,0.625,0.00625,0.0
117,340,267.6081,1,0.625,0.00625,0.0
118,344,267.6081,1,0.625,0.00625,0.0
119,349,267.6081,1,0.625,0.00625,0.0
120,353,263.6709,1,0.625,0.00625,0.0
121,357,263.6709,1,0.625,0.00625,0.0
122,362,263.6709,1,0.625,0.00625,0.0
123,367,263.6709,1,0.625,0.00625,0.0
124,371,263.6709,1,0.625,0.00625,0.0
125,375,263.6709,1,0.625,0.00625,0.0
126,379,263.6709,1,0.625,0.00625,0.0
127,384,263.6709,1,0.625,0.00625,0.0
128,389,263.6709,1,0.625,0.00625,0.0
129,393,263.6709,1,0.625,0.00625,0.0
130,399,259.9893,1,0.625,0.00625,0.0
131,403,259.9893,1,0.625,0.00625,0.0
132,407,259.9893,1,0.625,0.00625,0.0
133,412,259.9893,1,0.625,0.00625,0.0
134,416,259.9893,1,0.625,0.00625,0.0
135,420,259.9893,1,0.625,0.00625,0.0
136,425,259.9893,1,0.625,0.00625,0.0
137,429,259.9893,1,0.625,0.00625,0.0
138,433,259.9893,1,0.625,0.00625,0.0
139,438,259.9893,1,0.625,0.00625,0.0
140,442,256.4407,1,0.625,0.00625,0.0
141,447,256.4407,1,0.625,0.00625,0.0
142,452,256.4407,1,0.625,0.00625,0.0
143,456,256.4407,1,0.625,0.00625,0.0
144,460,256.4407,1,0.625,0.00625,0.0
145,466,256.4407,1,0.625,0.00625,0.0
146,470,256.4407,1,0.625,0.00625,0.0
147,474,256.4407,1,0.625,0.00625,0.0
148,479,256.4407,1,0.625,0.00625,0.0
149,483,256.4407,1,0.625,0.00625,0.0
150,487,252.708,1,0.625,0.00625,0.0
151,492,252.708,1,0.625,0.00625,0.0
152,495,252.708,1,0.625,0.00625,0.0
153,499,252.708,1,0.625,0.00625,0.0
154,504,252.708,1,0.625,0.00625,0.0
155,508,252.708,1,0.625,0.00625,0.0
156,513,252.708,1,0.625,0.00625,0.0
157,518,252.708,1,0.625,0.00625,0.0
158,522,252.708,1,0.625,0.00625,0.0
159,527,252.708,1,0.625,0.00625,0.0
160,531,249.1594,1,0.625,0.00625,0.0
161,535,249.1594,1,0.625,0.00625,0.0
162,540,249.1594,1,0.625,0.00625,0.0
163,545,249.1594,1,0.625,0.00625,0.0
164,549,249.1594,1,0.625,0.00625,0.0
165,554,249.1594,1,0.625,0.00625,0.0
166,558,249.1594,1,0.625,0.00625,0.0
167,563,249.1594,1,0.625,0.00625,0.0
168,568,249.1594,1,0.625,0.00625,0.0
169,572,249.1594,1,0.625,0.00625,0.0
170,577,245.2938,1,0.625,0.00625,0.0
171,581,245.2938,1,0.625,0.00625,0.0
172,586,245.2938,1,0.625,0.00625,0.0
173,591,245.2938,1,0.625,0.00625,0.0
174,595,245.2938,1,0.625,0.00625,0.0
175,600,245.2938,1,0.625,0.00625,0.0
176,604,245.2938,1,0.625,0.00625,0.0
177,608,245.2938,1,0.625,0.00625,0.0
178,613,245.2938,1,0.625,0.00625,0.0
179,617,245.2938,1,0.625,0.00625,0.0
180,621,241.7963,1,0.625,0.00625,0.0
181,626,241.7963,1,0.625,0.00625,0.0
182,630,241.7963,1,0.625,0.00625,0.0
183,636,241.7963,1,0.625,0.00625,0.0
184,640,241.7963,1,0.625,0.00625,0.0
185,644,241.7963,1,0.625,0.00625,0.0
186,649,241.7963,1,0.625,0.00625,0.0
187,653,241.7963,1,0.625,0.00625,0.0
188,658,241.7963,1,0.625,0.00625,0.0
189,662,241.7963,1,0.625,0.00625,0.0
190,667,238.0636,1,0.625,0.00625,0.0
191,672,238.0636,1,0.625,0.00625,0.0
192,676,238.0636,1,0.625,0.00625,0.0
193,681,238.0636,1,0.625,0.00625,0.0
194,685,238.0636,1,0.625,0.00625,0.0
195,689,238.0636,1,0.625,0.00625,0.0
196,694,238.0636,1,0.625,0.00625,0.0
197,698,238.0636,1,0.625,0.00625,0.0
198,703,238.0636,1,0.625,0.00625,0.0
199,707,238.0636,1,0.625,0.00625,0.0
200,711,234.3821,1,0.625,0.00625,0.0
201,716,234.3821,1,0.625,0.00625,0.0
202,720,234.3821,1,0.625,0.00625,0.0
203,724,234.3821,1,0.625,0.00625,0.0
204,729,234.3821,1,0.625,0.00625,0.0
205,733,234.3821,1,0.625,0.00625,0.0
206,738,234.3821,1,0.625,0.00625,0.0
207,742,234.3821,1,0.625,0.00625,0.0
208,746,234.3821,1,0.625,0.00625,0.0
209,751,234.3821,1,0.625,0.00625,0.0
210,755,230.8334,1,0.625,0.00625,0.0
211,761,230.8334,1,0.625,0.00625,0.0
212,765,230.8334,1,0.625,0.00625,0.0
213,769,230.8334,1,0.625,0.00625,0.0
214,774,230.8334,1,0.625,0.00625,0.0
215,778,230.8334,1,0.625,0.00625,0.0
216,784,230.8334,1,0.625,0.00625,0.0
217,788,230.8334,1,0.625,0.00625,0.0
218,793,230.8334,1,0.625,0.00625,0.0
219,797,230.8334,1,0.625,0.00625,0.0
220,801,226.9678,1,0.625,0.00625,0.0
221,806,226.9678,1,0.625,0.00625,0.0
222,810,226.9678,1,0.625,0.00625,0.0
223,815,226.9678,1,0.625,0.00625,0.0
224,820,226.9678,1,0.625,0.00625,0.0
225,824,226.9678,1,0.625,0.00625,0.0
226,829,226.9678,1,0.625,0.00625,0.0
227,833,226.9678,1,0.625,0.00625,0.0
228,838,226.9678,1,0.625,0.00625,0.0
229,842,226.9678,1,0.625,0.00625,0.0
230,846,223.3374,1,0.625,0.00625,0.0
231,851,223.3374,1,0.625,0.00625,0.0
232,857,223.3374,1,0.625,0.00625,0.0
233,861,223.3374,1,0.625,0.00625,0.0
234,866,223.3374,1,0.625,0.00625,0.0
235,870,223.3374,1,0.625,0.00625,0.0
236,875,223.3374,1,0.625,0.00625,0.0
237,879,223.3374,1,0.625,0.00625,0.0
238,884,223.3374,1,0.625,0.00625,0.0
239,889,223.3374,1,0.625,0.00625,0.0
240,892,219.5229,1,0.625,0.00625,0.0
241,897,219.5229,1,0.625,0.00625,0.0
242,901,219.5229,1,0.625,0.00625,0.0
243,905,219.5229,1,0.625,0.00625,0.0
244,910,219.5229,1,0.625,0.00625,0.0
245,915,219.5229,1,0.625,0.00625,0.0
246,920,219.5229,1,0.625,0.00625,0.0
247,924,219.5229,1,0.625,0.00625,0.0
248,928,219.5229,1,0.625,0.00625,0.0
249,933,219.5229,1,0.625,0.00625,0.0
250,936,215.8925,1,0.625,0.00625,0.0
251,941,215.8925,1,0.625,0.00625,0.0
252,945,215.8925,1,0.625,0.00625,0.0
253,949,215.8925,1,0.625,0.00625,0.0
254,954,215.8925,1,0.625,0.00625,0.0
255,958,215.8925,1,0.625,0.00625,0.0
256,964,215.8925,1,0.625,0.00625,0.0
257,968,215.8925,1,0.625,0.00625,0.0
258,972,215.8925,1,0.625,0.00625,0.0
259,977,215.8925,1,0.625,0.00625,0.0
260,981,212.3439,1,0.625,0.00625,0.0
261,986,212.3439,1,0.625,0.00625,0.0
262,990,212.3439,1,0.625,0.00625,0.0
263,994,212.3439,1,0.625,0.00625,0.0
264,999,212.3439,1,0.625,0.00625,0.0
265,1003,212.3439,1,0.625,0.00625,0.0
266,1008,212.3439,1,0.625,0.00625,0.0
267,1012,212.3439,1,0.625,0.00625,0.0
268,1016,212.3439,1,0.625,0.00625,0.0
269,1021,212.3439,1,0.625,0.00625,0.0
270,1025,208.7441,1,0.625,0.00625,0.0
271,1030,208.7441,1,0.625,0.00625,0.0
272,1035,208.7441,1,0.625,0.00625,0.0
273,1039,208.7441,1,0.625,0.00625,0.0
274,1044,208.7441,1,0.625,0.00625,0.0
275,1048,208.7441,1,0.625,0.00625,0.0
276,1053,208.7441,1,0.625,0.00625,0.0
277,1057,208.7441,1,0.625,0.00625,0.0
278,1061,208.7441,1,0.625,0.00625,0.0
279,1066,208.7441,1,0.625,0.00625,0.0
280,1070,205.0114,1,0.625,0.00625,0.0
281,1075,205.0114,1,0.625,0.00625,0.0
282,1079,205.0114,1,0.625,0.00625,0.0
283,1084,205.0114,1,0.625,0.00625,0.0
284,1088,205.0114,1,0.625,0.00625,0.0
285,1092,205.0114,1,0.625,0.00625,0.0
286,1097,205.0114,1,0.625,0.00625,0.0
287,1100,205.0114,1,0.625,0.00625,0.0
288,1104,205.0114,1,0.625,0.00625,0.0
289,1109,205.0114,1,0.625,0.00625,0.0
290,1113,201.5958,1,0.625,0.00625,0.0
291,1118,201.5958,1,0.625,0.00625,0.0
292,1122,201.5958,1,0.625,0.00625,0.0
293,1127,201.5958,1,0.625,0.00625,0.0
294,1131,201.5958,1,0.625,0.00625,0.0
295,1135,201.5958,1,0.625,0.00625,0.0
296,1140,201.5958,1,0.625,0.00625,0.0
297,1144,201.5958,1,0.625,0.00625,0.0
298,1148,201.5958,1,0.625,0.00625,0.0
299,1153,201.5958,1,0.625,0.00625,0.0
300,1157,197.9449,1,0.625,0.00625,0.0
301,1162,197.9449,1,0.625,0.00625,0.0
302,1166,197.9449,1,0.625,0.00625,0.0
303,1171,197.9449,1,0.625,0.00625,0.0
304,1175,197.9449,1,0.625,0.00625,0.0
305,1178,197.9449,1,0.625,0.00625,0.0
306,1183,197.9449,1,0.625,0.00625,0.0
307,1187,197.9449,1,0.625,0.00625,0.0
308,1192,197.9449,1,0.625,0.00625,0.0
309,1196,197.9449,1,0.625,0.00625,0.0
310,1200,194.4781,1,0.625,0.00625,0.0
311,1205,194.4781,1,0.625,0.00625,0.0
312,1209,194.4781,1,0.625,0.00625,0.0
313,1214,194.4781,1,0.625,0.00625,0.0
314,1218,194.4781,1,0.625,0.00625,0.0
315,1222,194.4781,1,0.625,0.00625,0.0
316,1228,194.4781,1,0.625,0.00625,0.0
317,1232,194.4781,1,0.625,0.00625,0.0
318,1237,194.4781,1,0.625,0.00625,0.0
319,1241,194.4781,1,0.625,0.00625,0.0
320,1246,190.5613,1,0.625,0.00625,0.0
321,1251,190.5613,1,0.625,0.00625,0.0
322,1255,190.5613,1,0.625,0.00625,0.0
323,1260,190.5613,1,0.625,0.00625,0.0
324,1264,190.5613,1,0.625,0.00625,0.0
325,1269,190.5613,1,0.625,0.00625,0.0
326,1274,190.5613,1,0.625,0.00625,0.0
327,1278,190.5613,1,0.625,0.00625,0.0
328,1283,190.5613,1,0.625,0.00625,0.0
329,1287,190.5613,1,0.625,0.00625,0.0
330,1292,186.9309,1,0.625,0.00625,0.0
331,1297,186.9309,1,0.625,0.00625,0.0
332,1302,186.9309,1,0.625,0.00625,0.0
333,1307,186.9309,1,0.625,0.00625,0.0
334,1311,186.9309,1,0.625,0.00625,0.0
335,1316,186.9309,1,0.625,0.00625,0.0
336,1320,186.9309,1,0.625,0.00625,0.0
337,1324,186.9309,1,0.625,0.00625,0.0
338,1330,186.9309,1,0.625,0.00625,0.0
339,1334,186.9309,1,0.625,0.00625,0.0
340,1339,182.9835,1,0.625,0.00625,0.0
341,1344,182.9835,1,0.625,0.00625,0.0
342,1348,182.9835,1,0.625,0.00625,0.0
343,1353,182.9835,1,0.625,0.00625,0.0
344,1357,182.9835,1,0.625,0.00625,0.0
345,1361,182.9835,1,0.625,0.00625,0.0
346,1366,182.9835,1,0.625,0.00625,0.0
347,1370,182.9835,1,0.625,0.00625,0.0
348,1375,182.9835,1,0.625,0.00625,0.0
349,1379,182.9835,1,0.625,0.00625,0.0
350,1384,179.2713,1,0.625,0.00625,0.0
351,1388,179.2713,1,0.625,0.00625,0.0
352,1392,179.2713,1,0.625,0.00625,0.0
353,1397,179.2713,1,0.625,0.00625,0.0
354,1401,179.2713,1,0.625,0.00625,0.0
355,1406,179.2713,1,0.625,0.00625,0.0
356,1410,179.2713,1,0.625,0.00625,0.0
357,1414,179.2713,1,0.625,0.00625,0.0
358,1419,179.2713,1,0.625,0.00625,0.0
359,1424,179.2713,1,0.625,0.00625,0.0
360,1429,175.6408,1,0.625,0.00625,0.0
361,1433,175.6408,1,0.625,0.00625,0.0
362,1438,175.6408,1,0.625,0.00625,0.0
363,1442,175.6408,1,0.625,0.00625,0.0
364,1446,175.6408,1,0.625,0.00625,0.0
365,1451,175.6408,1,0.625,0.00625,0.0
366,1455,175.6408,1,0.625,0.00625,0.0
367,1459,175.6408,1,0.625,0.00625,0.0
368,1464,175.6408,1,0.625,0.00625,0.0
369,1468,175.6408,1,0.625,0.00625,0.0
370,1473,172.0922,1,0.625,0.00625,0.0
371,1477,172.0922,1,0.625,0.00625,0.0
372,1482,172.0922,1,0.625,0.00625,0.0
373,1486,172.0922,1,0.625,0.00625,0.0
374,1491,172.0922,1,0.625,0.00625,0.0
375,1496,172.0922,1,0.625,0.00625,0.0
376,1500,172.0922,1,0.625,0.00625,0.0
377,1505,172.0922,1,0.625,0.00625,0.0
378,1509,172.0922,1,0.625,0.00625,0.0
379,1513,172.0922,1,0.625,0.00625,0.0
380,1518,168.3595,1,0.625,0.00625,0.0
381,1522,168.3595,1,0.625,0.00625,0.0
382,1527,168.3595,1,0.625,0.00625,0.0
383,1531,168.3595,1,0.625,0.00625,0.0
384,1535,168.3595,1,0.625,0.00625,0.0
385,1541,168.3595,1,0.625,0.00625,0.0
386,1545,168.3595,1,0.625,0.00625,0.0
387,1550,168.3595,1,0.625,0.00625,0.0
388,1554,168.3595,1,0.625,0.00625,0.0
389,1558,168.3595,1,0.625,0.00625,0.0
390,1564,164.678,1,0.625,0.00625,0.0
391,1568,164.678,1,0.625,0.00625,0.0
392,1573,164.678,1,0.625,0.00625,0.0
393,1577,164.678,1,0.625,0.00625,0.0
394,1582,164.678,1,0.625,0.00625,0.0
395,1586,164.678,1,0.625,0.00625,0.0
396,1590,164.678,1,0.625,0.00625,0.0
397,1595,164.678,1,0.625,0.00625,0.0
398,1599,164.678,1,0.625,0.00625,0.0
399,1603,164.678,1,0.625,0.00625,0.0
400,1608,160.9964,1,0.625,0.00625,0.0
401,1613,160.9964,1,0.625,0.00625,0.0
402,1618,160.9964,1,0.625,0.00625,0.0
403,1623,160.9964,1,0.625,0.00625,0.0
404,1628,160.9964,1,0.625,0.00625,0.0
405,1632,160.9964,1,0.625,0.00625,0.0
406,1636,160.9964,1,0.625,0.00625,0.0
407,1640,160.9964,1,0.625,0.00625,0.0
408,1644,160.9964,1,0.625,0.00625,0.0
409,1648,160.9964,1,0.625,0.00625,0.0
410,1653,157.3149,1,0.625,0.00625,0.0
411,1657,157.3149,1,0.625,0.00625,0.0
412,1662,157.3149,1,0.625,0.00625,0.0
413,1666,157.3149,1,0.625,0.00625,0.0
414,1671,157.3149,1,0.625,0.00625,0.0
415,1675,157.3149,1,0.625,0.00625,0.0
416,1679,157.3149,1,0.625,0.00625,0.0
417,1684,157.3149,1,0.625,0.00625,0.0
418,1687,157.3149,1,0.625,0.00625,0.0
419,1692,157.3149,1,0.625,0.00625,0.0
420,1696,153.8992,1,0.625,0.00625,0.0
421,1700,153.8992,1,0.625,0.00625,0.0
422,1705,153.8992,1,0.625,0.00625,0.0
423,1710,153.8992,1,0.625,0.00625,0.0
424,1715,153.8992,1,0.625,0.00625,0.0
425,1720,153.8992,1,0.625,0.00625,0.0
426,1724,153.8992,1,0.625,0.00625,0.0
427,1729,153.8992,1,0.625,0.00625,0.0
428,1733,153.8992,1,0.625,0.00625,0.0
429,1739,153.8992,1,0.625,0.00625,0.0
430,1743,149.8495,1,0.625,0.00625,0.0
431,1747,149.8495,1,0.625,0.00625,0.0
432,1752,149.8495,1,0.625,0.00625,0.0
433,1756,149.8495,1,0.625,0.00625,0.0
434,1761,149.8495,1,0.625,0.00625,0.0
435,1765,149.8495,1,0.625,0.00625,0.0
436,1770,149.8495,1,0.625,0.00625,0.0
437,1774,149.8495,1,0.625,0.00625,0.0
438,1778,149.8495,1,0.625,0.00625,0.0
439,1783,149.8495,1,0.625,0.00625,0.0
440,1787,146.4032,1,0.625,0.00625,0.0
441,1791,146.4032,1,0.625,0.00625,0.0
442,1796,146.4032,1,0.625,0.00625,0.0
443,1800,146.4032,1,0.625,0.00625,0.0
444,1805,146.4032,1,0.625,0.00625,0.0
445,1809,146.4032,1,0.625,0.00625,0.0
446,1814,146.4032,1,0.625,0.00625,0.0
447,1818,146.4032,1,0.625,0.00625,0.0
448,1822,146.4032,1,0.625,0.00625,0.0
449,1827,146.4032,1,0.625,0.00625,0.0
450,1830,142.8034,1,0.625,0.00625,0.0
451,1834,142.8034,1,0.625,0.00625,0.0
452,1839,142.8034,1,0.625,0.00625,0.0
453,1843,142.8034,1,0.625,0.00625,0.0
454,1848,142.8034,1,0.625,0.00625,0.0
455,1852,142.8034,1,0.625,0.00625,0.0
456,1857,142.8034,1,0.625,0.00625,0.0
457,1861,142.8034,1,0.625,0.00625,0.0
458,1865,142.8034,1,0.625,0.00625,0.0
459,1870,142.8034,1,0.625,0.00625,0.0
460,1874,139.3366,1,0.625,0.00625,0.0
461,1879,139.3366,1,0.625,0.00625,0.0
462,1883,139.3366,1,0.625,0.00625,0.0
463,1888,139.3366,1,0.625,0.00625,0.0
464,1893,139.3366,1,0.625,0.00625,0.0
465,1897,139.3366,1,0.625,0.00625,0.0
466,1902,139.3366,1,0.625,0.00625,0.0
467,1906,139.3366,1,0.625,0.00625,0.0
468,1912,139.3366,1,0.625,0.00625,0.0
469,1916,139.3366,1,0.625,0.00625,0.0
470,1920,135.4198,1,0.625,0.00625,0.0
471,1925,135.4198,1,0.625,0.00625,0.0
472,1929,135.4198,1,0.625,0.00625,0.0
473,1933,135.4198,1,0.625,0.00625,0.0
474,1938,135.4198,1,0.625,0.00625,0.0
475,1942,135.4198,1,0.625,0.00625,0.0
476,1947,135.4198,1,0.625,0.00625,0.0
477,1951,135.4198,1,0.625,0.00625,0.0
478,1956,135.4198,1,0.625,0.00625,0.0
479,1959,135.4198,1,0.625,0.00625,0.0
480,1963,132.0553,1,0.625,0.00625,0.0
481,1968,132.0553,1,0.625,0.00625,0.0
482,1972,132.0553,1,0.625,0.00625,0.0
483,1976,132.0553,1,0.625,0.00625,0.0
484,1981,132.0553,1,0.625,0.00625,0.0
485,1985,132.0553,1,0.625,0.00625,0.0
486,1990,132.0553,1,0.625,0.00625,0.0
487,1994,132.0553,1,0.625,0.00625,0.0
488,1999,132.0553,1,0.625,0.00625,0.0
489,2003,132.0553,1,0.625,0.00625,0.0
490,2008,128.4044,1,0.625,0.00625,0.0
491,2013,128.4044,1,0.625,0.00625,0.0
492,2017,128.4044,1,0.625,0.00625,0.0
493,2022,128.4044,1,0.625,0.00625,0.0
494,2026,128.4044,1,0.625,0.00625,0.0
495,2030,128.4044,1,0.625,0.00625,0.0
496,2035,128.4044,1,0.625,0.00625,0.0
497,2039,128.4044,1,0.625,0.00625,0.0
498,2043,128.4044,1,0.625,0.00625,0.0
499,2048,128.4044,1,0.625,0.00625,0.0
500,2052,124.6717,1,0.625,0.00625,0.0
501,2057,124.6717,1,0.625,0.00625,0.0
502,2061,124.6717,1,0.625,0.00625,0.0
503,2066,124.6717,1,0.625,0.00625,0.0
504,2070,124.6717,1,0.625,0.00625,0.0
505,2075,124.6717,1,0.625,0.00625,0.0
506,2080,124.6717,1,0.625,0.00625,0.0
507,2084,124.6717,1,0.625,0.00625,0.0
508,2089,124.6717,1,0.625,0.00625,0.0
509,2093,124.6717,1,0.625,0.00625,0.0
510,2097,120.9902,1,0.625,0.00625,0.0
511,2102,120.9902,1,0.625,0.00625,0.0
512,2107,120.9902,1,0.625,0.00625,0.0
513,2112,120.9902,1,0.625,0.00625,0.0
514,2116,120.9902,1,0.625,0.00625,0.0
515,2120,120.9902,1,0.625,0.00625,0.0
516,2125,120.9902,1,0.625,0.00625,0.0
517,2129,120.9902,1,0.625,0.00625,0.0
518,2134,120.9902,1,0.625,0.00625,0.0
519,2138,120.9902,1,0.625,0.00625,0.0
520,2142,117.3086,1,0.625,0.00625,0.0
521,2147,117.3086,1,0.625,0.00625,0.0
522,2151,117.3086,1,0.625,0.00625,0.0
523,2156,117.3086,1,0.625,0.00625,0.0
524,2160,117.3086,1,0.625,0.00625,0.0
525,2164,117.3086,1,0.625,0.00625,0.0
526,2169,117.3086,1,0.625,0.00625,0.0
527,2174,117.3086,1,0.625,0.00625,0.0
528,2179,117.3086,1,0.625,0.00625,0.0
529,2183,117.3086,1,0.625,0.00625,0.0
530,2187,113.6271,1,0.625,0.00625,0.0
531,2192,113.6271,1,0.625,0.00625,0.0
532,2197,113.6271,1,0.625,0.00625,0.0
533,2202,113.6271,1,0.625,0.00625,0.0
534,2206,113.6271,1,0.625,0.00625,0.0
535,2210,113.6271,1,0.625,0.00625,0.0
536,2215,113.6271,1,0.625,0.00625,0.0
537,2219,113.6271,1,0.625,0.00625,0.0
538,2225,113.6271,1,0.625,0.00625,0.0
539,2229,113.6271,1,0.625,0.00625,0.0
540,2233,109.8126,1,0.625,0.00625,0.0
541,2238,109.8126,1,0.625,0.00625,0.0
542,2242,109.8126,1,0.625,0.00625,0.0
543,2247,109.8126,1,0.625,0.00625,0.0
544,2251,109.8126,1,0.625,0.00625,0.0
545,2256,109.8126,1,0.625,0.00625,0.0
546,2260,109.8126,1,0.625,0.00625,0.0
547,2264,109.8126,1,0.625,0.00625,0.0
548,2269,109.8126,1,0.625,0.00625,0.0
549,2273,109.8126,1,0.625,0.00625,0.0
550,2277,106.3151,1,0.625,0.00625,0.0
551,2282,106.3151,1,0.625,0.00625,0.0
552,2286,106.3151,1,0.625,0.00625,0.0
553,2291,106.3151,1,0.625,0.00625,0.0
554,2295,106.3151,1,0.625,0.00625,0.0
555,2300,106.3151,1,0.625,0.00625,0.0
556,2303,106.3151,1,0.625,0.00625,0.0
557,2307,106.3151,1,0.625,0.00625,0.0
558,2312,106.3151,1,0.625,0.00625,0.0
559,2316,106.3151,1,0.625,0.00625,0.0
560,2321,102.8483,1,0.625,0.00625,0.0
561,2325,102.8483,1,0.625,0.00625,0.0
562,2329,102.8483,1,0.625,0.00625,0.0
563,2334,102.8483,1,0.625,0.00625,0.0
564,2338,102.8483,1,0.625,0.00625,0.0
565,2344,102.8483,1,0.625,0.00625,0.0
566,2348,102.8483,1,0.625,0.00625,0.0
567,2353,102.8483,1,0.625,0.00625,0.0
568,2358,102.8483,1,0.625,0.00625,0.0
569,2362,102.8483,1,0.625,0.00625,0.0
570,2368,98.7986,1,0.625,0.00625,0.0
571,2372,98.7986,1,0.625,0.00625,0.0
572,2377,98.7986,1,0.625,0.00625,0.0
573,2382,98.7986,1,0.625,0.00625,0.0
574,2386,98.7986,1,0.625,0.00625,0.0
575,2391,98.7986,1,0.625,0.00625,0.0
576,2395,98.7986,1,0.625,0.00625,0.0
577,2400,98.7986,1,0.625,0.00625,0.0
578,2404,98.7986,1,0.625,0.00625,0.0
579,2408,98.7986,1,0.625,0.00625,0.0
580,2413,95.0864,1,0.625,0.00625,0.0
581,2417,95.0864,1,0.625,0.00625,0.0
582,2421,95.0864,1,0.625,0.00625,0.0
583,2427,95.0864,1,0.625,0.00625,0.0
584,2431,95.0864,1,0.625,0.00625,0.0
585,2436,95.0864,1,0.625,0.00625,0.0
586,2440,95.0864,1,0.625,0.00625,0.0
587,2445,95.0864,1,0.625,0.00625,0.0
588,2450,95.0864,1,0.625,0.00625,0.0
589,2454,95.0864,1,0.625,0.00625,0.0
590,2459,91.323,1,0.625,0.00625,0.0
591,2463,91.323,1,0.625,0.00625,0.0
592,2468,91.323,1,0.625,0.00625,0.0
593,2473,91.323,1,0.625,0.00625,0.0
594,2477,91.323,1,0.625,0.00625,0.0
595,2482,91.323,1,0.625,0.00625,0.0
596,2486,91.323,1,0.625,0.00625,0.0
597,2491,91.323,1,0.625,0.00625,0.0
598,2495,91.323,1,0.625,0.00625,0.0
599,2499,91.323,1,0.625,0.00625,0.0
600,2504,87.6926,1,0.625,0.00625,0.0
601,2508,87.6926,1,0.625,0.00625,0.0
602,2513,87.6926,1,0.625,0.00625,0.0
603,2516,87.6926,1,0.625,0.00625,0.0
604,2520,87.6926,1,0.625,0.00625,0.0
605,2525,87.6926,1,0.625,0.00625,0.0
606,2529,87.6926,1,0.625,0.00625,0.0
607,2533,87.6926,1,0.625,0.00625,0.0
608,2538,87.6926,1,0.625,0.00625,0.0
609,2542,87.6926,1,0.625,0.00625,0.0
610,2547,84.2769,1,0.625,0.00625,0.0
611,2551,84.2769,1,0.625,0.00625,0.0
612,2556,84.2769,1,0.625,0.00625,0.0
613,2560,84.2769,1,0.625,0.00625,0.0
614,2564,84.2769,1,0.625,0.00625,0.0
615,2569,84.2769,1,0.625,0.00625,0.0
616,2573,84.2769,1,0.625,0.00625,0.0
617,2578,84.2769,1,0.625,0.00625,0.0
618,2582,84.2769,1,0.625,0.00625,0.0
619,2586,84.2769,1,0.625,0.00625,0.0
620,2591,80.626,1,0.625,0.00625,0.0
621,2596,80.626,1,0.625,0.00625,0.0
622,2601,80.626,1,0.625,0.00625,0.0
623,2605,80.626,1,0.625,0.00625,0.0
624,2609,80.626,1,0.625,0.00625,0.0
625,2615,80.626,1,0.625,0.00625,0.0
626,2619,80.626,1,0.625,0.00625,0.0
627,2624,80.626,1,0.625,0.00625,0.0
628,2628,80.626,1,0.625,0.00625,0.0
629,2632,80.626,1,0.625,0.00625,0.0
630,2637,76.7604,1,0.625,0.00625,0.0
631,2641,76.7604,1,0.625,0.00625,0.0
632,2646,76.7604,1,0.625,0.00625,0.0
633,2650,76.7604,1,0.625,0.00625,0.0
634,2654,76.7604,1,0.625,0.00625,0.0
635,2659,76.7604,1,0.625,0.00625,0.0
636,2663,76.7604,1,0.625,0.00625,0.0
637,2668,76.7604,1,0.625,0.00625,0.0
638,2672,76.7604,1,0.625,0.00625,0.0
639,2676,76.7604,1,0.625,0.00625,0.0
640,2681,73.2629,1,0.625,0.00625,0.0
641,2685,73.2629,1,0.625,0.00625,0.0
642,2690,73.2629,1,0.625,0.00625,0.0
643,2693,73.2629,1,0.625,0.00625,0.0
644,2697,73.2629,1,0.625,0.00625,0.0
645,2702,73.2629,1,0.625,0.00625,0.0
646,2707,73.2629,1,0.625,0.00625,0.0
647,2712,73.2629,1,0.625,0.00625,0.0
648,2716,73.2629,1,0.625,0.00625,0.0
649,2720,73.2629,1,0.625,0.00625,0.0
650,2725,69.6632,1,0.625,0.00625,0.0
651,2729,69.6632,1,0.625,0.00625,0.0
652,2734,69.6632,1,0.625,0.00625,0.0
653,2738,69.6632,1,0.625,0.00625,0.0
654,2744,69.6632,1,0.625,0.00625,0.0
655,2748,69.6632,1,0.625,0.00625,0.0
656,2752,69.6632,1,0.625,0.00625,0.0
657,2757,69.6632,1,0.625,0.00625,0.0
658,2761,69.6632,1,0.625,0.00625,0.0
659,2766,69.6632,1,0.625,0.00625,0.0
660,2771,65.7976,1,0.625,0.00625,0.0
661,2775,65.7976,1,0.625,0.00625,0.0
662,2780,65.7976,1,0.625,0.00625,0.0
663,2784,65.7976,1,0.625,0.00625,0.0
664,2789,65.7976,1,0.625,0.00625,0.0
665,2793,65.7976,1,0.625,0.00625,0.0
666,2797,65.7976,1,0.625,0.00625,0.0
667,2802,65.7976,1,0.625,0.00625,0.0
668,2807,65.7976,1,0.625,0.00625,0.0
669,2811,65.7976,1,0.625,0.00625,0.0
670,2816,62.1672,1,0.625,0.00625,0.0
671,2820,62.1672,1,0.625,0.00625,0.0
672,2825,62.1672,1,0.625,0.00625,0.0
673,2829,62.1672,1,0.625,0.00625,0.0
674,2834,62.1672,1,0.625,0.00625,0.0
675,2839,62.1672,1,0.625,0.00625,0.0
676,2843,62.1672,1,0.625,0.00625,0.0
677,2848,62.1672,1,0.625,0.00625,0.0
678,2852,62.1672,1,0.625,0.00625,0.0
679,2856,62.1672,1,0.625,0.00625,0.0
680,2861,58.4856,1,0.625,0.00625,0.0
681,2865,58.4856,1,0.625,0.00625,0.0
682,2870,58.4856,1,0.625,0.00625,0.0
683,2874,58.4856,1,0.625,0.00625,0.0
684,2878,58.4856,1,0.625,0.00625,0.0
685,2883,58.4856,1,0.625,0.00625,0.0
686,2887,58.4856,1,0.625,0.00625,0.0
687,2892,58.4856,1,0.625,0.00625,0.0
688,2896,58.4856,1,0.625,0.00625,0.0
689,2900,58.4856,1,0.625,0.00625,0.0
690,2906,54.937,1,0.625,0.00625,0.0
691,2910,54.937,1,0.625,0.00625,0.0
692,2915,54.937,1,0.625,0.00625,0.0
693,2919,54.937,1,0.625,0.00625,0.0
694,2923,54.937,1,0.625,0.00625,0.0
695,2928,54.937,1,0.625,0.00625,0.0
696,2932,54.937,1,0.625,0.00625,0.0
697,2937,54.937,1,0.625,0.00625,0.0
698,2941,54.937,1,0.625,0.00625,0.0
699,2945,54.937,1,0.625,0.00625,0.0
700,2950,51.2043,1,0.625,0.00625,0.0
701,2955,51.2043,1,0.625,0.00625,0.0
702,2960,51.2043,1,0.625,0.00625,0.0
703,2964,51.2043,1,0.625,0.00625,0.0
704,2968,51.2043,1,0.625,0.00625,0.0
705,2973,51.2043,1,0.625,0.00625,0.0
706,2977,51.2043,1,0.625,0.00625,0.0
707,2982,51.2043,1,0.625,0.00625,0.0
708,2986,51.2043,1,0.625,0.00625,0.0
709,2990,51.2043,1,0.625,0.00625,0.0
710,2995,47.5227,1,0.625,0.00625,0.0
711,2999,47.5227,1,0.625,0.00625,0.0
712,3004,47.5227,1,0.625,0.00625,0.0
713,3008,47.5227,1,0.625,0.00625,0.0
714,3012,47.5227,1,0.625,0.00625,0.0
715,3017,47.5227,1,0.625,0.00625,0.0
716,3021,47.5227,1,0.625,0.00625,0.0
717,3027,47.5227,1,0.625,0.00625,0.0
718,3031,47.5227,1,0.625,0.00625,0.0
719,3034,47.5227,1,0.625,0.00625,0.0
720,3039,43.9741,1,0.625,0.00625,0.0
721,3043,43.9741,1,0.625,0.00625,0.0
722,3048,43.9741,1,0.625,0.00625,0.0
723,3052,43.9741,1,0.625,0.00625,0.0
724,3056,43.9741,1,0.625,0.00625,0.0
725,3061,43.9741,1,0.625,0.00625,0.0
726,3065,43.9741,1,0.625,0.00625,0.0
727,3069,43.9741,1,0.625,0.00625,0.0
728,3074,43.9741,1,0.625,0.00625,0.0
729,3078,43.9741,1,0.625,0.00625,0.0
730,3084,40.3744,1,0.625,0.00625,0.0
731,3088,40.3744,1,0.625,0.00625,0.0
732,3092,40.3744,1,0.625,0.00625,0.0
733,3097,40.3744,1,0.625,0.00625,0.0
734,3102,40.3744,1,0.625,0.00625,0.0
735,3107,40.3744,1,0.625,0.00625,0.0
736,3111,40.3744,1,0.625,0.00625,0.0
737,3115,40.3744,1,0.625,0.00625,0.0
738,3120,40.3744,1,0.625,0.00625,0.0
739,3125,40.3744,1,0.625,0.00625,0.0
740,3130,36.3758,1,0.625,0.00625,0.0
741,3134,36.3758,1,0.625,0.00625,0.0
742,3138,36.3758,1,0.625,0.00625,0.0
743,3143,36.3758,1,0.625,0.00625,0.0
744,3147,36.3758,1,0.625,0.00625,0.0
745,3151,36.3758,1,0.625,0.00625,0.0
746,3156,36.3758,1,0.625,0.00625,0.0
747,3161,36.3758,1,0.625,0.00625,0.0
748,3166,36.3758,1,0.625,0.00625,0.0
749,3170,36.3758,1,0.625,0.00625,0.0
750,3176,32.9295,1,0.625,0.00625,0.0
751,3180,32.9295,1,0.625,0.00625,0.0
752,3184,32.9295,1,0.625,0.00625,0.0
753,3189,32.9295,1,0.625,0.00625,0.0
754,3193,32.9295,1,0.625,0.00625,0.0
755,3197,32.9295,1,0.625,0.00625,0.0
756,3201,32.9295,1,0.625,0.00625,0.0
757,3206,32.9295,1,0.625,0.00625,0.0
758,3211,32.9295,1,0.625,0.00625,0.0
759,3215,32.9295,1,0.625,0.00625,0.0
760,3219,29.1968,1,0.625,0.00625,0.0
761,3225,29.1968,1,0.625,0.00625,0.0
762,3229,29.1968,1,0.625,0.00625,0.0
763,3233,29.1968,1,0.625,0.00625,0.0
764,3237,29.1968,1,0.625,0.00625,0.0
765,3241,29.1968,1,0.625,0.00625,0.0
766,3246,29.1968,1,0.625,0.00625,0.0
767,3251,29.1968,1,0.625,0.00625,0.0
768,3256,29.1968,1,0.625,0.00625,0.0
769,3260,29.1968,1,0.625,0.00625,0.0
770,3264,25.5152,1,0.625,0.00625,0.0
771,3269,25.5152,1,0.625,0.00625,0.0
772,3273,25.5152,1,0.625,0.00625,0.0
773,3278,25.5152,1,0.625,0.00625,0.0
774,3281,25.5152,1,0.625,0.00625,0.0
775,3285,25.5152,1,0.625,0.00625,0.0
776,3290,25.5152,1,0.625,0.00625,0.0
777,3294,25.5152,1,0.625,0.00625,0.0
778,3298,25.5152,1,0.625,0.00625,0.0
779,3303,25.5152,1,0.625,0.00625,0.0
780,3307,22.0996,1,0.625,0.00625,0.0
781,3312,22.0996,1,0.625,0.00625,0.0
782,3316,22.0996,1,0.625,0.00625,0.0
783,3321,22.0996,1,0.625,0.00625,0.0
784,3325,22.0996,1,0.625,0.00625,0.0
785,3330,22.0996,1,0.625,0.00625,0.0
786,3335,22.0996,1,0.625,0.00625,0.0
787,3339,22.0996,1,0.625,0.00625,0.0
788,3343,22.0996,1,0.625,0.00625,0.0
789,3348,22.0996,1,0.625,0.00625,0.0
790,3352,18.3158,1,0.625,0.00625,0.0
791,3357,18.3158,1,0.625,0.00625,0.0
792,3361,18.3158,1,0.625,0.00625,0.0
793,3365,18.3158,1,0.625,0.00625,0.0
794,3371,18.3158,1,0.625,0.00625,0.0
795,3375,18.3158,1,0.625,0.00625,0.0
796,3381,18.3158,1,0.625,0.00625,0.0
797,3385,18.3158,1,0.625,0.00625,0.0
798,3389,18.3158,1,0.625,0.00625,0.0
799,3394,18.3158,1,0.625,0.00625,0.0
800,3398,14.5012,1,0.625,0.00625,0.0
801,3403,14.5012,1,0.625,0.00625,0.0
802,3407,14.5012,1,0.625,0.00625,0.0
803,3411,14.5012,1,0.625,0.00625,0.0
804,3416,14.5012,1,0.625,0.00625,0.0
805,3420,14.5012,1,0.625,0.00625,0.0
806,3425,14.5012,1,0.625,0.00625,0.0
807,3430,14.5012,1,0.625,0.00625,0.0
808,3434,14.5012,1,0.625,0.00625,0.0
809,3439,14.5012,1,0.625,0.00625,0.0
810,3443,10.8708,1,0.625,0.00625,0.0
811,3447,10.8708,1,0.625,0.00625,0.0
812,3452,10.8708,1,0.625,0.00625,0.0
813,3456,10.8708,1,0.625,0.00625,0.0
814,3461,10.8708,1,0.625,0.00625,0.0
815,3465,10.8708,1,0.625,0.00625,0.0
816,3469,10.8708,1,0.625,0.00625,0.0
817,3474,10.8708,1,0.625,0.00625,0.0
818,3478,10.8708,1,0.625,0.00625,0.0
819,3482,10.8708,1,0.625,0.00625,0.0
820,3487,7.3222,1,0.625,0.00625,0.0
821,3491,7.3222,1,0.625,0.00625,0.0
822,3495,7.3222,1,0.625,0.00625,0.0
823,3499,7.3222,1,0.625,0.00625,0.0
824,3503,7.3222,1,0.625,0.00625,0.0
825,3508,7.3222,1,0.625,0.00625,0.0
826,3512,7.3222,1,0.625,0.00625,0.0
827,3516,7.3222,1,0.625,0.00625,0.0
828,3520,7.3222,1,0.625,0.00625,0.0
829,3524,7.3222,1,0.625,0.00625,0.0
830,3528,4.1213,1,0.625,0.00625,0.0
831,3532,4.1213,1,0.625,0.00625,0.0
832,3536,4.1213,1,0.625,0.00625,0.0
833,3539,4.1213,1,0.625,0.00625,0.0
834,3543,4.1213,1,0.625,0.00625,0.0
835,3547,4.1213,1,0.625,0.00625,0.0
836,3550,4.1213,1,0.625,0.00625,0.0
837,3554,4.1213,1,0.625,0.00625,0.0
838,3558,4.1213,1,0.625,0.00625,0.0
839,3561,4.1213,1,0.625,0.00625,0.0
840,3565,1.2988,1,0.625,0.00625,0.0
841,3568,1.2988,1,0.625,0.00625,0.0
842,3571,1.2988,1,0.625,0.00625,0.0
843,3574,1.2988,1,0.625,0.00625,0.0
844,3577,1.2988,1,0.625,0.00625,0.0
845,3581,1.2988,1,0.625,0.00625,0.0
846,3583,1.2988,1,0.625,0.00625,0.0
847,3586,1.2988,1,0.625,0.00625,0.0
848,3589,1.2988,1,0.625,0.00625,0.0
849,3592,1.2988,1,0.625,0.00625,0.0
850,3594,-0.9306,1,0.625,0.00625,0.0
851,3597,-0.9306,1,0.625,0.00625,0.0
852,3600,-0.9306,1,0.625,0.00625,0.0
853,3602,-0.9306,1,0.625,0.00625,0.0
854,3604,-0.9306,1,0.625,0.00625,0.0
855,3607,-0.9306,1,0.625,0.00625,0.0
856,3609,-0.9306,1,0.625,0.00625,0.0
857,3611,-0.9306,1,0.625,0.00625,0.0
858,3613,-0.9306,1,0.625,0.00625,0.0
859,3615,-0.9306,1,0.625,0.00625,0.0
860,3617,-2.4032,1,0.625,0.00625,0.0
861,3619,-2.4032,1,0.625,0.00625,0.0
862,3620,-2.4032,1,0.625,0.00625,0.0
863,3622,-2.4032,1,0.625,0.00625,0.0
864,3624,-2.4032,1,0.625,0.00625,0.0
865,3625,-2.4032,1,0.625,0.00625,0.0
866,3626,-2.4032,1,0.625,0.00625,0.0
867,3628,-2.4032,1,0.625,0.00625,0.0
868,3629,-2.4032,1,0.625,0.00625,0.0
869,3630,-2.4032,1,0.625,0.00625,0.0
870,3631,-3.2213,1,0.625,0.00625,0.0
871,3632,-3.2213,1,0.625,0.00625,0.0
872,3633,-3.2213,1,0.625,0.00625,0.0
873,3634,-3.2213,1,0.625,0.00625,0.0
874,3635,-3.2213,1,0.625,0.00625,0.0
875,3636,-3.2213,1,0.625,0.00625,0.0
876,3636,-3.2213,1,0.625,0.00625,0.0
877,3637,-3.2213,1,0.625,0.00625,0.0
878,3637,-3.2213,1,0.625,0.00625,0.0
879,3638,-3.2213,1,0.625,0.00625,0.0
880,3638,-3.5179,1,0.625,0.00625,0.0
881,3638,-3.5179,1,0.625,0.00625,0.0
882,3639,-3.5179,1,0.625,0.00625,0.0
883,3639,-3.5179,1,0.625,0.00625,0.0
884,3639,-3.5179,1,0.625,0.00625,0.0
885,3639,-3.5179,1,0.625,0.00625,0.0
886,3639,-3.5179,1,0.625,0.00625,0.0
887,3639,-3.5179,1,0.625,0.00625,0.0
888,3639,-3.5179,1,0.625,0.00625,0.0
889,3639,-3.5179,1,0.625,0.00625,0.0
890,3639,-3.2418,1,0.625,0.00625,0.0
891,3638,-3.2418,1,0.625,0.00625,0.0
892,3638,-3.2418,1,0.625,0.00625,0.0
893,3638,-3.2418,1,0.625,0.00625,0.0
894,3637,-3.2418,1,0.625,0.00625,0.0
895,3637,-3.2418,1,0.625,0.00625,0.0
896,3637,-3.2418,1,0.625,0.00625,0.0
897,3636,-3.2418,1,0.625,0.00625,0.0
898,3636,-3.2418,1,0.625,0.00625,0.0
899,3635,-3.2418,1,0.625,0.00625,0.0
900,3635,-2.6589,1,0.625,0.00625,0.0
901,3634,-2.6589,1,0.625,0.00625,0.0
902,3634,-2.6589,1,0.625,0.00625,0.0
903,3633,-2.6589,1,0.625,0.00625,0.0
904,3633,-2.6589,1,0.625,0.00625,0.0
905,3632,-2.6589,1,0.625,0.00625,0.0
906,3631,-2.6589,1,0.625,0.00625,0.0
907,3631,-2.6589,1,0.625,0.00625,0.0
908,3630,-2.6589,1,0.625,0.00625,0.0
909,3629,-2.6589,1,0.625,0.00625,0.0
910,3629,-2.0658,1,0.625,0.00625,0.0
911,3628,-2.0658,1,0.625,0.00625,0.0
912,3628,-2.0658,1,0.625,0.00625,0.0
913,3627,-2.0658,1,0.625,0.00625,0.0
914,3626,-2.0658,1,0.625,0.00625,0.0
915,3625,-2.0658,1,0.625,0.00625,0.0
916,3625,-2.0658,1,0.625,0.00625,0.0
917,3624,-2.0658,1,0.625,0.00625,0.0
918,3624,-2.0658,1,0.625,0.00625,0.0
919,3623,-2.0658,1,0.625,0.00625,0.0
920,3622,-1.5749,1,0.625,0.00625,0.0
921,3622,-1.5749,1,0.625,0.00625,0.0
922,3621,-1.5749,1,0.625,0.00625,0.0
923,3620,-1.5749,1,0.625,0.00625,0.0
924,3620,-1.5749,1,0.625,0.00625,0.0
925,3619,-1.5749,1,0.625,0.00625,0.0
926,3618,-1.5749,1,0.625,0.00625,0.0
927,3618,-1.5749,1,0.625,0.00625,0.0
928,3617,-1.5749,1,0.625,0.00625,0.0
929,3616,-1.5749,1,0.625,0.00625,0.0
930,3616,-0.951,1,0.625,0.00625,0.0
931,3615,-0.951,1,0.625,0.00625,0.0
932,3615,-0.951,1,0.625,0.00625,0.0
933,3614,-0.951,1,0.625,0.00625,0.0
934,3613,-0.951,1,0.625,0.00625,0.0
935,3613,-0.951,1,0.625,0.00625,0.0
936,3612,-0.951,1,0.625,0.00625,0.0
937,3612,-0.951,1,0.625,0.00625,0.0
938,3611,-0.951,1,0.625,0.00625,0.0
939,3611,-0.951,1,0.625,0.00625,0.0
940,3610,-0.6443,1,0.625,0.00625,0.0
941,3610,-0.6443,1,0.625,0.00625,0.0
942,3609,-0.6443,1,0.625,0.00625,0.0
943,3609,-0.6443,1,0.625,0.00625,0.0
944,3608,-0.6443,1,0.625,0.00625,0.0
945,3608,-0.6443,1,0.625,0.00625,0.0
946,3607,-0.6443,1,0.625,0.00625,0.0
947,3607,-0.6443,1,0.625,0.00625,0.0
948,3606,-0.6443,1,0.625,0.00625,0.0
949,3606,-0.6443,1,0.625,0.00625,0.0
950,3606,-0.2352,1,0.625,0.00625,0.0
951,3605,-0.2352,1,0.625,0.00625,0.0
952,3605,-0.2352,1,0.625,0.00625,0.0
953,3605,-0.2352,1,0.625,0.00625,0.0
954,3604,-0.2352,1,0.625,0.00625,0.0
955,3604,-0.2352,1,0.625,0.00625,0.0
956,3604,-0.2352,1,0.625,0.00625,0.0
957,3603,-0.2352,1,0.625,0.00625,0.0
958,3603,-0.2352,1,0.625,0.00625,0.0
959,3603,-0.2352,1,0.625,0.00625,0.0
960,3603,-0.092,1,0.625,0.00625,0.0
961,3602,-0.092,1,0.625,0.00625,0.0
962,3602,-0.092,1,0.625,0.00625,0.0
963,3602,-0.092,1,0.625,0.00625,0.0
964,3602,-0.092,1,0.625,0.00625,0.0
965,3601,-0.092,1,0.625,0.00625,0.0
966,3601,-0.092,1,0.625,0.00625,0.0
967,3601,-0.092,1,0.625,0.00625,0.0
968,3601,-0.092,1,0.625,0.00625,0.0
969,3601,-0.092,1,0.625,0.00625,0.0
970,3600,0.0205,1,0.625,0.00625,0.0
971,3600,0.0205,1,0.625,0.00625,0.0
972,3600,0.0205,1,0.625,0.00625,0.0
973,3600,0.0205,1,0.625,0.00625,0.0
974,3600,0.0205,1,0.625,0.00625,0.0
975,3600,0.0205,1,0.625,0.00625,0.0
976,3600,0.0205,1,0.625,0.00625,0.0
977,3600,0.0205,1,0.625,0.00625,0.0
978,3600,0.0205,1,0.625,0.00625,0.0
979,3600,0.0205,1,0.625,0.00625,0.0
980,3599,0.0512,1,0.625,0.00625,0.0
981,3599,0.0512,1,0.625,0.00625,0.0
982,3599,0.0512,1,0.625,0.00625,0.0
983,3599,0.0512,1,0.625,0.00625,0.0
984,3599,0.0512,1,0.625,0.00625,0.0
985,3599,0.0512,1,0.625,0.00625,0.0
986,3599,0.0512,1,0.625,0.00625,0.0
987,3599,0.0512,1,0.625,0.00625,0.0
988,3599,0.0512,1,0.625,0.00625,0.0
989,3599,0.0512,1,0.625,0.00625,0.0
990,3599,0.133,1,0.625,0.00625,0.0
991,3599,0.133,1,0.625,0.00625,0.0
992,3599,0.133,1,0.625,0.00625,0.0
993,3599,0.133,1,0.625,0.00625,0.0
994,3599,0.133,1,0.625,0.00625,0.0
995,3599,0.133,1,0.625,0.00625,0.0
996,3599,0.133,1,0.625,0.00625,0.0
997,3599,0.133,1,0.625,0.00625,0.0
998,3599,0.133,1,0.625,0.00625,0.0
999,3599,0.133,1,0.625,0.00625,0.0
1000,3599,0.0818,1,0.625,0.00625,0.0
1001,3599,0.0818,1,0.625,0.00625,0.0
1002,3599,0.0818,1,0.625,0.00625,0.0
1003,3599,0.0818,1,0.625,0.00625,0.0
1004,3599,0.0818,1,0.625,0.00625,0.0
1005,3599,0.0818,1,0.625,0.00625,0.0
1006,3599,0.0818,1,0.625,0.00625,0.0
1007,3599,0.0818,1,0.625,0.00625,0.0
1008,3599,0.0818,1,0.625,0.00625,0.0
1009,3599,0.0818,1,0.625,0.00625,0.0
1010,3599,0.0818,1,0.625,0.00625,0.0
1011,3600,0.0818,1,0.625,0.00625,0.0
1012,3600,0.0818,1,0.625,0.00625,0.0
1013,3600,0.0818,1,0.625,0.00625,0.0
1014,3600,0.0818,1,0.625,0.00625,0.0
1015,3600,0.0818,1,0.625,0.00625,0.0
1016,3600,0.0818,1,0.625,0.00625,0.0
1017,3600,0.0818,1,0.625,0.00625,0.0
1018,3600,0.0818,1,0.625,0.00625,0.0
1019,3600,0.0818,1,0.625,0.00625,0.0
