TIME,PULSES,CONTROLLERVOLTAGE,CONTROLLER,KP,TAUD,TAUI 
0,-1.0,0.0,0.0,10.0,0.0,0.0
1,-1.0,0.0,0.0,10.0,0.0,0.0
2,-1.0,0.0,0.0,10.0,0.0,0.0
3,-1.0,0.0,0.0,10.0,0.0,0.0
4,-1.0,0.0,0.0,10.0,0.0,0.0
5,-1.0,0.0,0.0,10.0,0.0,0.0
6,-1.0,0.0,0.0,10.0,0.0,0.0
7,-1.0,0.0,0.0,10.0,0.0,0.0
8,-1.0,0.0,0.0,10.0,0.0,0.0
9,-1.0,0.0,0.0,10.0,0.0,0.0
10,-1.0,4713.6982,0.0,10.0,0.0,0.0
11,-1.0,4713.6982,0.0,10.0,0.0,0.0
12,-1.0,4713.6982,0.0,10.0,0.0,0.0
13,0.0,4713.6982,0.0,10.0,0.0,0.0
14,0.0,4713.6982,0.0,10.0,0.0,0.0
15,1.0,4713.6982,0.0,10.0,0.0,0.0
16,1.0,4713.6982,0.0,10.0,0.0,0.0
17,2.0,4713.6982,0.0,10.0,0.0,0.0
18,3.0,4713.6982,0.0,10.0,0.0,0.0
19,4.0,4713.6982,0.0,10.0,0.0,0.0
20,5.0,4707.1533,0.0,10.0,0.0,0.0
21,6.0,4707.1533,0.0,10.0,0.0,0.0
22,8.0,4707.1533,0.0,10.0,0.0,0.0
23,9.0,4707.1533,0.0,10.0,0.0,0.0
24,11.0,4707.1533,0.0,10.0,0.0,0.0
25,12.0,4707.1533,0.0,10.0,0.0,0.0
26,14.0,4707.1533,0.0,10.0,0.0,0.0
27,16.0,4707.1533,0.0,10.0,0.0,0.0
28,18.0,4707.1533,0.0,10.0,0.0,0.0
29,20.0,4707.1533,0.0,10.0,0.0,0.0
30,22.0,4686.2095,0.0,10.0,0.0,0.0
31,24.0,4686.2095,0.0,10.0,0.0,0.0
32,26.0,4686.2095,0.0,10.0,0.0,0.0
33,29.0,4686.2095,0.0,10.0,0.0,0.0
34,31.0,4686.2095,0.0,10.0,0.0,0.0
35,33.0,4686.2095,0.0,10.0,0.0,0.0
36,36.0,4686.2095,0.0,10.0,0.0,0.0
37,39.0,4686.2095,0.0,10.0,0.0,0.0
38,41.0,4686.2095,0.0,10.0,0.0,0.0
39,44.0,4686.2095,0.0,10.0,0.0,0.0
40,47.0,4654.7935,0.0,10.0,0.0,0.0
41,49.0,4654.7935,0.0,10.0,0.0,0.0
42,52.0,4654.7935,0.0,10.0,0.0,0.0
43,55.0,4654.7935,0.0,10.0,0.0,0.0
44,58.0,4654.7935,0.0,10.0,0.0,0.0
45,61.0,4654.7935,0.0,10.0,0.0,0.0
46,64.0,4654.7935,0.0,10.0,0.0,0.0
47,67.0,4654.7935,0.0,10.0,0.0,0.0
48,70.0,4654.7935,0.0,10.0,0.0,0.0
49,73.0,4654.7935,0.0,10.0,0.0,0.0
50,76.0,4615.5234,0.0,10.0,0.0,0.0
51,80.0,4615.5234,0.0,10.0,0.0,0.0
52,83.0,4615.5234,0.0,10.0,0.0,0.0
53,86.0,4615.5234,0.0,10.0,0.0,0.0
54,89.0,4615.5234,0.0,10.0,0.0,0.0
55,93.0,4615.5234,0.0,10.0,0.0,0.0
56,96.0,4615.5234,0.0,10.0,0.0,0.0
57,100.0,4615.5234,0.0,10.0,0.0,0.0
58,103.0,4615.5234,0.0,10.0,0.0,0.0
59,107.0,4615.5234,0.0,10.0,0.0,0.0
60,110.0,4572.3267,0.0,10.0,0.0,0.0
61,114.0,4572.3267,0.0,10.0,0.0,0.0
62,117.0,4572.3267,0.0,10.0,0.0,0.0
63,121.0,4572.3267,0.0,10.0,0.0,0.0
64,124.0,4572.3267,0.0,10.0,0.0,0.0
65,128.0,4572.3267,0.0,10.0,0.0,0.0
66,132.0,4572.3267,0.0,10.0,0.0,0.0
67,135.0,4572.3267,0.0,10.0,0.0,0.0
68,139.0,4572.3267,0.0,10.0,0.0,0.0
69,143.0,4572.3267,0.0,10.0,0.0,0.0
70,147.0,4525.2026,0.0,10.0,0.0,0.0
71,150.0,4525.2026,0.0,10.0,0.0,0.0
72,154.0,4525.2026,0.0,10.0,0.0,0.0
73,158.0,4525.2026,0.0,10.0,0.0,0.0
74,162.0,4525.2026,0.0,10.0,0.0,0.0
75,166.0,4525.2026,0.0,10.0,0.0,0.0
76,169.0,4525.2026,0.0,10.0,0.0,0.0
77,173.0,4525.2026,0.0,10.0,0.0,0.0
78,177.0,4525.2026,0.0,10.0,0.0,0.0
79,181.0,4525.2026,0.0,10.0,0.0,0.0
80,185.0,4475.4609,0.0,10.0,0.0,0.0
81,189.0,4475.4609,0.0,10.0,0.0,0.0
82,194.0,4475.4609,0.0,10.0,0.0,0.0
83,198.0,4475.4609,0.0,10.0,0.0,0.0
84,202.0,4475.4609,0.0,10.0,0.0,0.0
85,206.0,4475.4609,0.0,10.0,0.0,0.0
86,210.0,4475.4609,0.0,10.0,0.0,0.0
87,214.0,4475.4609,0.0,10.0,0.0,0.0
88,219.0,4475.4609,0.0,10.0,0.0,0.0
89,223.0,4475.4609,0.0,10.0,0.0,0.0
90,227.0,4420.4829,0.0,10.0,0.0,0.0
91,231.0,4420.4829,0.0,10.0,0.0,0.0
92,235.0,4420.4829,0.0,10.0,0.0,0.0
93,239.0,4420.4829,0.0,10.0,0.0,0.0
94,243.0,4420.4829,0.0,10.0,0.0,0.0
95,247.0,4420.4829,0.0,10.0,0.0,0.0
96,252.0,4420.4829,0.0,10.0,0.0,0.0
97,256.0,4420.4829,0.0,10.0,0.0,0.0
98,260.0,4420.4829,0.0,10.0,0.0,0.0
99,264.0,4420.4829,0.0,10.0,0.0,0.0
100,269.0,4366.814,0.0,10.0,0.0,0.0
101,273.0,4366.814,0.0,10.0,0.0,0.0
102,277.0,4366.814,0.0,10.0,0.0,0.0
103,282.0,4366.814,0.0,10.0,0.0,0.0
104,287.0,4366.814,0.0,10.0,0.0,0.0
105,291.0,4366.814,0.0,10.0,0.0,0.0
106,295.0,4366.814,0.0,10.0,0.0,0.0
107,299.0,4366.814,0.0,10.0,0.0,0.0
108,304.0,4366.814,0.0,10.0,0.0,0.0
109,308.0,4366.814,0.0,10.0,0.0,0.0
110,312.0,4309.2183,0.0,10.0,0.0,0.0
111,315.0,4309.2183,0.0,10.0,0.0,0.0
112,319.0,4309.2183,0.0,10.0,0.0,0.0
113,323.0,4309.2183,0.0,10.0,0.0,0.0
114,328.0,4309.2183,0.0,10.0,0.0,0.0
115,333.0,4309.2183,0.0,10.0,0.0,0.0
116,337.0,4309.2183,0.0,10.0,0.0,0.0
117,343.0,4309.2183,0.0,10.0,0.0,0.0
118,347.0,4309.2183,0.0,10.0,0.0,0.0
119,351.0,4309.2183,0.0,10.0,0.0,0.0
120,355.0,4252.9312,0.0,10.0,0.0,0.0
121,360.0,4252.9312,0.0,10.0,0.0,0.0
122,364.0,4252.9312,0.0,10.0,0.0,0.0
123,370.0,4252.9312,0.0,10.0,0.0,0.0
124,374.0,4252.9312,0.0,10.0,0.0,0.0
125,378.0,4252.9312,0.0,10.0,0.0,0.0
126,383.0,4252.9312,0.0,10.0,0.0,0.0
127,387.0,4252.9312,0.0,10.0,0.0,0.0
128,391.0,4252.9312,0.0,10.0,0.0,0.0
129,396.0,4252.9312,0.0,10.0,0.0,0.0
130,400.0,4194.0264,0.0,10.0,0.0,0.0
131,404.0,4194.0264,0.0,10.0,0.0,0.0
132,409.0,4194.0264,0.0,10.0,0.0,0.0
133,413.0,4194.0264,0.0,10.0,0.0,0.0
134,417.0,4194.0264,0.0,10.0,0.0,0.0
135,421.0,4194.0264,0.0,10.0,0.0,0.0
136,426.0,4194.0264,0.0,10.0,0.0,0.0
137,430.0,4194.0264,0.0,10.0,0.0,0.0
138,435.0,4194.0264,0.0,10.0,0.0,0.0
139,440.0,4194.0264,0.0,10.0,0.0,0.0
140,444.0,4136.4307,0.0,10.0,0.0,0.0
141,448.0,4136.4307,0.0,10.0,0.0,0.0
142,453.0,4136.4307,0.0,10.0,0.0,0.0
143,457.0,4136.4307,0.0,10.0,0.0,0.0
144,461.0,4136.4307,0.0,10.0,0.0,0.0
145,466.0,4136.4307,0.0,10.0,0.0,0.0
146,470.0,4136.4307,0.0,10.0,0.0,0.0
147,474.0,4136.4307,0.0,10.0,0.0,0.0
148,479.0,4136.4307,0.0,10.0,0.0,0.0
149,485.0,4136.4307,0.0,10.0,0.0,0.0
150,489.0,4077.5256,0.0,10.0,0.0,0.0
151,494.0,4077.5256,0.0,10.0,0.0,0.0
152,498.0,4077.5256,0.0,10.0,0.0,0.0
153,502.0,4077.5256,0.0,10.0,0.0,0.0
154,507.0,4077.5256,0.0,10.0,0.0,0.0
155,511.0,4077.5256,0.0,10.0,0.0,0.0
156,516.0,4077.5256,0.0,10.0,0.0,0.0
157,521.0,4077.5256,0.0,10.0,0.0,0.0
158,525.0,4077.5256,0.0,10.0,0.0,0.0
159,529.0,4077.5256,0.0,10.0,0.0,0.0
160,534.0,4018.6208,0.0,10.0,0.0,0.0
161,538.0,4018.6208,0.0,10.0,0.0,0.0
162,542.0,4018.6208,0.0,10.0,0.0,0.0
163,547.0,4018.6208,0.0,10.0,0.0,0.0
164,551.0,4018.6208,0.0,10.0,0.0,0.0
165,556.0,4018.6208,0.0,10.0,0.0,0.0
166,560.0,4018.6208,0.0,10.0,0.0,0.0
167,564.0,4018.6208,0.0,10.0,0.0,0.0
168,568.0,4018.6208,0.0,10.0,0.0,0.0
169,573.0,4018.6208,0.0,10.0,0.0,0.0
170,577.0,3962.334,0.0,10.0,0.0,0.0
171,582.0,3962.334,0.0,10.0,0.0,0.0
172,586.0,3962.334,0.0,10.0,0.0,0.0
173,590.0,3962.334,0.0,10.0,0.0,0.0
174,595.0,3962.334,0.0,10.0,0.0,0.0
175,599.0,3962.334,0.0,10.0,0.0,0.0
176,603.0,3962.334,0.0,10.0,0.0,0.0
177,608.0,3962.334,0.0,10.0,0.0,0.0
178,613.0,3962.334,0.0,10.0,0.0,0.0
179,617.0,3962.334,0.0,10.0,0.0,0.0
180,622.0,3903.429,0.0,10.0,0.0,0.0
181,626.0,3903.429,0.0,10.0,0.0,0.0
182,631.0,3903.429,0.0,10.0,0.0,0.0
183,636.0,3903.429,0.0,10.0,0.0,0.0
184,640.0,3903.429,0.0,10.0,0.0,0.0
185,645.0,3903.429,0.0,10.0,0.0,0.0
186,649.0,3903.429,0.0,10.0,0.0,0.0
187,653.0,3903.429,0.0,10.0,0.0,0.0
188,658.0,3903.429,0.0,10.0,0.0,0.0
189,662.0,3903.429,0.0,10.0,0.0,0.0
190,666.0,3845.833,0.0,10.0,0.0,0.0
191,671.0,3845.833,0.0,10.0,0.0,0.0
192,675.0,3845.833,0.0,10.0,0.0,0.0
193,679.0,3845.833,0.0,10.0,0.0,0.0
194,684.0,3845.833,0.0,10.0,0.0,0.0
195,689.0,3845.833,0.0,10.0,0.0,0.0
196,694.0,3845.833,0.0,10.0,0.0,0.0
197,698.0,3845.833,0.0,10.0,0.0,0.0
198,702.0,3845.833,0.0,10.0,0.0,0.0
199,707.0,3845.833,0.0,10.0,0.0,0.0
200,710.0,3786.9285,0.0,10.0,0.0,0.0
201,714.0,3786.9285,0.0,10.0,0.0,0.0
202,719.0,3786.9285,0.0,10.0,0.0,0.0
203,723.0,3786.9285,0.0,10.0,0.0,0.0
204,727.0,3786.9285,0.0,10.0,0.0,0.0
205,732.0,3786.9285,0.0,10.0,0.0,0.0
206,737.0,3786.9285,0.0,10.0,0.0,0.0
207,742.0,3786.9285,0.0,10.0,0.0,0.0
208,746.0,3786.9285,0.0,10.0,0.0,0.0
209,750.0,3786.9285,0.0,10.0,0.0,0.0
210,755.0,3729.3325,0.0,10.0,0.0,0.0
211,760.0,3729.3325,0.0,10.0,0.0,0.0
212,764.0,3729.3325,0.0,10.0,0.0,0.0
213,769.0,3729.3325,0.0,10.0,0.0,0.0
214,773.0,3729.3325,0.0,10.0,0.0,0.0
215,777.0,3729.3325,0.0,10.0,0.0,0.0
216,782.0,3729.3325,0.0,10.0,0.0,0.0
217,786.0,3729.3325,0.0,10.0,0.0,0.0
218,791.0,3729.3325,0.0,10.0,0.0,0.0
219,795.0,3729.3325,0.0,10.0,0.0,0.0
220,799.0,3671.7368,0.0,10.0,0.0,0.0
221,804.0,3671.7368,0.0,10.0,0.0,0.0
222,808.0,3671.7368,0.0,10.0,0.0,0.0
223,812.0,3671.7368,0.0,10.0,0.0,0.0
224,818.0,3671.7368,0.0,10.0,0.0,0.0
225,822.0,3671.7368,0.0,10.0,0.0,0.0
226,826.0,3671.7368,0.0,10.0,0.0,0.0
227,831.0,3671.7368,0.0,10.0,0.0,0.0
228,835.0,3671.7368,0.0,10.0,0.0,0.0
229,840.0,3671.7368,0.0,10.0,0.0,0.0
230,844.0,3612.8318,0.0,10.0,0.0,0.0
231,848.0,3612.8318,0.0,10.0,0.0,0.0
232,853.0,3612.8318,0.0,10.0,0.0,0.0
233,857.0,3612.8318,0.0,10.0,0.0,0.0
234,861.0,3612.8318,0.0,10.0,0.0,0.0
235,867.0,3612.8318,0.0,10.0,0.0,0.0
236,871.0,3612.8318,0.0,10.0,0.0,0.0
237,875.0,3612.8318,0.0,10.0,0.0,0.0
238,880.0,3612.8318,0.0,10.0,0.0,0.0
239,884.0,3612.8318,0.0,10.0,0.0,0.0
240,889.0,3555.2358,0.0,10.0,0.0,0.0
241,893.0,3555.2358,0.0,10.0,0.0,0.0
242,897.0,3555.2358,0.0,10.0,0.0,0.0
243,902.0,3555.2358,0.0,10.0,0.0,0.0
244,906.0,3555.2358,0.0,10.0,0.0,0.0
245,910.0,3555.2358,0.0,10.0,0.0,0.0
246,916.0,3555.2358,0.0,10.0,0.0,0.0
247,920.0,3555.2358,0.0,10.0,0.0,0.0
248,924.0,3555.2358,0.0,10.0,0.0,0.0
249,929.0,3555.2358,0.0,10.0,0.0,0.0
250,934.0,3496.3311,0.0,10.0,0.0,0.0
251,939.0,3496.3311,0.0,10.0,0.0,0.0
252,943.0,3496.3311,0.0,10.0,0.0,0.0
253,947.0,3496.3311,0.0,10.0,0.0,0.0
254,952.0,3496.3311,0.0,10.0,0.0,0.0
255,956.0,3496.3311,0.0,10.0,0.0,0.0
256,960.0,3496.3311,0.0,10.0,0.0,0.0
257,965.0,3496.3311,0.0,10.0,0.0,0.0
258,969.0,3496.3311,0.0,10.0,0.0,0.0
259,973.0,3496.3311,0.0,10.0,0.0,0.0
260,978.0,3437.4263,0.0,10.0,0.0,0.0
261,982.0,3437.4263,0.0,10.0,0.0,0.0
262,987.0,3437.4263,0.0,10.0,0.0,0.0
263,991.0,3437.4263,0.0,10.0,0.0,0.0
264,995.0,3437.4263,0.0,10.0,0.0,0.0
265,1000.0,3437.4263,0.0,10.0,0.0,0.0
266,1004.0,3437.4263,0.0,10.0,0.0,0.0
267,1008.0,3437.4263,0.0,10.0,0.0,0.0
268,1013.0,3437.4263,0.0,10.0,0.0,0.0
269,1017.0,3437.4263,0.0,10.0,0.0,0.0
270,1021.0,3381.1396,0.0,10.0,0.0,0.0
271,1026.0,3381.1396,0.0,10.0,0.0,0.0
272,1031.0,3381.1396,0.0,10.0,0.0,0.0
273,1036.0,3381.1396,0.0,10.0,0.0,0.0
274,1040.0,3381.1396,0.0,10.0,0.0,0.0
275,1044.0,3381.1396,0.0,10.0,0.0,0.0
276,1049.0,3381.1396,0.0,10.0,0.0,0.0
277,1053.0,3381.1396,0.0,10.0,0.0,0.0
278,1057.0,3381.1396,0.0,10.0,0.0,0.0
279,1062.0,3381.1396,0.0,10.0,0.0,0.0
280,1066.0,3322.2344,0.0,10.0,0.0,0.0
281,1070.0,3322.2344,0.0,10.0,0.0,0.0
282,1075.0,3322.2344,0.0,10.0,0.0,0.0
283,1080.0,3322.2344,0.0,10.0,0.0,0.0
284,1085.0,3322.2344,0.0,10.0,0.0,0.0
285,1089.0,3322.2344,0.0,10.0,0.0,0.0
286,1093.0,3322.2344,0.0,10.0,0.0,0.0
287,1098.0,3322.2344,0.0,10.0,0.0,0.0
288,1102.0,3322.2344,0.0,10.0,0.0,0.0
289,1106.0,3322.2344,0.0,10.0,0.0,0.0
290,1111.0,3263.3296,0.0,10.0,0.0,0.0
291,1115.0,3263.3296,0.0,10.0,0.0,0.0
292,1120.0,3263.3296,0.0,10.0,0.0,0.0
293,1124.0,3263.3296,0.0,10.0,0.0,0.0
294,1128.0,3263.3296,0.0,10.0,0.0,0.0
295,1133.0,3263.3296,0.0,10.0,0.0,0.0
296,1137.0,3263.3296,0.0,10.0,0.0,0.0
297,1142.0,3263.3296,0.0,10.0,0.0,0.0
298,1146.0,3263.3296,0.0,10.0,0.0,0.0
299,1150.0,3263.3296,0.0,10.0,0.0,0.0
300,1155.0,3205.7336,0.0,10.0,0.0,0.0
301,1160.0,3205.7336,0.0,10.0,0.0,0.0
302,1164.0,3205.7336,0.0,10.0,0.0,0.0
303,1169.0,3205.7336,0.0,10.0,0.0,0.0
304,1173.0,3205.7336,0.0,10.0,0.0,0.0
305,1178.0,3205.7336,0.0,10.0,0.0,0.0
306,1182.0,3205.7336,0.0,10.0,0.0,0.0
307,1186.0,3205.7336,0.0,10.0,0.0,0.0
308,1191.0,3205.7336,0.0,10.0,0.0,0.0
309,1195.0,3205.7336,0.0,10.0,0.0,0.0
310,1199.0,3148.1377,0.0,10.0,0.0,0.0
311,1204.0,3148.1377,0.0,10.0,0.0,0.0
312,1208.0,3148.1377,0.0,10.0,0.0,0.0
313,1213.0,3148.1377,0.0,10.0,0.0,0.0
314,1217.0,3148.1377,0.0,10.0,0.0,0.0
315,1221.0,3148.1377,0.0,10.0,0.0,0.0
316,1226.0,3148.1377,0.0,10.0,0.0,0.0
317,1230.0,3148.1377,0.0,10.0,0.0,0.0
318,1234.0,3148.1377,0.0,10.0,0.0,0.0
319,1239.0,3148.1377,0.0,10.0,0.0,0.0
320,1243.0,3090.542,0.0,10.0,0.0,0.0
321,1247.0,3090.542,0.0,10.0,0.0,0.0
322,1252.0,3090.542,0.0,10.0,0.0,0.0
323,1256.0,3090.542,0.0,10.0,0.0,0.0
324,1261.0,3090.542,0.0,10.0,0.0,0.0
325,1265.0,3090.542,0.0,10.0,0.0,0.0
326,1269.0,3090.542,0.0,10.0,0.0,0.0
327,1274.0,3090.542,0.0,10.0,0.0,0.0
328,1278.0,3090.542,0.0,10.0,0.0,0.0
329,1283.0,3090.542,0.0,10.0,0.0,0.0
330,1287.0,3032.9463,0.0,10.0,0.0,0.0
331,1291.0,3032.9463,0.0,10.0,0.0,0.0
332,1297.0,3032.9463,0.0,10.0,0.0,0.0
333,1301.0,3032.9463,0.0,10.0,0.0,0.0
334,1305.0,3032.9463,0.0,10.0,0.0,0.0
335,1310.0,3032.9463,0.0,10.0,0.0,0.0
336,1314.0,3032.9463,0.0,10.0,0.0,0.0
337,1319.0,3032.9463,0.0,10.0,0.0,0.0
338,1323.0,3032.9463,0.0,10.0,0.0,0.0
339,1327.0,3032.9463,0.0,10.0,0.0,0.0
340,1332.0,2974.041,0.0,10.0,0.0,0.0
341,1336.0,2974.041,0.0,10.0,0.0,0.0
342,1340.0,2974.041,0.0,10.0,0.0,0.0
343,1345.0,2974.041,0.0,10.0,0.0,0.0
344,1349.0,2974.041,0.0,10.0,0.0,0.0
345,1353.0,2974.041,0.0,10.0,0.0,0.0
346,1358.0,2974.041,0.0,10.0,0.0,0.0
347,1362.0,2974.041,0.0,10.0,0.0,0.0
348,1367.0,2974.041,0.0,10.0,0.0,0.0
349,1371.0,2974.041,0.0,10.0,0.0,0.0
350,1375.0,2917.7544,0.0,10.0,0.0,0.0
351,1380.0,2917.7544,0.0,10.0,0.0,0.0
352,1384.0,2917.7544,0.0,10.0,0.0,0.0
353,1389.0,2917.7544,0.0,10.0,0.0,0.0
354,1394.0,2917.7544,0.0,10.0,0.0,0.0
355,1398.0,2917.7544,0.0,10.0,0.0,0.0
356,1403.0,2917.7544,0.0,10.0,0.0,0.0
357,1407.0,2917.7544,0.0,10.0,0.0,0.0
358,1411.0,2917.7544,0.0,10.0,0.0,0.0
359,1417.0,2917.7544,0.0,10.0,0.0,0.0
360,1421.0,2857.5405,0.0,10.0,0.0,0.0
361,1425.0,2857.5405,0.0,10.0,0.0,0.0
362,1430.0,2857.5405,0.0,10.0,0.0,0.0
363,1434.0,2857.5405,0.0,10.0,0.0,0.0
364,1439.0,2857.5405,0.0,10.0,0.0,0.0
365,1443.0,2857.5405,0.0,10.0,0.0,0.0
366,1447.0,2857.5405,0.0,10.0,0.0,0.0
367,1453.0,2857.5405,0.0,10.0,0.0,0.0
368,1457.0,2857.5405,0.0,10.0,0.0,0.0
369,1461.0,2857.5405,0.0,10.0,0.0,0.0
370,1467.0,2798.6357,0.0,10.0,0.0,0.0
371,1471.0,2798.6357,0.0,10.0,0.0,0.0
372,1476.0,2798.6357,0.0,10.0,0.0,0.0
373,1480.0,2798.6357,0.0,10.0,0.0,0.0
374,1484.0,2798.6357,0.0,10.0,0.0,0.0
375,1489.0,2798.6357,0.0,10.0,0.0,0.0
376,1493.0,2798.6357,0.0,10.0,0.0,0.0
377,1497.0,2798.6357,0.0,10.0,0.0,0.0
378,1502.0,2798.6357,0.0,10.0,0.0,0.0
379,1506.0,2798.6357,0.0,10.0,0.0,0.0
380,1510.0,2741.04,0.0,10.0,0.0,0.0
381,1515.0,2741.04,0.0,10.0,0.0,0.0
382,1519.0,2741.04,0.0,10.0,0.0,0.0
383,1524.0,2741.04,0.0,10.0,0.0,0.0
384,1528.0,2741.04,0.0,10.0,0.0,0.0
385,1532.0,2741.04,0.0,10.0,0.0,0.0
386,1537.0,2741.04,0.0,10.0,0.0,0.0
387,1541.0,2741.04,0.0,10.0,0.0,0.0
388,1545.0,2741.04,0.0,10.0,0.0,0.0
389,1550.0,2741.04,0.0,10.0,0.0,0.0
390,1554.0,2683.4438,0.0,10.0,0.0,0.0
391,1558.0,2683.4438,0.0,10.0,0.0,0.0
392,1563.0,2683.4438,0.0,10.0,0.0,0.0
393,1567.0,2683.4438,0.0,10.0,0.0,0.0
394,1572.0,2683.4438,0.0,10.0,0.0,0.0
395,1576.0,2683.4438,0.0,10.0,0.0,0.0
396,1580.0,2683.4438,0.0,10.0,0.0,0.0
397,1585.0,2683.4438,0.0,10.0,0.0,0.0
398,1590.0,2683.4438,0.0,10.0,0.0,0.0
399,1594.0,2683.4438,0.0,10.0,0.0,0.0
400,1599.0,2624.5391,0.0,10.0,0.0,0.0
401,1603.0,2624.5391,0.0,10.0,0.0,0.0
402,1608.0,2624.5391,0.0,10.0,0.0,0.0
403,1613.0,2624.5391,0.0,10.0,0.0,0.0
404,1617.0,2624.5391,0.0,10.0,0.0,0.0
405,1622.0,2624.5391,0.0,10.0,0.0,0.0
406,1626.0,2624.5391,0.0,10.0,0.0,0.0
407,1631.0,2624.5391,0.0,10.0,0.0,0.0
408,1635.0,2624.5391,0.0,10.0,0.0,0.0
409,1639.0,2624.5391,0.0,10.0,0.0,0.0
410,1644.0,2566.9434,0.0,10.0,0.0,0.0
411,1648.0,2566.9434,0.0,10.0,0.0,0.0
412,1652.0,2566.9434,0.0,10.0,0.0,0.0
413,1657.0,2566.9434,0.0,10.0,0.0,0.0
414,1661.0,2566.9434,0.0,10.0,0.0,0.0
415,1665.0,2566.9434,0.0,10.0,0.0,0.0
416,1670.0,2566.9434,0.0,10.0,0.0,0.0
417,1674.0,2566.9434,0.0,10.0,0.0,0.0
418,1679.0,2566.9434,0.0,10.0,0.0,0.0
419,1683.0,2566.9434,0.0,10.0,0.0,0.0
420,1687.0,2509.3474,0.0,10.0,0.0,0.0
421,1692.0,2509.3474,0.0,10.0,0.0,0.0
422,1697.0,2509.3474,0.0,10.0,0.0,0.0
423,1701.0,2509.3474,0.0,10.0,0.0,0.0
424,1706.0,2509.3474,0.0,10.0,0.0,0.0
425,1710.0,2509.3474,0.0,10.0,0.0,0.0
426,1715.0,2509.3474,0.0,10.0,0.0,0.0
427,1719.0,2509.3474,0.0,10.0,0.0,0.0
428,1723.0,2509.3474,0.0,10.0,0.0,0.0
429,1728.0,2509.3474,0.0,10.0,0.0,0.0
430,1732.0,2450.4424,0.0,10.0,0.0,0.0
431,1736.0,2450.4424,0.0,10.0,0.0,0.0
432,1741.0,2450.4424,0.0,10.0,0.0,0.0
433,1745.0,2450.4424,0.0,10.0,0.0,0.0
434,1750.0,2450.4424,0.0,10.0,0.0,0.0
435,1754.0,2450.4424,0.0,10.0,0.0,0.0
436,1759.0,2450.4424,0.0,10.0,0.0,0.0
437,1764.0,2450.4424,0.0,10.0,0.0,0.0
438,1768.0,2450.4424,0.0,10.0,0.0,0.0
439,1772.0,2450.4424,0.0,10.0,0.0,0.0
440,1777.0,2391.5376,0.0,10.0,0.0,0.0
441,1781.0,2391.5376,0.0,10.0,0.0,0.0
442,1785.0,2391.5376,0.0,10.0,0.0,0.0
443,1790.0,2391.5376,0.0,10.0,0.0,0.0
444,1795.0,2391.5376,0.0,10.0,0.0,0.0
445,1800.0,2391.5376,0.0,10.0,0.0,0.0
446,1804.0,2391.5376,0.0,10.0,0.0,0.0
447,1808.0,2391.5376,0.0,10.0,0.0,0.0
448,1813.0,2391.5376,0.0,10.0,0.0,0.0
449,1817.0,2391.5376,0.0,10.0,0.0,0.0
450,1822.0,2332.6328,0.0,10.0,0.0,0.0
451,1826.0,2332.6328,0.0,10.0,0.0,0.0
452,1830.0,2332.6328,0.0,10.0,0.0,0.0
453,1835.0,2332.6328,0.0,10.0,0.0,0.0
454,1839.0,2332.6328,0.0,10.0,0.0,0.0
455,1843.0,2332.6328,0.0,10.0,0.0,0.0
456,1848.0,2332.6328,0.0,10.0,0.0,0.0
457,1852.0,2332.6328,0.0,10.0,0.0,0.0
458,1857.0,2332.6328,0.0,10.0,0.0,0.0
459,1861.0,2332.6328,0.0,10.0,0.0,0.0
460,1865.0,2276.3459,0.0,10.0,0.0,0.0
461,1870.0,2276.3459,0.0,10.0,0.0,0.0
462,1874.0,2276.3459,0.0,10.0,0.0,0.0
463,1878.0,2276.3459,0.0,10.0,0.0,0.0
464,1883.0,2276.3459,0.0,10.0,0.0,0.0
465,1888.0,2276.3459,0.0,10.0,0.0,0.0
466,1892.0,2276.3459,0.0,10.0,0.0,0.0
467,1897.0,2276.3459,0.0,10.0,0.0,0.0
468,1901.0,2276.3459,0.0,10.0,0.0,0.0
469,1906.0,2276.3459,0.0,10.0,0.0,0.0
470,1910.0,2217.4412,0.0,10.0,0.0,0.0
471,1914.0,2217.4412,0.0,10.0,0.0,0.0
472,1919.0,2217.4412,0.0,10.0,0.0,0.0
473,1923.0,2217.4412,0.0,10.0,0.0,0.0
474,1927.0,2217.4412,0.0,10.0,0.0,0.0
475,1932.0,2217.4412,0.0,10.0,0.0,0.0
476,1937.0,2217.4412,0.0,10.0,0.0,0.0
477,1941.0,2217.4412,0.0,10.0,0.0,0.0
478,1946.0,2217.4412,0.0,10.0,0.0,0.0
479,1950.0,2217.4412,0.0,10.0,0.0,0.0
480,1956.0,2158.5361,0.0,10.0,0.0,0.0
481,1960.0,2158.5361,0.0,10.0,0.0,0.0
482,1964.0,2158.5361,0.0,10.0,0.0,0.0
483,1969.0,2158.5361,0.0,10.0,0.0,0.0
484,1973.0,2158.5361,0.0,10.0,0.0,0.0
485,1977.0,2158.5361,0.0,10.0,0.0,0.0
486,1982.0,2158.5361,0.0,10.0,0.0,0.0
487,1986.0,2158.5361,0.0,10.0,0.0,0.0
488,1991.0,2158.5361,0.0,10.0,0.0,0.0
489,1995.0,2158.5361,0.0,10.0,0.0,0.0
490,1999.0,2100.9402,0.0,10.0,0.0,0.0
491,2005.0,2100.9402,0.0,10.0,0.0,0.0
492,2009.0,2100.9402,0.0,10.0,0.0,0.0
493,2014.0,2100.9402,0.0,10.0,0.0,0.0
494,2018.0,2100.9402,0.0,10.0,0.0,0.0
495,2022.0,2100.9402,0.0,10.0,0.0,0.0
496,2027.0,2100.9402,0.0,10.0,0.0,0.0
497,2032.0,2100.9402,0.0,10.0,0.0,0.0
498,2037.0,2100.9402,0.0,10.0,0.0,0.0
499,2042.0,2100.9402,0.0,10.0,0.0,0.0
500,2046.0,2039.4175,0.0,10.0,0.0,0.0
501,2050.0,2039.4175,0.0,10.0,0.0,0.0
502,2056.0,2039.4175,0.0,10.0,0.0,0.0
503,2060.0,2039.4175,0.0,10.0,0.0,0.0
504,2065.0,2039.4175,0.0,10.0,0.0,0.0
505,2069.0,2039.4175,0.0,10.0,0.0,0.0
506,2073.0,2039.4175,0.0,10.0,0.0,0.0
507,2078.0,2039.4175,0.0,10.0,0.0,0.0
508,2084.0,2039.4175,0.0,10.0,0.0,0.0
509,2088.0,2039.4175,0.0,10.0,0.0,0.0
510,2093.0,1977.8945,0.0,10.0,0.0,0.0
511,2097.0,1977.8945,0.0,10.0,0.0,0.0
512,2102.0,1977.8945,0.0,10.0,0.0,0.0
513,2106.0,1977.8945,0.0,10.0,0.0,0.0
514,2110.0,1977.8945,0.0,10.0,0.0,0.0
515,2115.0,1977.8945,0.0,10.0,0.0,0.0
516,2119.0,1977.8945,0.0,10.0,0.0,0.0
517,2123.0,1977.8945,0.0,10.0,0.0,0.0
518,2128.0,1977.8945,0.0,10.0,0.0,0.0
519,2133.0,1977.8945,0.0,10.0,0.0,0.0
520,2137.0,1920.2988,0.0,10.0,0.0,0.0
521,2142.0,1920.2988,0.0,10.0,0.0,0.0
522,2146.0,1920.2988,0.0,10.0,0.0,0.0
523,2151.0,1920.2988,0.0,10.0,0.0,0.0
524,2155.0,1920.2988,0.0,10.0,0.0,0.0
525,2159.0,1920.2988,0.0,10.0,0.0,0.0
526,2164.0,1920.2988,0.0,10.0,0.0,0.0
527,2168.0,1920.2988,0.0,10.0,0.0,0.0
528,2173.0,1920.2988,0.0,10.0,0.0,0.0
529,2177.0,1920.2988,0.0,10.0,0.0,0.0
530,2182.0,1862.7029,0.0,10.0,0.0,0.0
531,2188.0,1862.7029,0.0,10.0,0.0,0.0
532,2192.0,1862.7029,0.0,10.0,0.0,0.0
533,2196.0,1862.7029,0.0,10.0,0.0,0.0
534,2201.0,1862.7029,0.0,10.0,0.0,0.0
535,2205.0,1862.7029,0.0,10.0,0.0,0.0
536,2210.0,1862.7029,0.0,10.0,0.0,0.0
537,2214.0,1862.7029,0.0,10.0,0.0,0.0
538,2218.0,1862.7029,0.0,10.0,0.0,0.0
539,2223.0,1862.7029,0.0,10.0,0.0,0.0
540,2227.0,1802.489,0.0,10.0,0.0,0.0
541,2232.0,1802.489,0.0,10.0,0.0,0.0
542,2237.0,1802.489,0.0,10.0,0.0,0.0
543,2241.0,1802.489,0.0,10.0,0.0,0.0
544,2245.0,1802.489,0.0,10.0,0.0,0.0
545,2250.0,1802.489,0.0,10.0,0.0,0.0
546,2255.0,1802.489,0.0,10.0,0.0,0.0
547,2260.0,1802.489,0.0,10.0,0.0,0.0
548,2264.0,1802.489,0.0,10.0,0.0,0.0
549,2268.0,1802.489,0.0,10.0,0.0,0.0
550,2273.0,1742.2751,0.0,10.0,0.0,0.0
551,2277.0,1742.2751,0.0,10.0,0.0,0.0
552,2281.0,1742.2751,0.0,10.0,0.0,0.0
553,2287.0,1742.2751,0.0,10.0,0.0,0.0
554,2291.0,1742.2751,0.0,10.0,0.0,0.0
555,2296.0,1742.2751,0.0,10.0,0.0,0.0
556,2300.0,1742.2751,0.0,10.0,0.0,0.0
557,2305.0,1742.2751,0.0,10.0,0.0,0.0
558,2310.0,1742.2751,0.0,10.0,0.0,0.0
559,2314.0,1742.2751,0.0,10.0,0.0,0.0
560,2319.0,1682.0612,0.0,10.0,0.0,0.0
561,2323.0,1682.0612,0.0,10.0,0.0,0.0
562,2328.0,1682.0612,0.0,10.0,0.0,0.0
563,2333.0,1682.0612,0.0,10.0,0.0,0.0
564,2338.0,1682.0612,0.0,10.0,0.0,0.0
565,2342.0,1682.0612,0.0,10.0,0.0,0.0
566,2347.0,1682.0612,0.0,10.0,0.0,0.0
567,2351.0,1682.0612,0.0,10.0,0.0,0.0
568,2356.0,1682.0612,0.0,10.0,0.0,0.0
569,2360.0,1682.0612,0.0,10.0,0.0,0.0
570,2364.0,1623.1565,0.0,10.0,0.0,0.0
571,2369.0,1623.1565,0.0,10.0,0.0,0.0
572,2373.0,1623.1565,0.0,10.0,0.0,0.0
573,2378.0,1623.1565,0.0,10.0,0.0,0.0
574,2383.0,1623.1565,0.0,10.0,0.0,0.0
575,2388.0,1623.1565,0.0,10.0,0.0,0.0
576,2392.0,1623.1565,0.0,10.0,0.0,0.0
577,2397.0,1623.1565,0.0,10.0,0.0,0.0
578,2401.0,1623.1565,0.0,10.0,0.0,0.0
579,2406.0,1623.1565,0.0,10.0,0.0,0.0
580,2410.0,1562.9425,0.0,10.0,0.0,0.0
581,2415.0,1562.9425,0.0,10.0,0.0,0.0
582,2419.0,1562.9425,0.0,10.0,0.0,0.0
583,2423.0,1562.9425,0.0,10.0,0.0,0.0
584,2428.0,1562.9425,0.0,10.0,0.0,0.0
585,2432.0,1562.9425,0.0,10.0,0.0,0.0
586,2436.0,1562.9425,0.0,10.0,0.0,0.0
587,2441.0,1562.9425,0.0,10.0,0.0,0.0
588,2445.0,1562.9425,0.0,10.0,0.0,0.0
589,2450.0,1562.9425,0.0,10.0,0.0,0.0
590,2454.0,1505.3467,0.0,10.0,0.0,0.0
591,2458.0,1505.3467,0.0,10.0,0.0,0.0
592,2463.0,1505.3467,0.0,10.0,0.0,0.0
593,2467.0,1505.3467,0.0,10.0,0.0,0.0
594,2471.0,1505.3467,0.0,10.0,0.0,0.0
595,2477.0,1505.3467,0.0,10.0,0.0,0.0
596,2481.0,1505.3467,0.0,10.0,0.0,0.0
597,2486.0,1505.3467,0.0,10.0,0.0,0.0
598,2491.0,1505.3467,0.0,10.0,0.0,0.0
599,2495.0,1505.3467,0.0,10.0,0.0,0.0
600,2500.0,1445.1328,0.0,10.0,0.0,0.0
601,2504.0,1445.1328,0.0,10.0,0.0,0.0
602,2509.0,1445.1328,0.0,10.0,0.0,0.0
603,2513.0,1445.1328,0.0,10.0,0.0,0.0
604,2517.0,1445.1328,0.0,10.0,0.0,0.0
605,2522.0,1445.1328,0.0,10.0,0.0,0.0
606,2526.0,1445.1328,0.0,10.0,0.0,0.0
607,2530.0,1445.1328,0.0,10.0,0.0,0.0
608,2536.0,1445.1328,0.0,10.0,0.0,0.0
609,2540.0,1445.1328,0.0,10.0,0.0,0.0
610,2544.0,1387.5369,0.0,10.0,0.0,0.0
611,2549.0,1387.5369,0.0,10.0,0.0,0.0
612,2553.0,1387.5369,0.0,10.0,0.0,0.0
613,2558.0,1387.5369,0.0,10.0,0.0,0.0
614,2562.0,1387.5369,0.0,10.0,0.0,0.0
615,2566.0,1387.5369,0.0,10.0,0.0,0.0
616,2571.0,1387.5369,0.0,10.0,0.0,0.0
617,2575.0,1387.5369,0.0,10.0,0.0,0.0
618,2579.0,1387.5369,0.0,10.0,0.0,0.0
619,2584.0,1387.5369,0.0,10.0,0.0,0.0
620,2588.0,1329.9412,0.0,10.0,0.0,0.0
621,2593.0,1329.9412,0.0,10.0,0.0,0.0
622,2597.0,1329.9412,0.0,10.0,0.0,0.0
623,2602.0,1329.9412,0.0,10.0,0.0,0.0
624,2607.0,1329.9412,0.0,10.0,0.0,0.0
625,2611.0,1329.9412,0.0,10.0,0.0,0.0
626,2616.0,1329.9412,0.0,10.0,0.0,0.0
627,2620.0,1329.9412,0.0,10.0,0.0,0.0
628,2624.0,1329.9412,0.0,10.0,0.0,0.0
629,2629.0,1329.9412,0.0,10.0,0.0,0.0
630,2633.0,1271.0364,0.0,10.0,0.0,0.0
631,2637.0,1271.0364,0.0,10.0,0.0,0.0
632,2642.0,1271.0364,0.0,10.0,0.0,0.0
633,2646.0,1271.0364,0.0,10.0,0.0,0.0
634,2651.0,1271.0364,0.0,10.0,0.0,0.0
635,2655.0,1271.0364,0.0,10.0,0.0,0.0
636,2659.0,1271.0364,0.0,10.0,0.0,0.0
637,2664.0,1271.0364,0.0,10.0,0.0,0.0
638,2668.0,1271.0364,0.0,10.0,0.0,0.0
639,2673.0,1271.0364,0.0,10.0,0.0,0.0
640,2678.0,1212.1313,0.0,10.0,0.0,0.0
641,2683.0,1212.1313,0.0,10.0,0.0,0.0
642,2687.0,1212.1313,0.0,10.0,0.0,0.0
643,2692.0,1212.1313,0.0,10.0,0.0,0.0
644,2696.0,1212.1313,0.0,10.0,0.0,0.0
645,2701.0,1212.1313,0.0,10.0,0.0,0.0
646,2705.0,1212.1313,0.0,10.0,0.0,0.0
647,2710.0,1212.1313,0.0,10.0,0.0,0.0
648,2714.0,1212.1313,0.0,10.0,0.0,0.0
649,2718.0,1212.1313,0.0,10.0,0.0,0.0
650,2723.0,1153.2266,0.0,10.0,0.0,0.0
651,2727.0,1153.2266,0.0,10.0,0.0,0.0
652,2732.0,1153.2266,0.0,10.0,0.0,0.0
653,2737.0,1153.2266,0.0,10.0,0.0,0.0
654,2741.0,1153.2266,0.0,10.0,0.0,0.0
655,2746.0,1153.2266,0.0,10.0,0.0,0.0
656,2751.0,1153.2266,0.0,10.0,0.0,0.0
657,2755.0,1153.2266,0.0,10.0,0.0,0.0
658,2760.0,1153.2266,0.0,10.0,0.0,0.0
659,2764.0,1153.2266,0.0,10.0,0.0,0.0
660,2768.0,1094.3215,0.0,10.0,0.0,0.0
661,2774.0,1094.3215,0.0,10.0,0.0,0.0
662,2778.0,1094.3215,0.0,10.0,0.0,0.0
663,2783.0,1094.3215,0.0,10.0,0.0,0.0
664,2787.0,1094.3215,0.0,10.0,0.0,0.0
665,2791.0,1094.3215,0.0,10.0,0.0,0.0
666,2796.0,1094.3215,0.0,10.0,0.0,0.0
667,2800.0,1094.3215,0.0,10.0,0.0,0.0
668,2805.0,1094.3215,0.0,10.0,0.0,0.0
669,2809.0,1094.3215,0.0,10.0,0.0,0.0
670,2813.0,1035.4169,0.0,10.0,0.0,0.0
671,2818.0,1035.4169,0.0,10.0,0.0,0.0
672,2823.0,1035.4169,0.0,10.0,0.0,0.0
673,2827.0,1035.4169,0.0,10.0,0.0,0.0
674,2832.0,1035.4169,0.0,10.0,0.0,0.0
675,2836.0,1035.4169,0.0,10.0,0.0,0.0
676,2840.0,1035.4169,0.0,10.0,0.0,0.0
677,2845.0,1035.4169,0.0,10.0,0.0,0.0
678,2850.0,1035.4169,0.0,10.0,0.0,0.0
679,2855.0,1035.4169,0.0,10.0,0.0,0.0
680,2859.0,975.2029,0.0,10.0,0.0,0.0
681,2864.0,975.2029,0.0,10.0,0.0,0.0
682,2868.0,975.2029,0.0,10.0,0.0,0.0
683,2873.0,975.2029,0.0,10.0,0.0,0.0
684,2878.0,975.2029,0.0,10.0,0.0,0.0
685,2882.0,975.2029,0.0,10.0,0.0,0.0
686,2886.0,975.2029,0.0,10.0,0.0,0.0
687,2891.0,975.2029,0.0,10.0,0.0,0.0
688,2895.0,975.2029,0.0,10.0,0.0,0.0
689,2900.0,975.2029,0.0,10.0,0.0,0.0
690,2904.0,916.2982,0.0,10.0,0.0,0.0
691,2908.0,916.2982,0.0,10.0,0.0,0.0
692,2913.0,916.2982,0.0,10.0,0.0,0.0
693,2917.0,916.2982,0.0,10.0,0.0,0.0
694,2921.0,916.2982,0.0,10.0,0.0,0.0
695,2926.0,916.2982,0.0,10.0,0.0,0.0
696,2932.0,916.2982,0.0,10.0,0.0,0.0
697,2937.0,916.2982,0.0,10.0,0.0,0.0
698,2941.0,916.2982,0.0,10.0,0.0,0.0
699,2945.0,916.2982,0.0,10.0,0.0,0.0
700,2950.0,856.0843,0.0,10.0,0.0,0.0
701,2954.0,856.0843,0.0,10.0,0.0,0.0
702,2958.0,856.0843,0.0,10.0,0.0,0.0
703,2963.0,856.0843,0.0,10.0,0.0,0.0
704,2967.0,856.0843,0.0,10.0,0.0,0.0
705,2972.0,856.0843,0.0,10.0,0.0,0.0
706,2976.0,856.0843,0.0,10.0,0.0,0.0
707,2980.0,856.0843,0.0,10.0,0.0,0.0
708,2985.0,856.0843,0.0,10.0,0.0,0.0
709,2989.0,856.0843,0.0,10.0,0.0,0.0
710,2993.0,799.7974,0.0,10.0,0.0,0.0
711,2998.0,799.7974,0.0,10.0,0.0,0.0
712,3002.0,799.7974,0.0,10.0,0.0,0.0
713,3007.0,799.7974,0.0,10.0,0.0,0.0
714,3011.0,799.7974,0.0,10.0,0.0,0.0
715,3015.0,799.7974,0.0,10.0,0.0,0.0
716,3021.0,799.7974,0.0,10.0,0.0,0.0
717,3025.0,799.7974,0.0,10.0,0.0,0.0
718,3029.0,799.7974,0.0,10.0,0.0,0.0
719,3034.0,799.7974,0.0,10.0,0.0,0.0
720,3038.0,740.8926,0.0,10.0,0.0,0.0
721,3043.0,740.8926,0.0,10.0,0.0,0.0
722,3047.0,740.8926,0.0,10.0,0.0,0.0
723,3051.0,740.8926,0.0,10.0,0.0,0.0
724,3056.0,740.8926,0.0,10.0,0.0,0.0
725,3060.0,740.8926,0.0,10.0,0.0,0.0
726,3065.0,740.8926,0.0,10.0,0.0,0.0
727,3070.0,740.8926,0.0,10.0,0.0,0.0
728,3074.0,740.8926,0.0,10.0,0.0,0.0
729,3080.0,740.8926,0.0,10.0,0.0,0.0
730,3084.0,680.6787,0.0,10.0,0.0,0.0
731,3088.0,680.6787,0.0,10.0,0.0,0.0
732,3093.0,680.6787,0.0,10.0,0.0,0.0
733,3097.0,680.6787,0.0,10.0,0.0,0.0
734,3102.0,680.6787,0.0,10.0,0.0,0.0
735,3106.0,680.6787,0.0,10.0,0.0,0.0
736,3110.0,680.6787,0.0,10.0,0.0,0.0
737,3115.0,680.6787,0.0,10.0,0.0,0.0
738,3119.0,680.6787,0.0,10.0,0.0,0.0
739,3123.0,680.6787,0.0,10.0,0.0,0.0
740,3128.0,623.0829,0.0,10.0,0.0,0.0
741,3132.0,623.0829,0.0,10.0,0.0,0.0
742,3136.0,623.0829,0.0,10.0,0.0,0.0
743,3141.0,623.0829,0.0,10.0,0.0,0.0
744,3145.0,623.0829,0.0,10.0,0.0,0.0
745,3150.0,623.0829,0.0,10.0,0.0,0.0
746,3154.0,623.0829,0.0,10.0,0.0,0.0
747,3159.0,623.0829,0.0,10.0,0.0,0.0
748,3163.0,623.0829,0.0,10.0,0.0,0.0
749,3166.0,623.0829,0.0,10.0,0.0,0.0
750,3171.0,566.796,0.0,10.0,0.0,0.0
751,3176.0,566.796,0.0,10.0,0.0,0.0
752,3180.0,566.796,0.0,10.0,0.0,0.0
753,3185.0,566.796,0.0,10.0,0.0,0.0
754,3189.0,566.796,0.0,10.0,0.0,0.0
755,3193.0,566.796,0.0,10.0,0.0,0.0
756,3198.0,566.796,0.0,10.0,0.0,0.0
757,3202.0,566.796,0.0,10.0,0.0,0.0
758,3207.0,566.796,0.0,10.0,0.0,0.0
759,3211.0,566.796,0.0,10.0,0.0,0.0
760,3215.0,509.2001,0.0,10.0,0.0,0.0
761,3220.0,509.2001,0.0,10.0,0.0,0.0
762,3224.0,509.2001,0.0,10.0,0.0,0.0
763,3228.0,509.2001,0.0,10.0,0.0,0.0
764,3233.0,509.2001,0.0,10.0,0.0,0.0
765,3237.0,509.2001,0.0,10.0,0.0,0.0
766,3242.0,509.2001,0.0,10.0,0.0,0.0
767,3246.0,509.2001,0.0,10.0,0.0,0.0
768,3250.0,509.2001,0.0,10.0,0.0,0.0
769,3255.0,509.2001,0.0,10.0,0.0,0.0
770,3259.0,451.6043,0.0,10.0,0.0,0.0
771,3263.0,451.6043,0.0,10.0,0.0,0.0
772,3268.0,451.6043,0.0,10.0,0.0,0.0
773,3272.0,451.6043,0.0,10.0,0.0,0.0
774,3277.0,451.6043,0.0,10.0,0.0,0.0
775,3281.0,451.6043,0.0,10.0,0.0,0.0
776,3285.0,451.6043,0.0,10.0,0.0,0.0
777,3290.0,451.6043,0.0,10.0,0.0,0.0
778,3294.0,451.6043,0.0,10.0,0.0,0.0
779,3299.0,451.6043,0.0,10.0,0.0,0.0
780,3303.0,394.0082,0.0,10.0,0.0,0.0
781,3307.0,394.0082,0.0,10.0,0.0,0.0
782,3313.0,394.0082,0.0,10.0,0.0,0.0
783,3317.0,394.0082,0.0,10.0,0.0,0.0
784,3321.0,394.0082,0.0,10.0,0.0,0.0
785,3326.0,394.0082,0.0,10.0,0.0,0.0
786,3330.0,394.0082,0.0,10.0,0.0,0.0
787,3336.0,394.0082,0.0,10.0,0.0,0.0
788,3340.0,394.0082,0.0,10.0,0.0,0.0
789,3344.0,394.0082,0.0,10.0,0.0,0.0
790,3349.0,333.7946,0.0,10.0,0.0,0.0
791,3353.0,333.7946,0.0,10.0,0.0,0.0
792,3357.0,333.7946,0.0,10.0,0.0,0.0
793,3363.0,333.7946,0.0,10.0,0.0,0.0
794,3369.0,333.7946,0.0,10.0,0.0,0.0
795,3374.0,333.7946,0.0,10.0,0.0,0.0
796,3378.0,333.7946,0.0,10.0,0.0,0.0
797,3382.0,333.7946,0.0,10.0,0.0,0.0
798,3387.0,333.7946,0.0,10.0,0.0,0.0
799,3391.0,333.7946,0.0,10.0,0.0,0.0
800,3396.0,273.5806,0.0,10.0,0.0,0.0
801,3400.0,273.5806,0.0,10.0,0.0,0.0
802,3404.0,273.5806,0.0,10.0,0.0,0.0
803,3409.0,273.5806,0.0,10.0,0.0,0.0
804,3413.0,273.5806,0.0,10.0,0.0,0.0
805,3418.0,273.5806,0.0,10.0,0.0,0.0
806,3423.0,273.5806,0.0,10.0,0.0,0.0
807,3427.0,273.5806,0.0,10.0,0.0,0.0
808,3432.0,273.5806,0.0,10.0,0.0,0.0
809,3437.0,273.5806,0.0,10.0,0.0,0.0
810,3441.0,213.3667,0.0,10.0,0.0,0.0
811,3446.0,213.3667,0.0,10.0,0.0,0.0
812,3450.0,213.3667,0.0,10.0,0.0,0.0
813,3454.0,213.3667,0.0,10.0,0.0,0.0
814,3459.0,213.3667,0.0,10.0,0.0,0.0
815,3463.0,213.3667,0.0,10.0,0.0,0.0
816,3469.0,213.3667,0.0,10.0,0.0,0.0
817,3473.0,213.3667,0.0,10.0,0.0,0.0
818,3477.0,213.3667,0.0,10.0,0.0,0.0
819,3482.0,213.3667,0.0,10.0,0.0,0.0
820,3486.0,154.462,0.0,10.0,0.0,0.0
821,3491.0,154.462,0.0,10.0,0.0,0.0
822,3495.0,154.462,0.0,10.0,0.0,0.0
823,3499.0,154.462,0.0,10.0,0.0,0.0
824,3504.0,154.462,0.0,10.0,0.0,0.0
825,3508.0,154.462,0.0,10.0,0.0,0.0
826,3512.0,154.462,0.0,10.0,0.0,0.0
827,3518.0,154.462,0.0,10.0,0.0,0.0
828,3522.0,154.462,0.0,10.0,0.0,0.0
829,3526.0,154.462,0.0,10.0,0.0,0.0
830,3531.0,95.5569,0.0,10.0,0.0,0.0
831,3535.0,95.5569,0.0,10.0,0.0,0.0
832,3540.0,95.5569,0.0,10.0,0.0,0.0
833,3544.0,95.5569,0.0,10.0,0.0,0.0
834,3548.0,95.5569,0.0,10.0,0.0,0.0
835,3553.0,95.5569,0.0,10.0,0.0,0.0
836,3557.0,95.5569,0.0,10.0,0.0,0.0
837,3560.0,95.5569,0.0,10.0,0.0,0.0
838,3566.0,95.5569,0.0,10.0,0.0,0.0
839,3570.0,95.5569,0.0,10.0,0.0,0.0
840,3575.0,37.9611,0.0,10.0,0.0,0.0
841,3579.0,37.9611,0.0,10.0,0.0,0.0
842,3584.0,37.9611,0.0,10.0,0.0,0.0
843,3589.0,37.9611,0.0,10.0,0.0,0.0
844,3593.0,37.9611,0.0,10.0,0.0,0.0
845,3598.0,37.9611,0.0,10.0,0.0,0.0
846,3602.0,37.9611,0.0,10.0,0.0,0.0
847,3607.0,37.9611,0.0,10.0,0.0,0.0
848,3612.0,37.9611,0.0,10.0,0.0,0.0
849,3617.0,37.9611,0.0,10.0,0.0,0.0
850,3621.0,-22.2528,0.0,10.0,0.0,0.0
851,3626.0,-22.2528,0.0,10.0,0.0,0.0
852,3630.0,-22.2528,0.0,10.0,0.0,0.0
853,3634.0,-22.2528,0.0,10.0,0.0,0.0
854,3637.0,-22.2528,0.0,10.0,0.0,0.0
855,3641.0,-22.2528,0.0,10.0,0.0,0.0
856,3644.0,-22.2528,0.0,10.0,0.0,0.0
857,3647.0,-22.2528,0.0,10.0,0.0,0.0
858,3650.0,-22.2528,0.0,10.0,0.0,0.0
859,3652.0,-22.2528,0.0,10.0,0.0,0.0
860,3655.0,-69.3765,0.0,10.0,0.0,0.0
861,3657.0,-69.3765,0.0,10.0,0.0,0.0
862,3659.0,-69.3765,0.0,10.0,0.0,0.0
863,3661.0,-69.3765,0.0,10.0,0.0,0.0
864,3663.0,-69.3765,0.0,10.0,0.0,0.0
865,3664.0,-69.3765,0.0,10.0,0.0,0.0
866,3666.0,-69.3765,0.0,10.0,0.0,0.0
867,3667.0,-69.3765,0.0,10.0,0.0,0.0
868,3668.0,-69.3765,0.0,10.0,0.0,0.0
869,3669.0,-69.3765,0.0,10.0,0.0,0.0
870,3669.0,-90.3204,0.0,10.0,0.0,0.0
871,3670.0,-90.3204,0.0,10.0,0.0,0.0
872,3670.0,-90.3204,0.0,10.0,0.0,0.0
873,3670.0,-90.3204,0.0,10.0,0.0,0.0
874,3670.0,-90.3204,0.0,10.0,0.0,0.0
875,3670.0,-90.3204,0.0,10.0,0.0,0.0
876,3669.0,-90.3204,0.0,10.0,0.0,0.0
877,3669.0,-90.3204,0.0,10.0,0.0,0.0
878,3668.0,-90.3204,0.0,10.0,0.0,0.0
879,3667.0,-90.3204,0.0,10.0,0.0,0.0
880,3666.0,-87.7026,0.0,10.0,0.0,0.0
881,3665.0,-87.7026,0.0,10.0,0.0,0.0
882,3664.0,-87.7026,0.0,10.0,0.0,0.0
883,3662.0,-87.7026,0.0,10.0,0.0,0.0
884,3661.0,-87.7026,0.0,10.0,0.0,0.0
885,3659.0,-87.7026,0.0,10.0,0.0,0.0
886,3658.0,-87.7026,0.0,10.0,0.0,0.0
887,3656.0,-87.7026,0.0,10.0,0.0,0.0
888,3654.0,-87.7026,0.0,10.0,0.0,0.0
889,3652.0,-87.7026,0.0,10.0,0.0,0.0
890,3651.0,-68.0676,0.0,10.0,0.0,0.0
891,3648.0,-68.0676,0.0,10.0,0.0,0.0
892,3646.0,-68.0676,0.0,10.0,0.0,0.0
893,3644.0,-68.0676,0.0,10.0,0.0,0.0
894,3642.0,-68.0676,0.0,10.0,0.0,0.0
895,3640.0,-68.0676,0.0,10.0,0.0,0.0
896,3637.0,-68.0676,0.0,10.0,0.0,0.0
897,3635.0,-68.0676,0.0,10.0,0.0,0.0
898,3632.0,-68.0676,0.0,10.0,0.0,0.0
899,3630.0,-68.0676,0.0,10.0,0.0,0.0
900,3627.0,-37.9608,0.0,10.0,0.0,0.0
901,3624.0,-37.9608,0.0,10.0,0.0,0.0
902,3621.0,-37.9608,0.0,10.0,0.0,0.0
903,3619.0,-37.9608,0.0,10.0,0.0,0.0
904,3616.0,-37.9608,0.0,10.0,0.0,0.0
905,3613.0,-37.9608,0.0,10.0,0.0,0.0
906,3610.0,-37.9608,0.0,10.0,0.0,0.0
907,3607.0,-37.9608,0.0,10.0,0.0,0.0
908,3604.0,-37.9608,0.0,10.0,0.0,0.0
909,3601.0,-37.9608,0.0,10.0,0.0,0.0
910,3598.0,-1.3089,0.0,10.0,0.0,0.0
911,3595.0,-1.3089,0.0,10.0,0.0,0.0
912,3592.0,-1.3089,0.0,10.0,0.0,0.0
913,3589.0,-1.3089,0.0,10.0,0.0,0.0
914,3586.0,-1.3089,0.0,10.0,0.0,0.0
915,3583.0,-1.3089,0.0,10.0,0.0,0.0
916,3580.0,-1.3089,0.0,10.0,0.0,0.0
917,3578.0,-1.3089,0.0,10.0,0.0,0.0
918,3575.0,-1.3089,0.0,10.0,0.0,0.0
919,3573.0,-1.3089,0.0,10.0,0.0,0.0
920,3570.0,36.6522,0.0,10.0,0.0,0.0
921,3569.0,36.6522,0.0,10.0,0.0,0.0
922,3567.0,36.6522,0.0,10.0,0.0,0.0
923,3565.0,36.6522,0.0,10.0,0.0,0.0
924,3563.0,36.6522,0.0,10.0,0.0,0.0
925,3561.0,36.6522,0.0,10.0,0.0,0.0
926,3560.0,36.6522,0.0,10.0,0.0,0.0
927,3559.0,36.6522,0.0,10.0,0.0,0.0
928,3557.0,36.6522,0.0,10.0,0.0,0.0
929,3557.0,36.6522,0.0,10.0,0.0,0.0
930,3556.0,56.2872,0.0,10.0,0.0,0.0
931,3555.0,56.2872,0.0,10.0,0.0,0.0
932,3555.0,56.2872,0.0,10.0,0.0,0.0
933,3555.0,56.2872,0.0,10.0,0.0,0.0
934,3555.0,56.2872,0.0,10.0,0.0,0.0
935,3555.0,56.2872,0.0,10.0,0.0,0.0
936,3555.0,56.2872,0.0,10.0,0.0,0.0
937,3556.0,56.2872,0.0,10.0,0.0,0.0
938,3557.0,56.2872,0.0,10.0,0.0,0.0
939,3557.0,56.2872,0.0,10.0,0.0,0.0
940,3558.0,56.2872,0.0,10.0,0.0,0.0
941,3560.0,56.2872,0.0,10.0,0.0,0.0
942,3561.0,56.2872,0.0,10.0,0.0,0.0
943,3562.0,56.2872,0.0,10.0,0.0,0.0
944,3563.0,56.2872,0.0,10.0,0.0,0.0
945,3565.0,56.2872,0.0,10.0,0.0,0.0
946,3566.0,56.2872,0.0,10.0,0.0,0.0
947,3568.0,56.2872,0.0,10.0,0.0,0.0
948,3570.0,56.2872,0.0,10.0,0.0,0.0
949,3572.0,56.2872,0.0,10.0,0.0,0.0
950,3574.0,36.6522,0.0,10.0,0.0,0.0
951,3576.0,36.6522,0.0,10.0,0.0,0.0
952,3578.0,36.6522,0.0,10.0,0.0,0.0
953,3580.0,36.6522,0.0,10.0,0.0,0.0
954,3582.0,36.6522,0.0,10.0,0.0,0.0
955,3585.0,36.6522,0.0,10.0,0.0,0.0
956,3587.0,36.6522,0.0,10.0,0.0,0.0
957,3589.0,36.6522,0.0,10.0,0.0,0.0
958,3592.0,36.6522,0.0,10.0,0.0,0.0
959,3595.0,36.6522,0.0,10.0,0.0,0.0
960,3597.0,6.5451,0.0,10.0,0.0,0.0
961,3600.0,6.5451,0.0,10.0,0.0,0.0
962,3602.0,6.5451,0.0,10.0,0.0,0.0
963,3605.0,6.5451,0.0,10.0,0.0,0.0
964,3608.0,6.5451,0.0,10.0,0.0,0.0
965,3610.0,6.5451,0.0,10.0,0.0,0.0
966,3613.0,6.5451,0.0,10.0,0.0,0.0
967,3616.0,6.5451,0.0,10.0,0.0,0.0
968,3618.0,6.5451,0.0,10.0,0.0,0.0
969,3621.0,6.5451,0.0,10.0,0.0,0.0
970,3623.0,-27.4887,0.0,10.0,0.0,0.0
971,3626.0,-27.4887,0.0,10.0,0.0,0.0
972,3628.0,-27.4887,0.0,10.0,0.0,0.0
973,3630.0,-27.4887,0.0,10.0,0.0,0.0
974,3632.0,-27.4887,0.0,10.0,0.0,0.0
975,3634.0,-27.4887,0.0,10.0,0.0,0.0
976,3636.0,-27.4887,0.0,10.0,0.0,0.0
977,3637.0,-27.4887,0.0,10.0,0.0,0.0
978,3639.0,-27.4887,0.0,10.0,0.0,0.0
979,3640.0,-27.4887,0.0,10.0,0.0,0.0
980,3641.0,-52.3596,0.0,10.0,0.0,0.0
981,3641.0,-52.3596,0.0,10.0,0.0,0.0
982,3642.0,-52.3596,0.0,10.0,0.0,0.0
983,3642.0,-52.3596,0.0,10.0,0.0,0.0
984,3642.0,-52.3596,0.0,10.0,0.0,0.0
985,3643.0,-52.3596,0.0,10.0,0.0,0.0
986,3643.0,-52.3596,0.0,10.0,0.0,0.0
987,3643.0,-52.3596,0.0,10.0,0.0,0.0
988,3642.0,-52.3596,0.0,10.0,0.0,0.0
989,3642.0,-52.3596,0.0,10.0,0.0,0.0
990,3641.0,-54.9777,0.0,10.0,0.0,0.0
991,3641.0,-54.9777,0.0,10.0,0.0,0.0
992,3640.0,-54.9777,0.0,10.0,0.0,0.0
993,3639.0,-54.9777,0.0,10.0,0.0,0.0
994,3639.0,-54.9777,0.0,10.0,0.0,0.0
995,3638.0,-54.9777,0.0,10.0,0.0,0.0
996,3636.0,-54.9777,0.0,10.0,0.0,0.0
997,3635.0,-54.9777,0.0,10.0,0.0,0.0
998,3634.0,-54.9777,0.0,10.0,0.0,0.0
999,3632.0,-54.9777,0.0,10.0,0.0,0.0
1000,3631.0,-41.8875,0.0,10.0,0.0,0.0
1001,3629.0,-41.8875,0.0,10.0,0.0,0.0
1002,3627.0,-41.8875,0.0,10.0,0.0,0.0
1003,3626.0,-41.8875,0.0,10.0,0.0,0.0
1004,3624.0,-41.8875,0.0,10.0,0.0,0.0
1005,3622.0,-41.8875,0.0,10.0,0.0,0.0
1006,3620.0,-41.8875,0.0,10.0,0.0,0.0
1007,3617.0,-41.8875,0.0,10.0,0.0,0.0
1008,3615.0,-41.8875,0.0,10.0,0.0,0.0
1009,3613.0,-41.8875,0.0,10.0,0.0,0.0
1010,3611.0,-17.0166,0.0,10.0,0.0,0.0
1011,3608.0,-17.0166,0.0,10.0,0.0,0.0
1012,3606.0,-17.0166,0.0,10.0,0.0,0.0
1013,3603.0,-17.0166,0.0,10.0,0.0,0.0
1014,3601.0,-17.0166,0.0,10.0,0.0,0.0
1015,3598.0,-17.0166,0.0,10.0,0.0,0.0
1016,3595.0,-17.0166,0.0,10.0,0.0,0.0
1017,3593.0,-17.0166,0.0,10.0,0.0,0.0
1018,3590.0,-17.0166,0.0,10.0,0.0,0.0
1019,3587.0,-17.0166,0.0,10.0,0.0,0.0
1020,3584.0,17.0172,0.0,10.0,0.0,0.0
1021,3581.0,17.0172,0.0,10.0,0.0,0.0
1022,3579.0,17.0172,0.0,10.0,0.0,0.0
1023,3576.0,17.0172,0.0,10.0,0.0,0.0
1024,3574.0,17.0172,0.0,10.0,0.0,0.0
1025,3572.0,17.0172,0.0,10.0,0.0,0.0
1026,3570.0,17.0172,0.0,10.0,0.0,0.0
1027,3568.0,17.0172,0.0,10.0,0.0,0.0
1028,3567.0,17.0172,0.0,10.0,0.0,0.0
1029,3565.0,17.0172,0.0,10.0,0.0,0.0
1030,3564.0,45.8151,0.0,10.0,0.0,0.0
1031,3563.0,45.8151,0.0,10.0,0.0,0.0
1032,3562.0,45.8151,0.0,10.0,0.0,0.0
1033,3562.0,45.8151,0.0,10.0,0.0,0.0
1034,3561.0,45.8151,0.0,10.0,0.0,0.0
1035,3561.0,45.8151,0.0,10.0,0.0,0.0
1036,3561.0,45.8151,0.0,10.0,0.0,0.0
1037,3561.0,45.8151,0.0,10.0,0.0,0.0
1038,3561.0,45.8151,0.0,10.0,0.0,0.0
1039,3561.0,45.8151,0.0,10.0,0.0,0.0
1040,3562.0,51.051,0.0,10.0,0.0,0.0
1041,3562.0,51.051,0.0,10.0,0.0,0.0
1042,3563.0,51.051,0.0,10.0,0.0,0.0
1043,3564.0,51.051,0.0,10.0,0.0,0.0
1044,3565.0,51.051,0.0,10.0,0.0,0.0
1045,3566.0,51.051,0.0,10.0,0.0,0.0
1046,3567.0,51.051,0.0,10.0,0.0,0.0
1047,3568.0,51.051,0.0,10.0,0.0,0.0
1048,3569.0,51.051,0.0,10.0,0.0,0.0
1049,3571.0,51.051,0.0,10.0,0.0,0.0
1050,3573.0,37.9611,0.0,10.0,0.0,0.0
1051,3574.0,37.9611,0.0,10.0,0.0,0.0
1052,3576.0,37.9611,0.0,10.0,0.0,0.0
1053,3578.0,37.9611,0.0,10.0,0.0,0.0
1054,3580.0,37.9611,0.0,10.0,0.0,0.0
1055,3582.0,37.9611,0.0,10.0,0.0,0.0
1056,3584.0,37.9611,0.0,10.0,0.0,0.0
1057,3586.0,37.9611,0.0,10.0,0.0,0.0
1058,3588.0,37.9611,0.0,10.0,0.0,0.0
1059,3591.0,37.9611,0.0,10.0,0.0,0.0
1060,3594.0,11.7813,0.0,10.0,0.0,0.0
1061,3597.0,11.7813,0.0,10.0,0.0,0.0
1062,3599.0,11.7813,0.0,10.0,0.0,0.0
1063,3602.0,11.7813,0.0,10.0,0.0,0.0
1064,3604.0,11.7813,0.0,10.0,0.0,0.0
1065,3607.0,11.7813,0.0,10.0,0.0,0.0
1066,3610.0,11.7813,0.0,10.0,0.0,0.0
1067,3612.0,11.7813,0.0,10.0,0.0,0.0
1068,3615.0,11.7813,0.0,10.0,0.0,0.0
1069,3618.0,11.7813,0.0,10.0,0.0,0.0
1070,3621.0,-23.5617,0.0,10.0,0.0,0.0
1071,3624.0,-23.5617,0.0,10.0,0.0,0.0
1072,3626.0,-23.5617,0.0,10.0,0.0,0.0
1073,3629.0,-23.5617,0.0,10.0,0.0,0.0
1074,3631.0,-23.5617,0.0,10.0,0.0,0.0
1075,3633.0,-23.5617,0.0,10.0,0.0,0.0
1076,3635.0,-23.5617,0.0,10.0,0.0,0.0
1077,3637.0,-23.5617,0.0,10.0,0.0,0.0
1078,3638.0,-23.5617,0.0,10.0,0.0,0.0
1079,3640.0,-23.5617,0.0,10.0,0.0,0.0
1080,3641.0,-52.3596,0.0,10.0,0.0,0.0
1081,3642.0,-52.3596,0.0,10.0,0.0,0.0
1082,3643.0,-52.3596,0.0,10.0,0.0,0.0
1083,3643.0,-52.3596,0.0,10.0,0.0,0.0
1084,3644.0,-52.3596,0.0,10.0,0.0,0.0
1085,3644.0,-52.3596,0.0,10.0,0.0,0.0
1086,3644.0,-52.3596,0.0,10.0,0.0,0.0
1087,3645.0,-52.3596,0.0,10.0,0.0,0.0
1088,3645.0,-52.3596,0.0,10.0,0.0,0.0
1089,3644.0,-52.3596,0.0,10.0,0.0,0.0
1090,3644.0,-57.5955,0.0,10.0,0.0,0.0
1091,3643.0,-57.5955,0.0,10.0,0.0,0.0
1092,3643.0,-57.5955,0.0,10.0,0.0,0.0
1093,3642.0,-57.5955,0.0,10.0,0.0,0.0
1094,3641.0,-57.5955,0.0,10.0,0.0,0.0
1095,3640.0,-57.5955,0.0,10.0,0.0,0.0
1096,3639.0,-57.5955,0.0,10.0,0.0,0.0
1097,3638.0,-57.5955,0.0,10.0,0.0,0.0
1098,3637.0,-57.5955,0.0,10.0,0.0,0.0
1099,3635.0,-57.5955,0.0,10.0,0.0,0.0
1100,3634.0,-45.8145,0.0,10.0,0.0,0.0
1101,3632.0,-45.8145,0.0,10.0,0.0,0.0
1102,3631.0,-45.8145,0.0,10.0,0.0,0.0
1103,3629.0,-45.8145,0.0,10.0,0.0,0.0
1104,3627.0,-45.8145,0.0,10.0,0.0,0.0
1105,3625.0,-45.8145,0.0,10.0,0.0,0.0
1106,3623.0,-45.8145,0.0,10.0,0.0,0.0
1107,3621.0,-45.8145,0.0,10.0,0.0,0.0
1108,3619.0,-45.8145,0.0,10.0,0.0,0.0
1109,3617.0,-45.8145,0.0,10.0,0.0,0.0
1110,3614.0,-22.2528,0.0,10.0,0.0,0.0
1111,3612.0,-22.2528,0.0,10.0,0.0,0.0
1112,3610.0,-22.2528,0.0,10.0,0.0,0.0
1113,3607.0,-22.2528,0.0,10.0,0.0,0.0
1114,3605.0,-22.2528,0.0,10.0,0.0,0.0
1115,3602.0,-22.2528,0.0,10.0,0.0,0.0
1116,3600.0,-22.2528,0.0,10.0,0.0,0.0
1117,3597.0,-22.2528,0.0,10.0,0.0,0.0
1118,3594.0,-22.2528,0.0,10.0,0.0,0.0
1119,3591.0,-22.2528,0.0,10.0,0.0,0.0
1120,3588.0,11.7813,0.0,10.0,0.0,0.0
1121,3586.0,11.7813,0.0,10.0,0.0,0.0
1122,3583.0,11.7813,0.0,10.0,0.0,0.0
1123,3580.0,11.7813,0.0,10.0,0.0,0.0
1124,3578.0,11.7813,0.0,10.0,0.0,0.0
1125,3576.0,11.7813,0.0,10.0,0.0,0.0
1126,3574.0,11.7813,0.0,10.0,0.0,0.0
1127,3573.0,11.7813,0.0,10.0,0.0,0.0
1128,3571.0,11.7813,0.0,10.0,0.0,0.0
1129,3570.0,11.7813,0.0,10.0,0.0,0.0
1130,3569.0,39.27,0.0,10.0,0.0,0.0
1131,3568.0,39.27,0.0,10.0,0.0,0.0
1132,3567.0,39.27,0.0,10.0,0.0,0.0
1133,3566.0,39.27,0.0,10.0,0.0,0.0
1134,3566.0,39.27,0.0,10.0,0.0,0.0
1135,3566.0,39.27,0.0,10.0,0.0,0.0
1136,3566.0,39.27,0.0,10.0,0.0,0.0
1137,3566.0,39.27,0.0,10.0,0.0,0.0
1138,3566.0,39.27,0.0,10.0,0.0,0.0
1139,3566.0,39.27,0.0,10.0,0.0,0.0
1140,3567.0,44.5062,0.0,10.0,0.0,0.0
1141,3568.0,44.5062,0.0,10.0,0.0,0.0
1142,3568.0,44.5062,0.0,10.0,0.0,0.0
1143,3569.0,44.5062,0.0,10.0,0.0,0.0
1144,3570.0,44.5062,0.0,10.0,0.0,0.0
1145,3572.0,44.5062,0.0,10.0,0.0,0.0
1146,3573.0,44.5062,0.0,10.0,0.0,0.0
1147,3574.0,44.5062,0.0,10.0,0.0,0.0
1148,3576.0,44.5062,0.0,10.0,0.0,0.0
1149,3577.0,44.5062,0.0,10.0,0.0,0.0
1150,3579.0,28.7982,0.0,10.0,0.0,0.0
1151,3581.0,28.7982,0.0,10.0,0.0,0.0
1152,3583.0,28.7982,0.0,10.0,0.0,0.0
1153,3585.0,28.7982,0.0,10.0,0.0,0.0
1154,3587.0,28.7982,0.0,10.0,0.0,0.0
1155,3589.0,28.7982,0.0,10.0,0.0,0.0
1156,3591.0,28.7982,0.0,10.0,0.0,0.0
1157,3593.0,28.7982,0.0,10.0,0.0,0.0
1158,3595.0,28.7982,0.0,10.0,0.0,0.0
1159,3598.0,28.7982,0.0,10.0,0.0,0.0
1160,3600.0,2.6181,0.0,10.0,0.0,0.0
1161,3603.0,2.6181,0.0,10.0,0.0,0.0
1162,3605.0,2.6181,0.0,10.0,0.0,0.0
1163,3608.0,2.6181,0.0,10.0,0.0,0.0
1164,3610.0,2.6181,0.0,10.0,0.0,0.0
1165,3612.0,2.6181,0.0,10.0,0.0,0.0
1166,3614.0,2.6181,0.0,10.0,0.0,0.0
1167,3617.0,2.6181,0.0,10.0,0.0,0.0
1168,3619.0,2.6181,0.0,10.0,0.0,0.0
1169,3621.0,2.6181,0.0,10.0,0.0,0.0
1170,3623.0,-27.4887,0.0,10.0,0.0,0.0
1171,3625.0,-27.4887,0.0,10.0,0.0,0.0
1172,3627.0,-27.4887,0.0,10.0,0.0,0.0
1173,3628.0,-27.4887,0.0,10.0,0.0,0.0
1174,3630.0,-27.4887,0.0,10.0,0.0,0.0
1175,3631.0,-27.4887,0.0,10.0,0.0,0.0
1176,3632.0,-27.4887,0.0,10.0,0.0,0.0
1177,3633.0,-27.4887,0.0,10.0,0.0,0.0
1178,3634.0,-27.4887,0.0,10.0,0.0,0.0
1179,3635.0,-27.4887,0.0,10.0,0.0,0.0
1180,3635.0,-45.8145,0.0,10.0,0.0,0.0
1181,3636.0,-45.8145,0.0,10.0,0.0,0.0
1182,3636.0,-45.8145,0.0,10.0,0.0,0.0
1183,3636.0,-45.8145,0.0,10.0,0.0,0.0
1184,3636.0,-45.8145,0.0,10.0,0.0,0.0
1185,3636.0,-45.8145,0.0,10.0,0.0,0.0
1186,3635.0,-45.8145,0.0,10.0,0.0,0.0
1187,3635.0,-45.8145,0.0,10.0,0.0,0.0
1188,3634.0,-45.8145,0.0,10.0,0.0,0.0
1189,3633.0,-45.8145,0.0,10.0,0.0,0.0
1190,3633.0,-43.1967,0.0,10.0,0.0,0.0
1191,3632.0,-43.1967,0.0,10.0,0.0,0.0
1192,3631.0,-43.1967,0.0,10.0,0.0,0.0
1193,3630.0,-43.1967,0.0,10.0,0.0,0.0
1194,3628.0,-43.1967,0.0,10.0,0.0,0.0
1195,3627.0,-43.1967,0.0,10.0,0.0,0.0
1196,3626.0,-43.1967,0.0,10.0,0.0,0.0
1197,3624.0,-43.1967,0.0,10.0,0.0,0.0
1198,3623.0,-43.1967,0.0,10.0,0.0,0.0
1199,3621.0,-43.1967,0.0,10.0,0.0,0.0
1200,3619.0,-27.4887,0.0,10.0,0.0,0.0
1201,3617.0,-27.4887,0.0,10.0,0.0,0.0
1202,3615.0,-27.4887,0.0,10.0,0.0,0.0
1203,3613.0,-27.4887,0.0,10.0,0.0,0.0
1204,3611.0,-27.4887,0.0,10.0,0.0,0.0
1205,3609.0,-27.4887,0.0,10.0,0.0,0.0
1206,3607.0,-27.4887,0.0,10.0,0.0,0.0
1207,3604.0,-27.4887,0.0,10.0,0.0,0.0
1208,3602.0,-27.4887,0.0,10.0,0.0,0.0
1209,3599.0,-27.4887,0.0,10.0,0.0,0.0
1210,3597.0,1.3092,0.0,10.0,0.0,0.0
1211,3595.0,1.3092,0.0,10.0,0.0,0.0
1212,3592.0,1.3092,0.0,10.0,0.0,0.0
1213,3590.0,1.3092,0.0,10.0,0.0,0.0
1214,3587.0,1.3092,0.0,10.0,0.0,0.0
1215,3585.0,1.3092,0.0,10.0,0.0,0.0
1216,3583.0,1.3092,0.0,10.0,0.0,0.0
1217,3581.0,1.3092,0.0,10.0,0.0,0.0
1218,3579.0,1.3092,0.0,10.0,0.0,0.0
1219,3577.0,1.3092,0.0,10.0,0.0,0.0
1220,3575.0,30.1071,0.0,10.0,0.0,0.0
1221,3574.0,30.1071,0.0,10.0,0.0,0.0
1222,3572.0,30.1071,0.0,10.0,0.0,0.0
1223,3571.0,30.1071,0.0,10.0,0.0,0.0
1224,3570.0,30.1071,0.0,10.0,0.0,0.0
1225,3569.0,30.1071,0.0,10.0,0.0,0.0
1226,3568.0,30.1071,0.0,10.0,0.0,0.0
1227,3567.0,30.1071,0.0,10.0,0.0,0.0
1228,3567.0,30.1071,0.0,10.0,0.0,0.0
1229,3567.0,30.1071,0.0,10.0,0.0,0.0
1230,3567.0,43.197,0.0,10.0,0.0,0.0
1231,3567.0,43.197,0.0,10.0,0.0,0.0
1232,3567.0,43.197,0.0,10.0,0.0,0.0
1233,3567.0,43.197,0.0,10.0,0.0,0.0
1234,3568.0,43.197,0.0,10.0,0.0,0.0
1235,3568.0,43.197,0.0,10.0,0.0,0.0
1236,3569.0,43.197,0.0,10.0,0.0,0.0
1237,3570.0,43.197,0.0,10.0,0.0,0.0
1238,3571.0,43.197,0.0,10.0,0.0,0.0
1239,3572.0,43.197,0.0,10.0,0.0,0.0
1240,3573.0,36.6522,0.0,10.0,0.0,0.0
1241,3575.0,36.6522,0.0,10.0,0.0,0.0
1242,3576.0,36.6522,0.0,10.0,0.0,0.0
1243,3578.0,36.6522,0.0,10.0,0.0,0.0
1244,3579.0,36.6522,0.0,10.0,0.0,0.0
1245,3581.0,36.6522,0.0,10.0,0.0,0.0
1246,3583.0,36.6522,0.0,10.0,0.0,0.0
1247,3585.0,36.6522,0.0,10.0,0.0,0.0
1248,3587.0,36.6522,0.0,10.0,0.0,0.0
1249,3589.0,36.6522,0.0,10.0,0.0,0.0
1250,3591.0,14.3991,0.0,10.0,0.0,0.0
1251,3593.0,14.3991,0.0,10.0,0.0,0.0
1252,3597.0,14.3991,0.0,10.0,0.0,0.0
1253,3599.0,14.3991,0.0,10.0,0.0,0.0
1254,3601.0,14.3991,0.0,10.0,0.0,0.0
1255,3604.0,14.3991,0.0,10.0,0.0,0.0
1256,3606.0,14.3991,0.0,10.0,0.0,0.0
1257,3609.0,14.3991,0.0,10.0,0.0,0.0
1258,3611.0,14.3991,0.0,10.0,0.0,0.0
1259,3614.0,14.3991,0.0,10.0,0.0,0.0
1260,3617.0,-18.3258,0.0,10.0,0.0,0.0
1261,3620.0,-18.3258,0.0,10.0,0.0,0.0
1262,3622.0,-18.3258,0.0,10.0,0.0,0.0
1263,3624.0,-18.3258,0.0,10.0,0.0,0.0
1264,3627.0,-18.3258,0.0,10.0,0.0,0.0
1265,3629.0,-18.3258,0.0,10.0,0.0,0.0
1266,3630.0,-18.3258,0.0,10.0,0.0,0.0
1267,3632.0,-18.3258,0.0,10.0,0.0,0.0
1268,3634.0,-18.3258,0.0,10.0,0.0,0.0
1269,3635.0,-18.3258,0.0,10.0,0.0,0.0
1270,3636.0,-45.8145,0.0,10.0,0.0,0.0
1271,3637.0,-45.8145,0.0,10.0,0.0,0.0
1272,3638.0,-45.8145,0.0,10.0,0.0,0.0
1273,3638.0,-45.8145,0.0,10.0,0.0,0.0
1274,3639.0,-45.8145,0.0,10.0,0.0,0.0
1275,3639.0,-45.8145,0.0,10.0,0.0,0.0
1276,3639.0,-45.8145,0.0,10.0,0.0,0.0
1277,3639.0,-45.8145,0.0,10.0,0.0,0.0
1278,3639.0,-45.8145,0.0,10.0,0.0,0.0
1279,3638.0,-45.8145,0.0,10.0,0.0,0.0
1280,3638.0,-49.7415,0.0,10.0,0.0,0.0
1281,3637.0,-49.7415,0.0,10.0,0.0,0.0
1282,3636.0,-49.7415,0.0,10.0,0.0,0.0
1283,3635.0,-49.7415,0.0,10.0,0.0,0.0
1284,3634.0,-49.7415,0.0,10.0,0.0,0.0
1285,3633.0,-49.7415,0.0,10.0,0.0,0.0
1286,3632.0,-49.7415,0.0,10.0,0.0,0.0
1287,3630.0,-49.7415,0.0,10.0,0.0,0.0
1288,3629.0,-49.7415,0.0,10.0,0.0,0.0
1289,3627.0,-49.7415,0.0,10.0,0.0,0.0
1290,3626.0,-35.3427,0.0,10.0,0.0,0.0
1291,3624.0,-35.3427,0.0,10.0,0.0,0.0
1292,3622.0,-35.3427,0.0,10.0,0.0,0.0
1293,3620.0,-35.3427,0.0,10.0,0.0,0.0
1294,3618.0,-35.3427,0.0,10.0,0.0,0.0
1295,3616.0,-35.3427,0.0,10.0,0.0,0.0
1296,3614.0,-35.3427,0.0,10.0,0.0,0.0
1297,3612.0,-35.3427,0.0,10.0,0.0,0.0
1298,3610.0,-35.3427,0.0,10.0,0.0,0.0
1299,3608.0,-35.3427,0.0,10.0,0.0,0.0
1300,3605.0,-9.1626,0.0,10.0,0.0,0.0
1301,3603.0,-9.1626,0.0,10.0,0.0,0.0
1302,3600.0,-9.1626,0.0,10.0,0.0,0.0
1303,3598.0,-9.1626,0.0,10.0,0.0,0.0
1304,3595.0,-9.1626,0.0,10.0,0.0,0.0
1305,3593.0,-9.1626,0.0,10.0,0.0,0.0
1306,3590.0,-9.1626,0.0,10.0,0.0,0.0
1307,3587.0,-9.1626,0.0,10.0,0.0,0.0
1308,3585.0,-9.1626,0.0,10.0,0.0,0.0
1309,3582.0,-9.1626,0.0,10.0,0.0,0.0
1310,3580.0,23.5623,0.0,10.0,0.0,0.0
1311,3577.0,23.5623,0.0,10.0,0.0,0.0
1312,3574.0,23.5623,0.0,10.0,0.0,0.0
1313,3572.0,23.5623,0.0,10.0,0.0,0.0
1314,3571.0,23.5623,0.0,10.0,0.0,0.0
1315,3569.0,23.5623,0.0,10.0,0.0,0.0
1316,3568.0,23.5623,0.0,10.0,0.0,0.0
1317,3566.0,23.5623,0.0,10.0,0.0,0.0
1318,3565.0,23.5623,0.0,10.0,0.0,0.0
1319,3564.0,23.5623,0.0,10.0,0.0,0.0
1320,3563.0,47.124,0.0,10.0,0.0,0.0
1321,3562.0,47.124,0.0,10.0,0.0,0.0
1322,3562.0,47.124,0.0,10.0,0.0,0.0
1323,3561.0,47.124,0.0,10.0,0.0,0.0
1324,3561.0,47.124,0.0,10.0,0.0,0.0
1325,3561.0,47.124,0.0,10.0,0.0,0.0
1326,3561.0,47.124,0.0,10.0,0.0,0.0
1327,3561.0,47.124,0.0,10.0,0.0,0.0
1328,3561.0,47.124,0.0,10.0,0.0,0.0
1329,3562.0,47.124,0.0,10.0,0.0,0.0
1330,3563.0,49.7421,0.0,10.0,0.0,0.0
1331,3563.0,49.7421,0.0,10.0,0.0,0.0
1332,3564.0,49.7421,0.0,10.0,0.0,0.0
1333,3565.0,49.7421,0.0,10.0,0.0,0.0
1334,3566.0,49.7421,0.0,10.0,0.0,0.0
1335,3567.0,49.7421,0.0,10.0,0.0,0.0
1336,3569.0,49.7421,0.0,10.0,0.0,0.0
1337,3570.0,49.7421,0.0,10.0,0.0,0.0
1338,3572.0,49.7421,0.0,10.0,0.0,0.0
1339,3573.0,49.7421,0.0,10.0,0.0,0.0
1340,3575.0,35.343,0.0,10.0,0.0,0.0
1341,3577.0,35.343,0.0,10.0,0.0,0.0
1342,3579.0,35.343,0.0,10.0,0.0,0.0
1343,3581.0,35.343,0.0,10.0,0.0,0.0
1344,3583.0,35.343,0.0,10.0,0.0,0.0
1345,3585.0,35.343,0.0,10.0,0.0,0.0
1346,3587.0,35.343,0.0,10.0,0.0,0.0
1347,3589.0,35.343,0.0,10.0,0.0,0.0
1348,3592.0,35.343,0.0,10.0,0.0,0.0
1349,3594.0,35.343,0.0,10.0,0.0,0.0
1350,3597.0,7.8543,0.0,10.0,0.0,0.0
1351,3599.0,7.8543,0.0,10.0,0.0,0.0
1352,3602.0,7.8543,0.0,10.0,0.0,0.0
1353,3604.0,7.8543,0.0,10.0,0.0,0.0
1354,3607.0,7.8543,0.0,10.0,0.0,0.0
1355,3609.0,7.8543,0.0,10.0,0.0,0.0
1356,3612.0,7.8543,0.0,10.0,0.0,0.0
1357,3614.0,7.8543,0.0,10.0,0.0,0.0
1358,3617.0,7.8543,0.0,10.0,0.0,0.0
1359,3620.0,7.8543,0.0,10.0,0.0,0.0
1360,3622.0,-26.1798,0.0,10.0,0.0,0.0
1361,3625.0,-26.1798,0.0,10.0,0.0,0.0
1362,3627.0,-26.1798,0.0,10.0,0.0,0.0
1363,3629.0,-26.1798,0.0,10.0,0.0,0.0
1364,3631.0,-26.1798,0.0,10.0,0.0,0.0
1365,3633.0,-26.1798,0.0,10.0,0.0,0.0
1366,3634.0,-26.1798,0.0,10.0,0.0,0.0
1367,3636.0,-26.1798,0.0,10.0,0.0,0.0
1368,3637.0,-26.1798,0.0,10.0,0.0,0.0
1369,3638.0,-26.1798,0.0,10.0,0.0,0.0
1370,3639.0,-49.7415,0.0,10.0,0.0,0.0
1371,3640.0,-49.7415,0.0,10.0,0.0,0.0
1372,3640.0,-49.7415,0.0,10.0,0.0,0.0
1373,3641.0,-49.7415,0.0,10.0,0.0,0.0
1374,3641.0,-49.7415,0.0,10.0,0.0,0.0
1375,3641.0,-49.7415,0.0,10.0,0.0,0.0
1376,3641.0,-49.7415,0.0,10.0,0.0,0.0
1377,3640.0,-49.7415,0.0,10.0,0.0,0.0
1378,3640.0,-49.7415,0.0,10.0,0.0,0.0
1379,3639.0,-49.7415,0.0,10.0,0.0,0.0
1380,3638.0,-51.0507,0.0,10.0,0.0,0.0
1381,3637.0,-51.0507,0.0,10.0,0.0,0.0
1382,3636.0,-51.0507,0.0,10.0,0.0,0.0
1383,3635.0,-51.0507,0.0,10.0,0.0,0.0
1384,3634.0,-51.0507,0.0,10.0,0.0,0.0
1385,3633.0,-51.0507,0.0,10.0,0.0,0.0
1386,3631.0,-51.0507,0.0,10.0,0.0,0.0
1387,3630.0,-51.0507,0.0,10.0,0.0,0.0
1388,3628.0,-51.0507,0.0,10.0,0.0,0.0
1389,3626.0,-51.0507,0.0,10.0,0.0,0.0
1390,3625.0,-34.0338,0.0,10.0,0.0,0.0
1391,3623.0,-34.0338,0.0,10.0,0.0,0.0
1392,3621.0,-34.0338,0.0,10.0,0.0,0.0
1393,3619.0,-34.0338,0.0,10.0,0.0,0.0
1394,3617.0,-34.0338,0.0,10.0,0.0,0.0
1395,3614.0,-34.0338,0.0,10.0,0.0,0.0
1396,3612.0,-34.0338,0.0,10.0,0.0,0.0
1397,3610.0,-34.0338,0.0,10.0,0.0,0.0
1398,3608.0,-34.0338,0.0,10.0,0.0,0.0
1399,3605.0,-34.0338,0.0,10.0,0.0,0.0
1400,3603.0,-5.2356,0.0,10.0,0.0,0.0
1401,3600.0,-5.2356,0.0,10.0,0.0,0.0
1402,3598.0,-5.2356,0.0,10.0,0.0,0.0
1403,3595.0,-5.2356,0.0,10.0,0.0,0.0
1404,3592.0,-5.2356,0.0,10.0,0.0,0.0
1405,3590.0,-5.2356,0.0,10.0,0.0,0.0
1406,3587.0,-5.2356,0.0,10.0,0.0,0.0
1407,3585.0,-5.2356,0.0,10.0,0.0,0.0
1408,3582.0,-5.2356,0.0,10.0,0.0,0.0
1409,3580.0,-5.2356,0.0,10.0,0.0,0.0
1410,3578.0,26.1801,0.0,10.0,0.0,0.0
1411,3575.0,26.1801,0.0,10.0,0.0,0.0
1412,3573.0,26.1801,0.0,10.0,0.0,0.0
1413,3571.0,26.1801,0.0,10.0,0.0,0.0
1414,3570.0,26.1801,0.0,10.0,0.0,0.0
1415,3568.0,26.1801,0.0,10.0,0.0,0.0
1416,3567.0,26.1801,0.0,10.0,0.0,0.0
1417,3566.0,26.1801,0.0,10.0,0.0,0.0
1418,3565.0,26.1801,0.0,10.0,0.0,0.0
1419,3564.0,26.1801,0.0,10.0,0.0,0.0
1420,3563.0,47.124,0.0,10.0,0.0,0.0
1421,3563.0,47.124,0.0,10.0,0.0,0.0
1422,3562.0,47.124,0.0,10.0,0.0,0.0
1423,3562.0,47.124,0.0,10.0,0.0,0.0
1424,3562.0,47.124,0.0,10.0,0.0,0.0
1425,3562.0,47.124,0.0,10.0,0.0,0.0
1426,3562.0,47.124,0.0,10.0,0.0,0.0
1427,3563.0,47.124,0.0,10.0,0.0,0.0
1428,3563.0,47.124,0.0,10.0,0.0,0.0
1429,3564.0,47.124,0.0,10.0,0.0,0.0
1430,3564.0,47.124,0.0,10.0,0.0,0.0
1431,3565.0,47.124,0.0,10.0,0.0,0.0
1432,3566.0,47.124,0.0,10.0,0.0,0.0
1433,3567.0,47.124,0.0,10.0,0.0,0.0
1434,3568.0,47.124,0.0,10.0,0.0,0.0
1435,3570.0,47.124,0.0,10.0,0.0,0.0
1436,3571.0,47.124,0.0,10.0,0.0,0.0
1437,3572.0,47.124,0.0,10.0,0.0,0.0
1438,3574.0,47.124,0.0,10.0,0.0,0.0
1439,3576.0,47.124,0.0,10.0,0.0,0.0
1440,3577.0,31.416,0.0,10.0,0.0,0.0
1441,3579.0,31.416,0.0,10.0,0.0,0.0
1442,3581.0,31.416,0.0,10.0,0.0,0.0
1443,3583.0,31.416,0.0,10.0,0.0,0.0
1444,3585.0,31.416,0.0,10.0,0.0,0.0
1445,3587.0,31.416,0.0,10.0,0.0,0.0
1446,3590.0,31.416,0.0,10.0,0.0,0.0
1447,3592.0,31.416,0.0,10.0,0.0,0.0
1448,3594.0,31.416,0.0,10.0,0.0,0.0
1449,3597.0,31.416,0.0,10.0,0.0,0.0
1450,3599.0,3.9273,0.0,10.0,0.0,0.0
1451,3602.0,3.9273,0.0,10.0,0.0,0.0
1452,3604.0,3.9273,0.0,10.0,0.0,0.0
1453,3607.0,3.9273,0.0,10.0,0.0,0.0
1454,3609.0,3.9273,0.0,10.0,0.0,0.0
1455,3611.0,3.9273,0.0,10.0,0.0,0.0
1456,3614.0,3.9273,0.0,10.0,0.0,0.0
1457,3616.0,3.9273,0.0,10.0,0.0,0.0
1458,3618.0,3.9273,0.0,10.0,0.0,0.0
1459,3621.0,3.9273,0.0,10.0,0.0,0.0
1460,3623.0,-27.4887,0.0,10.0,0.0,0.0
1461,3625.0,-27.4887,0.0,10.0,0.0,0.0
1462,3627.0,-27.4887,0.0,10.0,0.0,0.0
1463,3629.0,-27.4887,0.0,10.0,0.0,0.0
1464,3630.0,-27.4887,0.0,10.0,0.0,0.0
1465,3632.0,-27.4887,0.0,10.0,0.0,0.0
1466,3633.0,-27.4887,0.0,10.0,0.0,0.0
1467,3634.0,-27.4887,0.0,10.0,0.0,0.0
1468,3635.0,-27.4887,0.0,10.0,0.0,0.0
1469,3636.0,-27.4887,0.0,10.0,0.0,0.0
1470,3636.0,-47.1237,0.0,10.0,0.0,0.0
1471,3637.0,-47.1237,0.0,10.0,0.0,0.0
1472,3637.0,-47.1237,0.0,10.0,0.0,0.0
1473,3637.0,-47.1237,0.0,10.0,0.0,0.0
1474,3637.0,-47.1237,0.0,10.0,0.0,0.0
1475,3637.0,-47.1237,0.0,10.0,0.0,0.0
1476,3637.0,-47.1237,0.0,10.0,0.0,0.0
1477,3637.0,-47.1237,0.0,10.0,0.0,0.0
1478,3636.0,-47.1237,0.0,10.0,0.0,0.0
1479,3636.0,-47.1237,0.0,10.0,0.0,0.0
1480,3635.0,-47.1237,0.0,10.0,0.0,0.0
1481,3634.0,-47.1237,0.0,10.0,0.0,0.0
1482,3634.0,-47.1237,0.0,10.0,0.0,0.0
1483,3632.0,-47.1237,0.0,10.0,0.0,0.0
1484,3631.0,-47.1237,0.0,10.0,0.0,0.0
1485,3630.0,-47.1237,0.0,10.0,0.0,0.0
1486,3629.0,-47.1237,0.0,10.0,0.0,0.0
1487,3628.0,-47.1237,0.0,10.0,0.0,0.0
1488,3626.0,-47.1237,0.0,10.0,0.0,0.0
1489,3624.0,-47.1237,0.0,10.0,0.0,0.0
1490,3623.0,-31.4157,0.0,10.0,0.0,0.0
1491,3621.0,-31.4157,0.0,10.0,0.0,0.0
1492,3619.0,-31.4157,0.0,10.0,0.0,0.0
1493,3617.0,-31.4157,0.0,10.0,0.0,0.0
1494,3615.0,-31.4157,0.0,10.0,0.0,0.0
1495,3613.0,-31.4157,0.0,10.0,0.0,0.0
1496,3611.0,-31.4157,0.0,10.0,0.0,0.0
1497,3609.0,-31.4157,0.0,10.0,0.0,0.0
1498,3606.0,-31.4157,0.0,10.0,0.0,0.0
1499,3604.0,-31.4157,0.0,10.0,0.0,0.0
1500,3602.0,-5.2356,0.0,10.0,0.0,0.0
1501,3599.0,-5.2356,0.0,10.0,0.0,0.0
1502,3597.0,-5.2356,0.0,10.0,0.0,0.0
1503,3594.0,-5.2356,0.0,10.0,0.0,0.0
1504,3592.0,-5.2356,0.0,10.0,0.0,0.0
1505,3589.0,-5.2356,0.0,10.0,0.0,0.0
1506,3587.0,-5.2356,0.0,10.0,0.0,0.0
1507,3584.0,-5.2356,0.0,10.0,0.0,0.0
1508,3582.0,-5.2356,0.0,10.0,0.0,0.0
1509,3580.0,-5.2356,0.0,10.0,0.0,0.0
1510,3577.0,26.1801,0.0,10.0,0.0,0.0
1511,3575.0,26.1801,0.0,10.0,0.0,0.0
1512,3573.0,26.1801,0.0,10.0,0.0,0.0
1513,3571.0,26.1801,0.0,10.0,0.0,0.0
1514,3570.0,26.1801,0.0,10.0,0.0,0.0
1515,3568.0,26.1801,0.0,10.0,0.0,0.0
1516,3567.0,26.1801,0.0,10.0,0.0,0.0
1517,3566.0,26.1801,0.0,10.0,0.0,0.0
1518,3565.0,26.1801,0.0,10.0,0.0,0.0
1519,3564.0,26.1801,0.0,10.0,0.0,0.0
1520,3563.0,47.124,0.0,10.0,0.0,0.0
1521,3563.0,47.124,0.0,10.0,0.0,0.0
1522,3563.0,47.124,0.0,10.0,0.0,0.0
1523,3562.0,47.124,0.0,10.0,0.0,0.0
1524,3562.0,47.124,0.0,10.0,0.0,0.0
1525,3562.0,47.124,0.0,10.0,0.0,0.0
1526,3563.0,47.124,0.0,10.0,0.0,0.0
1527,3563.0,47.124,0.0,10.0,0.0,0.0
1528,3563.0,47.124,0.0,10.0,0.0,0.0
1529,3564.0,47.124,0.0,10.0,0.0,0.0
1530,3565.0,47.124,0.0,10.0,0.0,0.0
1531,3565.0,47.124,0.0,10.0,0.0,0.0
1532,3566.0,47.124,0.0,10.0,0.0,0.0
1533,3567.0,47.124,0.0,10.0,0.0,0.0
1534,3568.0,47.124,0.0,10.0,0.0,0.0
1535,3570.0,47.124,0.0,10.0,0.0,0.0
1536,3571.0,47.124,0.0,10.0,0.0,0.0
1537,3573.0,47.124,0.0,10.0,0.0,0.0
1538,3574.0,47.124,0.0,10.0,0.0,0.0
1539,3576.0,47.124,0.0,10.0,0.0,0.0
1540,3577.0,31.416,0.0,10.0,0.0,0.0
1541,3579.0,31.416,0.0,10.0,0.0,0.0
1542,3581.0,31.416,0.0,10.0,0.0,0.0
1543,3583.0,31.416,0.0,10.0,0.0,0.0
1544,3585.0,31.416,0.0,10.0,0.0,0.0
1545,3588.0,31.416,0.0,10.0,0.0,0.0
1546,3590.0,31.416,0.0,10.0,0.0,0.0
1547,3592.0,31.416,0.0,10.0,0.0,0.0
1548,3594.0,31.416,0.0,10.0,0.0,0.0
1549,3597.0,31.416,0.0,10.0,0.0,0.0
1550,3599.0,3.9273,0.0,10.0,0.0,0.0
1551,3602.0,3.9273,0.0,10.0,0.0,0.0
1552,3604.0,3.9273,0.0,10.0,0.0,0.0
1553,3607.0,3.9273,0.0,10.0,0.0,0.0
1554,3609.0,3.9273,0.0,10.0,0.0,0.0
1555,3611.0,3.9273,0.0,10.0,0.0,0.0
1556,3614.0,3.9273,0.0,10.0,0.0,0.0
1557,3616.0,3.9273,0.0,10.0,0.0,0.0
1558,3618.0,3.9273,0.0,10.0,0.0,0.0
1559,3621.0,3.9273,0.0,10.0,0.0,0.0
1560,3623.0,-27.4887,0.0,10.0,0.0,0.0
1561,3625.0,-27.4887,0.0,10.0,0.0,0.0
1562,3627.0,-27.4887,0.0,10.0,0.0,0.0
1563,3629.0,-27.4887,0.0,10.0,0.0,0.0
1564,3630.0,-27.4887,0.0,10.0,0.0,0.0
1565,3632.0,-27.4887,0.0,10.0,0.0,0.0
1566,3633.0,-27.4887,0.0,10.0,0.0,0.0
1567,3634.0,-27.4887,0.0,10.0,0.0,0.0
1568,3635.0,-27.4887,0.0,10.0,0.0,0.0
1569,3636.0,-27.4887,0.0,10.0,0.0,0.0
1570,3636.0,-47.1237,0.0,10.0,0.0,0.0
1571,3636.0,-47.1237,0.0,10.0,0.0,0.0
1572,3637.0,-47.1237,0.0,10.0,0.0,0.0
1573,3637.0,-47.1237,0.0,10.0,0.0,0.0
1574,3637.0,-47.1237,0.0,10.0,0.0,0.0
1575,3637.0,-47.1237,0.0,10.0,0.0,0.0
1576,3637.0,-47.1237,0.0,10.0,0.0,0.0
1577,3636.0,-47.1237,0.0,10.0,0.0,0.0
1578,3636.0,-47.1237,0.0,10.0,0.0,0.0
1579,3635.0,-47.1237,0.0,10.0,0.0,0.0
1580,3635.0,-45.8145,0.0,10.0,0.0,0.0
1581,3634.0,-45.8145,0.0,10.0,0.0,0.0
1582,3633.0,-45.8145,0.0,10.0,0.0,0.0
1583,3632.0,-45.8145,0.0,10.0,0.0,0.0
1584,3631.0,-45.8145,0.0,10.0,0.0,0.0
1585,3630.0,-45.8145,0.0,10.0,0.0,0.0
1586,3629.0,-45.8145,0.0,10.0,0.0,0.0
1587,3627.0,-45.8145,0.0,10.0,0.0,0.0
1588,3626.0,-45.8145,0.0,10.0,0.0,0.0
1589,3624.0,-45.8145,0.0,10.0,0.0,0.0
1590,3622.0,-31.4157,0.0,10.0,0.0,0.0
1591,3621.0,-31.4157,0.0,10.0,0.0,0.0
1592,3619.0,-31.4157,0.0,10.0,0.0,0.0
1593,3617.0,-31.4157,0.0,10.0,0.0,0.0
1594,3615.0,-31.4157,0.0,10.0,0.0,0.0
1595,3613.0,-31.4157,0.0,10.0,0.0,0.0
1596,3611.0,-31.4157,0.0,10.0,0.0,0.0
1597,3608.0,-31.4157,0.0,10.0,0.0,0.0
1598,3606.0,-31.4157,0.0,10.0,0.0,0.0
1599,3604.0,-31.4157,0.0,10.0,0.0,0.0
1600,3601.0,-3.9267,0.0,10.0,0.0,0.0
1601,3599.0,-3.9267,0.0,10.0,0.0,0.0
1602,3596.0,-3.9267,0.0,10.0,0.0,0.0
1603,3594.0,-3.9267,0.0,10.0,0.0,0.0
1604,3592.0,-3.9267,0.0,10.0,0.0,0.0
1605,3589.0,-3.9267,0.0,10.0,0.0,0.0
1606,3587.0,-3.9267,0.0,10.0,0.0,0.0
1607,3584.0,-3.9267,0.0,10.0,0.0,0.0
1608,3582.0,-3.9267,0.0,10.0,0.0,0.0
1609,3580.0,-3.9267,0.0,10.0,0.0,0.0
1610,3578.0,26.1801,0.0,10.0,0.0,0.0
1611,3576.0,26.1801,0.0,10.0,0.0,0.0
1612,3574.0,26.1801,0.0,10.0,0.0,0.0
1613,3572.0,26.1801,0.0,10.0,0.0,0.0
1614,3572.0,26.1801,0.0,10.0,0.0,0.0
1615,3570.0,26.1801,0.0,10.0,0.0,0.0
1616,3569.0,26.1801,0.0,10.0,0.0,0.0
1617,3568.0,26.1801,0.0,10.0,0.0,0.0
1618,3567.0,26.1801,0.0,10.0,0.0,0.0
1619,3567.0,26.1801,0.0,10.0,0.0,0.0
1620,3566.0,43.197,0.0,10.0,0.0,0.0
1621,3566.0,43.197,0.0,10.0,0.0,0.0
1622,3566.0,43.197,0.0,10.0,0.0,0.0
1623,3566.0,43.197,0.0,10.0,0.0,0.0
1624,3566.0,43.197,0.0,10.0,0.0,0.0
1625,3566.0,43.197,0.0,10.0,0.0,0.0
1626,3566.0,43.197,0.0,10.0,0.0,0.0
1627,3567.0,43.197,0.0,10.0,0.0,0.0
1628,3568.0,43.197,0.0,10.0,0.0,0.0
1629,3568.0,43.197,0.0,10.0,0.0,0.0
1630,3569.0,41.8881,0.0,10.0,0.0,0.0
1631,3570.0,41.8881,0.0,10.0,0.0,0.0
1632,3572.0,41.8881,0.0,10.0,0.0,0.0
1633,3573.0,41.8881,0.0,10.0,0.0,0.0
1634,3574.0,41.8881,0.0,10.0,0.0,0.0
1635,3576.0,41.8881,0.0,10.0,0.0,0.0
1636,3577.0,41.8881,0.0,10.0,0.0,0.0
1637,3579.0,41.8881,0.0,10.0,0.0,0.0
1638,3581.0,41.8881,0.0,10.0,0.0,0.0
1639,3583.0,41.8881,0.0,10.0,0.0,0.0
1640,3585.0,22.2531,0.0,10.0,0.0,0.0
1641,3587.0,22.2531,0.0,10.0,0.0,0.0
1642,3589.0,22.2531,0.0,10.0,0.0,0.0
1643,3591.0,22.2531,0.0,10.0,0.0,0.0
1644,3593.0,22.2531,0.0,10.0,0.0,0.0
1645,3596.0,22.2531,0.0,10.0,0.0,0.0
1646,3599.0,22.2531,0.0,10.0,0.0,0.0
1647,3602.0,22.2531,0.0,10.0,0.0,0.0
1648,3604.0,22.2531,0.0,10.0,0.0,0.0
1649,3607.0,22.2531,0.0,10.0,0.0,0.0
1650,3609.0,-9.1626,0.0,10.0,0.0,0.0
1651,3612.0,-9.1626,0.0,10.0,0.0,0.0
1652,3614.0,-9.1626,0.0,10.0,0.0,0.0
1653,3616.0,-9.1626,0.0,10.0,0.0,0.0
1654,3618.0,-9.1626,0.0,10.0,0.0,0.0
1655,3620.0,-9.1626,0.0,10.0,0.0,0.0
1656,3622.0,-9.1626,0.0,10.0,0.0,0.0
1657,3624.0,-9.1626,0.0,10.0,0.0,0.0
1658,3625.0,-9.1626,0.0,10.0,0.0,0.0
1659,3627.0,-9.1626,0.0,10.0,0.0,0.0
1660,3628.0,-35.3427,0.0,10.0,0.0,0.0
1661,3629.0,-35.3427,0.0,10.0,0.0,0.0
1662,3629.0,-35.3427,0.0,10.0,0.0,0.0
1663,3630.0,-35.3427,0.0,10.0,0.0,0.0
1664,3631.0,-35.3427,0.0,10.0,0.0,0.0
1665,3631.0,-35.3427,0.0,10.0,0.0,0.0
1666,3631.0,-35.3427,0.0,10.0,0.0,0.0
1667,3631.0,-35.3427,0.0,10.0,0.0,0.0
1668,3631.0,-35.3427,0.0,10.0,0.0,0.0
1669,3631.0,-35.3427,0.0,10.0,0.0,0.0
1670,3631.0,-40.5786,0.0,10.0,0.0,0.0
1671,3630.0,-40.5786,0.0,10.0,0.0,0.0
1672,3630.0,-40.5786,0.0,10.0,0.0,0.0
1673,3629.0,-40.5786,0.0,10.0,0.0,0.0
1674,3629.0,-40.5786,0.0,10.0,0.0,0.0
1675,3628.0,-40.5786,0.0,10.0,0.0,0.0
1676,3627.0,-40.5786,0.0,10.0,0.0,0.0
1677,3626.0,-40.5786,0.0,10.0,0.0,0.0
1678,3625.0,-40.5786,0.0,10.0,0.0,0.0
1679,3624.0,-40.5786,0.0,10.0,0.0,0.0
1680,3622.0,-30.1068,0.0,10.0,0.0,0.0
1681,3621.0,-30.1068,0.0,10.0,0.0,0.0
1682,3619.0,-30.1068,0.0,10.0,0.0,0.0
1683,3617.0,-30.1068,0.0,10.0,0.0,0.0
1684,3616.0,-30.1068,0.0,10.0,0.0,0.0
1685,3614.0,-30.1068,0.0,10.0,0.0,0.0
1686,3612.0,-30.1068,0.0,10.0,0.0,0.0
1687,3610.0,-30.1068,0.0,10.0,0.0,0.0
1688,3608.0,-30.1068,0.0,10.0,0.0,0.0
1689,3606.0,-30.1068,0.0,10.0,0.0,0.0
1690,3604.0,-7.8537,0.0,10.0,0.0,0.0
1691,3601.0,-7.8537,0.0,10.0,0.0,0.0
1692,3599.0,-7.8537,0.0,10.0,0.0,0.0
1693,3597.0,-7.8537,0.0,10.0,0.0,0.0
1694,3595.0,-7.8537,0.0,10.0,0.0,0.0
1695,3592.0,-7.8537,0.0,10.0,0.0,0.0
1696,3590.0,-7.8537,0.0,10.0,0.0,0.0
1697,3587.0,-7.8537,0.0,10.0,0.0,0.0
1698,3585.0,-7.8537,0.0,10.0,0.0,0.0
1699,3583.0,-7.8537,0.0,10.0,0.0,0.0
1700,3580.0,23.5623,0.0,10.0,0.0,0.0
1701,3578.0,23.5623,0.0,10.0,0.0,0.0
1702,3576.0,23.5623,0.0,10.0,0.0,0.0
1703,3574.0,23.5623,0.0,10.0,0.0,0.0
1704,3572.0,23.5623,0.0,10.0,0.0,0.0
1705,3570.0,23.5623,0.0,10.0,0.0,0.0
1706,3569.0,23.5623,0.0,10.0,0.0,0.0
1707,3568.0,23.5623,0.0,10.0,0.0,0.0
1708,3567.0,23.5623,0.0,10.0,0.0,0.0
1709,3566.0,23.5623,0.0,10.0,0.0,0.0
1710,3565.0,44.5062,0.0,10.0,0.0,0.0
1711,3565.0,44.5062,0.0,10.0,0.0,0.0
1712,3564.0,44.5062,0.0,10.0,0.0,0.0
1713,3564.0,44.5062,0.0,10.0,0.0,0.0
1714,3564.0,44.5062,0.0,10.0,0.0,0.0
1715,3564.0,44.5062,0.0,10.0,0.0,0.0
1716,3564.0,44.5062,0.0,10.0,0.0,0.0
1717,3565.0,44.5062,0.0,10.0,0.0,0.0
1718,3565.0,44.5062,0.0,10.0,0.0,0.0
1719,3566.0,44.5062,0.0,10.0,0.0,0.0
1720,3566.0,44.5062,0.0,10.0,0.0,0.0
1721,3567.0,44.5062,0.0,10.0,0.0,0.0
1722,3568.0,44.5062,0.0,10.0,0.0,0.0
1723,3569.0,44.5062,0.0,10.0,0.0,0.0
1724,3570.0,44.5062,0.0,10.0,0.0,0.0
1725,3571.0,44.5062,0.0,10.0,0.0,0.0
1726,3573.0,44.5062,0.0,10.0,0.0,0.0
1727,3574.0,44.5062,0.0,10.0,0.0,0.0
1728,3576.0,44.5062,0.0,10.0,0.0,0.0
1729,3577.0,44.5062,0.0,10.0,0.0,0.0
1730,3579.0,30.1071,0.0,10.0,0.0,0.0
1731,3581.0,30.1071,0.0,10.0,0.0,0.0
1732,3583.0,30.1071,0.0,10.0,0.0,0.0
1733,3585.0,30.1071,0.0,10.0,0.0,0.0
1734,3587.0,30.1071,0.0,10.0,0.0,0.0
1735,3589.0,30.1071,0.0,10.0,0.0,0.0
1736,3591.0,30.1071,0.0,10.0,0.0,0.0
1737,3593.0,30.1071,0.0,10.0,0.0,0.0
1738,3596.0,30.1071,0.0,10.0,0.0,0.0
1739,3598.0,30.1071,0.0,10.0,0.0,0.0
1740,3601.0,2.6181,0.0,10.0,0.0,0.0
1741,3603.0,2.6181,0.0,10.0,0.0,0.0
1742,3605.0,2.6181,0.0,10.0,0.0,0.0
1743,3608.0,2.6181,0.0,10.0,0.0,0.0
1744,3610.0,2.6181,0.0,10.0,0.0,0.0
1745,3613.0,2.6181,0.0,10.0,0.0,0.0
1746,3615.0,2.6181,0.0,10.0,0.0,0.0
1747,3617.0,2.6181,0.0,10.0,0.0,0.0
1748,3619.0,2.6181,0.0,10.0,0.0,0.0
1749,3621.0,2.6181,0.0,10.0,0.0,0.0
1750,3623.0,-28.7976,0.0,10.0,0.0,0.0
1751,3625.0,-28.7976,0.0,10.0,0.0,0.0
1752,3627.0,-28.7976,0.0,10.0,0.0,0.0
1753,3629.0,-28.7976,0.0,10.0,0.0,0.0
1754,3630.0,-28.7976,0.0,10.0,0.0,0.0
1755,3632.0,-28.7976,0.0,10.0,0.0,0.0
1756,3633.0,-28.7976,0.0,10.0,0.0,0.0
1757,3634.0,-28.7976,0.0,10.0,0.0,0.0
1758,3634.0,-28.7976,0.0,10.0,0.0,0.0
1759,3635.0,-28.7976,0.0,10.0,0.0,0.0
1760,3635.0,-45.8145,0.0,10.0,0.0,0.0
1761,3636.0,-45.8145,0.0,10.0,0.0,0.0
1762,3636.0,-45.8145,0.0,10.0,0.0,0.0
1763,3636.0,-45.8145,0.0,10.0,0.0,0.0
1764,3635.0,-45.8145,0.0,10.0,0.0,0.0
1765,3635.0,-45.8145,0.0,10.0,0.0,0.0
1766,3634.0,-45.8145,0.0,10.0,0.0,0.0
1767,3633.0,-45.8145,0.0,10.0,0.0,0.0
1768,3632.0,-45.8145,0.0,10.0,0.0,0.0
1769,3631.0,-45.8145,0.0,10.0,0.0,0.0
1770,3630.0,-40.5786,0.0,10.0,0.0,0.0
1771,3629.0,-40.5786,0.0,10.0,0.0,0.0
1772,3628.0,-40.5786,0.0,10.0,0.0,0.0
1773,3626.0,-40.5786,0.0,10.0,0.0,0.0
1774,3625.0,-40.5786,0.0,10.0,0.0,0.0
1775,3623.0,-40.5786,0.0,10.0,0.0,0.0
1776,3621.0,-40.5786,0.0,10.0,0.0,0.0
1777,3620.0,-40.5786,0.0,10.0,0.0,0.0
1778,3618.0,-40.5786,0.0,10.0,0.0,0.0
1779,3616.0,-40.5786,0.0,10.0,0.0,0.0
1780,3614.0,-20.9436,0.0,10.0,0.0,0.0
1781,3612.0,-20.9436,0.0,10.0,0.0,0.0
1782,3610.0,-20.9436,0.0,10.0,0.0,0.0
1783,3607.0,-20.9436,0.0,10.0,0.0,0.0
1784,3605.0,-20.9436,0.0,10.0,0.0,0.0
1785,3603.0,-20.9436,0.0,10.0,0.0,0.0
1786,3600.0,-20.9436,0.0,10.0,0.0,0.0
1787,3598.0,-20.9436,0.0,10.0,0.0,0.0
1788,3595.0,-20.9436,0.0,10.0,0.0,0.0
1789,3593.0,-20.9436,0.0,10.0,0.0,0.0
1790,3590.0,10.4721,0.0,10.0,0.0,0.0
1791,3587.0,10.4721,0.0,10.0,0.0,0.0
1792,3585.0,10.4721,0.0,10.0,0.0,0.0
1793,3582.0,10.4721,0.0,10.0,0.0,0.0
1794,3580.0,10.4721,0.0,10.0,0.0,0.0
1795,3578.0,10.4721,0.0,10.0,0.0,0.0
1796,3576.0,10.4721,0.0,10.0,0.0,0.0
1797,3575.0,10.4721,0.0,10.0,0.0,0.0
1798,3573.0,10.4721,0.0,10.0,0.0,0.0
1799,3572.0,10.4721,0.0,10.0,0.0,0.0
1800,3571.0,36.6522,0.0,10.0,0.0,0.0
1801,3570.0,36.6522,0.0,10.0,0.0,0.0
1802,3569.0,36.6522,0.0,10.0,0.0,0.0
1803,3569.0,36.6522,0.0,10.0,0.0,0.0
1804,3568.0,36.6522,0.0,10.0,0.0,0.0
1805,3568.0,36.6522,0.0,10.0,0.0,0.0
1806,3568.0,36.6522,0.0,10.0,0.0,0.0
1807,3568.0,36.6522,0.0,10.0,0.0,0.0
1808,3568.0,36.6522,0.0,10.0,0.0,0.0
1809,3569.0,36.6522,0.0,10.0,0.0,0.0
1810,3569.0,40.5792,0.0,10.0,0.0,0.0
1811,3570.0,40.5792,0.0,10.0,0.0,0.0
1812,3571.0,40.5792,0.0,10.0,0.0,0.0
1813,3572.0,40.5792,0.0,10.0,0.0,0.0
1814,3573.0,40.5792,0.0,10.0,0.0,0.0
1815,3574.0,40.5792,0.0,10.0,0.0,0.0
1816,3575.0,40.5792,0.0,10.0,0.0,0.0
1817,3577.0,40.5792,0.0,10.0,0.0,0.0
1818,3578.0,40.5792,0.0,10.0,0.0,0.0
1819,3580.0,40.5792,0.0,10.0,0.0,0.0
1820,3582.0,26.1801,0.0,10.0,0.0,0.0
1821,3584.0,26.1801,0.0,10.0,0.0,0.0
1822,3586.0,26.1801,0.0,10.0,0.0,0.0
1823,3588.0,26.1801,0.0,10.0,0.0,0.0
1824,3590.0,26.1801,0.0,10.0,0.0,0.0
1825,3592.0,26.1801,0.0,10.0,0.0,0.0
1826,3595.0,26.1801,0.0,10.0,0.0,0.0
1827,3597.0,26.1801,0.0,10.0,0.0,0.0
1828,3599.0,26.1801,0.0,10.0,0.0,0.0
1829,3602.0,26.1801,0.0,10.0,0.0,0.0
1830,3604.0,-2.6178,0.0,10.0,0.0,0.0
1831,3606.0,-2.6178,0.0,10.0,0.0,0.0
1832,3609.0,-2.6178,0.0,10.0,0.0,0.0
1833,3611.0,-2.6178,0.0,10.0,0.0,0.0
1834,3613.0,-2.6178,0.0,10.0,0.0,0.0
1835,3615.0,-2.6178,0.0,10.0,0.0,0.0
1836,3617.0,-2.6178,0.0,10.0,0.0,0.0
1837,3619.0,-2.6178,0.0,10.0,0.0,0.0
1838,3621.0,-2.6178,0.0,10.0,0.0,0.0
1839,3623.0,-2.6178,0.0,10.0,0.0,0.0
1840,3624.0,-30.1068,0.0,10.0,0.0,0.0
1841,3626.0,-30.1068,0.0,10.0,0.0,0.0
1842,3627.0,-30.1068,0.0,10.0,0.0,0.0
1843,3628.0,-30.1068,0.0,10.0,0.0,0.0
1844,3629.0,-30.1068,0.0,10.0,0.0,0.0
1845,3630.0,-30.1068,0.0,10.0,0.0,0.0
1846,3630.0,-30.1068,0.0,10.0,0.0,0.0
1847,3631.0,-30.1068,0.0,10.0,0.0,0.0
1848,3631.0,-30.1068,0.0,10.0,0.0,0.0
1849,3631.0,-30.1068,0.0,10.0,0.0,0.0
1850,3631.0,-40.5786,0.0,10.0,0.0,0.0
1851,3631.0,-40.5786,0.0,10.0,0.0,0.0
1852,3631.0,-40.5786,0.0,10.0,0.0,0.0
1853,3630.0,-40.5786,0.0,10.0,0.0,0.0
1854,3630.0,-40.5786,0.0,10.0,0.0,0.0
1855,3629.0,-40.5786,0.0,10.0,0.0,0.0
1856,3628.0,-40.5786,0.0,10.0,0.0,0.0
1857,3628.0,-40.5786,0.0,10.0,0.0,0.0
1858,3627.0,-40.5786,0.0,10.0,0.0,0.0
1859,3625.0,-40.5786,0.0,10.0,0.0,0.0
1860,3624.0,-32.7246,0.0,10.0,0.0,0.0
1861,3623.0,-32.7246,0.0,10.0,0.0,0.0
1862,3621.0,-32.7246,0.0,10.0,0.0,0.0
1863,3620.0,-32.7246,0.0,10.0,0.0,0.0
1864,3618.0,-32.7246,0.0,10.0,0.0,0.0
1865,3616.0,-32.7246,0.0,10.0,0.0,0.0
1866,3615.0,-32.7246,0.0,10.0,0.0,0.0
1867,3613.0,-32.7246,0.0,10.0,0.0,0.0
1868,3611.0,-32.7246,0.0,10.0,0.0,0.0
1869,3609.0,-32.7246,0.0,10.0,0.0,0.0
1870,3607.0,-11.7807,0.0,10.0,0.0,0.0
1871,3604.0,-11.7807,0.0,10.0,0.0,0.0
1872,3602.0,-11.7807,0.0,10.0,0.0,0.0
1873,3600.0,-11.7807,0.0,10.0,0.0,0.0
1874,3597.0,-11.7807,0.0,10.0,0.0,0.0
1875,3595.0,-11.7807,0.0,10.0,0.0,0.0
1876,3592.0,-11.7807,0.0,10.0,0.0,0.0
1877,3590.0,-11.7807,0.0,10.0,0.0,0.0
1878,3587.0,-11.7807,0.0,10.0,0.0,0.0
1879,3584.0,-11.7807,0.0,10.0,0.0,0.0
1880,3582.0,20.9442,0.0,10.0,0.0,0.0
1881,3579.0,20.9442,0.0,10.0,0.0,0.0
1882,3577.0,20.9442,0.0,10.0,0.0,0.0
1883,3574.0,20.9442,0.0,10.0,0.0,0.0
1884,3572.0,20.9442,0.0,10.0,0.0,0.0
1885,3570.0,20.9442,0.0,10.0,0.0,0.0
1886,3569.0,20.9442,0.0,10.0,0.0,0.0
1887,3567.0,20.9442,0.0,10.0,0.0,0.0
1888,3567.0,20.9442,0.0,10.0,0.0,0.0
1889,3565.0,20.9442,0.0,10.0,0.0,0.0
1890,3564.0,45.8151,0.0,10.0,0.0,0.0
1891,3564.0,45.8151,0.0,10.0,0.0,0.0
1892,3563.0,45.8151,0.0,10.0,0.0,0.0
1893,3562.0,45.8151,0.0,10.0,0.0,0.0
1894,3562.0,45.8151,0.0,10.0,0.0,0.0
1895,3562.0,45.8151,0.0,10.0,0.0,0.0
1896,3562.0,45.8151,0.0,10.0,0.0,0.0
1897,3562.0,45.8151,0.0,10.0,0.0,0.0
1898,3563.0,45.8151,0.0,10.0,0.0,0.0
1899,3563.0,45.8151,0.0,10.0,0.0,0.0
1900,3564.0,48.4332,0.0,10.0,0.0,0.0
1901,3565.0,48.4332,0.0,10.0,0.0,0.0
1902,3566.0,48.4332,0.0,10.0,0.0,0.0
1903,3567.0,48.4332,0.0,10.0,0.0,0.0
1904,3568.0,48.4332,0.0,10.0,0.0,0.0
1905,3569.0,48.4332,0.0,10.0,0.0,0.0
1906,3571.0,48.4332,0.0,10.0,0.0,0.0
1907,3572.0,48.4332,0.0,10.0,0.0,0.0
1908,3574.0,48.4332,0.0,10.0,0.0,0.0
1909,3576.0,48.4332,0.0,10.0,0.0,0.0
1910,3577.0,31.416,0.0,10.0,0.0,0.0
1911,3579.0,31.416,0.0,10.0,0.0,0.0
1912,3581.0,31.416,0.0,10.0,0.0,0.0
1913,3583.0,31.416,0.0,10.0,0.0,0.0
1914,3585.0,31.416,0.0,10.0,0.0,0.0
1915,3588.0,31.416,0.0,10.0,0.0,0.0
1916,3590.0,31.416,0.0,10.0,0.0,0.0
1917,3592.0,31.416,0.0,10.0,0.0,0.0
1918,3595.0,31.416,0.0,10.0,0.0,0.0
1919,3597.0,31.416,0.0,10.0,0.0,0.0
1920,3600.0,3.9273,0.0,10.0,0.0,0.0
1921,3602.0,3.9273,0.0,10.0,0.0,0.0
1922,3605.0,3.9273,0.0,10.0,0.0,0.0
1923,3607.0,3.9273,0.0,10.0,0.0,0.0
1924,3610.0,3.9273,0.0,10.0,0.0,0.0
1925,3612.0,3.9273,0.0,10.0,0.0,0.0
1926,3614.0,3.9273,0.0,10.0,0.0,0.0
1927,3617.0,3.9273,0.0,10.0,0.0,0.0
1928,3619.0,3.9273,0.0,10.0,0.0,0.0
1929,3621.0,3.9273,0.0,10.0,0.0,0.0
1930,3624.0,-27.4887,0.0,10.0,0.0,0.0
1931,3626.0,-27.4887,0.0,10.0,0.0,0.0
1932,3628.0,-27.4887,0.0,10.0,0.0,0.0
1933,3630.0,-27.4887,0.0,10.0,0.0,0.0
1934,3631.0,-27.4887,0.0,10.0,0.0,0.0
1935,3633.0,-27.4887,0.0,10.0,0.0,0.0
1936,3634.0,-27.4887,0.0,10.0,0.0,0.0
1937,3635.0,-27.4887,0.0,10.0,0.0,0.0
1938,3636.0,-27.4887,0.0,10.0,0.0,0.0
1939,3637.0,-27.4887,0.0,10.0,0.0,0.0
1940,3637.0,-48.4326,0.0,10.0,0.0,0.0
1941,3638.0,-48.4326,0.0,10.0,0.0,0.0
1942,3638.0,-48.4326,0.0,10.0,0.0,0.0
1943,3638.0,-48.4326,0.0,10.0,0.0,0.0
1944,3638.0,-48.4326,0.0,10.0,0.0,0.0
1945,3637.0,-48.4326,0.0,10.0,0.0,0.0
1946,3637.0,-48.4326,0.0,10.0,0.0,0.0
1947,3636.0,-48.4326,0.0,10.0,0.0,0.0
1948,3635.0,-48.4326,0.0,10.0,0.0,0.0
1949,3635.0,-48.4326,0.0,10.0,0.0,0.0
1950,3633.0,-44.5056,0.0,10.0,0.0,0.0
1951,3632.0,-44.5056,0.0,10.0,0.0,0.0
1952,3631.0,-44.5056,0.0,10.0,0.0,0.0
1953,3630.0,-44.5056,0.0,10.0,0.0,0.0
1954,3628.0,-44.5056,0.0,10.0,0.0,0.0
1955,3627.0,-44.5056,0.0,10.0,0.0,0.0
1956,3625.0,-44.5056,0.0,10.0,0.0,0.0
1957,3623.0,-44.5056,0.0,10.0,0.0,0.0
1958,3622.0,-44.5056,0.0,10.0,0.0,0.0
1959,3620.0,-44.5056,0.0,10.0,0.0,0.0
1960,3618.0,-26.1798,0.0,10.0,0.0,0.0
1961,3616.0,-26.1798,0.0,10.0,0.0,0.0
1962,3614.0,-26.1798,0.0,10.0,0.0,0.0
1963,3612.0,-26.1798,0.0,10.0,0.0,0.0
1964,3609.0,-26.1798,0.0,10.0,0.0,0.0
1965,3607.0,-26.1798,0.0,10.0,0.0,0.0
1966,3605.0,-26.1798,0.0,10.0,0.0,0.0
1967,3602.0,-26.1798,0.0,10.0,0.0,0.0
1968,3600.0,-26.1798,0.0,10.0,0.0,0.0
1969,3597.0,-26.1798,0.0,10.0,0.0,0.0
1970,3594.0,3.9273,0.0,10.0,0.0,0.0
1971,3592.0,3.9273,0.0,10.0,0.0,0.0
1972,3589.0,3.9273,0.0,10.0,0.0,0.0
1973,3587.0,3.9273,0.0,10.0,0.0,0.0
1974,3585.0,3.9273,0.0,10.0,0.0,0.0
1975,3582.0,3.9273,0.0,10.0,0.0,0.0
1976,3580.0,3.9273,0.0,10.0,0.0,0.0
1977,3578.0,3.9273,0.0,10.0,0.0,0.0
1978,3576.0,3.9273,0.0,10.0,0.0,0.0
1979,3575.0,3.9273,0.0,10.0,0.0,0.0
1980,3573.0,32.7252,0.0,10.0,0.0,0.0
1981,3571.0,32.7252,0.0,10.0,0.0,0.0
1982,3570.0,32.7252,0.0,10.0,0.0,0.0
1983,3569.0,32.7252,0.0,10.0,0.0,0.0
1984,3568.0,32.7252,0.0,10.0,0.0,0.0
1985,3568.0,32.7252,0.0,10.0,0.0,0.0
1986,3568.0,32.7252,0.0,10.0,0.0,0.0
1987,3567.0,32.7252,0.0,10.0,0.0,0.0
1988,3567.0,32.7252,0.0,10.0,0.0,0.0
1989,3567.0,32.7252,0.0,10.0,0.0,0.0
1990,3567.0,43.197,0.0,10.0,0.0,0.0
1991,3567.0,43.197,0.0,10.0,0.0,0.0
1992,3567.0,43.197,0.0,10.0,0.0,0.0
1993,3567.0,43.197,0.0,10.0,0.0,0.0
1994,3568.0,43.197,0.0,10.0,0.0,0.0
1995,3569.0,43.197,0.0,10.0,0.0,0.0
1996,3570.0,43.197,0.0,10.0,0.0,0.0
1997,3571.0,43.197,0.0,10.0,0.0,0.0
1998,3572.0,43.197,0.0,10.0,0.0,0.0
1999,3573.0,43.197,0.0,10.0,0.0,0.0
2000,3575.0,35.343,0.0,10.0,0.0,0.0
2001,3576.0,35.343,0.0,10.0,0.0,0.0
2002,3577.0,35.343,0.0,10.0,0.0,0.0
2003,3579.0,35.343,0.0,10.0,0.0,0.0
2004,3581.0,35.343,0.0,10.0,0.0,0.0
2005,3582.0,35.343,0.0,10.0,0.0,0.0
2006,3584.0,35.343,0.0,10.0,0.0,0.0
2007,3586.0,35.343,0.0,10.0,0.0,0.0
2008,3588.0,35.343,0.0,10.0,0.0,0.0
2009,3590.0,35.343,0.0,10.0,0.0,0.0
2010,3592.0,13.0902,0.0,10.0,0.0,0.0
2011,3594.0,13.0902,0.0,10.0,0.0,0.0
2012,3597.0,13.0902,0.0,10.0,0.0,0.0
2013,3599.0,13.0902,0.0,10.0,0.0,0.0
2014,3601.0,13.0902,0.0,10.0,0.0,0.0
2015,3604.0,13.0902,0.0,10.0,0.0,0.0
2016,3606.0,13.0902,0.0,10.0,0.0,0.0
2017,3609.0,13.0902,0.0,10.0,0.0,0.0
2018,3612.0,13.0902,0.0,10.0,0.0,0.0
2019,3614.0,13.0902,0.0,10.0,0.0,0.0
2020,3617.0,-18.3258,0.0,10.0,0.0,0.0
2021,3620.0,-18.3258,0.0,10.0,0.0,0.0
2022,3622.0,-18.3258,0.0,10.0,0.0,0.0
2023,3624.0,-18.3258,0.0,10.0,0.0,0.0
2024,3626.0,-18.3258,0.0,10.0,0.0,0.0
2025,3628.0,-18.3258,0.0,10.0,0.0,0.0
2026,3630.0,-18.3258,0.0,10.0,0.0,0.0
2027,3632.0,-18.3258,0.0,10.0,0.0,0.0
2028,3633.0,-18.3258,0.0,10.0,0.0,0.0
2029,3635.0,-18.3258,0.0,10.0,0.0,0.0
2030,3636.0,-45.8145,0.0,10.0,0.0,0.0
2031,3636.0,-45.8145,0.0,10.0,0.0,0.0
2032,3637.0,-45.8145,0.0,10.0,0.0,0.0
2033,3638.0,-45.8145,0.0,10.0,0.0,0.0
2034,3638.0,-45.8145,0.0,10.0,0.0,0.0
2035,3638.0,-45.8145,0.0,10.0,0.0,0.0
2036,3638.0,-45.8145,0.0,10.0,0.0,0.0
2037,3638.0,-45.8145,0.0,10.0,0.0,0.0
2038,3638.0,-45.8145,0.0,10.0,0.0,0.0
2039,3638.0,-45.8145,0.0,10.0,0.0,0.0
2040,3637.0,-48.4326,0.0,10.0,0.0,0.0
2041,3636.0,-48.4326,0.0,10.0,0.0,0.0
2042,3635.0,-48.4326,0.0,10.0,0.0,0.0
2043,3634.0,-48.4326,0.0,10.0,0.0,0.0
2044,3633.0,-48.4326,0.0,10.0,0.0,0.0
2045,3632.0,-48.4326,0.0,10.0,0.0,0.0
2046,3631.0,-48.4326,0.0,10.0,0.0,0.0
2047,3629.0,-48.4326,0.0,10.0,0.0,0.0
2048,3628.0,-48.4326,0.0,10.0,0.0,0.0
2049,3626.0,-48.4326,0.0,10.0,0.0,0.0
2050,3625.0,-34.0338,0.0,10.0,0.0,0.0
2051,3623.0,-34.0338,0.0,10.0,0.0,0.0
2052,3621.0,-34.0338,0.0,10.0,0.0,0.0
2053,3619.0,-34.0338,0.0,10.0,0.0,0.0
2054,3617.0,-34.0338,0.0,10.0,0.0,0.0
2055,3615.0,-34.0338,0.0,10.0,0.0,0.0
2056,3613.0,-34.0338,0.0,10.0,0.0,0.0
2057,3611.0,-34.0338,0.0,10.0,0.0,0.0
2058,3608.0,-34.0338,0.0,10.0,0.0,0.0
2059,3606.0,-34.0338,0.0,10.0,0.0,0.0
2060,3604.0,-7.8537,0.0,10.0,0.0,0.0
2061,3601.0,-7.8537,0.0,10.0,0.0,0.0
2062,3599.0,-7.8537,0.0,10.0,0.0,0.0
2063,3596.0,-7.8537,0.0,10.0,0.0,0.0
2064,3594.0,-7.8537,0.0,10.0,0.0,0.0
2065,3591.0,-7.8537,0.0,10.0,0.0,0.0
2066,3589.0,-7.8537,0.0,10.0,0.0,0.0
2067,3586.0,-7.8537,0.0,10.0,0.0,0.0
2068,3583.0,-7.8537,0.0,10.0,0.0,0.0
2069,3581.0,-7.8537,0.0,10.0,0.0,0.0
2070,3578.0,24.8712,0.0,10.0,0.0,0.0
2071,3576.0,24.8712,0.0,10.0,0.0,0.0
2072,3574.0,24.8712,0.0,10.0,0.0,0.0
2073,3571.0,24.8712,0.0,10.0,0.0,0.0
2074,3569.0,24.8712,0.0,10.0,0.0,0.0
2075,3568.0,24.8712,0.0,10.0,0.0,0.0
2076,3566.0,24.8712,0.0,10.0,0.0,0.0
2077,3565.0,24.8712,0.0,10.0,0.0,0.0
2078,3564.0,24.8712,0.0,10.0,0.0,0.0
2079,3563.0,24.8712,0.0,10.0,0.0,0.0
2080,3562.0,49.7421,0.0,10.0,0.0,0.0
2081,3561.0,49.7421,0.0,10.0,0.0,0.0
2082,3561.0,49.7421,0.0,10.0,0.0,0.0
2083,3560.0,49.7421,0.0,10.0,0.0,0.0
2084,3560.0,49.7421,0.0,10.0,0.0,0.0
2085,3560.0,49.7421,0.0,10.0,0.0,0.0
2086,3560.0,49.7421,0.0,10.0,0.0,0.0
2087,3560.0,49.7421,0.0,10.0,0.0,0.0
2088,3560.0,49.7421,0.0,10.0,0.0,0.0
2089,3561.0,49.7421,0.0,10.0,0.0,0.0
2090,3561.0,51.051,0.0,10.0,0.0,0.0
2091,3562.0,51.051,0.0,10.0,0.0,0.0
2092,3563.0,51.051,0.0,10.0,0.0,0.0
2093,3564.0,51.051,0.0,10.0,0.0,0.0
2094,3565.0,51.051,0.0,10.0,0.0,0.0
2095,3566.0,51.051,0.0,10.0,0.0,0.0
2096,3568.0,51.051,0.0,10.0,0.0,0.0
2097,3569.0,51.051,0.0,10.0,0.0,0.0
2098,3570.0,51.051,0.0,10.0,0.0,0.0
2099,3572.0,51.051,0.0,10.0,0.0,0.0
2100,3574.0,36.6522,0.0,10.0,0.0,0.0
2101,3575.0,36.6522,0.0,10.0,0.0,0.0
2102,3577.0,36.6522,0.0,10.0,0.0,0.0
2103,3579.0,36.6522,0.0,10.0,0.0,0.0
2104,3581.0,36.6522,0.0,10.0,0.0,0.0
2105,3583.0,36.6522,0.0,10.0,0.0,0.0
2106,3585.0,36.6522,0.0,10.0,0.0,0.0
2107,3588.0,36.6522,0.0,10.0,0.0,0.0
2108,3590.0,36.6522,0.0,10.0,0.0,0.0
2109,3592.0,36.6522,0.0,10.0,0.0,0.0
2110,3595.0,9.1632,0.0,10.0,0.0,0.0
2111,3597.0,9.1632,0.0,10.0,0.0,0.0
2112,3600.0,9.1632,0.0,10.0,0.0,0.0
2113,3602.0,9.1632,0.0,10.0,0.0,0.0
2114,3605.0,9.1632,0.0,10.0,0.0,0.0
2115,3608.0,9.1632,0.0,10.0,0.0,0.0
2116,3610.0,9.1632,0.0,10.0,0.0,0.0
2117,3613.0,9.1632,0.0,10.0,0.0,0.0
2118,3615.0,9.1632,0.0,10.0,0.0,0.0
2119,3618.0,9.1632,0.0,10.0,0.0,0.0
2120,3621.0,-23.5617,0.0,10.0,0.0,0.0
2121,3623.0,-23.5617,0.0,10.0,0.0,0.0
2122,3626.0,-23.5617,0.0,10.0,0.0,0.0
2123,3628.0,-23.5617,0.0,10.0,0.0,0.0
2124,3630.0,-23.5617,0.0,10.0,0.0,0.0
2125,3632.0,-23.5617,0.0,10.0,0.0,0.0
2126,3634.0,-23.5617,0.0,10.0,0.0,0.0
2127,3635.0,-23.5617,0.0,10.0,0.0,0.0
2128,3636.0,-23.5617,0.0,10.0,0.0,0.0
2129,3637.0,-23.5617,0.0,10.0,0.0,0.0
2130,3638.0,-49.7415,0.0,10.0,0.0,0.0
2131,3639.0,-49.7415,0.0,10.0,0.0,0.0
2132,3640.0,-49.7415,0.0,10.0,0.0,0.0
2133,3640.0,-49.7415,0.0,10.0,0.0,0.0
2134,3641.0,-49.7415,0.0,10.0,0.0,0.0
2135,3641.0,-49.7415,0.0,10.0,0.0,0.0
2136,3641.0,-49.7415,0.0,10.0,0.0,0.0
2137,3641.0,-49.7415,0.0,10.0,0.0,0.0
2138,3640.0,-49.7415,0.0,10.0,0.0,0.0
2139,3640.0,-49.7415,0.0,10.0,0.0,0.0
2140,3639.0,-52.3596,0.0,10.0,0.0,0.0
2141,3638.0,-52.3596,0.0,10.0,0.0,0.0
2142,3637.0,-52.3596,0.0,10.0,0.0,0.0
2143,3636.0,-52.3596,0.0,10.0,0.0,0.0
2144,3635.0,-52.3596,0.0,10.0,0.0,0.0
2145,3634.0,-52.3596,0.0,10.0,0.0,0.0
2146,3632.0,-52.3596,0.0,10.0,0.0,0.0
2147,3631.0,-52.3596,0.0,10.0,0.0,0.0
2148,3629.0,-52.3596,0.0,10.0,0.0,0.0
2149,3627.0,-52.3596,0.0,10.0,0.0,0.0
2150,3626.0,-35.3427,0.0,10.0,0.0,0.0
2151,3624.0,-35.3427,0.0,10.0,0.0,0.0
2152,3622.0,-35.3427,0.0,10.0,0.0,0.0
2153,3620.0,-35.3427,0.0,10.0,0.0,0.0
2154,3618.0,-35.3427,0.0,10.0,0.0,0.0
2155,3616.0,-35.3427,0.0,10.0,0.0,0.0
2156,3614.0,-35.3427,0.0,10.0,0.0,0.0
2157,3611.0,-35.3427,0.0,10.0,0.0,0.0
2158,3609.0,-35.3427,0.0,10.0,0.0,0.0
2159,3607.0,-35.3427,0.0,10.0,0.0,0.0
2160,3604.0,-7.8537,0.0,10.0,0.0,0.0
2161,3602.0,-7.8537,0.0,10.0,0.0,0.0
2162,3599.0,-7.8537,0.0,10.0,0.0,0.0
2163,3597.0,-7.8537,0.0,10.0,0.0,0.0
2164,3594.0,-7.8537,0.0,10.0,0.0,0.0
2165,3591.0,-7.8537,0.0,10.0,0.0,0.0
2166,3589.0,-7.8537,0.0,10.0,0.0,0.0
2167,3586.0,-7.8537,0.0,10.0,0.0,0.0
2168,3584.0,-7.8537,0.0,10.0,0.0,0.0
2169,3581.0,-7.8537,0.0,10.0,0.0,0.0
2170,3578.0,24.8712,0.0,10.0,0.0,0.0
2171,3576.0,24.8712,0.0,10.0,0.0,0.0
2172,3574.0,24.8712,0.0,10.0,0.0,0.0
2173,3571.0,24.8712,0.0,10.0,0.0,0.0
2174,3569.0,24.8712,0.0,10.0,0.0,0.0
2175,3568.0,24.8712,0.0,10.0,0.0,0.0
2176,3566.0,24.8712,0.0,10.0,0.0,0.0
2177,3565.0,24.8712,0.0,10.0,0.0,0.0
2178,3563.0,24.8712,0.0,10.0,0.0,0.0
2179,3562.0,24.8712,0.0,10.0,0.0,0.0
2180,3561.0,49.7421,0.0,10.0,0.0,0.0
2181,3561.0,49.7421,0.0,10.0,0.0,0.0
2182,3560.0,49.7421,0.0,10.0,0.0,0.0
2183,3560.0,49.7421,0.0,10.0,0.0,0.0
2184,3559.0,49.7421,0.0,10.0,0.0,0.0
2185,3559.0,49.7421,0.0,10.0,0.0,0.0
2186,3559.0,49.7421,0.0,10.0,0.0,0.0
2187,3560.0,49.7421,0.0,10.0,0.0,0.0
2188,3560.0,49.7421,0.0,10.0,0.0,0.0
2189,3561.0,49.7421,0.0,10.0,0.0,0.0
2190,3561.0,51.051,0.0,10.0,0.0,0.0
2191,3562.0,51.051,0.0,10.0,0.0,0.0
2192,3563.0,51.051,0.0,10.0,0.0,0.0
2193,3564.0,51.051,0.0,10.0,0.0,0.0
2194,3565.0,51.051,0.0,10.0,0.0,0.0
2195,3566.0,51.051,0.0,10.0,0.0,0.0
2196,3567.0,51.051,0.0,10.0,0.0,0.0
2197,3569.0,51.051,0.0,10.0,0.0,0.0
2198,3570.0,51.051,0.0,10.0,0.0,0.0
2199,3572.0,51.051,0.0,10.0,0.0,0.0
2200,3573.0,36.6522,0.0,10.0,0.0,0.0
2201,3575.0,36.6522,0.0,10.0,0.0,0.0
2202,3577.0,36.6522,0.0,10.0,0.0,0.0
2203,3579.0,36.6522,0.0,10.0,0.0,0.0
2204,3581.0,36.6522,0.0,10.0,0.0,0.0
2205,3583.0,36.6522,0.0,10.0,0.0,0.0
2206,3585.0,36.6522,0.0,10.0,0.0,0.0
2207,3588.0,36.6522,0.0,10.0,0.0,0.0
2208,3590.0,36.6522,0.0,10.0,0.0,0.0
2209,3592.0,36.6522,0.0,10.0,0.0,0.0
2210,3595.0,10.4721,0.0,10.0,0.0,0.0
2211,3597.0,10.4721,0.0,10.0,0.0,0.0
2212,3600.0,10.4721,0.0,10.0,0.0,0.0
2213,3602.0,10.4721,0.0,10.0,0.0,0.0
2214,3605.0,10.4721,0.0,10.0,0.0,0.0
2215,3608.0,10.4721,0.0,10.0,0.0,0.0
2216,3610.0,10.4721,0.0,10.0,0.0,0.0
2217,3613.0,10.4721,0.0,10.0,0.0,0.0
2218,3616.0,10.4721,0.0,10.0,0.0,0.0
2219,3619.0,10.4721,0.0,10.0,0.0,0.0
2220,3621.0,-24.8706,0.0,10.0,0.0,0.0
2221,3624.0,-24.8706,0.0,10.0,0.0,0.0
2222,3627.0,-24.8706,0.0,10.0,0.0,0.0
2223,3629.0,-24.8706,0.0,10.0,0.0,0.0
2224,3631.0,-24.8706,0.0,10.0,0.0,0.0
2225,3633.0,-24.8706,0.0,10.0,0.0,0.0
2226,3635.0,-24.8706,0.0,10.0,0.0,0.0
2227,3637.0,-24.8706,0.0,10.0,0.0,0.0
2228,3638.0,-24.8706,0.0,10.0,0.0,0.0
2229,3639.0,-24.8706,0.0,10.0,0.0,0.0
2230,3640.0,-51.0507,0.0,10.0,0.0,0.0
2231,3641.0,-51.0507,0.0,10.0,0.0,0.0
2232,3642.0,-51.0507,0.0,10.0,0.0,0.0
2233,3643.0,-51.0507,0.0,10.0,0.0,0.0
2234,3643.0,-51.0507,0.0,10.0,0.0,0.0
2235,3643.0,-51.0507,0.0,10.0,0.0,0.0
2236,3644.0,-51.0507,0.0,10.0,0.0,0.0
2237,3644.0,-51.0507,0.0,10.0,0.0,0.0
2238,3644.0,-51.0507,0.0,10.0,0.0,0.0
2239,3643.0,-51.0507,0.0,10.0,0.0,0.0
2240,3643.0,-56.2866,0.0,10.0,0.0,0.0
2241,3642.0,-56.2866,0.0,10.0,0.0,0.0
2242,3642.0,-56.2866,0.0,10.0,0.0,0.0
2243,3641.0,-56.2866,0.0,10.0,0.0,0.0
2244,3641.0,-56.2866,0.0,10.0,0.0,0.0
2245,3640.0,-56.2866,0.0,10.0,0.0,0.0
2246,3639.0,-56.2866,0.0,10.0,0.0,0.0
2247,3638.0,-56.2866,0.0,10.0,0.0,0.0
2248,3636.0,-56.2866,0.0,10.0,0.0,0.0
2249,3635.0,-56.2866,0.0,10.0,0.0,0.0
2250,3634.0,-45.8145,0.0,10.0,0.0,0.0
2251,3632.0,-45.8145,0.0,10.0,0.0,0.0
2252,3631.0,-45.8145,0.0,10.0,0.0,0.0
2253,3629.0,-45.8145,0.0,10.0,0.0,0.0
2254,3627.0,-45.8145,0.0,10.0,0.0,0.0
2255,3625.0,-45.8145,0.0,10.0,0.0,0.0
2256,3623.0,-45.8145,0.0,10.0,0.0,0.0
2257,3621.0,-45.8145,0.0,10.0,0.0,0.0
2258,3619.0,-45.8145,0.0,10.0,0.0,0.0
2259,3617.0,-45.8145,0.0,10.0,0.0,0.0
2260,3615.0,-22.2528,0.0,10.0,0.0,0.0
2261,3613.0,-22.2528,0.0,10.0,0.0,0.0
2262,3610.0,-22.2528,0.0,10.0,0.0,0.0
2263,3608.0,-22.2528,0.0,10.0,0.0,0.0
2264,3605.0,-22.2528,0.0,10.0,0.0,0.0
2265,3603.0,-22.2528,0.0,10.0,0.0,0.0
2266,3600.0,-22.2528,0.0,10.0,0.0,0.0
2267,3597.0,-22.2528,0.0,10.0,0.0,0.0
2268,3595.0,-22.2528,0.0,10.0,0.0,0.0
2269,3592.0,-22.2528,0.0,10.0,0.0,0.0
2270,3589.0,10.4721,0.0,10.0,0.0,0.0
2271,3586.0,10.4721,0.0,10.0,0.0,0.0
2272,3584.0,10.4721,0.0,10.0,0.0,0.0
2273,3581.0,10.4721,0.0,10.0,0.0,0.0
2274,3579.0,10.4721,0.0,10.0,0.0,0.0
2275,3577.0,10.4721,0.0,10.0,0.0,0.0
2276,3575.0,10.4721,0.0,10.0,0.0,0.0
2277,3573.0,10.4721,0.0,10.0,0.0,0.0
2278,3572.0,10.4721,0.0,10.0,0.0,0.0
2279,3570.0,10.4721,0.0,10.0,0.0,0.0
2280,3569.0,39.27,0.0,10.0,0.0,0.0
2281,3568.0,39.27,0.0,10.0,0.0,0.0
2282,3567.0,39.27,0.0,10.0,0.0,0.0
2283,3567.0,39.27,0.0,10.0,0.0,0.0
2284,3566.0,39.27,0.0,10.0,0.0,0.0
2285,3566.0,39.27,0.0,10.0,0.0,0.0
2286,3565.0,39.27,0.0,10.0,0.0,0.0
2287,3565.0,39.27,0.0,10.0,0.0,0.0
2288,3566.0,39.27,0.0,10.0,0.0,0.0
2289,3566.0,39.27,0.0,10.0,0.0,0.0
2290,3566.0,44.5062,0.0,10.0,0.0,0.0
2291,3567.0,44.5062,0.0,10.0,0.0,0.0
2292,3568.0,44.5062,0.0,10.0,0.0,0.0
2293,3569.0,44.5062,0.0,10.0,0.0,0.0
2294,3570.0,44.5062,0.0,10.0,0.0,0.0
2295,3571.0,44.5062,0.0,10.0,0.0,0.0
2296,3572.0,44.5062,0.0,10.0,0.0,0.0
2297,3574.0,44.5062,0.0,10.0,0.0,0.0
2298,3575.0,44.5062,0.0,10.0,0.0,0.0
2299,3577.0,44.5062,0.0,10.0,0.0,0.0
2300,3578.0,30.1071,0.0,10.0,0.0,0.0
2301,3580.0,30.1071,0.0,10.0,0.0,0.0
2302,3582.0,30.1071,0.0,10.0,0.0,0.0
2303,3584.0,30.1071,0.0,10.0,0.0,0.0
2304,3586.0,30.1071,0.0,10.0,0.0,0.0
2305,3588.0,30.1071,0.0,10.0,0.0,0.0
2306,3590.0,30.1071,0.0,10.0,0.0,0.0
2307,3592.0,30.1071,0.0,10.0,0.0,0.0
2308,3594.0,30.1071,0.0,10.0,0.0,0.0
2309,3597.0,30.1071,0.0,10.0,0.0,0.0
2310,3599.0,3.9273,0.0,10.0,0.0,0.0
2311,3602.0,3.9273,0.0,10.0,0.0,0.0
2312,3604.0,3.9273,0.0,10.0,0.0,0.0
2313,3606.0,3.9273,0.0,10.0,0.0,0.0
2314,3609.0,3.9273,0.0,10.0,0.0,0.0
2315,3611.0,3.9273,0.0,10.0,0.0,0.0
2316,3613.0,3.9273,0.0,10.0,0.0,0.0
2317,3616.0,3.9273,0.0,10.0,0.0,0.0
2318,3618.0,3.9273,0.0,10.0,0.0,0.0
2319,3620.0,3.9273,0.0,10.0,0.0,0.0
2320,3622.0,-26.1798,0.0,10.0,0.0,0.0
2321,3624.0,-26.1798,0.0,10.0,0.0,0.0
2322,3626.0,-26.1798,0.0,10.0,0.0,0.0
2323,3628.0,-26.1798,0.0,10.0,0.0,0.0
2324,3630.0,-26.1798,0.0,10.0,0.0,0.0
2325,3631.0,-26.1798,0.0,10.0,0.0,0.0
2326,3632.0,-26.1798,0.0,10.0,0.0,0.0
2327,3633.0,-26.1798,0.0,10.0,0.0,0.0
2328,3634.0,-26.1798,0.0,10.0,0.0,0.0
2329,3635.0,-26.1798,0.0,10.0,0.0,0.0
2330,3635.0,-45.8145,0.0,10.0,0.0,0.0
2331,3636.0,-45.8145,0.0,10.0,0.0,0.0
2332,3636.0,-45.8145,0.0,10.0,0.0,0.0
2333,3636.0,-45.8145,0.0,10.0,0.0,0.0
2334,3636.0,-45.8145,0.0,10.0,0.0,0.0
2335,3636.0,-45.8145,0.0,10.0,0.0,0.0
2336,3636.0,-45.8145,0.0,10.0,0.0,0.0
2337,3635.0,-45.8145,0.0,10.0,0.0,0.0
2338,3635.0,-45.8145,0.0,10.0,0.0,0.0
2339,3634.0,-45.8145,0.0,10.0,0.0,0.0
2340,3633.0,-44.5056,0.0,10.0,0.0,0.0
2341,3632.0,-44.5056,0.0,10.0,0.0,0.0
2342,3631.0,-44.5056,0.0,10.0,0.0,0.0
2343,3630.0,-44.5056,0.0,10.0,0.0,0.0
2344,3629.0,-44.5056,0.0,10.0,0.0,0.0
2345,3628.0,-44.5056,0.0,10.0,0.0,0.0
2346,3626.0,-44.5056,0.0,10.0,0.0,0.0
2347,3625.0,-44.5056,0.0,10.0,0.0,0.0
2348,3623.0,-44.5056,0.0,10.0,0.0,0.0
2349,3622.0,-44.5056,0.0,10.0,0.0,0.0
2350,3620.0,-27.4887,0.0,10.0,0.0,0.0
2351,3618.0,-27.4887,0.0,10.0,0.0,0.0
2352,3616.0,-27.4887,0.0,10.0,0.0,0.0
2353,3614.0,-27.4887,0.0,10.0,0.0,0.0
2354,3612.0,-27.4887,0.0,10.0,0.0,0.0
2355,3610.0,-27.4887,0.0,10.0,0.0,0.0
2356,3608.0,-27.4887,0.0,10.0,0.0,0.0
2357,3605.0,-27.4887,0.0,10.0,0.0,0.0
2358,3603.0,-27.4887,0.0,10.0,0.0,0.0
2359,3601.0,-27.4887,0.0,10.0,0.0,0.0
