TIME,PULSES,CONTROLLERVOLTAGE,CONTROLLER,KP,TAUD,TAUI 
0,0,0.0002,0,2.5,0.0,0.0
1,0,0.0002,0,2.5,0.0,0.0
2,0,0.0002,0,2.5,0.0,0.0
3,0,0.0002,0,2.5,0.0,0.0
4,0,0.0002,0,2.5,0.0,0.0
5,0,0.0002,0,2.5,0.0,0.0
6,0,0.0002,0,2.5,0.0,0.0
7,0,0.0002,0,2.5,0.0,0.0
8,0,0.0002,0,2.5,0.0,0.0
9,0,0.0002,0,2.5,0.0,0.0
10,0,1178.0973,0,2.5,0.0,0.0
11,0,1178.0973,0,2.5,0.0,0.0
12,0,1178.0973,0,2.5,0.0,0.0
13,0,1178.0973,0,2.5,0.0,0.0
14,1,1178.0973,0,2.5,0.0,0.0
15,1,1178.0973,0,2.5,0.0,0.0
16,2,1178.0973,0,2.5,0.0,0.0
17,3,1178.0973,0,2.5,0.0,0.0
18,4,1178.0973,0,2.5,0.0,0.0
19,5,1178.0973,0,2.5,0.0,0.0
20,6,1176.4611,0,2.5,0.0,0.0
21,7,1176.4611,0,2.5,0.0,0.0
22,8,1176.4611,0,2.5,0.0,0.0
23,10,1176.4611,0,2.5,0.0,0.0
24,11,1176.4611,0,2.5,0.0,0.0
25,13,1176.4611,0,2.5,0.0,0.0
26,15,1176.4611,0,2.5,0.0,0.0
27,17,1176.4611,0,2.5,0.0,0.0
28,19,1176.4611,0,2.5,0.0,0.0
29,21,1176.4611,0,2.5,0.0,0.0
30,23,1171.2251,0,2.5,0.0,0.0
31,25,1171.2251,0,2.5,0.0,0.0
32,27,1171.2251,0,2.5,0.0,0.0
33,29,1171.2251,0,2.5,0.0,0.0
34,32,1171.2251,0,2.5,0.0,0.0
35,34,1171.2251,0,2.5,0.0,0.0
36,37,1171.2251,0,2.5,0.0,0.0
37,39,1171.2251,0,2.5,0.0,0.0
38,42,1171.2251,0,2.5,0.0,0.0
39,44,1171.2251,0,2.5,0.0,0.0
40,47,1163.3711,0,2.5,0.0,0.0
41,50,1163.3711,0,2.5,0.0,0.0
42,53,1163.3711,0,2.5,0.0,0.0
43,56,1163.3711,0,2.5,0.0,0.0
44,59,1163.3711,0,2.5,0.0,0.0
45,62,1163.3711,0,2.5,0.0,0.0
46,65,1163.3711,0,2.5,0.0,0.0
47,68,1163.3711,0,2.5,0.0,0.0
48,71,1163.3711,0,2.5,0.0,0.0
49,74,1163.3711,0,2.5,0.0,0.0
50,77,1153.8809,0,2.5,0.0,0.0
51,80,1153.8809,0,2.5,0.0,0.0
52,83,1153.8809,0,2.5,0.0,0.0
53,87,1153.8809,0,2.5,0.0,0.0
54,90,1153.8809,0,2.5,0.0,0.0
55,93,1153.8809,0,2.5,0.0,0.0
56,98,1153.8809,0,2.5,0.0,0.0
57,101,1153.8809,0,2.5,0.0,0.0
58,105,1153.8809,0,2.5,0.0,0.0
59,108,1153.8809,0,2.5,0.0,0.0
60,112,1142.7544,0,2.5,0.0,0.0
61,115,1142.7544,0,2.5,0.0,0.0
62,119,1142.7544,0,2.5,0.0,0.0
63,122,1142.7544,0,2.5,0.0,0.0
64,126,1142.7544,0,2.5,0.0,0.0
65,129,1142.7544,0,2.5,0.0,0.0
66,133,1142.7544,0,2.5,0.0,0.0
67,137,1142.7544,0,2.5,0.0,0.0
68,140,1142.7544,0,2.5,0.0,0.0
69,144,1142.7544,0,2.5,0.0,0.0
70,149,1130.9734,0,2.5,0.0,0.0
71,153,1130.9734,0,2.5,0.0,0.0
72,156,1130.9734,0,2.5,0.0,0.0
73,160,1130.9734,0,2.5,0.0,0.0
74,164,1130.9734,0,2.5,0.0,0.0
75,168,1130.9734,0,2.5,0.0,0.0
76,171,1130.9734,0,2.5,0.0,0.0
77,175,1130.9734,0,2.5,0.0,0.0
78,179,1130.9734,0,2.5,0.0,0.0
79,183,1130.9734,0,2.5,0.0,0.0
80,187,1118.2107,0,2.5,0.0,0.0
81,191,1118.2107,0,2.5,0.0,0.0
82,196,1118.2107,0,2.5,0.0,0.0
83,200,1118.2107,0,2.5,0.0,0.0
84,204,1118.2107,0,2.5,0.0,0.0
85,208,1118.2107,0,2.5,0.0,0.0
86,213,1118.2107,0,2.5,0.0,0.0
87,217,1118.2107,0,2.5,0.0,0.0
88,221,1118.2107,0,2.5,0.0,0.0
89,225,1118.2107,0,2.5,0.0,0.0
90,229,1104.4663,0,2.5,0.0,0.0
91,233,1104.4663,0,2.5,0.0,0.0
92,237,1104.4663,0,2.5,0.0,0.0
93,241,1104.4663,0,2.5,0.0,0.0
94,245,1104.4663,0,2.5,0.0,0.0
95,249,1104.4663,0,2.5,0.0,0.0
96,253,1104.4663,0,2.5,0.0,0.0
97,257,1104.4663,0,2.5,0.0,0.0
98,262,1104.4663,0,2.5,0.0,0.0
99,266,1104.4663,0,2.5,0.0,0.0
100,270,1090.7217,0,2.5,0.0,0.0
101,275,1090.7217,0,2.5,0.0,0.0
102,279,1090.7217,0,2.5,0.0,0.0
103,283,1090.7217,0,2.5,0.0,0.0
104,287,1090.7217,0,2.5,0.0,0.0
105,291,1090.7217,0,2.5,0.0,0.0
106,295,1090.7217,0,2.5,0.0,0.0
107,300,1090.7217,0,2.5,0.0,0.0
108,304,1090.7217,0,2.5,0.0,0.0
109,308,1090.7217,0,2.5,0.0,0.0
110,313,1077.3046,0,2.5,0.0,0.0
111,317,1077.3046,0,2.5,0.0,0.0
112,321,1077.3046,0,2.5,0.0,0.0
113,326,1077.3046,0,2.5,0.0,0.0
114,330,1077.3046,0,2.5,0.0,0.0
115,334,1077.3046,0,2.5,0.0,0.0
116,338,1077.3046,0,2.5,0.0,0.0
117,342,1077.3046,0,2.5,0.0,0.0
118,347,1077.3046,0,2.5,0.0,0.0
119,351,1077.3046,0,2.5,0.0,0.0
120,355,1063.2328,0,2.5,0.0,0.0
121,359,1063.2328,0,2.5,0.0,0.0
122,364,1063.2328,0,2.5,0.0,0.0
123,368,1063.2328,0,2.5,0.0,0.0
124,372,1063.2328,0,2.5,0.0,0.0
125,376,1063.2328,0,2.5,0.0,0.0
126,380,1063.2328,0,2.5,0.0,0.0
127,385,1063.2328,0,2.5,0.0,0.0
128,389,1063.2328,0,2.5,0.0,0.0
129,394,1063.2328,0,2.5,0.0,0.0
130,399,1048.8339,0,2.5,0.0,0.0
131,403,1048.8339,0,2.5,0.0,0.0
132,407,1048.8339,0,2.5,0.0,0.0
133,411,1048.8339,0,2.5,0.0,0.0
134,416,1048.8339,0,2.5,0.0,0.0
135,420,1048.8339,0,2.5,0.0,0.0
136,424,1048.8339,0,2.5,0.0,0.0
137,428,1048.8339,0,2.5,0.0,0.0
138,433,1048.8339,0,2.5,0.0,0.0
139,437,1048.8339,0,2.5,0.0,0.0
140,441,1035.0894,0,2.5,0.0,0.0
141,446,1035.0894,0,2.5,0.0,0.0
142,450,1035.0894,0,2.5,0.0,0.0
143,454,1035.0894,0,2.5,0.0,0.0
144,458,1035.0894,0,2.5,0.0,0.0
145,463,1035.0894,0,2.5,0.0,0.0
146,467,1035.0894,0,2.5,0.0,0.0
147,472,1035.0894,0,2.5,0.0,0.0
148,477,1035.0894,0,2.5,0.0,0.0
149,481,1035.0894,0,2.5,0.0,0.0
150,485,1020.6904,0,2.5,0.0,0.0
151,490,1020.6904,0,2.5,0.0,0.0
152,494,1020.6904,0,2.5,0.0,0.0
153,498,1020.6904,0,2.5,0.0,0.0
154,503,1020.6904,0,2.5,0.0,0.0
155,507,1020.6904,0,2.5,0.0,0.0
156,511,1020.6904,0,2.5,0.0,0.0
157,515,1020.6904,0,2.5,0.0,0.0
158,520,1020.6904,0,2.5,0.0,0.0
159,524,1020.6904,0,2.5,0.0,0.0
160,528,1006.6187,0,2.5,0.0,0.0
161,533,1006.6187,0,2.5,0.0,0.0
162,537,1006.6187,0,2.5,0.0,0.0
163,541,1006.6187,0,2.5,0.0,0.0
164,546,1006.6187,0,2.5,0.0,0.0
165,550,1006.6187,0,2.5,0.0,0.0
166,555,1006.6187,0,2.5,0.0,0.0
167,559,1006.6187,0,2.5,0.0,0.0
168,563,1006.6187,0,2.5,0.0,0.0
169,567,1006.6187,0,2.5,0.0,0.0
170,572,992.2197,0,2.5,0.0,0.0
171,576,992.2197,0,2.5,0.0,0.0
172,580,992.2197,0,2.5,0.0,0.0
173,585,992.2197,0,2.5,0.0,0.0
174,589,992.2197,0,2.5,0.0,0.0
175,594,992.2197,0,2.5,0.0,0.0
176,598,992.2197,0,2.5,0.0,0.0
177,602,992.2197,0,2.5,0.0,0.0
178,607,992.2197,0,2.5,0.0,0.0
179,611,992.2197,0,2.5,0.0,0.0
180,615,978.1481,0,2.5,0.0,0.0
181,621,978.1481,0,2.5,0.0,0.0
182,625,978.1481,0,2.5,0.0,0.0
183,629,978.1481,0,2.5,0.0,0.0
184,634,978.1481,0,2.5,0.0,0.0
185,638,978.1481,0,2.5,0.0,0.0
186,642,978.1481,0,2.5,0.0,0.0
187,647,978.1481,0,2.5,0.0,0.0
188,651,978.1481,0,2.5,0.0,0.0
189,655,978.1481,0,2.5,0.0,0.0
190,660,963.4218,0,2.5,0.0,0.0
191,664,963.4218,0,2.5,0.0,0.0
192,668,963.4218,0,2.5,0.0,0.0
193,673,963.4218,0,2.5,0.0,0.0
194,677,963.4218,0,2.5,0.0,0.0
195,682,963.4218,0,2.5,0.0,0.0
196,686,963.4218,0,2.5,0.0,0.0
197,690,963.4218,0,2.5,0.0,0.0
198,695,963.4218,0,2.5,0.0,0.0
199,699,963.4218,0,2.5,0.0,0.0
200,703,949.3501,0,2.5,0.0,0.0
201,708,949.3501,0,2.5,0.0,0.0
202,712,949.3501,0,2.5,0.0,0.0
203,716,949.3501,0,2.5,0.0,0.0
204,721,949.3501,0,2.5,0.0,0.0
205,725,949.3501,0,2.5,0.0,0.0
206,729,949.3501,0,2.5,0.0,0.0
207,734,949.3501,0,2.5,0.0,0.0
208,738,949.3501,0,2.5,0.0,0.0
209,742,949.3501,0,2.5,0.0,0.0
210,748,934.9511,0,2.5,0.0,0.0
211,752,934.9511,0,2.5,0.0,0.0
212,757,934.9511,0,2.5,0.0,0.0
213,761,934.9511,0,2.5,0.0,0.0
214,765,934.9511,0,2.5,0.0,0.0
215,770,934.9511,0,2.5,0.0,0.0
216,774,934.9511,0,2.5,0.0,0.0
217,778,934.9511,0,2.5,0.0,0.0
218,783,934.9511,0,2.5,0.0,0.0
219,787,934.9511,0,2.5,0.0,0.0
220,791,920.5521,0,2.5,0.0,0.0
221,796,920.5521,0,2.5,0.0,0.0
222,800,920.5521,0,2.5,0.0,0.0
223,804,920.5521,0,2.5,0.0,0.0
224,809,920.5521,0,2.5,0.0,0.0
225,813,920.5521,0,2.5,0.0,0.0
226,818,920.5521,0,2.5,0.0,0.0
227,822,920.5521,0,2.5,0.0,0.0
228,826,920.5521,0,2.5,0.0,0.0
229,831,920.5521,0,2.5,0.0,0.0
230,835,906.1532,0,2.5,0.0,0.0
231,839,906.1532,0,2.5,0.0,0.0
232,844,906.1532,0,2.5,0.0,0.0
233,848,906.1532,0,2.5,0.0,0.0
234,852,906.1532,0,2.5,0.0,0.0
235,857,906.1532,0,2.5,0.0,0.0
236,861,906.1532,0,2.5,0.0,0.0
237,866,906.1532,0,2.5,0.0,0.0
238,870,906.1532,0,2.5,0.0,0.0
239,875,906.1532,0,2.5,0.0,0.0
240,880,891.427,0,2.5,0.0,0.0
241,884,891.427,0,2.5,0.0,0.0
242,888,891.427,0,2.5,0.0,0.0
243,894,891.427,0,2.5,0.0,0.0
244,898,891.427,0,2.5,0.0,0.0
245,902,891.427,0,2.5,0.0,0.0
246,907,891.427,0,2.5,0.0,0.0
247,911,891.427,0,2.5,0.0,0.0
248,916,891.427,0,2.5,0.0,0.0
249,920,891.427,0,2.5,0.0,0.0
250,924,877.0281,0,2.5,0.0,0.0
251,929,877.0281,0,2.5,0.0,0.0
252,933,877.0281,0,2.5,0.0,0.0
253,937,877.0281,0,2.5,0.0,0.0
254,942,877.0281,0,2.5,0.0,0.0
255,946,877.0281,0,2.5,0.0,0.0
256,950,877.0281,0,2.5,0.0,0.0
257,955,877.0281,0,2.5,0.0,0.0
258,959,877.0281,0,2.5,0.0,0.0
259,964,877.0281,0,2.5,0.0,0.0
260,968,862.6291,0,2.5,0.0,0.0
261,972,862.6291,0,2.5,0.0,0.0
262,977,862.6291,0,2.5,0.0,0.0
263,981,862.6291,0,2.5,0.0,0.0
264,985,862.6291,0,2.5,0.0,0.0
265,990,862.6291,0,2.5,0.0,0.0
266,994,862.6291,0,2.5,0.0,0.0
267,998,862.6291,0,2.5,0.0,0.0
268,1003,862.6291,0,2.5,0.0,0.0
269,1007,862.6291,0,2.5,0.0,0.0
270,1012,848.5573,0,2.5,0.0,0.0
271,1016,848.5573,0,2.5,0.0,0.0
272,1020,848.5573,0,2.5,0.0,0.0
273,1025,848.5573,0,2.5,0.0,0.0
274,1029,848.5573,0,2.5,0.0,0.0
275,1033,848.5573,0,2.5,0.0,0.0
276,1038,848.5573,0,2.5,0.0,0.0
277,1042,848.5573,0,2.5,0.0,0.0
278,1046,848.5573,0,2.5,0.0,0.0
279,1051,848.5573,0,2.5,0.0,0.0
280,1055,834.1583,0,2.5,0.0,0.0
281,1060,834.1583,0,2.5,0.0,0.0
282,1064,834.1583,0,2.5,0.0,0.0
283,1069,834.1583,0,2.5,0.0,0.0
284,1074,834.1583,0,2.5,0.0,0.0
285,1078,834.1583,0,2.5,0.0,0.0
286,1082,834.1583,0,2.5,0.0,0.0
287,1088,834.1583,0,2.5,0.0,0.0
288,1092,834.1583,0,2.5,0.0,0.0
289,1096,834.1583,0,2.5,0.0,0.0
290,1101,819.1049,0,2.5,0.0,0.0
291,1105,819.1049,0,2.5,0.0,0.0
292,1110,819.1049,0,2.5,0.0,0.0
293,1114,819.1049,0,2.5,0.0,0.0
294,1118,819.1049,0,2.5,0.0,0.0
295,1123,819.1049,0,2.5,0.0,0.0
296,1127,819.1049,0,2.5,0.0,0.0
297,1131,819.1049,0,2.5,0.0,0.0
298,1137,819.1049,0,2.5,0.0,0.0
299,1141,819.1049,0,2.5,0.0,0.0
300,1145,804.3787,0,2.5,0.0,0.0
301,1150,804.3787,0,2.5,0.0,0.0
302,1154,804.3787,0,2.5,0.0,0.0
303,1159,804.3787,0,2.5,0.0,0.0
304,1163,804.3787,0,2.5,0.0,0.0
305,1167,804.3787,0,2.5,0.0,0.0
306,1172,804.3787,0,2.5,0.0,0.0
307,1176,804.3787,0,2.5,0.0,0.0
308,1180,804.3787,0,2.5,0.0,0.0
309,1186,804.3787,0,2.5,0.0,0.0
310,1190,789.9797,0,2.5,0.0,0.0
311,1195,789.9797,0,2.5,0.0,0.0
312,1199,789.9797,0,2.5,0.0,0.0
313,1203,789.9797,0,2.5,0.0,0.0
314,1208,789.9797,0,2.5,0.0,0.0
315,1212,789.9797,0,2.5,0.0,0.0
316,1216,789.9797,0,2.5,0.0,0.0
317,1221,789.9797,0,2.5,0.0,0.0
318,1225,789.9797,0,2.5,0.0,0.0
319,1230,789.9797,0,2.5,0.0,0.0
320,1234,775.5807,0,2.5,0.0,0.0
321,1238,775.5807,0,2.5,0.0,0.0
322,1243,775.5807,0,2.5,0.0,0.0
323,1247,775.5807,0,2.5,0.0,0.0
324,1251,775.5807,0,2.5,0.0,0.0
325,1256,775.5807,0,2.5,0.0,0.0
326,1260,775.5807,0,2.5,0.0,0.0
327,1264,775.5807,0,2.5,0.0,0.0
328,1269,775.5807,0,2.5,0.0,0.0
329,1273,775.5807,0,2.5,0.0,0.0
330,1277,761.509,0,2.5,0.0,0.0
331,1282,761.509,0,2.5,0.0,0.0
332,1286,761.509,0,2.5,0.0,0.0
333,1291,761.509,0,2.5,0.0,0.0
334,1295,761.509,0,2.5,0.0,0.0
335,1299,761.509,0,2.5,0.0,0.0
336,1304,761.509,0,2.5,0.0,0.0
337,1308,761.509,0,2.5,0.0,0.0
338,1312,761.509,0,2.5,0.0,0.0
339,1317,761.509,0,2.5,0.0,0.0
340,1321,747.11,0,2.5,0.0,0.0
341,1326,747.11,0,2.5,0.0,0.0
342,1330,747.11,0,2.5,0.0,0.0
343,1334,747.11,0,2.5,0.0,0.0
344,1339,747.11,0,2.5,0.0,0.0
345,1343,747.11,0,2.5,0.0,0.0
346,1347,747.11,0,2.5,0.0,0.0
347,1352,747.11,0,2.5,0.0,0.0
348,1356,747.11,0,2.5,0.0,0.0
349,1360,747.11,0,2.5,0.0,0.0
350,1365,732.7111,0,2.5,0.0,0.0
351,1369,732.7111,0,2.5,0.0,0.0
352,1374,732.7111,0,2.5,0.0,0.0
353,1378,732.7111,0,2.5,0.0,0.0
354,1382,732.7111,0,2.5,0.0,0.0
355,1387,732.7111,0,2.5,0.0,0.0
356,1391,732.7111,0,2.5,0.0,0.0
357,1395,732.7111,0,2.5,0.0,0.0
358,1400,732.7111,0,2.5,0.0,0.0
359,1404,732.7111,0,2.5,0.0,0.0
360,1408,718.6394,0,2.5,0.0,0.0
361,1413,718.6394,0,2.5,0.0,0.0
362,1417,718.6394,0,2.5,0.0,0.0
363,1422,718.6394,0,2.5,0.0,0.0
364,1426,718.6394,0,2.5,0.0,0.0
365,1430,718.6394,0,2.5,0.0,0.0
366,1435,718.6394,0,2.5,0.0,0.0
367,1439,718.6394,0,2.5,0.0,0.0
368,1444,718.6394,0,2.5,0.0,0.0
369,1449,718.6394,0,2.5,0.0,0.0
370,1453,703.9131,0,2.5,0.0,0.0
371,1458,703.9131,0,2.5,0.0,0.0
372,1462,703.9131,0,2.5,0.0,0.0
373,1466,703.9131,0,2.5,0.0,0.0
374,1471,703.9131,0,2.5,0.0,0.0
375,1475,703.9131,0,2.5,0.0,0.0
376,1479,703.9131,0,2.5,0.0,0.0
377,1484,703.9131,0,2.5,0.0,0.0
378,1488,703.9131,0,2.5,0.0,0.0
379,1493,703.9131,0,2.5,0.0,0.0
380,1498,689.187,0,2.5,0.0,0.0
381,1502,689.187,0,2.5,0.0,0.0
382,1507,689.187,0,2.5,0.0,0.0
383,1511,689.187,0,2.5,0.0,0.0
384,1515,689.187,0,2.5,0.0,0.0
385,1520,689.187,0,2.5,0.0,0.0
386,1524,689.187,0,2.5,0.0,0.0
387,1528,689.187,0,2.5,0.0,0.0
388,1533,689.187,0,2.5,0.0,0.0
389,1537,689.187,0,2.5,0.0,0.0
390,1541,675.1152,0,2.5,0.0,0.0
391,1546,675.1152,0,2.5,0.0,0.0
392,1550,675.1152,0,2.5,0.0,0.0
393,1555,675.1152,0,2.5,0.0,0.0
394,1559,675.1152,0,2.5,0.0,0.0
395,1563,675.1152,0,2.5,0.0,0.0
396,1568,675.1152,0,2.5,0.0,0.0
397,1572,675.1152,0,2.5,0.0,0.0
398,1576,675.1152,0,2.5,0.0,0.0
399,1581,675.1152,0,2.5,0.0,0.0
400,1585,660.7162,0,2.5,0.0,0.0
401,1589,660.7162,0,2.5,0.0,0.0
402,1594,660.7162,0,2.5,0.0,0.0
403,1598,660.7162,0,2.5,0.0,0.0
404,1603,660.7162,0,2.5,0.0,0.0
405,1607,660.7162,0,2.5,0.0,0.0
406,1611,660.7162,0,2.5,0.0,0.0
407,1616,660.7162,0,2.5,0.0,0.0
408,1620,660.7162,0,2.5,0.0,0.0
409,1625,660.7162,0,2.5,0.0,0.0
410,1629,646.3173,0,2.5,0.0,0.0
411,1633,646.3173,0,2.5,0.0,0.0
412,1638,646.3173,0,2.5,0.0,0.0
413,1642,646.3173,0,2.5,0.0,0.0
414,1646,646.3173,0,2.5,0.0,0.0
415,1651,646.3173,0,2.5,0.0,0.0
416,1655,646.3173,0,2.5,0.0,0.0
417,1659,646.3173,0,2.5,0.0,0.0
418,1664,646.3173,0,2.5,0.0,0.0
419,1668,646.3173,0,2.5,0.0,0.0
420,1673,631.9183,0,2.5,0.0,0.0
421,1677,631.9183,0,2.5,0.0,0.0
422,1681,631.9183,0,2.5,0.0,0.0
423,1686,631.9183,0,2.5,0.0,0.0
424,1690,631.9183,0,2.5,0.0,0.0
425,1694,631.9183,0,2.5,0.0,0.0
426,1699,631.9183,0,2.5,0.0,0.0
427,1703,631.9183,0,2.5,0.0,0.0
428,1708,631.9183,0,2.5,0.0,0.0
429,1712,631.9183,0,2.5,0.0,0.0
430,1716,617.8466,0,2.5,0.0,0.0
431,1721,617.8466,0,2.5,0.0,0.0
432,1725,617.8466,0,2.5,0.0,0.0
433,1729,617.8466,0,2.5,0.0,0.0
434,1734,617.8466,0,2.5,0.0,0.0
435,1738,617.8466,0,2.5,0.0,0.0
436,1742,617.8466,0,2.5,0.0,0.0
437,1747,617.8466,0,2.5,0.0,0.0
438,1751,617.8466,0,2.5,0.0,0.0
439,1756,617.8466,0,2.5,0.0,0.0
440,1760,603.4476,0,2.5,0.0,0.0
441,1764,603.4476,0,2.5,0.0,0.0
442,1769,603.4476,0,2.5,0.0,0.0
443,1773,603.4476,0,2.5,0.0,0.0
444,1777,603.4476,0,2.5,0.0,0.0
445,1782,603.4476,0,2.5,0.0,0.0
446,1786,603.4476,0,2.5,0.0,0.0
447,1790,603.4476,0,2.5,0.0,0.0
448,1795,603.4476,0,2.5,0.0,0.0
449,1799,603.4476,0,2.5,0.0,0.0
450,1804,589.0487,0,2.5,0.0,0.0
451,1808,589.0487,0,2.5,0.0,0.0
452,1813,589.0487,0,2.5,0.0,0.0
453,1818,589.0487,0,2.5,0.0,0.0
454,1822,589.0487,0,2.5,0.0,0.0
455,1826,589.0487,0,2.5,0.0,0.0
456,1831,589.0487,0,2.5,0.0,0.0
457,1835,589.0487,0,2.5,0.0,0.0
458,1839,589.0487,0,2.5,0.0,0.0
459,1844,589.0487,0,2.5,0.0,0.0
460,1848,574.6497,0,2.5,0.0,0.0
461,1853,574.6497,0,2.5,0.0,0.0
462,1857,574.6497,0,2.5,0.0,0.0
463,1861,574.6497,0,2.5,0.0,0.0
464,1866,574.6497,0,2.5,0.0,0.0
465,1870,574.6497,0,2.5,0.0,0.0
466,1874,574.6497,0,2.5,0.0,0.0
467,1879,574.6497,0,2.5,0.0,0.0
468,1883,574.6497,0,2.5,0.0,0.0
469,1887,574.6497,0,2.5,0.0,0.0
470,1892,560.2507,0,2.5,0.0,0.0
471,1896,560.2507,0,2.5,0.0,0.0
472,1901,560.2507,0,2.5,0.0,0.0
473,1905,560.2507,0,2.5,0.0,0.0
474,1910,560.2507,0,2.5,0.0,0.0
475,1914,560.2507,0,2.5,0.0,0.0
476,1918,560.2507,0,2.5,0.0,0.0
477,1923,560.2507,0,2.5,0.0,0.0
478,1927,560.2507,0,2.5,0.0,0.0
479,1931,560.2507,0,2.5,0.0,0.0
480,1936,545.8518,0,2.5,0.0,0.0
481,1940,545.8518,0,2.5,0.0,0.0
482,1944,545.8518,0,2.5,0.0,0.0
483,1949,545.8518,0,2.5,0.0,0.0
484,1953,545.8518,0,2.5,0.0,0.0
485,1958,545.8518,0,2.5,0.0,0.0
486,1962,545.8518,0,2.5,0.0,0.0
487,1966,545.8518,0,2.5,0.0,0.0
488,1971,545.8518,0,2.5,0.0,0.0
489,1975,545.8518,0,2.5,0.0,0.0
490,1979,531.7801,0,2.5,0.0,0.0
491,1984,531.7801,0,2.5,0.0,0.0
492,1988,531.7801,0,2.5,0.0,0.0
493,1992,531.7801,0,2.5,0.0,0.0
494,1997,531.7801,0,2.5,0.0,0.0
495,2001,531.7801,0,2.5,0.0,0.0
496,2006,531.7801,0,2.5,0.0,0.0
497,2010,531.7801,0,2.5,0.0,0.0
498,2014,531.7801,0,2.5,0.0,0.0
499,2019,531.7801,0,2.5,0.0,0.0
500,2023,517.3811,0,2.5,0.0,0.0
501,2027,517.3811,0,2.5,0.0,0.0
502,2032,517.3811,0,2.5,0.0,0.0
503,2036,517.3811,0,2.5,0.0,0.0
504,2041,517.3811,0,2.5,0.0,0.0
505,2045,517.3811,0,2.5,0.0,0.0
506,2049,517.3811,0,2.5,0.0,0.0
507,2054,517.3811,0,2.5,0.0,0.0
508,2058,517.3811,0,2.5,0.0,0.0
509,2062,517.3811,0,2.5,0.0,0.0
510,2067,502.9821,0,2.5,0.0,0.0
511,2071,502.9821,0,2.5,0.0,0.0
512,2076,502.9821,0,2.5,0.0,0.0
513,2080,502.9821,0,2.5,0.0,0.0
514,2084,502.9821,0,2.5,0.0,0.0
515,2089,502.9821,0,2.5,0.0,0.0
516,2093,502.9821,0,2.5,0.0,0.0
517,2097,502.9821,0,2.5,0.0,0.0
518,2102,502.9821,0,2.5,0.0,0.0
519,2106,502.9821,0,2.5,0.0,0.0
520,2110,488.9105,0,2.5,0.0,0.0
521,2115,488.9105,0,2.5,0.0,0.0
522,2119,488.9105,0,2.5,0.0,0.0
523,2124,488.9105,0,2.5,0.0,0.0
524,2128,488.9105,0,2.5,0.0,0.0
525,2132,488.9105,0,2.5,0.0,0.0
526,2137,488.9105,0,2.5,0.0,0.0
527,2141,488.9105,0,2.5,0.0,0.0
528,2146,488.9105,0,2.5,0.0,0.0
529,2150,488.9105,0,2.5,0.0,0.0
530,2154,474.5114,0,2.5,0.0,0.0
531,2159,474.5114,0,2.5,0.0,0.0
532,2163,474.5114,0,2.5,0.0,0.0
533,2167,474.5114,0,2.5,0.0,0.0
534,2172,474.5114,0,2.5,0.0,0.0
535,2176,474.5114,0,2.5,0.0,0.0
536,2181,474.5114,0,2.5,0.0,0.0
537,2185,474.5114,0,2.5,0.0,0.0
538,2189,474.5114,0,2.5,0.0,0.0
539,2194,474.5114,0,2.5,0.0,0.0
540,2198,460.1125,0,2.5,0.0,0.0
541,2202,460.1125,0,2.5,0.0,0.0
542,2207,460.1125,0,2.5,0.0,0.0
543,2211,460.1125,0,2.5,0.0,0.0
544,2216,460.1125,0,2.5,0.0,0.0
545,2221,460.1125,0,2.5,0.0,0.0
546,2225,460.1125,0,2.5,0.0,0.0
547,2231,460.1125,0,2.5,0.0,0.0
548,2235,460.1125,0,2.5,0.0,0.0
549,2239,460.1125,0,2.5,0.0,0.0
550,2244,445.0591,0,2.5,0.0,0.0
551,2248,445.0591,0,2.5,0.0,0.0
552,2252,445.0591,0,2.5,0.0,0.0
553,2257,445.0591,0,2.5,0.0,0.0
554,2261,445.0591,0,2.5,0.0,0.0
555,2266,445.0591,0,2.5,0.0,0.0
556,2270,445.0591,0,2.5,0.0,0.0
557,2274,445.0591,0,2.5,0.0,0.0
558,2279,445.0591,0,2.5,0.0,0.0
559,2283,445.0591,0,2.5,0.0,0.0
560,2288,430.66,0,2.5,0.0,0.0
561,2292,430.66,0,2.5,0.0,0.0
562,2296,430.66,0,2.5,0.0,0.0
563,2301,430.66,0,2.5,0.0,0.0
564,2305,430.66,0,2.5,0.0,0.0
565,2309,430.66,0,2.5,0.0,0.0
566,2314,430.66,0,2.5,0.0,0.0
567,2318,430.66,0,2.5,0.0,0.0
568,2323,430.66,0,2.5,0.0,0.0
569,2327,430.66,0,2.5,0.0,0.0
570,2331,416.5884,0,2.5,0.0,0.0
571,2337,416.5884,0,2.5,0.0,0.0
572,2341,416.5884,0,2.5,0.0,0.0
573,2346,416.5884,0,2.5,0.0,0.0
574,2350,416.5884,0,2.5,0.0,0.0
575,2354,416.5884,0,2.5,0.0,0.0
576,2360,416.5884,0,2.5,0.0,0.0
577,2364,416.5884,0,2.5,0.0,0.0
578,2368,416.5884,0,2.5,0.0,0.0
579,2373,416.5884,0,2.5,0.0,0.0
580,2377,401.5349,0,2.5,0.0,0.0
581,2382,401.5349,0,2.5,0.0,0.0
582,2386,401.5349,0,2.5,0.0,0.0
583,2390,401.5349,0,2.5,0.0,0.0
584,2395,401.5349,0,2.5,0.0,0.0
585,2399,401.5349,0,2.5,0.0,0.0
586,2403,401.5349,0,2.5,0.0,0.0
587,2408,401.5349,0,2.5,0.0,0.0
588,2412,401.5349,0,2.5,0.0,0.0
589,2416,401.5349,0,2.5,0.0,0.0
590,2421,387.1359,0,2.5,0.0,0.0
591,2425,387.1359,0,2.5,0.0,0.0
592,2430,387.1359,0,2.5,0.0,0.0
593,2434,387.1359,0,2.5,0.0,0.0
594,2438,387.1359,0,2.5,0.0,0.0
595,2443,387.1359,0,2.5,0.0,0.0
596,2447,387.1359,0,2.5,0.0,0.0
597,2452,387.1359,0,2.5,0.0,0.0
598,2456,387.1359,0,2.5,0.0,0.0
599,2460,387.1359,0,2.5,0.0,0.0
600,2465,372.737,0,2.5,0.0,0.0
601,2469,372.737,0,2.5,0.0,0.0
602,2474,372.737,0,2.5,0.0,0.0
603,2478,372.737,0,2.5,0.0,0.0
604,2482,372.737,0,2.5,0.0,0.0
605,2487,372.737,0,2.5,0.0,0.0
606,2491,372.737,0,2.5,0.0,0.0
607,2497,372.737,0,2.5,0.0,0.0
608,2502,372.737,0,2.5,0.0,0.0
609,2506,372.737,0,2.5,0.0,0.0
610,2510,358.0107,0,2.5,0.0,0.0
611,2515,358.0107,0,2.5,0.0,0.0
612,2519,358.0107,0,2.5,0.0,0.0
613,2524,358.0107,0,2.5,0.0,0.0
614,2528,358.0107,0,2.5,0.0,0.0
615,2532,358.0107,0,2.5,0.0,0.0
616,2537,358.0107,0,2.5,0.0,0.0
617,2541,358.0107,0,2.5,0.0,0.0
618,2546,358.0107,0,2.5,0.0,0.0
619,2551,358.0107,0,2.5,0.0,0.0
620,2555,343.2845,0,2.5,0.0,0.0
621,2560,343.2845,0,2.5,0.0,0.0
622,2564,343.2845,0,2.5,0.0,0.0
623,2568,343.2845,0,2.5,0.0,0.0
624,2573,343.2845,0,2.5,0.0,0.0
625,2577,343.2845,0,2.5,0.0,0.0
626,2582,343.2845,0,2.5,0.0,0.0
627,2586,343.2845,0,2.5,0.0,0.0
628,2590,343.2845,0,2.5,0.0,0.0
629,2595,343.2845,0,2.5,0.0,0.0
630,2599,328.8856,0,2.5,0.0,0.0
631,2603,328.8856,0,2.5,0.0,0.0
632,2608,328.8856,0,2.5,0.0,0.0
633,2612,328.8856,0,2.5,0.0,0.0
634,2617,328.8856,0,2.5,0.0,0.0
635,2621,328.8856,0,2.5,0.0,0.0
636,2625,328.8856,0,2.5,0.0,0.0
637,2630,328.8856,0,2.5,0.0,0.0
638,2634,328.8856,0,2.5,0.0,0.0
639,2638,328.8856,0,2.5,0.0,0.0
640,2644,314.4865,0,2.5,0.0,0.0
641,2648,314.4865,0,2.5,0.0,0.0
642,2652,314.4865,0,2.5,0.0,0.0
643,2657,314.4865,0,2.5,0.0,0.0
644,2661,314.4865,0,2.5,0.0,0.0
645,2666,314.4865,0,2.5,0.0,0.0
646,2670,314.4865,0,2.5,0.0,0.0
647,2675,314.4865,0,2.5,0.0,0.0
648,2679,314.4865,0,2.5,0.0,0.0
649,2683,314.4865,0,2.5,0.0,0.0
650,2688,300.0876,0,2.5,0.0,0.0
651,2692,300.0876,0,2.5,0.0,0.0
652,2696,300.0876,0,2.5,0.0,0.0
653,2701,300.0876,0,2.5,0.0,0.0
654,2705,300.0876,0,2.5,0.0,0.0
655,2709,300.0876,0,2.5,0.0,0.0
656,2714,300.0876,0,2.5,0.0,0.0
657,2718,300.0876,0,2.5,0.0,0.0
658,2723,300.0876,0,2.5,0.0,0.0
659,2728,300.0876,0,2.5,0.0,0.0
660,2732,285.3614,0,2.5,0.0,0.0
661,2738,285.3614,0,2.5,0.0,0.0
662,2743,285.3614,0,2.5,0.0,0.0
663,2747,285.3614,0,2.5,0.0,0.0
664,2752,285.3614,0,2.5,0.0,0.0
665,2756,285.3614,0,2.5,0.0,0.0
666,2760,285.3614,0,2.5,0.0,0.0
667,2765,285.3614,0,2.5,0.0,0.0
668,2769,285.3614,0,2.5,0.0,0.0
669,2774,285.3614,0,2.5,0.0,0.0
670,2778,270.3079,0,2.5,0.0,0.0
671,2782,270.3079,0,2.5,0.0,0.0
672,2788,270.3079,0,2.5,0.0,0.0
673,2792,270.3079,0,2.5,0.0,0.0
674,2796,270.3079,0,2.5,0.0,0.0
675,2801,270.3079,0,2.5,0.0,0.0
676,2805,270.3079,0,2.5,0.0,0.0
677,2810,270.3079,0,2.5,0.0,0.0
678,2814,270.3079,0,2.5,0.0,0.0
679,2819,270.3079,0,2.5,0.0,0.0
680,2824,255.2544,0,2.5,0.0,0.0
681,2828,255.2544,0,2.5,0.0,0.0
682,2833,255.2544,0,2.5,0.0,0.0
683,2837,255.2544,0,2.5,0.0,0.0
684,2841,255.2544,0,2.5,0.0,0.0
685,2846,255.2544,0,2.5,0.0,0.0
686,2850,255.2544,0,2.5,0.0,0.0
687,2854,255.2544,0,2.5,0.0,0.0
688,2859,255.2544,0,2.5,0.0,0.0
689,2863,255.2544,0,2.5,0.0,0.0
690,2868,240.8555,0,2.5,0.0,0.0
691,2872,240.8555,0,2.5,0.0,0.0
692,2876,240.8555,0,2.5,0.0,0.0
693,2881,240.8555,0,2.5,0.0,0.0
694,2885,240.8555,0,2.5,0.0,0.0
695,2889,240.8555,0,2.5,0.0,0.0
696,2894,240.8555,0,2.5,0.0,0.0
697,2898,240.8555,0,2.5,0.0,0.0
698,2902,240.8555,0,2.5,0.0,0.0
699,2907,240.8555,0,2.5,0.0,0.0
700,2911,226.7838,0,2.5,0.0,0.0
701,2916,226.7838,0,2.5,0.0,0.0
702,2920,226.7838,0,2.5,0.0,0.0
703,2924,226.7838,0,2.5,0.0,0.0
704,2929,226.7838,0,2.5,0.0,0.0
705,2933,226.7838,0,2.5,0.0,0.0
706,2938,226.7838,0,2.5,0.0,0.0
707,2942,226.7838,0,2.5,0.0,0.0
708,2946,226.7838,0,2.5,0.0,0.0
709,2951,226.7838,0,2.5,0.0,0.0
710,2955,212.3848,0,2.5,0.0,0.0
711,2959,212.3848,0,2.5,0.0,0.0
712,2964,212.3848,0,2.5,0.0,0.0
713,2968,212.3848,0,2.5,0.0,0.0
714,2973,212.3848,0,2.5,0.0,0.0
715,2977,212.3848,0,2.5,0.0,0.0
716,2981,212.3848,0,2.5,0.0,0.0
717,2986,212.3848,0,2.5,0.0,0.0
718,2990,212.3848,0,2.5,0.0,0.0
719,2994,212.3848,0,2.5,0.0,0.0
720,2999,197.9858,0,2.5,0.0,0.0
721,3003,197.9858,0,2.5,0.0,0.0
722,3008,197.9858,0,2.5,0.0,0.0
723,3012,197.9858,0,2.5,0.0,0.0
724,3016,197.9858,0,2.5,0.0,0.0
725,3021,197.9858,0,2.5,0.0,0.0
726,3025,197.9858,0,2.5,0.0,0.0
727,3029,197.9858,0,2.5,0.0,0.0
728,3033,197.9858,0,2.5,0.0,0.0
729,3037,197.9858,0,2.5,0.0,0.0
730,3041,184.2414,0,2.5,0.0,0.0
731,3046,184.2414,0,2.5,0.0,0.0
732,3050,184.2414,0,2.5,0.0,0.0
733,3055,184.2414,0,2.5,0.0,0.0
734,3059,184.2414,0,2.5,0.0,0.0
735,3063,184.2414,0,2.5,0.0,0.0
736,3068,184.2414,0,2.5,0.0,0.0
737,3072,184.2414,0,2.5,0.0,0.0
738,3077,184.2414,0,2.5,0.0,0.0
739,3081,184.2414,0,2.5,0.0,0.0
740,3085,169.8424,0,2.5,0.0,0.0
741,3090,169.8424,0,2.5,0.0,0.0
742,3094,169.8424,0,2.5,0.0,0.0
743,3098,169.8424,0,2.5,0.0,0.0
744,3103,169.8424,0,2.5,0.0,0.0
745,3107,169.8424,0,2.5,0.0,0.0
746,3112,169.8424,0,2.5,0.0,0.0
747,3116,169.8424,0,2.5,0.0,0.0
748,3120,169.8424,0,2.5,0.0,0.0
749,3125,169.8424,0,2.5,0.0,0.0
750,3130,155.4434,0,2.5,0.0,0.0
751,3134,155.4434,0,2.5,0.0,0.0
752,3139,155.4434,0,2.5,0.0,0.0
753,3143,155.4434,0,2.5,0.0,0.0
754,3147,155.4434,0,2.5,0.0,0.0
755,3152,155.4434,0,2.5,0.0,0.0
756,3156,155.4434,0,2.5,0.0,0.0
757,3161,155.4434,0,2.5,0.0,0.0
758,3165,155.4434,0,2.5,0.0,0.0
759,3169,155.4434,0,2.5,0.0,0.0
760,3174,140.7172,0,2.5,0.0,0.0
761,3179,140.7172,0,2.5,0.0,0.0
762,3183,140.7172,0,2.5,0.0,0.0
763,3188,140.7172,0,2.5,0.0,0.0
764,3192,140.7172,0,2.5,0.0,0.0
765,3196,140.7172,0,2.5,0.0,0.0
766,3201,140.7172,0,2.5,0.0,0.0
767,3205,140.7172,0,2.5,0.0,0.0
768,3210,140.7172,0,2.5,0.0,0.0
769,3214,140.7172,0,2.5,0.0,0.0
770,3219,126.3183,0,2.5,0.0,0.0
771,3224,126.3183,0,2.5,0.0,0.0
772,3228,126.3183,0,2.5,0.0,0.0
773,3232,126.3183,0,2.5,0.0,0.0
774,3237,126.3183,0,2.5,0.0,0.0
775,3241,126.3183,0,2.5,0.0,0.0
776,3246,126.3183,0,2.5,0.0,0.0
777,3250,126.3183,0,2.5,0.0,0.0
778,3254,126.3183,0,2.5,0.0,0.0
779,3259,126.3183,0,2.5,0.0,0.0
780,3263,111.592,0,2.5,0.0,0.0
781,3268,111.592,0,2.5,0.0,0.0
782,3272,111.592,0,2.5,0.0,0.0
783,3276,111.592,0,2.5,0.0,0.0
784,3281,111.592,0,2.5,0.0,0.0
785,3285,111.592,0,2.5,0.0,0.0
786,3289,111.592,0,2.5,0.0,0.0
787,3294,111.592,0,2.5,0.0,0.0
788,3298,111.592,0,2.5,0.0,0.0
789,3304,111.592,0,2.5,0.0,0.0
790,3308,96.8658,0,2.5,0.0,0.0
791,3312,96.8658,0,2.5,0.0,0.0
792,3317,96.8658,0,2.5,0.0,0.0
793,3321,96.8658,0,2.5,0.0,0.0
794,3325,96.8658,0,2.5,0.0,0.0
795,3330,96.8658,0,2.5,0.0,0.0
796,3334,96.8658,0,2.5,0.0,0.0
797,3338,96.8658,0,2.5,0.0,0.0
798,3343,96.8658,0,2.5,0.0,0.0
799,3347,96.8658,0,2.5,0.0,0.0
800,3352,82.4669,0,2.5,0.0,0.0
801,3356,82.4669,0,2.5,0.0,0.0
802,3360,82.4669,0,2.5,0.0,0.0
803,3365,82.4669,0,2.5,0.0,0.0
804,3369,82.4669,0,2.5,0.0,0.0
805,3372,82.4669,0,2.5,0.0,0.0
806,3377,82.4669,0,2.5,0.0,0.0
807,3381,82.4669,0,2.5,0.0,0.0
808,3386,82.4669,0,2.5,0.0,0.0
809,3390,82.4669,0,2.5,0.0,0.0
810,3394,68.7224,0,2.5,0.0,0.0
811,3399,68.7224,0,2.5,0.0,0.0
812,3403,68.7224,0,2.5,0.0,0.0
813,3407,68.7224,0,2.5,0.0,0.0
814,3412,68.7224,0,2.5,0.0,0.0
815,3416,68.7224,0,2.5,0.0,0.0
816,3421,68.7224,0,2.5,0.0,0.0
817,3425,68.7224,0,2.5,0.0,0.0
818,3429,68.7224,0,2.5,0.0,0.0
819,3434,68.7224,0,2.5,0.0,0.0
820,3438,54.3234,0,2.5,0.0,0.0
821,3442,54.3234,0,2.5,0.0,0.0
822,3447,54.3234,0,2.5,0.0,0.0
823,3451,54.3234,0,2.5,0.0,0.0
824,3456,54.3234,0,2.5,0.0,0.0
825,3460,54.3234,0,2.5,0.0,0.0
826,3464,54.3234,0,2.5,0.0,0.0
827,3469,54.3234,0,2.5,0.0,0.0
828,3473,54.3234,0,2.5,0.0,0.0
829,3477,54.3234,0,2.5,0.0,0.0
830,3482,39.9245,0,2.5,0.0,0.0
831,3486,39.9245,0,2.5,0.0,0.0
832,3491,39.9245,0,2.5,0.0,0.0
833,3495,39.9245,0,2.5,0.0,0.0
834,3499,39.9245,0,2.5,0.0,0.0
835,3504,39.9245,0,2.5,0.0,0.0
836,3508,39.9245,0,2.5,0.0,0.0
837,3512,39.9245,0,2.5,0.0,0.0
838,3517,39.9245,0,2.5,0.0,0.0
839,3521,39.9245,0,2.5,0.0,0.0
840,3525,25.8527,0,2.5,0.0,0.0
841,3530,25.8527,0,2.5,0.0,0.0
842,3534,25.8527,0,2.5,0.0,0.0
843,3539,25.8527,0,2.5,0.0,0.0
844,3543,25.8527,0,2.5,0.0,0.0
845,3547,25.8527,0,2.5,0.0,0.0
846,3552,25.8527,0,2.5,0.0,0.0
847,3557,25.8527,0,2.5,0.0,0.0
848,3562,25.8527,0,2.5,0.0,0.0
849,3567,25.8527,0,2.5,0.0,0.0
850,3571,10.7993,0,2.5,0.0,0.0
851,3576,10.7993,0,2.5,0.0,0.0
852,3580,10.7993,0,2.5,0.0,0.0
853,3584,10.7993,0,2.5,0.0,0.0
854,3589,10.7993,0,2.5,0.0,0.0
855,3593,10.7993,0,2.5,0.0,0.0
856,3597,10.7993,0,2.5,0.0,0.0
857,3602,10.7993,0,2.5,0.0,0.0
858,3606,10.7993,0,2.5,0.0,0.0
859,3610,10.7993,0,2.5,0.0,0.0
860,3615,-3.5997,0,2.5,0.0,0.0
861,3619,-3.5997,0,2.5,0.0,0.0
862,3623,-3.5997,0,2.5,0.0,0.0
863,3627,-3.5997,0,2.5,0.0,0.0
864,3631,-3.5997,0,2.5,0.0,0.0
865,3634,-3.5997,0,2.5,0.0,0.0
866,3638,-3.5997,0,2.5,0.0,0.0
867,3641,-3.5997,0,2.5,0.0,0.0
868,3645,-3.5997,0,2.5,0.0,0.0
869,3648,-3.5997,0,2.5,0.0,0.0
870,3651,-15.7079,0,2.5,0.0,0.0
871,3654,-15.7079,0,2.5,0.0,0.0
872,3656,-15.7079,0,2.5,0.0,0.0
873,3659,-15.7079,0,2.5,0.0,0.0
874,3661,-15.7079,0,2.5,0.0,0.0
875,3663,-15.7079,0,2.5,0.0,0.0
876,3665,-15.7079,0,2.5,0.0,0.0
877,3667,-15.7079,0,2.5,0.0,0.0
878,3668,-15.7079,0,2.5,0.0,0.0
879,3670,-15.7079,0,2.5,0.0,0.0
880,3671,-22.9074,0,2.5,0.0,0.0
881,3672,-22.9074,0,2.5,0.0,0.0
882,3673,-22.9074,0,2.5,0.0,0.0
883,3673,-22.9074,0,2.5,0.0,0.0
884,3674,-22.9074,0,2.5,0.0,0.0
885,3674,-22.9074,0,2.5,0.0,0.0
886,3674,-22.9074,0,2.5,0.0,0.0
887,3674,-22.9074,0,2.5,0.0,0.0
888,3674,-22.9074,0,2.5,0.0,0.0
889,3673,-22.9074,0,2.5,0.0,0.0
890,3673,-23.8892,0,2.5,0.0,0.0
891,3672,-23.8892,0,2.5,0.0,0.0
892,3671,-23.8892,0,2.5,0.0,0.0
893,3670,-23.8892,0,2.5,0.0,0.0
894,3669,-23.8892,0,2.5,0.0,0.0
895,3668,-23.8892,0,2.5,0.0,0.0
896,3667,-23.8892,0,2.5,0.0,0.0
897,3665,-23.8892,0,2.5,0.0,0.0
898,3664,-23.8892,0,2.5,0.0,0.0
899,3662,-23.8892,0,2.5,0.0,0.0
900,3660,-20.2894,0,2.5,0.0,0.0
901,3659,-20.2894,0,2.5,0.0,0.0
902,3657,-20.2894,0,2.5,0.0,0.0
903,3655,-20.2894,0,2.5,0.0,0.0
904,3653,-20.2894,0,2.5,0.0,0.0
905,3651,-20.2894,0,2.5,0.0,0.0
906,3649,-20.2894,0,2.5,0.0,0.0
907,3647,-20.2894,0,2.5,0.0,0.0
908,3644,-20.2894,0,2.5,0.0,0.0
909,3642,-20.2894,0,2.5,0.0,0.0
910,3639,-13.7444,0,2.5,0.0,0.0
911,3637,-13.7444,0,2.5,0.0,0.0
912,3634,-13.7444,0,2.5,0.0,0.0
913,3632,-13.7444,0,2.5,0.0,0.0
914,3629,-13.7444,0,2.5,0.0,0.0
915,3626,-13.7444,0,2.5,0.0,0.0
916,3623,-13.7444,0,2.5,0.0,0.0
917,3621,-13.7444,0,2.5,0.0,0.0
918,3618,-13.7444,0,2.5,0.0,0.0
919,3615,-13.7444,0,2.5,0.0,0.0
920,3612,-4.9087,0,2.5,0.0,0.0
921,3609,-4.9087,0,2.5,0.0,0.0
922,3606,-4.9087,0,2.5,0.0,0.0
923,3603,-4.9087,0,2.5,0.0,0.0
924,3600,-4.9087,0,2.5,0.0,0.0
925,3597,-4.9087,0,2.5,0.0,0.0
926,3595,-4.9087,0,2.5,0.0,0.0
927,3592,-4.9087,0,2.5,0.0,0.0
928,3589,-4.9087,0,2.5,0.0,0.0
929,3586,-4.9087,0,2.5,0.0,0.0
930,3583,4.5815,0,2.5,0.0,0.0
931,3581,4.5815,0,2.5,0.0,0.0
932,3578,4.5815,0,2.5,0.0,0.0
933,3576,4.5815,0,2.5,0.0,0.0
934,3574,4.5815,0,2.5,0.0,0.0
935,3571,4.5815,0,2.5,0.0,0.0
936,3569,4.5815,0,2.5,0.0,0.0
937,3568,4.5815,0,2.5,0.0,0.0
938,3566,4.5815,0,2.5,0.0,0.0
939,3564,4.5815,0,2.5,0.0,0.0
940,3563,11.781,0,2.5,0.0,0.0
941,3561,11.781,0,2.5,0.0,0.0
942,3560,11.781,0,2.5,0.0,0.0
943,3559,11.781,0,2.5,0.0,0.0
944,3558,11.781,0,2.5,0.0,0.0
945,3557,11.781,0,2.5,0.0,0.0
946,3557,11.781,0,2.5,0.0,0.0
947,3556,11.781,0,2.5,0.0,0.0
948,3556,11.781,0,2.5,0.0,0.0
949,3556,11.781,0,2.5,0.0,0.0
950,3556,14.399,0,2.5,0.0,0.0
951,3556,14.399,0,2.5,0.0,0.0
952,3556,14.399,0,2.5,0.0,0.0
953,3557,14.399,0,2.5,0.0,0.0
954,3557,14.399,0,2.5,0.0,0.0
955,3558,14.399,0,2.5,0.0,0.0
956,3558,14.399,0,2.5,0.0,0.0
957,3559,14.399,0,2.5,0.0,0.0
958,3560,14.399,0,2.5,0.0,0.0
959,3561,14.399,0,2.5,0.0,0.0
960,3563,12.7628,0,2.5,0.0,0.0
961,3564,12.7628,0,2.5,0.0,0.0
962,3565,12.7628,0,2.5,0.0,0.0
963,3567,12.7628,0,2.5,0.0,0.0
964,3569,12.7628,0,2.5,0.0,0.0
965,3570,12.7628,0,2.5,0.0,0.0
966,3572,12.7628,0,2.5,0.0,0.0
967,3574,12.7628,0,2.5,0.0,0.0
968,3576,12.7628,0,2.5,0.0,0.0
969,3578,12.7628,0,2.5,0.0,0.0
970,3580,7.1996,0,2.5,0.0,0.0
971,3582,7.1996,0,2.5,0.0,0.0
972,3585,7.1996,0,2.5,0.0,0.0
973,3587,7.1996,0,2.5,0.0,0.0
974,3589,7.1996,0,2.5,0.0,0.0
975,3591,7.1996,0,2.5,0.0,0.0
976,3594,7.1996,0,2.5,0.0,0.0
977,3596,7.1996,0,2.5,0.0,0.0
978,3598,7.1996,0,2.5,0.0,0.0
979,3601,7.1996,0,2.5,0.0,0.0
980,3603,-0.3272,0,2.5,0.0,0.0
981,3605,-0.3272,0,2.5,0.0,0.0
982,3607,-0.3272,0,2.5,0.0,0.0
983,3610,-0.3272,0,2.5,0.0,0.0
984,3612,-0.3272,0,2.5,0.0,0.0
985,3614,-0.3272,0,2.5,0.0,0.0
986,3616,-0.3272,0,2.5,0.0,0.0
987,3618,-0.3272,0,2.5,0.0,0.0
988,3619,-0.3272,0,2.5,0.0,0.0
989,3621,-0.3272,0,2.5,0.0,0.0
990,3623,-6.8722,0,2.5,0.0,0.0
991,3625,-6.8722,0,2.5,0.0,0.0
992,3626,-6.8722,0,2.5,0.0,0.0
993,3627,-6.8722,0,2.5,0.0,0.0
994,3629,-6.8722,0,2.5,0.0,0.0
995,3630,-6.8722,0,2.5,0.0,0.0
996,3631,-6.8722,0,2.5,0.0,0.0
997,3632,-6.8722,0,2.5,0.0,0.0
998,3632,-6.8722,0,2.5,0.0,0.0
999,3633,-6.8722,0,2.5,0.0,0.0
1000,3634,-10.7992,0,2.5,0.0,0.0
1001,3634,-10.7992,0,2.5,0.0,0.0
1002,3634,-10.7992,0,2.5,0.0,0.0
1003,3634,-10.7992,0,2.5,0.0,0.0
1004,3634,-10.7992,0,2.5,0.0,0.0
1005,3634,-10.7992,0,2.5,0.0,0.0
1006,3634,-10.7992,0,2.5,0.0,0.0
1007,3633,-10.7992,0,2.5,0.0,0.0
1008,3633,-10.7992,0,2.5,0.0,0.0
1009,3632,-10.7992,0,2.5,0.0,0.0
1010,3631,-10.4719,0,2.5,0.0,0.0
1011,3630,-10.4719,0,2.5,0.0,0.0
1012,3629,-10.4719,0,2.5,0.0,0.0
1013,3628,-10.4719,0,2.5,0.0,0.0
1014,3627,-10.4719,0,2.5,0.0,0.0
1015,3625,-10.4719,0,2.5,0.0,0.0
1016,3624,-10.4719,0,2.5,0.0,0.0
1017,3622,-10.4719,0,2.5,0.0,0.0
1018,3621,-10.4719,0,2.5,0.0,0.0
1019,3619,-10.4719,0,2.5,0.0,0.0
1020,3618,-6.2177,0,2.5,0.0,0.0
1021,3616,-6.2177,0,2.5,0.0,0.0
1022,3614,-6.2177,0,2.5,0.0,0.0
1023,3612,-6.2177,0,2.5,0.0,0.0
1024,3610,-6.2177,0,2.5,0.0,0.0
1025,3609,-6.2177,0,2.5,0.0,0.0
1026,3607,-6.2177,0,2.5,0.0,0.0
1027,3605,-6.2177,0,2.5,0.0,0.0
1028,3603,-6.2177,0,2.5,0.0,0.0
1029,3601,-6.2177,0,2.5,0.0,0.0
