TIME,PULSES,CONTROLLERVOLTAGE,CONTROLLER,KP,TAUD,TAUI 
NEXT EXPERIMENT0,0.0,-0.409,1.0,1.25,0.00625,0.0
1,0.0,-0.409,1.0,1.25,0.00625,0.0
2,0.0,-0.409,1.0,1.25,0.00625,0.0
3,0.0,-0.409,1.0,1.25,0.00625,0.0
4,0.0,-0.409,1.0,1.25,0.00625,0.0
5,0.0,-0.409,1.0,1.25,0.00625,0.0
6,0.0,-0.409,1.0,1.25,0.00625,0.0
7,0.0,-0.409,1.0,1.25,0.00625,0.0
8,0.0,-0.409,1.0,1.25,0.00625,0.0
9,0.0,-0.409,1.0,1.25,0.00625,0.0
10,0.0,957.204,1.0,1.25,0.00625,0.0
11,0.0,957.204,1.0,1.25,0.00625,0.0
12,0.0,957.204,1.0,1.25,0.00625,0.0
13,1.0,957.204,1.0,1.25,0.00625,0.0
14,1.0,957.204,1.0,1.25,0.00625,0.0
15,1.0,957.204,1.0,1.25,0.00625,0.0
16,2.0,957.204,1.0,1.25,0.00625,0.0
17,3.0,957.204,1.0,1.25,0.00625,0.0
18,4.0,957.204,1.0,1.25,0.00625,0.0
19,4.0,957.204,1.0,1.25,0.00625,0.0
20,5.0,587.9851,1.0,1.25,0.00625,0.0
21,7.0,587.9851,1.0,1.25,0.00625,0.0
22,8.0,587.9851,1.0,1.25,0.00625,0.0
23,9.0,587.9851,1.0,1.25,0.00625,0.0
24,11.0,587.9851,1.0,1.25,0.00625,0.0
25,12.0,587.9851,1.0,1.25,0.00625,0.0
26,14.0,587.9851,1.0,1.25,0.00625,0.0
27,16.0,587.9851,1.0,1.25,0.00625,0.0
28,18.0,587.9851,1.0,1.25,0.00625,0.0
29,20.0,587.9851,1.0,1.25,0.00625,0.0
30,22.0,584.14,1.0,1.25,0.00625,0.0
31,24.0,584.14,1.0,1.25,0.00625,0.0
32,26.0,584.14,1.0,1.25,0.00625,0.0
33,28.0,584.14,1.0,1.25,0.00625,0.0
34,31.0,584.14,1.0,1.25,0.00625,0.0
35,33.0,584.14,1.0,1.25,0.00625,0.0
36,36.0,584.14,1.0,1.25,0.00625,0.0
37,38.0,584.14,1.0,1.25,0.00625,0.0
38,41.0,584.14,1.0,1.25,0.00625,0.0
39,43.0,584.14,1.0,1.25,0.00625,0.0
40,46.0,579.3948,1.0,1.25,0.00625,0.0
41,49.0,579.3948,1.0,1.25,0.00625,0.0
42,51.0,579.3948,1.0,1.25,0.00625,0.0
43,54.0,579.3948,1.0,1.25,0.00625,0.0
44,57.0,579.3948,1.0,1.25,0.00625,0.0
45,60.0,579.3948,1.0,1.25,0.00625,0.0
46,63.0,579.3948,1.0,1.25,0.00625,0.0
47,66.0,579.3948,1.0,1.25,0.00625,0.0
48,69.0,579.3948,1.0,1.25,0.00625,0.0
49,72.0,579.3948,1.0,1.25,0.00625,0.0
50,76.0,574.1384,1.0,1.25,0.00625,0.0
51,79.0,574.1384,1.0,1.25,0.00625,0.0
52,82.0,574.1384,1.0,1.25,0.00625,0.0
53,85.0,574.1384,1.0,1.25,0.00625,0.0
54,89.0,574.1384,1.0,1.25,0.00625,0.0
55,92.0,574.1384,1.0,1.25,0.00625,0.0
56,95.0,574.1384,1.0,1.25,0.00625,0.0
57,99.0,574.1384,1.0,1.25,0.00625,0.0
58,102.0,574.1384,1.0,1.25,0.00625,0.0
59,105.0,574.1384,1.0,1.25,0.00625,0.0
60,109.0,568.3297,1.0,1.25,0.00625,0.0
61,113.0,568.3297,1.0,1.25,0.00625,0.0
62,116.0,568.3297,1.0,1.25,0.00625,0.0
63,120.0,568.3297,1.0,1.25,0.00625,0.0
64,123.0,568.3297,1.0,1.25,0.00625,0.0
65,127.0,568.3297,1.0,1.25,0.00625,0.0
66,131.0,568.3297,1.0,1.25,0.00625,0.0
67,134.0,568.3297,1.0,1.25,0.00625,0.0
68,138.0,568.3297,1.0,1.25,0.00625,0.0
69,142.0,568.3297,1.0,1.25,0.00625,0.0
70,145.0,562.1324,1.0,1.25,0.00625,0.0
71,149.0,562.1324,1.0,1.25,0.00625,0.0
72,153.0,562.1324,1.0,1.25,0.00625,0.0
73,157.0,562.1324,1.0,1.25,0.00625,0.0
74,161.0,562.1324,1.0,1.25,0.00625,0.0
75,164.0,562.1324,1.0,1.25,0.00625,0.0
76,168.0,562.1324,1.0,1.25,0.00625,0.0
77,173.0,562.1324,1.0,1.25,0.00625,0.0
78,177.0,562.1324,1.0,1.25,0.00625,0.0
79,181.0,562.1324,1.0,1.25,0.00625,0.0
80,185.0,555.4443,1.0,1.25,0.00625,0.0
81,189.0,555.4443,1.0,1.25,0.00625,0.0
82,193.0,555.4443,1.0,1.25,0.00625,0.0
83,197.0,555.4443,1.0,1.25,0.00625,0.0
84,201.0,555.4443,1.0,1.25,0.00625,0.0
85,205.0,555.4443,1.0,1.25,0.00625,0.0
86,208.0,555.4443,1.0,1.25,0.00625,0.0
87,213.0,555.4443,1.0,1.25,0.00625,0.0
88,217.0,555.4443,1.0,1.25,0.00625,0.0
89,221.0,555.4443,1.0,1.25,0.00625,0.0
90,225.0,548.797,1.0,1.25,0.00625,0.0
91,229.0,548.797,1.0,1.25,0.00625,0.0
92,233.0,548.797,1.0,1.25,0.00625,0.0
93,237.0,548.797,1.0,1.25,0.00625,0.0
94,241.0,548.797,1.0,1.25,0.00625,0.0
95,245.0,548.797,1.0,1.25,0.00625,0.0
96,249.0,548.797,1.0,1.25,0.00625,0.0
97,253.0,548.797,1.0,1.25,0.00625,0.0
98,258.0,548.797,1.0,1.25,0.00625,0.0
99,262.0,548.797,1.0,1.25,0.00625,0.0
100,266.0,541.9861,1.0,1.25,0.00625,0.0
101,270.0,541.9861,1.0,1.25,0.00625,0.0
102,274.0,541.9861,1.0,1.25,0.00625,0.0
103,278.0,541.9861,1.0,1.25,0.00625,0.0
104,282.0,541.9861,1.0,1.25,0.00625,0.0
105,287.0,541.9861,1.0,1.25,0.00625,0.0
106,291.0,541.9861,1.0,1.25,0.00625,0.0
107,295.0,541.9861,1.0,1.25,0.00625,0.0
108,300.0,541.9861,1.0,1.25,0.00625,0.0
109,304.0,541.9861,1.0,1.25,0.00625,0.0
110,309.0,534.7457,1.0,1.25,0.00625,0.0
111,313.0,534.7457,1.0,1.25,0.00625,0.0
112,317.0,534.7457,1.0,1.25,0.00625,0.0
113,321.0,534.7457,1.0,1.25,0.00625,0.0
114,326.0,534.7457,1.0,1.25,0.00625,0.0
115,330.0,534.7457,1.0,1.25,0.00625,0.0
116,334.0,534.7457,1.0,1.25,0.00625,0.0
117,338.0,534.7457,1.0,1.25,0.00625,0.0
118,343.0,534.7457,1.0,1.25,0.00625,0.0
119,347.0,534.7457,1.0,1.25,0.00625,0.0
120,351.0,527.9757,1.0,1.25,0.00625,0.0
121,355.0,527.9757,1.0,1.25,0.00625,0.0
122,360.0,527.9757,1.0,1.25,0.00625,0.0
123,365.0,527.9757,1.0,1.25,0.00625,0.0
124,369.0,527.9757,1.0,1.25,0.00625,0.0
125,374.0,527.9757,1.0,1.25,0.00625,0.0
126,378.0,527.9757,1.0,1.25,0.00625,0.0
127,382.0,527.9757,1.0,1.25,0.00625,0.0
128,387.0,527.9757,1.0,1.25,0.00625,0.0
129,392.0,527.9757,1.0,1.25,0.00625,0.0
130,396.0,520.3058,1.0,1.25,0.00625,0.0
131,400.0,520.3058,1.0,1.25,0.00625,0.0
132,405.0,520.3058,1.0,1.25,0.00625,0.0
133,409.0,520.3058,1.0,1.25,0.00625,0.0
134,413.0,520.3058,1.0,1.25,0.00625,0.0
135,418.0,520.3058,1.0,1.25,0.00625,0.0
136,422.0,520.3058,1.0,1.25,0.00625,0.0
137,426.0,520.3058,1.0,1.25,0.00625,0.0
138,431.0,520.3058,1.0,1.25,0.00625,0.0
139,435.0,520.3058,1.0,1.25,0.00625,0.0
140,439.0,513.4745,1.0,1.25,0.00625,0.0
141,444.0,513.4745,1.0,1.25,0.00625,0.0
142,449.0,513.4745,1.0,1.25,0.00625,0.0
143,453.0,513.4745,1.0,1.25,0.00625,0.0
144,458.0,513.4745,1.0,1.25,0.00625,0.0
145,462.0,513.4745,1.0,1.25,0.00625,0.0
146,466.0,513.4745,1.0,1.25,0.00625,0.0
147,470.0,513.4745,1.0,1.25,0.00625,0.0
148,474.0,513.4745,1.0,1.25,0.00625,0.0
149,478.0,513.4745,1.0,1.25,0.00625,0.0
150,483.0,506.1728,1.0,1.25,0.00625,0.0
151,487.0,506.1728,1.0,1.25,0.00625,0.0
152,491.0,506.1728,1.0,1.25,0.00625,0.0
153,497.0,506.1728,1.0,1.25,0.00625,0.0
154,501.0,506.1728,1.0,1.25,0.00625,0.0
155,505.0,506.1728,1.0,1.25,0.00625,0.0
156,510.0,506.1728,1.0,1.25,0.00625,0.0
157,514.0,506.1728,1.0,1.25,0.00625,0.0
158,520.0,506.1728,1.0,1.25,0.00625,0.0
159,524.0,506.1728,1.0,1.25,0.00625,0.0
160,528.0,498.7074,1.0,1.25,0.00625,0.0
161,533.0,498.7074,1.0,1.25,0.00625,0.0
162,538.0,498.7074,1.0,1.25,0.00625,0.0
163,542.0,498.7074,1.0,1.25,0.00625,0.0
164,548.0,498.7074,1.0,1.25,0.00625,0.0
165,552.0,498.7074,1.0,1.25,0.00625,0.0
166,556.0,498.7074,1.0,1.25,0.00625,0.0
167,561.0,498.7074,1.0,1.25,0.00625,0.0
168,565.0,498.7074,1.0,1.25,0.00625,0.0
169,570.0,498.7074,1.0,1.25,0.00625,0.0
170,574.0,491.0784,1.0,1.25,0.00625,0.0
171,578.0,491.0784,1.0,1.25,0.00625,0.0
172,583.0,491.0784,1.0,1.25,0.00625,0.0
173,588.0,491.0784,1.0,1.25,0.00625,0.0
174,593.0,491.0784,1.0,1.25,0.00625,0.0
175,598.0,491.0784,1.0,1.25,0.00625,0.0
176,602.0,491.0784,1.0,1.25,0.00625,0.0
177,607.0,491.0784,1.0,1.25,0.00625,0.0
178,611.0,491.0784,1.0,1.25,0.00625,0.0
179,616.0,491.0784,1.0,1.25,0.00625,0.0
180,621.0,483.5517,1.0,1.25,0.00625,0.0
181,625.0,483.5517,1.0,1.25,0.00625,0.0
182,630.0,483.5517,1.0,1.25,0.00625,0.0
183,634.0,483.5517,1.0,1.25,0.00625,0.0
184,638.0,483.5517,1.0,1.25,0.00625,0.0
185,643.0,483.5517,1.0,1.25,0.00625,0.0
186,647.0,483.5517,1.0,1.25,0.00625,0.0
187,652.0,483.5517,1.0,1.25,0.00625,0.0
188,656.0,483.5517,1.0,1.25,0.00625,0.0
189,660.0,483.5517,1.0,1.25,0.00625,0.0
190,665.0,476.2909,1.0,1.25,0.00625,0.0
191,669.0,476.2909,1.0,1.25,0.00625,0.0
192,673.0,476.2909,1.0,1.25,0.00625,0.0
193,678.0,476.2909,1.0,1.25,0.00625,0.0
194,682.0,476.2909,1.0,1.25,0.00625,0.0
195,688.0,476.2909,1.0,1.25,0.00625,0.0
196,692.0,476.2909,1.0,1.25,0.00625,0.0
197,696.0,476.2909,1.0,1.25,0.00625,0.0
198,701.0,476.2909,1.0,1.25,0.00625,0.0
199,705.0,476.2909,1.0,1.25,0.00625,0.0
200,711.0,469.1936,1.0,1.25,0.00625,0.0
201,715.0,469.1936,1.0,1.25,0.00625,0.0
202,720.0,469.1936,1.0,1.25,0.00625,0.0
203,725.0,469.1936,1.0,1.25,0.00625,0.0
204,729.0,469.1936,1.0,1.25,0.00625,0.0
205,734.0,469.1936,1.0,1.25,0.00625,0.0
206,739.0,469.1936,1.0,1.25,0.00625,0.0
207,743.0,469.1936,1.0,1.25,0.00625,0.0
208,748.0,469.1936,1.0,1.25,0.00625,0.0
209,752.0,469.1936,1.0,1.25,0.00625,0.0
210,756.0,461.1965,1.0,1.25,0.00625,0.0
211,762.0,461.1965,1.0,1.25,0.00625,0.0
212,766.0,461.1965,1.0,1.25,0.00625,0.0
213,772.0,461.1965,1.0,1.25,0.00625,0.0
214,776.0,461.1965,1.0,1.25,0.00625,0.0
215,780.0,461.1965,1.0,1.25,0.00625,0.0
216,785.0,461.1965,1.0,1.25,0.00625,0.0
217,789.0,461.1965,1.0,1.25,0.00625,0.0
218,794.0,461.1965,1.0,1.25,0.00625,0.0
219,798.0,461.1965,1.0,1.25,0.00625,0.0
220,802.0,453.772,1.0,1.25,0.00625,0.0
221,807.0,453.772,1.0,1.25,0.00625,0.0
222,811.0,453.772,1.0,1.25,0.00625,0.0
223,816.0,453.772,1.0,1.25,0.00625,0.0
224,821.0,453.772,1.0,1.25,0.00625,0.0
225,825.0,453.772,1.0,1.25,0.00625,0.0
226,830.0,453.772,1.0,1.25,0.00625,0.0
227,834.0,453.772,1.0,1.25,0.00625,0.0
228,838.0,453.772,1.0,1.25,0.00625,0.0
229,843.0,453.772,1.0,1.25,0.00625,0.0
230,847.0,446.5112,1.0,1.25,0.00625,0.0
231,852.0,446.5112,1.0,1.25,0.00625,0.0
232,856.0,446.5112,1.0,1.25,0.00625,0.0
233,861.0,446.5112,1.0,1.25,0.00625,0.0
234,865.0,446.5112,1.0,1.25,0.00625,0.0
235,869.0,446.5112,1.0,1.25,0.00625,0.0
236,874.0,446.5112,1.0,1.25,0.00625,0.0
237,878.0,446.5112,1.0,1.25,0.00625,0.0
238,882.0,446.5112,1.0,1.25,0.00625,0.0
239,887.0,446.5112,1.0,1.25,0.00625,0.0
240,892.0,439.4139,1.0,1.25,0.00625,0.0
241,897.0,439.4139,1.0,1.25,0.00625,0.0
242,901.0,439.4139,1.0,1.25,0.00625,0.0
243,906.0,439.4139,1.0,1.25,0.00625,0.0
244,910.0,439.4139,1.0,1.25,0.00625,0.0
245,914.0,439.4139,1.0,1.25,0.00625,0.0
246,918.0,439.4139,1.0,1.25,0.00625,0.0
247,922.0,439.4139,1.0,1.25,0.00625,0.0
248,927.0,439.4139,1.0,1.25,0.00625,0.0
249,931.0,439.4139,1.0,1.25,0.00625,0.0
250,935.0,432.2145,1.0,1.25,0.00625,0.0
251,940.0,432.2145,1.0,1.25,0.00625,0.0
252,944.0,432.2145,1.0,1.25,0.00625,0.0
253,948.0,432.2145,1.0,1.25,0.00625,0.0
254,953.0,432.2145,1.0,1.25,0.00625,0.0
255,957.0,432.2145,1.0,1.25,0.00625,0.0
256,962.0,432.2145,1.0,1.25,0.00625,0.0
257,965.0,432.2145,1.0,1.25,0.00625,0.0
258,970.0,432.2145,1.0,1.25,0.00625,0.0
259,974.0,432.2145,1.0,1.25,0.00625,0.0
260,978.0,425.2809,1.0,1.25,0.00625,0.0
261,983.0,425.2809,1.0,1.25,0.00625,0.0
262,987.0,425.2809,1.0,1.25,0.00625,0.0
263,991.0,425.2809,1.0,1.25,0.00625,0.0
264,996.0,425.2809,1.0,1.25,0.00625,0.0
265,1000.0,425.2809,1.0,1.25,0.00625,0.0
266,1006.0,425.2809,1.0,1.25,0.00625,0.0
267,1010.0,425.2809,1.0,1.25,0.00625,0.0
268,1015.0,425.2809,1.0,1.25,0.00625,0.0
269,1019.0,425.2809,1.0,1.25,0.00625,0.0
270,1023.0,417.7132,1.0,1.25,0.00625,0.0
271,1028.0,417.7132,1.0,1.25,0.00625,0.0
272,1032.0,417.7132,1.0,1.25,0.00625,0.0
273,1037.0,417.7132,1.0,1.25,0.00625,0.0
274,1042.0,417.7132,1.0,1.25,0.00625,0.0
275,1046.0,417.7132,1.0,1.25,0.00625,0.0
276,1051.0,417.7132,1.0,1.25,0.00625,0.0
277,1055.0,417.7132,1.0,1.25,0.00625,0.0
278,1060.0,417.7132,1.0,1.25,0.00625,0.0
279,1064.0,417.7132,1.0,1.25,0.00625,0.0
280,1068.0,410.3502,1.0,1.25,0.00625,0.0
281,1073.0,410.3502,1.0,1.25,0.00625,0.0
282,1079.0,410.3502,1.0,1.25,0.00625,0.0
283,1083.0,410.3502,1.0,1.25,0.00625,0.0
284,1088.0,410.3502,1.0,1.25,0.00625,0.0
285,1092.0,410.3502,1.0,1.25,0.00625,0.0
286,1097.0,410.3502,1.0,1.25,0.00625,0.0
287,1101.0,410.3502,1.0,1.25,0.00625,0.0
288,1107.0,410.3502,1.0,1.25,0.00625,0.0
289,1111.0,410.3502,1.0,1.25,0.00625,0.0
290,1116.0,402.1893,1.0,1.25,0.00625,0.0
291,1121.0,402.1893,1.0,1.25,0.00625,0.0
292,1125.0,402.1893,1.0,1.25,0.00625,0.0
293,1130.0,402.1893,1.0,1.25,0.00625,0.0
294,1134.0,402.1893,1.0,1.25,0.00625,0.0
295,1138.0,402.1893,1.0,1.25,0.00625,0.0
296,1143.0,402.1893,1.0,1.25,0.00625,0.0
297,1147.0,402.1893,1.0,1.25,0.00625,0.0
298,1152.0,402.1893,1.0,1.25,0.00625,0.0
299,1156.0,402.1893,1.0,1.25,0.00625,0.0
300,1160.0,395.3989,1.0,1.25,0.00625,0.0
301,1165.0,395.3989,1.0,1.25,0.00625,0.0
302,1169.0,395.3989,1.0,1.25,0.00625,0.0
303,1174.0,395.3989,1.0,1.25,0.00625,0.0
304,1179.0,395.3989,1.0,1.25,0.00625,0.0
305,1183.0,395.3989,1.0,1.25,0.00625,0.0
306,1188.0,395.3989,1.0,1.25,0.00625,0.0
307,1192.0,395.3989,1.0,1.25,0.00625,0.0
308,1196.0,395.3989,1.0,1.25,0.00625,0.0
309,1201.0,395.3989,1.0,1.25,0.00625,0.0
310,1206.0,387.6677,1.0,1.25,0.00625,0.0
311,1211.0,387.6677,1.0,1.25,0.00625,0.0
312,1215.0,387.6677,1.0,1.25,0.00625,0.0
313,1220.0,387.6677,1.0,1.25,0.00625,0.0
314,1224.0,387.6677,1.0,1.25,0.00625,0.0
315,1228.0,387.6677,1.0,1.25,0.00625,0.0
316,1233.0,387.6677,1.0,1.25,0.00625,0.0
317,1237.0,387.6677,1.0,1.25,0.00625,0.0
318,1242.0,387.6677,1.0,1.25,0.00625,0.0
319,1246.0,387.6677,1.0,1.25,0.00625,0.0
320,1250.0,380.6727,1.0,1.25,0.00625,0.0
321,1255.0,380.6727,1.0,1.25,0.00625,0.0
322,1259.0,380.6727,1.0,1.25,0.00625,0.0
323,1264.0,380.6727,1.0,1.25,0.00625,0.0
324,1268.0,380.6727,1.0,1.25,0.00625,0.0
325,1272.0,380.6727,1.0,1.25,0.00625,0.0
326,1277.0,380.6727,1.0,1.25,0.00625,0.0
327,1281.0,380.6727,1.0,1.25,0.00625,0.0
328,1286.0,380.6727,1.0,1.25,0.00625,0.0
329,1290.0,380.6727,1.0,1.25,0.00625,0.0
330,1294.0,373.4732,1.0,1.25,0.00625,0.0
331,1299.0,373.4732,1.0,1.25,0.00625,0.0
332,1303.0,373.4732,1.0,1.25,0.00625,0.0
333,1308.0,373.4732,1.0,1.25,0.00625,0.0
334,1312.0,373.4732,1.0,1.25,0.00625,0.0
335,1317.0,373.4732,1.0,1.25,0.00625,0.0
336,1321.0,373.4732,1.0,1.25,0.00625,0.0
337,1325.0,373.4732,1.0,1.25,0.00625,0.0
338,1330.0,373.4732,1.0,1.25,0.00625,0.0
339,1334.0,373.4732,1.0,1.25,0.00625,0.0
340,1339.0,366.2737,1.0,1.25,0.00625,0.0
341,1343.0,366.2737,1.0,1.25,0.00625,0.0
342,1347.0,366.2737,1.0,1.25,0.00625,0.0
343,1352.0,366.2737,1.0,1.25,0.00625,0.0
344,1355.0,366.2737,1.0,1.25,0.00625,0.0
345,1360.0,366.2737,1.0,1.25,0.00625,0.0
346,1364.0,366.2737,1.0,1.25,0.00625,0.0
347,1368.0,366.2737,1.0,1.25,0.00625,0.0
348,1374.0,366.2737,1.0,1.25,0.00625,0.0
349,1378.0,366.2737,1.0,1.25,0.00625,0.0
350,1383.0,359.0742,1.0,1.25,0.00625,0.0
351,1387.0,359.0742,1.0,1.25,0.00625,0.0
352,1391.0,359.0742,1.0,1.25,0.00625,0.0
353,1396.0,359.0742,1.0,1.25,0.00625,0.0
354,1400.0,359.0742,1.0,1.25,0.00625,0.0
355,1404.0,359.0742,1.0,1.25,0.00625,0.0
356,1408.0,359.0742,1.0,1.25,0.00625,0.0
357,1412.0,359.0742,1.0,1.25,0.00625,0.0
358,1417.0,359.0742,1.0,1.25,0.00625,0.0
359,1422.0,359.0742,1.0,1.25,0.00625,0.0
360,1427.0,351.6089,1.0,1.25,0.00625,0.0
361,1431.0,351.6089,1.0,1.25,0.00625,0.0
362,1435.0,351.6089,1.0,1.25,0.00625,0.0
363,1440.0,351.6089,1.0,1.25,0.00625,0.0
364,1445.0,351.6089,1.0,1.25,0.00625,0.0
365,1450.0,351.6089,1.0,1.25,0.00625,0.0
366,1454.0,351.6089,1.0,1.25,0.00625,0.0
367,1458.0,351.6089,1.0,1.25,0.00625,0.0
368,1463.0,351.6089,1.0,1.25,0.00625,0.0
369,1468.0,351.6089,1.0,1.25,0.00625,0.0
370,1473.0,343.9799,1.0,1.25,0.00625,0.0
371,1478.0,343.9799,1.0,1.25,0.00625,0.0
372,1482.0,343.9799,1.0,1.25,0.00625,0.0
373,1487.0,343.9799,1.0,1.25,0.00625,0.0
374,1491.0,343.9799,1.0,1.25,0.00625,0.0
375,1496.0,343.9799,1.0,1.25,0.00625,0.0
376,1500.0,343.9799,1.0,1.25,0.00625,0.0
377,1504.0,343.9799,1.0,1.25,0.00625,0.0
378,1508.0,343.9799,1.0,1.25,0.00625,0.0
379,1512.0,343.9799,1.0,1.25,0.00625,0.0
380,1516.0,336.985,1.0,1.25,0.00625,0.0
381,1520.0,336.985,1.0,1.25,0.00625,0.0
382,1524.0,336.985,1.0,1.25,0.00625,0.0
383,1529.0,336.985,1.0,1.25,0.00625,0.0
384,1533.0,336.985,1.0,1.25,0.00625,0.0
385,1538.0,336.985,1.0,1.25,0.00625,0.0
386,1542.0,336.985,1.0,1.25,0.00625,0.0
387,1547.0,336.985,1.0,1.25,0.00625,0.0
388,1550.0,336.985,1.0,1.25,0.00625,0.0
389,1554.0,336.985,1.0,1.25,0.00625,0.0
390,1559.0,330.3172,1.0,1.25,0.00625,0.0
391,1563.0,330.3172,1.0,1.25,0.00625,0.0
392,1568.0,330.3172,1.0,1.25,0.00625,0.0
393,1572.0,330.3172,1.0,1.25,0.00625,0.0
394,1576.0,330.3172,1.0,1.25,0.00625,0.0
395,1581.0,330.3172,1.0,1.25,0.00625,0.0
396,1585.0,330.3172,1.0,1.25,0.00625,0.0
397,1590.0,330.3172,1.0,1.25,0.00625,0.0
398,1594.0,330.3172,1.0,1.25,0.00625,0.0
399,1599.0,330.3172,1.0,1.25,0.00625,0.0
400,1604.0,322.6473,1.0,1.25,0.00625,0.0
401,1608.0,322.6473,1.0,1.25,0.00625,0.0
402,1614.0,322.6473,1.0,1.25,0.00625,0.0
403,1618.0,322.6473,1.0,1.25,0.00625,0.0
404,1622.0,322.6473,1.0,1.25,0.00625,0.0
405,1627.0,322.6473,1.0,1.25,0.00625,0.0
406,1631.0,322.6473,1.0,1.25,0.00625,0.0
407,1636.0,322.6473,1.0,1.25,0.00625,0.0
408,1640.0,322.6473,1.0,1.25,0.00625,0.0
409,1645.0,322.6473,1.0,1.25,0.00625,0.0
410,1649.0,315.2842,1.0,1.25,0.00625,0.0
411,1653.0,315.2842,1.0,1.25,0.00625,0.0
412,1658.0,315.2842,1.0,1.25,0.00625,0.0
413,1661.0,315.2842,1.0,1.25,0.00625,0.0
414,1665.0,315.2842,1.0,1.25,0.00625,0.0
415,1671.0,315.2842,1.0,1.25,0.00625,0.0
416,1675.0,315.2842,1.0,1.25,0.00625,0.0
417,1680.0,315.2842,1.0,1.25,0.00625,0.0
418,1684.0,315.2842,1.0,1.25,0.00625,0.0
419,1689.0,315.2842,1.0,1.25,0.00625,0.0
420,1693.0,308.187,1.0,1.25,0.00625,0.0
421,1697.0,308.187,1.0,1.25,0.00625,0.0
422,1702.0,308.187,1.0,1.25,0.00625,0.0
423,1706.0,308.187,1.0,1.25,0.00625,0.0
424,1710.0,308.187,1.0,1.25,0.00625,0.0
425,1715.0,308.187,1.0,1.25,0.00625,0.0
426,1719.0,308.187,1.0,1.25,0.00625,0.0
427,1724.0,308.187,1.0,1.25,0.00625,0.0
428,1728.0,308.187,1.0,1.25,0.00625,0.0
429,1733.0,308.187,1.0,1.25,0.00625,0.0
430,1737.0,300.9875,1.0,1.25,0.00625,0.0
431,1742.0,300.9875,1.0,1.25,0.00625,0.0
432,1747.0,300.9875,1.0,1.25,0.00625,0.0
433,1751.0,300.9875,1.0,1.25,0.00625,0.0
434,1756.0,300.9875,1.0,1.25,0.00625,0.0
435,1761.0,300.9875,1.0,1.25,0.00625,0.0
436,1765.0,300.9875,1.0,1.25,0.00625,0.0
437,1770.0,300.9875,1.0,1.25,0.00625,0.0
438,1774.0,300.9875,1.0,1.25,0.00625,0.0
439,1778.0,300.9875,1.0,1.25,0.00625,0.0
440,1784.0,293.2562,1.0,1.25,0.00625,0.0
441,1788.0,293.2562,1.0,1.25,0.00625,0.0
442,1793.0,293.2562,1.0,1.25,0.00625,0.0
443,1797.0,293.2562,1.0,1.25,0.00625,0.0
444,1802.0,293.2562,1.0,1.25,0.00625,0.0
445,1806.0,293.2562,1.0,1.25,0.00625,0.0
446,1811.0,293.2562,1.0,1.25,0.00625,0.0
447,1816.0,293.2562,1.0,1.25,0.00625,0.0
448,1821.0,293.2562,1.0,1.25,0.00625,0.0
449,1826.0,293.2562,1.0,1.25,0.00625,0.0
450,1830.0,285.4637,1.0,1.25,0.00625,0.0
451,1835.0,285.4637,1.0,1.25,0.00625,0.0
452,1839.0,285.4637,1.0,1.25,0.00625,0.0
453,1843.0,285.4637,1.0,1.25,0.00625,0.0
454,1848.0,285.4637,1.0,1.25,0.00625,0.0
455,1852.0,285.4637,1.0,1.25,0.00625,0.0
456,1857.0,285.4637,1.0,1.25,0.00625,0.0
457,1861.0,285.4637,1.0,1.25,0.00625,0.0
458,1865.0,285.4637,1.0,1.25,0.00625,0.0
459,1870.0,285.4637,1.0,1.25,0.00625,0.0
460,1874.0,278.571,1.0,1.25,0.00625,0.0
461,1879.0,278.571,1.0,1.25,0.00625,0.0
462,1884.0,278.571,1.0,1.25,0.00625,0.0
463,1888.0,278.571,1.0,1.25,0.00625,0.0
464,1892.0,278.571,1.0,1.25,0.00625,0.0
465,1896.0,278.571,1.0,1.25,0.00625,0.0
466,1901.0,278.571,1.0,1.25,0.00625,0.0
467,1905.0,278.571,1.0,1.25,0.00625,0.0
468,1910.0,278.571,1.0,1.25,0.00625,0.0
469,1915.0,278.571,1.0,1.25,0.00625,0.0
470,1919.0,271.1056,1.0,1.25,0.00625,0.0
471,1924.0,271.1056,1.0,1.25,0.00625,0.0
472,1928.0,271.1056,1.0,1.25,0.00625,0.0
473,1933.0,271.1056,1.0,1.25,0.00625,0.0
474,1937.0,271.1056,1.0,1.25,0.00625,0.0
475,1941.0,271.1056,1.0,1.25,0.00625,0.0
476,1946.0,271.1056,1.0,1.25,0.00625,0.0
477,1950.0,271.1056,1.0,1.25,0.00625,0.0
478,1955.0,271.1056,1.0,1.25,0.00625,0.0
479,1960.0,271.1056,1.0,1.25,0.00625,0.0
480,1964.0,263.7425,1.0,1.25,0.00625,0.0
481,1969.0,263.7425,1.0,1.25,0.00625,0.0
482,1973.0,263.7425,1.0,1.25,0.00625,0.0
483,1978.0,263.7425,1.0,1.25,0.00625,0.0
484,1982.0,263.7425,1.0,1.25,0.00625,0.0
485,1986.0,263.7425,1.0,1.25,0.00625,0.0
486,1992.0,263.7425,1.0,1.25,0.00625,0.0
487,1996.0,263.7425,1.0,1.25,0.00625,0.0
488,2001.0,263.7425,1.0,1.25,0.00625,0.0
489,2006.0,263.7425,1.0,1.25,0.00625,0.0
490,2010.0,256.1135,1.0,1.25,0.00625,0.0
491,2015.0,256.1135,1.0,1.25,0.00625,0.0
492,2019.0,256.1135,1.0,1.25,0.00625,0.0
493,2024.0,256.1135,1.0,1.25,0.00625,0.0
494,2028.0,256.1135,1.0,1.25,0.00625,0.0
495,2033.0,256.1135,1.0,1.25,0.00625,0.0
496,2037.0,256.1135,1.0,1.25,0.00625,0.0
497,2041.0,256.1135,1.0,1.25,0.00625,0.0
498,2046.0,256.1135,1.0,1.25,0.00625,0.0
499,2050.0,256.1135,1.0,1.25,0.00625,0.0
500,2056.0,248.8526,1.0,1.25,0.00625,0.0
501,2060.0,248.8526,1.0,1.25,0.00625,0.0
502,2064.0,248.8526,1.0,1.25,0.00625,0.0
503,2069.0,248.8526,1.0,1.25,0.00625,0.0
504,2073.0,248.8526,1.0,1.25,0.00625,0.0
505,2078.0,248.8526,1.0,1.25,0.00625,0.0
506,2082.0,248.8526,1.0,1.25,0.00625,0.0
507,2086.0,248.8526,1.0,1.25,0.00625,0.0
508,2090.0,248.8526,1.0,1.25,0.00625,0.0
509,2094.0,248.8526,1.0,1.25,0.00625,0.0
510,2099.0,241.7554,1.0,1.25,0.00625,0.0
511,2102.0,241.7554,1.0,1.25,0.00625,0.0
512,2106.0,241.7554,1.0,1.25,0.00625,0.0
513,2111.0,241.7554,1.0,1.25,0.00625,0.0
514,2115.0,241.7554,1.0,1.25,0.00625,0.0
515,2120.0,241.7554,1.0,1.25,0.00625,0.0
516,2124.0,241.7554,1.0,1.25,0.00625,0.0
517,2129.0,241.7554,1.0,1.25,0.00625,0.0
518,2134.0,241.7554,1.0,1.25,0.00625,0.0
519,2138.0,241.7554,1.0,1.25,0.00625,0.0
520,2143.0,234.5559,1.0,1.25,0.00625,0.0
521,2147.0,234.5559,1.0,1.25,0.00625,0.0
522,2153.0,234.5559,1.0,1.25,0.00625,0.0
523,2157.0,234.5559,1.0,1.25,0.00625,0.0
524,2162.0,234.5559,1.0,1.25,0.00625,0.0
525,2167.0,234.5559,1.0,1.25,0.00625,0.0
526,2171.0,234.5559,1.0,1.25,0.00625,0.0
527,2176.0,234.5559,1.0,1.25,0.00625,0.0
528,2180.0,234.5559,1.0,1.25,0.00625,0.0
529,2186.0,234.5559,1.0,1.25,0.00625,0.0
530,2190.0,226.5588,1.0,1.25,0.00625,0.0
531,2194.0,226.5588,1.0,1.25,0.00625,0.0
532,2199.0,226.5588,1.0,1.25,0.00625,0.0
533,2203.0,226.5588,1.0,1.25,0.00625,0.0
534,2208.0,226.5588,1.0,1.25,0.00625,0.0
535,2212.0,226.5588,1.0,1.25,0.00625,0.0
536,2216.0,226.5588,1.0,1.25,0.00625,0.0
537,2221.0,226.5588,1.0,1.25,0.00625,0.0
538,2225.0,226.5588,1.0,1.25,0.00625,0.0
539,2230.0,226.5588,1.0,1.25,0.00625,0.0
540,2233.0,219.6661,1.0,1.25,0.00625,0.0
541,2238.0,219.6661,1.0,1.25,0.00625,0.0
542,2242.0,219.6661,1.0,1.25,0.00625,0.0
543,2246.0,219.6661,1.0,1.25,0.00625,0.0
544,2252.0,219.6661,1.0,1.25,0.00625,0.0
545,2257.0,219.6661,1.0,1.25,0.00625,0.0
546,2262.0,219.6661,1.0,1.25,0.00625,0.0
547,2266.0,219.6661,1.0,1.25,0.00625,0.0
548,2270.0,219.6661,1.0,1.25,0.00625,0.0
549,2275.0,219.6661,1.0,1.25,0.00625,0.0
550,2279.0,212.2007,1.0,1.25,0.00625,0.0
551,2284.0,212.2007,1.0,1.25,0.00625,0.0
552,2288.0,212.2007,1.0,1.25,0.00625,0.0
553,2293.0,212.2007,1.0,1.25,0.00625,0.0
554,2297.0,212.2007,1.0,1.25,0.00625,0.0
555,2301.0,212.2007,1.0,1.25,0.00625,0.0
556,2306.0,212.2007,1.0,1.25,0.00625,0.0
557,2310.0,212.2007,1.0,1.25,0.00625,0.0
558,2315.0,212.2007,1.0,1.25,0.00625,0.0
559,2319.0,212.2007,1.0,1.25,0.00625,0.0
560,2324.0,205.1035,1.0,1.25,0.00625,0.0
561,2328.0,205.1035,1.0,1.25,0.00625,0.0
562,2332.0,205.1035,1.0,1.25,0.00625,0.0
563,2337.0,205.1035,1.0,1.25,0.00625,0.0
564,2341.0,205.1035,1.0,1.25,0.00625,0.0
565,2345.0,205.1035,1.0,1.25,0.00625,0.0
566,2350.0,205.1035,1.0,1.25,0.00625,0.0
567,2354.0,205.1035,1.0,1.25,0.00625,0.0
568,2359.0,205.1035,1.0,1.25,0.00625,0.0
569,2363.0,205.1035,1.0,1.25,0.00625,0.0
570,2368.0,197.904,1.0,1.25,0.00625,0.0
571,2372.0,197.904,1.0,1.25,0.00625,0.0
572,2377.0,197.904,1.0,1.25,0.00625,0.0
573,2381.0,197.904,1.0,1.25,0.00625,0.0
574,2385.0,197.904,1.0,1.25,0.00625,0.0
575,2390.0,197.904,1.0,1.25,0.00625,0.0
576,2394.0,197.904,1.0,1.25,0.00625,0.0
577,2398.0,197.904,1.0,1.25,0.00625,0.0
578,2404.0,197.904,1.0,1.25,0.00625,0.0
579,2408.0,197.904,1.0,1.25,0.00625,0.0
580,2413.0,190.1727,1.0,1.25,0.00625,0.0
581,2417.0,190.1727,1.0,1.25,0.00625,0.0
582,2422.0,190.1727,1.0,1.25,0.00625,0.0
583,2426.0,190.1727,1.0,1.25,0.00625,0.0
584,2430.0,190.1727,1.0,1.25,0.00625,0.0
585,2435.0,190.1727,1.0,1.25,0.00625,0.0
586,2439.0,190.1727,1.0,1.25,0.00625,0.0
587,2444.0,190.1727,1.0,1.25,0.00625,0.0
588,2448.0,190.1727,1.0,1.25,0.00625,0.0
589,2452.0,190.1727,1.0,1.25,0.00625,0.0
590,2457.0,183.1778,1.0,1.25,0.00625,0.0
591,2461.0,183.1778,1.0,1.25,0.00625,0.0
592,2466.0,183.1778,1.0,1.25,0.00625,0.0
593,2470.0,183.1778,1.0,1.25,0.00625,0.0
594,2476.0,183.1778,1.0,1.25,0.00625,0.0
595,2480.0,183.1778,1.0,1.25,0.00625,0.0
596,2484.0,183.1778,1.0,1.25,0.00625,0.0
597,2489.0,183.1778,1.0,1.25,0.00625,0.0
598,2494.0,183.1778,1.0,1.25,0.00625,0.0
599,2499.0,183.1778,1.0,1.25,0.00625,0.0
600,2504.0,175.4465,1.0,1.25,0.00625,0.0
601,2509.0,175.4465,1.0,1.25,0.00625,0.0
602,2513.0,175.4465,1.0,1.25,0.00625,0.0
603,2517.0,175.4465,1.0,1.25,0.00625,0.0
604,2522.0,175.4465,1.0,1.25,0.00625,0.0
605,2526.0,175.4465,1.0,1.25,0.00625,0.0
606,2531.0,175.4465,1.0,1.25,0.00625,0.0
607,2535.0,175.4465,1.0,1.25,0.00625,0.0
608,2539.0,175.4465,1.0,1.25,0.00625,0.0
609,2544.0,175.4465,1.0,1.25,0.00625,0.0
610,2548.0,168.1857,1.0,1.25,0.00625,0.0
611,2553.0,168.1857,1.0,1.25,0.00625,0.0
612,2557.0,168.1857,1.0,1.25,0.00625,0.0
613,2561.0,168.1857,1.0,1.25,0.00625,0.0
614,2567.0,168.1857,1.0,1.25,0.00625,0.0
615,2571.0,168.1857,1.0,1.25,0.00625,0.0
616,2575.0,168.1857,1.0,1.25,0.00625,0.0
617,2579.0,168.1857,1.0,1.25,0.00625,0.0
618,2584.0,168.1857,1.0,1.25,0.00625,0.0
619,2588.0,168.1857,1.0,1.25,0.00625,0.0
620,2592.0,161.0885,1.0,1.25,0.00625,0.0
621,2597.0,161.0885,1.0,1.25,0.00625,0.0
622,2601.0,161.0885,1.0,1.25,0.00625,0.0
623,2606.0,161.0885,1.0,1.25,0.00625,0.0
624,2610.0,161.0885,1.0,1.25,0.00625,0.0
625,2616.0,161.0885,1.0,1.25,0.00625,0.0
626,2620.0,161.0885,1.0,1.25,0.00625,0.0
627,2625.0,161.0885,1.0,1.25,0.00625,0.0
628,2630.0,161.0885,1.0,1.25,0.00625,0.0
629,2634.0,161.0885,1.0,1.25,0.00625,0.0
630,2639.0,153.0913,1.0,1.25,0.00625,0.0
631,2643.0,153.0913,1.0,1.25,0.00625,0.0
632,2648.0,153.0913,1.0,1.25,0.00625,0.0
633,2653.0,153.0913,1.0,1.25,0.00625,0.0
634,2657.0,153.0913,1.0,1.25,0.00625,0.0
635,2662.0,153.0913,1.0,1.25,0.00625,0.0
636,2666.0,153.0913,1.0,1.25,0.00625,0.0
637,2671.0,153.0913,1.0,1.25,0.00625,0.0
638,2675.0,153.0913,1.0,1.25,0.00625,0.0
639,2679.0,153.0913,1.0,1.25,0.00625,0.0
640,2684.0,145.9327,1.0,1.25,0.00625,0.0
641,2688.0,145.9327,1.0,1.25,0.00625,0.0
642,2693.0,145.9327,1.0,1.25,0.00625,0.0
643,2698.0,145.9327,1.0,1.25,0.00625,0.0
644,2702.0,145.9327,1.0,1.25,0.00625,0.0
645,2707.0,145.9327,1.0,1.25,0.00625,0.0
646,2711.0,145.9327,1.0,1.25,0.00625,0.0
647,2716.0,145.9327,1.0,1.25,0.00625,0.0
648,2720.0,145.9327,1.0,1.25,0.00625,0.0
649,2725.0,145.9327,1.0,1.25,0.00625,0.0
650,2729.0,138.5696,1.0,1.25,0.00625,0.0
651,2733.0,138.5696,1.0,1.25,0.00625,0.0
652,2738.0,138.5696,1.0,1.25,0.00625,0.0
653,2742.0,138.5696,1.0,1.25,0.00625,0.0
654,2747.0,138.5696,1.0,1.25,0.00625,0.0
655,2751.0,138.5696,1.0,1.25,0.00625,0.0
656,2755.0,138.5696,1.0,1.25,0.00625,0.0
657,2760.0,138.5696,1.0,1.25,0.00625,0.0
658,2764.0,138.5696,1.0,1.25,0.00625,0.0
659,2769.0,138.5696,1.0,1.25,0.00625,0.0
660,2775.0,131.4724,1.0,1.25,0.00625,0.0
661,2780.0,131.4724,1.0,1.25,0.00625,0.0
662,2784.0,131.4724,1.0,1.25,0.00625,0.0
663,2788.0,131.4724,1.0,1.25,0.00625,0.0
664,2793.0,131.4724,1.0,1.25,0.00625,0.0
665,2797.0,131.4724,1.0,1.25,0.00625,0.0
666,2802.0,131.4724,1.0,1.25,0.00625,0.0
667,2806.0,131.4724,1.0,1.25,0.00625,0.0
668,2811.0,131.4724,1.0,1.25,0.00625,0.0
669,2815.0,131.4724,1.0,1.25,0.00625,0.0
670,2820.0,123.7411,1.0,1.25,0.00625,0.0
671,2825.0,123.7411,1.0,1.25,0.00625,0.0
672,2829.0,123.7411,1.0,1.25,0.00625,0.0
673,2834.0,123.7411,1.0,1.25,0.00625,0.0
674,2838.0,123.7411,1.0,1.25,0.00625,0.0
675,2842.0,123.7411,1.0,1.25,0.00625,0.0
676,2848.0,123.7411,1.0,1.25,0.00625,0.0
677,2852.0,123.7411,1.0,1.25,0.00625,0.0
678,2857.0,123.7411,1.0,1.25,0.00625,0.0
679,2861.0,123.7411,1.0,1.25,0.00625,0.0
680,2867.0,115.9485,1.0,1.25,0.00625,0.0
681,2871.0,115.9485,1.0,1.25,0.00625,0.0
682,2875.0,115.9485,1.0,1.25,0.00625,0.0
683,2880.0,115.9485,1.0,1.25,0.00625,0.0
684,2884.0,115.9485,1.0,1.25,0.00625,0.0
685,2889.0,115.9485,1.0,1.25,0.00625,0.0
686,2893.0,115.9485,1.0,1.25,0.00625,0.0
687,2897.0,115.9485,1.0,1.25,0.00625,0.0
688,2902.0,115.9485,1.0,1.25,0.00625,0.0
689,2906.0,115.9485,1.0,1.25,0.00625,0.0
690,2912.0,108.7899,1.0,1.25,0.00625,0.0
691,2916.0,108.7899,1.0,1.25,0.00625,0.0
692,2921.0,108.7899,1.0,1.25,0.00625,0.0
693,2925.0,108.7899,1.0,1.25,0.00625,0.0
694,2929.0,108.7899,1.0,1.25,0.00625,0.0
695,2934.0,108.7899,1.0,1.25,0.00625,0.0
696,2938.0,108.7899,1.0,1.25,0.00625,0.0
697,2943.0,108.7899,1.0,1.25,0.00625,0.0
698,2947.0,108.7899,1.0,1.25,0.00625,0.0
699,2951.0,108.7899,1.0,1.25,0.00625,0.0
700,2956.0,101.4269,1.0,1.25,0.00625,0.0
701,2960.0,101.4269,1.0,1.25,0.00625,0.0
702,2965.0,101.4269,1.0,1.25,0.00625,0.0
703,2969.0,101.4269,1.0,1.25,0.00625,0.0
704,2974.0,101.4269,1.0,1.25,0.00625,0.0
705,2978.0,101.4269,1.0,1.25,0.00625,0.0
706,2982.0,101.4269,1.0,1.25,0.00625,0.0
707,2988.0,101.4269,1.0,1.25,0.00625,0.0
708,2993.0,101.4269,1.0,1.25,0.00625,0.0
709,2998.0,101.4269,1.0,1.25,0.00625,0.0
710,3002.0,93.7978,1.0,1.25,0.00625,0.0
711,3006.0,93.7978,1.0,1.25,0.00625,0.0
712,3011.0,93.7978,1.0,1.25,0.00625,0.0
713,3015.0,93.7978,1.0,1.25,0.00625,0.0
714,3020.0,93.7978,1.0,1.25,0.00625,0.0
715,3024.0,93.7978,1.0,1.25,0.00625,0.0
716,3029.0,93.7978,1.0,1.25,0.00625,0.0
717,3033.0,93.7978,1.0,1.25,0.00625,0.0
718,3037.0,93.7978,1.0,1.25,0.00625,0.0
719,3043.0,93.7978,1.0,1.25,0.00625,0.0
720,3047.0,86.537,1.0,1.25,0.00625,0.0
721,3052.0,86.537,1.0,1.25,0.00625,0.0
722,3056.0,86.537,1.0,1.25,0.00625,0.0
723,3061.0,86.537,1.0,1.25,0.00625,0.0
724,3065.0,86.537,1.0,1.25,0.00625,0.0
725,3069.0,86.537,1.0,1.25,0.00625,0.0
726,3074.0,86.537,1.0,1.25,0.00625,0.0
727,3078.0,86.537,1.0,1.25,0.00625,0.0
728,3083.0,86.537,1.0,1.25,0.00625,0.0
729,3088.0,86.537,1.0,1.25,0.00625,0.0
730,3092.0,79.1739,1.0,1.25,0.00625,0.0
731,3097.0,79.1739,1.0,1.25,0.00625,0.0
732,3101.0,79.1739,1.0,1.25,0.00625,0.0
733,3106.0,79.1739,1.0,1.25,0.00625,0.0
734,3110.0,79.1739,1.0,1.25,0.00625,0.0
735,3115.0,79.1739,1.0,1.25,0.00625,0.0
736,3118.0,79.1739,1.0,1.25,0.00625,0.0
737,3122.0,79.1739,1.0,1.25,0.00625,0.0
738,3127.0,79.1739,1.0,1.25,0.00625,0.0
739,3131.0,79.1739,1.0,1.25,0.00625,0.0
740,3135.0,72.3425,1.0,1.25,0.00625,0.0
741,3141.0,72.3425,1.0,1.25,0.00625,0.0
742,3145.0,72.3425,1.0,1.25,0.00625,0.0
743,3150.0,72.3425,1.0,1.25,0.00625,0.0
744,3154.0,72.3425,1.0,1.25,0.00625,0.0
745,3160.0,72.3425,1.0,1.25,0.00625,0.0
746,3164.0,72.3425,1.0,1.25,0.00625,0.0
747,3169.0,72.3425,1.0,1.25,0.00625,0.0
748,3173.0,72.3425,1.0,1.25,0.00625,0.0
749,3177.0,72.3425,1.0,1.25,0.00625,0.0
750,3183.0,64.2431,1.0,1.25,0.00625,0.0
751,3187.0,64.2431,1.0,1.25,0.00625,0.0
752,3192.0,64.2431,1.0,1.25,0.00625,0.0
753,3196.0,64.2431,1.0,1.25,0.00625,0.0
754,3200.0,64.2431,1.0,1.25,0.00625,0.0
755,3205.0,64.2431,1.0,1.25,0.00625,0.0
756,3209.0,64.2431,1.0,1.25,0.00625,0.0
757,3214.0,64.2431,1.0,1.25,0.00625,0.0
758,3218.0,64.2431,1.0,1.25,0.00625,0.0
759,3223.0,64.2431,1.0,1.25,0.00625,0.0
760,3227.0,57.0846,1.0,1.25,0.00625,0.0
761,3232.0,57.0846,1.0,1.25,0.00625,0.0
762,3237.0,57.0846,1.0,1.25,0.00625,0.0
763,3241.0,57.0846,1.0,1.25,0.00625,0.0
764,3246.0,57.0846,1.0,1.25,0.00625,0.0
765,3250.0,57.0846,1.0,1.25,0.00625,0.0
766,3255.0,57.0846,1.0,1.25,0.00625,0.0
767,3260.0,57.0846,1.0,1.25,0.00625,0.0
768,3265.0,57.0846,1.0,1.25,0.00625,0.0
769,3270.0,57.0846,1.0,1.25,0.00625,0.0
770,3274.0,49.1897,1.0,1.25,0.00625,0.0
771,3279.0,49.1897,1.0,1.25,0.00625,0.0
772,3283.0,49.1897,1.0,1.25,0.00625,0.0
773,3287.0,49.1897,1.0,1.25,0.00625,0.0
774,3292.0,49.1897,1.0,1.25,0.00625,0.0
775,3296.0,49.1897,1.0,1.25,0.00625,0.0
776,3301.0,49.1897,1.0,1.25,0.00625,0.0
777,3306.0,49.1897,1.0,1.25,0.00625,0.0
778,3310.0,49.1897,1.0,1.25,0.00625,0.0
779,3316.0,49.1897,1.0,1.25,0.00625,0.0
780,3320.0,41.7652,1.0,1.25,0.00625,0.0
781,3325.0,41.7652,1.0,1.25,0.00625,0.0
782,3329.0,41.7652,1.0,1.25,0.00625,0.0
783,3334.0,41.7652,1.0,1.25,0.00625,0.0
784,3338.0,41.7652,1.0,1.25,0.00625,0.0
785,3343.0,41.7652,1.0,1.25,0.00625,0.0
786,3348.0,41.7652,1.0,1.25,0.00625,0.0
787,3352.0,41.7652,1.0,1.25,0.00625,0.0
788,3357.0,41.7652,1.0,1.25,0.00625,0.0
789,3361.0,41.7652,1.0,1.25,0.00625,0.0
790,3366.0,34.5044,1.0,1.25,0.00625,0.0
791,3370.0,34.5044,1.0,1.25,0.00625,0.0
792,3374.0,34.5044,1.0,1.25,0.00625,0.0
793,3379.0,34.5044,1.0,1.25,0.00625,0.0
794,3383.0,34.5044,1.0,1.25,0.00625,0.0
795,3388.0,34.5044,1.0,1.25,0.00625,0.0
796,3392.0,34.5044,1.0,1.25,0.00625,0.0
797,3396.0,34.5044,1.0,1.25,0.00625,0.0
798,3401.0,34.5044,1.0,1.25,0.00625,0.0
799,3405.0,34.5044,1.0,1.25,0.00625,0.0
800,3410.0,27.1412,1.0,1.25,0.00625,0.0
801,3414.0,27.1412,1.0,1.25,0.00625,0.0
802,3419.0,27.1412,1.0,1.25,0.00625,0.0
803,3423.0,27.1412,1.0,1.25,0.00625,0.0
804,3427.0,27.1412,1.0,1.25,0.00625,0.0
805,3432.0,27.1412,1.0,1.25,0.00625,0.0
806,3436.0,27.1412,1.0,1.25,0.00625,0.0
807,3441.0,27.1412,1.0,1.25,0.00625,0.0
808,3445.0,27.1412,1.0,1.25,0.00625,0.0
809,3450.0,27.1412,1.0,1.25,0.00625,0.0
810,3455.0,20.0441,1.0,1.25,0.00625,0.0
811,3459.0,20.0441,1.0,1.25,0.00625,0.0
812,3465.0,20.0441,1.0,1.25,0.00625,0.0
813,3469.0,20.0441,1.0,1.25,0.00625,0.0
814,3474.0,20.0441,1.0,1.25,0.00625,0.0
815,3478.0,20.0441,1.0,1.25,0.00625,0.0
816,3482.0,20.0441,1.0,1.25,0.00625,0.0
817,3487.0,20.0441,1.0,1.25,0.00625,0.0
818,3491.0,20.0441,1.0,1.25,0.00625,0.0
819,3496.0,20.0441,1.0,1.25,0.00625,0.0
820,3500.0,12.3128,1.0,1.25,0.00625,0.0
821,3505.0,12.3128,1.0,1.25,0.00625,0.0
822,3509.0,12.3128,1.0,1.25,0.00625,0.0
823,3515.0,12.3128,1.0,1.25,0.00625,0.0
824,3519.0,12.3128,1.0,1.25,0.00625,0.0
825,3523.0,12.3128,1.0,1.25,0.00625,0.0
826,3528.0,12.3128,1.0,1.25,0.00625,0.0
827,3532.0,12.3128,1.0,1.25,0.00625,0.0
828,3537.0,12.3128,1.0,1.25,0.00625,0.0
829,3541.0,12.3128,1.0,1.25,0.00625,0.0
830,3545.0,5.052,1.0,1.25,0.00625,0.0
831,3550.0,5.052,1.0,1.25,0.00625,0.0
832,3554.0,5.052,1.0,1.25,0.00625,0.0
833,3558.0,5.052,1.0,1.25,0.00625,0.0
834,3563.0,5.052,1.0,1.25,0.00625,0.0
835,3567.0,5.052,1.0,1.25,0.00625,0.0
836,3571.0,5.052,1.0,1.25,0.00625,0.0
837,3575.0,5.052,1.0,1.25,0.00625,0.0
838,3579.0,5.052,1.0,1.25,0.00625,0.0
839,3583.0,5.052,1.0,1.25,0.00625,0.0
840,3587.0,-1.5135,1.0,1.25,0.00625,0.0
841,3590.0,-1.5135,1.0,1.25,0.00625,0.0
842,3594.0,-1.5135,1.0,1.25,0.00625,0.0
843,3598.0,-1.5135,1.0,1.25,0.00625,0.0
844,3601.0,-1.5135,1.0,1.25,0.00625,0.0
845,3604.0,-1.5135,1.0,1.25,0.00625,0.0
846,3608.0,-1.5135,1.0,1.25,0.00625,0.0
847,3611.0,-1.5135,1.0,1.25,0.00625,0.0
848,3614.0,-1.5135,1.0,1.25,0.00625,0.0
849,3617.0,-1.5135,1.0,1.25,0.00625,0.0
850,3620.0,-6.2586,1.0,1.25,0.00625,0.0
851,3622.0,-6.2586,1.0,1.25,0.00625,0.0
852,3625.0,-6.2586,1.0,1.25,0.00625,0.0
853,3627.0,-6.2586,1.0,1.25,0.00625,0.0
854,3629.0,-6.2586,1.0,1.25,0.00625,0.0
855,3632.0,-6.2586,1.0,1.25,0.00625,0.0
856,3634.0,-6.2586,1.0,1.25,0.00625,0.0
857,3635.0,-6.2586,1.0,1.25,0.00625,0.0
858,3637.0,-6.2586,1.0,1.25,0.00625,0.0
859,3639.0,-6.2586,1.0,1.25,0.00625,0.0
860,3640.0,-8.6312,1.0,1.25,0.00625,0.0
861,3642.0,-8.6312,1.0,1.25,0.00625,0.0
862,3643.0,-8.6312,1.0,1.25,0.00625,0.0
863,3644.0,-8.6312,1.0,1.25,0.00625,0.0
864,3645.0,-8.6312,1.0,1.25,0.00625,0.0
865,3646.0,-8.6312,1.0,1.25,0.00625,0.0
866,3646.0,-8.6312,1.0,1.25,0.00625,0.0
867,3647.0,-8.6312,1.0,1.25,0.00625,0.0
868,3647.0,-8.6312,1.0,1.25,0.00625,0.0
869,3648.0,-8.6312,1.0,1.25,0.00625,0.0
870,3648.0,-8.7744,1.0,1.25,0.00625,0.0
871,3648.0,-8.7744,1.0,1.25,0.00625,0.0
872,3648.0,-8.7744,1.0,1.25,0.00625,0.0
873,3648.0,-8.7744,1.0,1.25,0.00625,0.0
874,3648.0,-8.7744,1.0,1.25,0.00625,0.0
875,3647.0,-8.7744,1.0,1.25,0.00625,0.0
876,3647.0,-8.7744,1.0,1.25,0.00625,0.0
877,3646.0,-8.7744,1.0,1.25,0.00625,0.0
878,3646.0,-8.7744,1.0,1.25,0.00625,0.0
879,3645.0,-8.7744,1.0,1.25,0.00625,0.0
880,3644.0,-7.0563,1.0,1.25,0.00625,0.0
881,3643.0,-7.0563,1.0,1.25,0.00625,0.0
882,3642.0,-7.0563,1.0,1.25,0.00625,0.0
883,3642.0,-7.0563,1.0,1.25,0.00625,0.0
884,3641.0,-7.0563,1.0,1.25,0.00625,0.0
885,3639.0,-7.0563,1.0,1.25,0.00625,0.0
886,3638.0,-7.0563,1.0,1.25,0.00625,0.0
887,3637.0,-7.0563,1.0,1.25,0.00625,0.0
888,3636.0,-7.0563,1.0,1.25,0.00625,0.0
889,3635.0,-7.0563,1.0,1.25,0.00625,0.0
890,3633.0,-4.7041,1.0,1.25,0.00625,0.0
891,3632.0,-4.7041,1.0,1.25,0.00625,0.0
892,3631.0,-4.7041,1.0,1.25,0.00625,0.0
893,3629.0,-4.7041,1.0,1.25,0.00625,0.0
894,3628.0,-4.7041,1.0,1.25,0.00625,0.0
895,3627.0,-4.7041,1.0,1.25,0.00625,0.0
896,3625.0,-4.7041,1.0,1.25,0.00625,0.0
897,3624.0,-4.7041,1.0,1.25,0.00625,0.0
898,3622.0,-4.7041,1.0,1.25,0.00625,0.0
899,3621.0,-4.7041,1.0,1.25,0.00625,0.0
900,3620.0,-2.0044,1.0,1.25,0.00625,0.0
901,3618.0,-2.0044,1.0,1.25,0.00625,0.0
902,3617.0,-2.0044,1.0,1.25,0.00625,0.0
903,3615.0,-2.0044,1.0,1.25,0.00625,0.0
904,3614.0,-2.0044,1.0,1.25,0.00625,0.0
905,3613.0,-2.0044,1.0,1.25,0.00625,0.0
906,3611.0,-2.0044,1.0,1.25,0.00625,0.0
907,3610.0,-2.0044,1.0,1.25,0.00625,0.0
908,3609.0,-2.0044,1.0,1.25,0.00625,0.0
909,3608.0,-2.0044,1.0,1.25,0.00625,0.0
910,3606.0,0.2864,1.0,1.25,0.00625,0.0
911,3605.0,0.2864,1.0,1.25,0.00625,0.0
912,3604.0,0.2864,1.0,1.25,0.00625,0.0
913,3603.0,0.2864,1.0,1.25,0.00625,0.0
914,3602.0,0.2864,1.0,1.25,0.00625,0.0
915,3601.0,0.2864,1.0,1.25,0.00625,0.0
916,3600.0,0.2864,1.0,1.25,0.00625,0.0
917,3599.0,0.2864,1.0,1.25,0.00625,0.0
918,3598.0,0.2864,1.0,1.25,0.00625,0.0
919,3597.0,0.2864,1.0,1.25,0.00625,0.0
920,3596.0,1.5136,1.0,1.25,0.00625,0.0
921,3595.0,1.5136,1.0,1.25,0.00625,0.0
922,3594.0,1.5136,1.0,1.25,0.00625,0.0
923,3594.0,1.5136,1.0,1.25,0.00625,0.0
924,3593.0,1.5136,1.0,1.25,0.00625,0.0
925,3592.0,1.5136,1.0,1.25,0.00625,0.0
926,3592.0,1.5136,1.0,1.25,0.00625,0.0
927,3591.0,1.5136,1.0,1.25,0.00625,0.0
928,3591.0,1.5136,1.0,1.25,0.00625,0.0
929,3590.0,1.5136,1.0,1.25,0.00625,0.0
930,3590.0,2.3521,1.0,1.25,0.00625,0.0
931,3589.0,2.3521,1.0,1.25,0.00625,0.0
932,3589.0,2.3521,1.0,1.25,0.00625,0.0
933,3589.0,2.3521,1.0,1.25,0.00625,0.0
934,3588.0,2.3521,1.0,1.25,0.00625,0.0
935,3588.0,2.3521,1.0,1.25,0.00625,0.0
936,3588.0,2.3521,1.0,1.25,0.00625,0.0
937,3588.0,2.3521,1.0,1.25,0.00625,0.0
938,3588.0,2.3521,1.0,1.25,0.00625,0.0
939,3588.0,2.3521,1.0,1.25,0.00625,0.0
940,3588.0,2.1681,1.0,1.25,0.00625,0.0
941,3588.0,2.1681,1.0,1.25,0.00625,0.0
942,3588.0,2.1681,1.0,1.25,0.00625,0.0
943,3588.0,2.1681,1.0,1.25,0.00625,0.0
944,3588.0,2.1681,1.0,1.25,0.00625,0.0
945,3588.0,2.1681,1.0,1.25,0.00625,0.0
946,3588.0,2.1681,1.0,1.25,0.00625,0.0
947,3589.0,2.1681,1.0,1.25,0.00625,0.0
948,3589.0,2.1681,1.0,1.25,0.00625,0.0
949,3589.0,2.1681,1.0,1.25,0.00625,0.0
950,3590.0,1.6976,1.0,1.25,0.00625,0.0
951,3590.0,1.6976,1.0,1.25,0.00625,0.0
952,3590.0,1.6976,1.0,1.25,0.00625,0.0
953,3590.0,1.6976,1.0,1.25,0.00625,0.0
954,3591.0,1.6976,1.0,1.25,0.00625,0.0
955,3591.0,1.6976,1.0,1.25,0.00625,0.0
956,3591.0,1.6976,1.0,1.25,0.00625,0.0
957,3592.0,1.6976,1.0,1.25,0.00625,0.0
958,3592.0,1.6976,1.0,1.25,0.00625,0.0
959,3592.0,1.6976,1.0,1.25,0.00625,0.0
960,3593.0,1.0022,1.0,1.25,0.00625,0.0
961,3593.0,1.0022,1.0,1.25,0.00625,0.0
962,3593.0,1.0022,1.0,1.25,0.00625,0.0
963,3594.0,1.0022,1.0,1.25,0.00625,0.0
964,3594.0,1.0022,1.0,1.25,0.00625,0.0
965,3594.0,1.0022,1.0,1.25,0.00625,0.0
966,3595.0,1.0022,1.0,1.25,0.00625,0.0
967,3595.0,1.0022,1.0,1.25,0.00625,0.0
968,3596.0,1.0022,1.0,1.25,0.00625,0.0
969,3596.0,1.0022,1.0,1.25,0.00625,0.0
970,3596.0,0.2455,1.0,1.25,0.00625,0.0
971,3597.0,0.2455,1.0,1.25,0.00625,0.0
972,3597.0,0.2455,1.0,1.25,0.00625,0.0
973,3597.0,0.2455,1.0,1.25,0.00625,0.0
974,3597.0,0.2455,1.0,1.25,0.00625,0.0
975,3598.0,0.2455,1.0,1.25,0.00625,0.0
976,3598.0,0.2455,1.0,1.25,0.00625,0.0
977,3598.0,0.2455,1.0,1.25,0.00625,0.0
978,3599.0,0.2455,1.0,1.25,0.00625,0.0
979,3599.0,0.2455,1.0,1.25,0.00625,0.0
980,3599.0,-0.1431,1.0,1.25,0.00625,0.0
981,3599.0,-0.1431,1.0,1.25,0.00625,0.0
982,3599.0,-0.1431,1.0,1.25,0.00625,0.0
983,3600.0,-0.1431,1.0,1.25,0.00625,0.0
984,3600.0,-0.1431,1.0,1.25,0.00625,0.0
985,3600.0,-0.1431,1.0,1.25,0.00625,0.0
986,3600.0,-0.1431,1.0,1.25,0.00625,0.0
987,3600.0,-0.1431,1.0,1.25,0.00625,0.0
988,3600.0,-0.1431,1.0,1.25,0.00625,0.0
989,3601.0,-0.1431,1.0,1.25,0.00625,0.0
990,3601.0,-0.3682,1.0,1.25,0.00625,0.0
991,3601.0,-0.3682,1.0,1.25,0.00625,0.0
992,3601.0,-0.3682,1.0,1.25,0.00625,0.0
993,3601.0,-0.3682,1.0,1.25,0.00625,0.0
994,3601.0,-0.3682,1.0,1.25,0.00625,0.0
995,3601.0,-0.3682,1.0,1.25,0.00625,0.0
996,3601.0,-0.3682,1.0,1.25,0.00625,0.0
997,3601.0,-0.3682,1.0,1.25,0.00625,0.0
998,3601.0,-0.3682,1.0,1.25,0.00625,0.0
999,3601.0,-0.3682,1.0,1.25,0.00625,0.0
1000,3601.0,-0.1636,1.0,1.25,0.00625,0.0
1001,3601.0,-0.1636,1.0,1.25,0.00625,0.0
1002,3601.0,-0.1636,1.0,1.25,0.00625,0.0
1003,3601.0,-0.1636,1.0,1.25,0.00625,0.0
1004,3601.0,-0.1636,1.0,1.25,0.00625,0.0
1005,3601.0,-0.1636,1.0,1.25,0.00625,0.0
1006,3601.0,-0.1636,1.0,1.25,0.00625,0.0
1007,3601.0,-0.1636,1.0,1.25,0.00625,0.0
1008,3601.0,-0.1636,1.0,1.25,0.00625,0.0
1009,3601.0,-0.1636,1.0,1.25,0.00625,0.0
