TIME,PULSES,CONTROLLERVOLTAGE,CONTROLLER,KP,TAUD,TAUI 
0,1,7.0768,1,2.5,0.003125,0.0
1,4,7.0768,1,2.5,0.003125,0.0
2,7,7.0768,1,2.5,0.003125,0.0
3,9,7.0768,1,2.5,0.003125,0.0
4,12,7.0768,1,2.5,0.003125,0.0
5,14,7.0768,1,2.5,0.003125,0.0
6,17,7.0768,1,2.5,0.003125,0.0
7,20,7.0768,1,2.5,0.003125,0.0
8,22,7.0768,1,2.5,0.003125,0.0
9,25,7.0768,1,2.5,0.003125,0.0
10,28,1534.6967,1,2.5,0.003125,0.0
11,30,1534.6967,1,2.5,0.003125,0.0
12,33,1534.6967,1,2.5,0.003125,0.0
13,36,1534.6967,1,2.5,0.003125,0.0
14,38,1534.6967,1,2.5,0.003125,0.0
15,41,1534.6967,1,2.5,0.003125,0.0
16,44,1534.6967,1,2.5,0.003125,0.0
17,47,1534.6967,1,2.5,0.003125,0.0
18,50,1534.6967,1,2.5,0.003125,0.0
19,53,1534.6967,1,2.5,0.003125,0.0
20,56,1157.8896,1,2.5,0.003125,0.0
21,59,1157.8896,1,2.5,0.003125,0.0
22,62,1157.8896,1,2.5,0.003125,0.0
23,65,1157.8896,1,2.5,0.003125,0.0
24,68,1157.8896,1,2.5,0.003125,0.0
25,72,1157.8896,1,2.5,0.003125,0.0
26,75,1157.8896,1,2.5,0.003125,0.0
27,78,1157.8896,1,2.5,0.003125,0.0
28,82,1157.8896,1,2.5,0.003125,0.0
29,85,1157.8896,1,2.5,0.003125,0.0
30,88,1147.0087,1,2.5,0.003125,0.0
31,92,1147.0087,1,2.5,0.003125,0.0
32,95,1147.0087,1,2.5,0.003125,0.0
33,99,1147.0087,1,2.5,0.003125,0.0
34,102,1147.0087,1,2.5,0.003125,0.0
35,106,1147.0087,1,2.5,0.003125,0.0
36,110,1147.0087,1,2.5,0.003125,0.0
37,113,1147.0087,1,2.5,0.003125,0.0
38,117,1147.0087,1,2.5,0.003125,0.0
39,120,1147.0087,1,2.5,0.003125,0.0
40,124,1134.8186,1,2.5,0.003125,0.0
41,128,1134.8186,1,2.5,0.003125,0.0
42,132,1134.8186,1,2.5,0.003125,0.0
43,135,1134.8186,1,2.5,0.003125,0.0
44,139,1134.8186,1,2.5,0.003125,0.0
45,143,1134.8186,1,2.5,0.003125,0.0
46,148,1134.8186,1,2.5,0.003125,0.0
47,151,1134.8186,1,2.5,0.003125,0.0
48,155,1134.8186,1,2.5,0.003125,0.0
49,159,1134.8186,1,2.5,0.003125,0.0
50,163,1122.1786,1,2.5,0.003125,0.0
51,167,1122.1786,1,2.5,0.003125,0.0
52,171,1122.1786,1,2.5,0.003125,0.0
53,175,1122.1786,1,2.5,0.003125,0.0
54,179,1122.1786,1,2.5,0.003125,0.0
55,183,1122.1786,1,2.5,0.003125,0.0
56,186,1122.1786,1,2.5,0.003125,0.0
57,190,1122.1786,1,2.5,0.003125,0.0
58,197,1122.1786,1,2.5,0.003125,0.0
59,201,1122.1786,1,2.5,0.003125,0.0
60,205,1107.5955,1,2.5,0.003125,0.0
61,209,1107.5955,1,2.5,0.003125,0.0
62,213,1107.5955,1,2.5,0.003125,0.0
63,217,1107.5955,1,2.5,0.003125,0.0
64,222,1107.5955,1,2.5,0.003125,0.0
65,226,1107.5955,1,2.5,0.003125,0.0
66,230,1107.5955,1,2.5,0.003125,0.0
67,234,1107.5955,1,2.5,0.003125,0.0
68,238,1107.5955,1,2.5,0.003125,0.0
69,242,1107.5955,1,2.5,0.003125,0.0
70,246,1094.8124,1,2.5,0.003125,0.0
71,250,1094.8124,1,2.5,0.003125,0.0
72,254,1094.8124,1,2.5,0.003125,0.0
73,258,1094.8124,1,2.5,0.003125,0.0
74,262,1094.8124,1,2.5,0.003125,0.0
75,267,1094.8124,1,2.5,0.003125,0.0
76,271,1094.8124,1,2.5,0.003125,0.0
77,275,1094.8124,1,2.5,0.003125,0.0
78,279,1094.8124,1,2.5,0.003125,0.0
79,283,1094.8124,1,2.5,0.003125,0.0
80,288,1080.8634,1,2.5,0.003125,0.0
81,292,1080.8634,1,2.5,0.003125,0.0
82,296,1080.8634,1,2.5,0.003125,0.0
83,300,1080.8634,1,2.5,0.003125,0.0
84,304,1080.8634,1,2.5,0.003125,0.0
85,309,1080.8634,1,2.5,0.003125,0.0
86,313,1080.8634,1,2.5,0.003125,0.0
87,317,1080.8634,1,2.5,0.003125,0.0
88,321,1080.8634,1,2.5,0.003125,0.0
89,326,1080.8634,1,2.5,0.003125,0.0
90,330,1067.1189,1,2.5,0.003125,0.0
91,335,1067.1189,1,2.5,0.003125,0.0
92,339,1067.1189,1,2.5,0.003125,0.0
93,344,1067.1189,1,2.5,0.003125,0.0
94,348,1067.1189,1,2.5,0.003125,0.0
95,352,1067.1189,1,2.5,0.003125,0.0
96,356,1067.1189,1,2.5,0.003125,0.0
97,361,1067.1189,1,2.5,0.003125,0.0
98,365,1067.1189,1,2.5,0.003125,0.0
99,369,1067.1189,1,2.5,0.003125,0.0
100,374,1052.5155,1,2.5,0.003125,0.0
101,378,1052.5155,1,2.5,0.003125,0.0
102,382,1052.5155,1,2.5,0.003125,0.0
103,386,1052.5155,1,2.5,0.003125,0.0
104,392,1052.5155,1,2.5,0.003125,0.0
105,396,1052.5155,1,2.5,0.003125,0.0
106,400,1052.5155,1,2.5,0.003125,0.0
107,405,1052.5155,1,2.5,0.003125,0.0
108,409,1052.5155,1,2.5,0.003125,0.0
109,413,1052.5155,1,2.5,0.003125,0.0
110,418,1038.1165,1,2.5,0.003125,0.0
111,422,1038.1165,1,2.5,0.003125,0.0
112,426,1038.1165,1,2.5,0.003125,0.0
113,431,1038.1165,1,2.5,0.003125,0.0
114,436,1038.1165,1,2.5,0.003125,0.0
115,440,1038.1165,1,2.5,0.003125,0.0
116,445,1038.1165,1,2.5,0.003125,0.0
117,449,1038.1165,1,2.5,0.003125,0.0
118,453,1038.1165,1,2.5,0.003125,0.0
119,458,1038.1165,1,2.5,0.003125,0.0
120,462,1023.7175,1,2.5,0.003125,0.0
121,467,1023.7175,1,2.5,0.003125,0.0
122,471,1023.7175,1,2.5,0.003125,0.0
123,475,1023.7175,1,2.5,0.003125,0.0
124,480,1023.7175,1,2.5,0.003125,0.0
125,485,1023.7175,1,2.5,0.003125,0.0
126,490,1023.7175,1,2.5,0.003125,0.0
127,495,1023.7175,1,2.5,0.003125,0.0
128,499,1023.7175,1,2.5,0.003125,0.0
129,503,1023.7175,1,2.5,0.003125,0.0
130,508,1008.4595,1,2.5,0.003125,0.0
131,512,1008.4595,1,2.5,0.003125,0.0
132,517,1008.4595,1,2.5,0.003125,0.0
133,521,1008.4595,1,2.5,0.003125,0.0
134,525,1008.4595,1,2.5,0.003125,0.0
135,530,1008.4595,1,2.5,0.003125,0.0
136,534,1008.4595,1,2.5,0.003125,0.0
137,539,1008.4595,1,2.5,0.003125,0.0
138,544,1008.4595,1,2.5,0.003125,0.0
139,548,1008.4595,1,2.5,0.003125,0.0
140,552,994.265,1,2.5,0.003125,0.0
141,558,994.265,1,2.5,0.003125,0.0
142,562,994.265,1,2.5,0.003125,0.0
143,567,994.265,1,2.5,0.003125,0.0
144,571,994.265,1,2.5,0.003125,0.0
145,576,994.265,1,2.5,0.003125,0.0
146,580,994.265,1,2.5,0.003125,0.0
147,585,994.265,1,2.5,0.003125,0.0
148,591,994.265,1,2.5,0.003125,0.0
149,595,994.265,1,2.5,0.003125,0.0
150,599,978.5776,1,2.5,0.003125,0.0
151,604,978.5776,1,2.5,0.003125,0.0
152,608,978.5776,1,2.5,0.003125,0.0
153,613,978.5776,1,2.5,0.003125,0.0
154,617,978.5776,1,2.5,0.003125,0.0
155,622,978.5776,1,2.5,0.003125,0.0
156,626,978.5776,1,2.5,0.003125,0.0
157,631,978.5776,1,2.5,0.003125,0.0
158,636,978.5776,1,2.5,0.003125,0.0
159,640,978.5776,1,2.5,0.003125,0.0
160,644,964.0559,1,2.5,0.003125,0.0
161,649,964.0559,1,2.5,0.003125,0.0
162,653,964.0559,1,2.5,0.003125,0.0
163,658,964.0559,1,2.5,0.003125,0.0
164,662,964.0559,1,2.5,0.003125,0.0
165,667,964.0559,1,2.5,0.003125,0.0
166,671,964.0559,1,2.5,0.003125,0.0
167,675,964.0559,1,2.5,0.003125,0.0
168,680,964.0559,1,2.5,0.003125,0.0
169,684,964.0559,1,2.5,0.003125,0.0
170,689,949.3297,1,2.5,0.003125,0.0
171,693,949.3297,1,2.5,0.003125,0.0
172,697,949.3297,1,2.5,0.003125,0.0
173,702,949.3297,1,2.5,0.003125,0.0
174,706,949.3297,1,2.5,0.003125,0.0
175,711,949.3297,1,2.5,0.003125,0.0
176,715,949.3297,1,2.5,0.003125,0.0
177,720,949.3297,1,2.5,0.003125,0.0
178,724,949.3297,1,2.5,0.003125,0.0
179,728,949.3297,1,2.5,0.003125,0.0
180,733,935.0329,1,2.5,0.003125,0.0
181,737,935.0329,1,2.5,0.003125,0.0
182,742,935.0329,1,2.5,0.003125,0.0
183,746,935.0329,1,2.5,0.003125,0.0
184,750,935.0329,1,2.5,0.003125,0.0
185,755,935.0329,1,2.5,0.003125,0.0
186,759,935.0329,1,2.5,0.003125,0.0
187,764,935.0329,1,2.5,0.003125,0.0
188,768,935.0329,1,2.5,0.003125,0.0
189,773,935.0329,1,2.5,0.003125,0.0
190,778,920.634,1,2.5,0.003125,0.0
191,782,920.634,1,2.5,0.003125,0.0
192,787,920.634,1,2.5,0.003125,0.0
193,791,920.634,1,2.5,0.003125,0.0
194,796,920.634,1,2.5,0.003125,0.0
195,800,920.634,1,2.5,0.003125,0.0
196,804,920.634,1,2.5,0.003125,0.0
197,809,920.634,1,2.5,0.003125,0.0
198,813,920.634,1,2.5,0.003125,0.0
199,818,920.634,1,2.5,0.003125,0.0
200,822,905.8055,1,2.5,0.003125,0.0
201,828,905.8055,1,2.5,0.003125,0.0
202,832,905.8055,1,2.5,0.003125,0.0
203,836,905.8055,1,2.5,0.003125,0.0
204,841,905.8055,1,2.5,0.003125,0.0
205,846,905.8055,1,2.5,0.003125,0.0
206,851,905.8055,1,2.5,0.003125,0.0
207,855,905.8055,1,2.5,0.003125,0.0
208,860,905.8055,1,2.5,0.003125,0.0
209,864,905.8055,1,2.5,0.003125,0.0
210,869,890.6498,1,2.5,0.003125,0.0
211,873,890.6498,1,2.5,0.003125,0.0
212,877,890.6498,1,2.5,0.003125,0.0
213,882,890.6498,1,2.5,0.003125,0.0
214,888,890.6498,1,2.5,0.003125,0.0
215,893,890.6498,1,2.5,0.003125,0.0
216,897,890.6498,1,2.5,0.003125,0.0
217,901,890.6498,1,2.5,0.003125,0.0
218,906,890.6498,1,2.5,0.003125,0.0
219,910,890.6498,1,2.5,0.003125,0.0
220,915,875.1668,1,2.5,0.003125,0.0
221,919,875.1668,1,2.5,0.003125,0.0
222,924,875.1668,1,2.5,0.003125,0.0
223,928,875.1668,1,2.5,0.003125,0.0
224,933,875.1668,1,2.5,0.003125,0.0
225,938,875.1668,1,2.5,0.003125,0.0
226,942,875.1668,1,2.5,0.003125,0.0
227,947,875.1668,1,2.5,0.003125,0.0
228,951,875.1668,1,2.5,0.003125,0.0
229,956,875.1668,1,2.5,0.003125,0.0
230,960,860.6451,1,2.5,0.003125,0.0
231,965,860.6451,1,2.5,0.003125,0.0
232,969,860.6451,1,2.5,0.003125,0.0
233,973,860.6451,1,2.5,0.003125,0.0
234,978,860.6451,1,2.5,0.003125,0.0
235,982,860.6451,1,2.5,0.003125,0.0
236,986,860.6451,1,2.5,0.003125,0.0
237,991,860.6451,1,2.5,0.003125,0.0
238,995,860.6451,1,2.5,0.003125,0.0
239,1000,860.6451,1,2.5,0.003125,0.0
240,1004,846.3484,1,2.5,0.003125,0.0
241,1009,846.3484,1,2.5,0.003125,0.0
242,1013,846.3484,1,2.5,0.003125,0.0
243,1018,846.3484,1,2.5,0.003125,0.0
244,1022,846.3484,1,2.5,0.003125,0.0
245,1026,846.3484,1,2.5,0.003125,0.0
246,1032,846.3484,1,2.5,0.003125,0.0
247,1036,846.3484,1,2.5,0.003125,0.0
248,1041,846.3484,1,2.5,0.003125,0.0
249,1045,846.3484,1,2.5,0.003125,0.0
250,1049,831.5199,1,2.5,0.003125,0.0
251,1054,831.5199,1,2.5,0.003125,0.0
252,1058,831.5199,1,2.5,0.003125,0.0
253,1063,831.5199,1,2.5,0.003125,0.0
254,1067,831.5199,1,2.5,0.003125,0.0
255,1072,831.5199,1,2.5,0.003125,0.0
256,1076,831.5199,1,2.5,0.003125,0.0
257,1081,831.5199,1,2.5,0.003125,0.0
258,1086,831.5199,1,2.5,0.003125,0.0
259,1091,831.5199,1,2.5,0.003125,0.0
260,1096,815.9346,1,2.5,0.003125,0.0
261,1100,815.9346,1,2.5,0.003125,0.0
262,1105,815.9346,1,2.5,0.003125,0.0
263,1109,815.9346,1,2.5,0.003125,0.0
264,1113,815.9346,1,2.5,0.003125,0.0
265,1118,815.9346,1,2.5,0.003125,0.0
266,1122,815.9346,1,2.5,0.003125,0.0
267,1127,815.9346,1,2.5,0.003125,0.0
268,1132,815.9346,1,2.5,0.003125,0.0
269,1136,815.9346,1,2.5,0.003125,0.0
270,1141,801.413,1,2.5,0.003125,0.0
271,1145,801.413,1,2.5,0.003125,0.0
272,1150,801.413,1,2.5,0.003125,0.0
273,1154,801.413,1,2.5,0.003125,0.0
274,1159,801.413,1,2.5,0.003125,0.0
275,1163,801.413,1,2.5,0.003125,0.0
276,1167,801.413,1,2.5,0.003125,0.0
277,1172,801.413,1,2.5,0.003125,0.0
278,1176,801.413,1,2.5,0.003125,0.0
279,1181,801.413,1,2.5,0.003125,0.0
280,1185,787.1162,1,2.5,0.003125,0.0
281,1189,787.1162,1,2.5,0.003125,0.0
282,1195,787.1162,1,2.5,0.003125,0.0
283,1199,787.1162,1,2.5,0.003125,0.0
284,1204,787.1162,1,2.5,0.003125,0.0
285,1208,787.1162,1,2.5,0.003125,0.0
286,1213,787.1162,1,2.5,0.003125,0.0
287,1217,787.1162,1,2.5,0.003125,0.0
288,1221,787.1162,1,2.5,0.003125,0.0
289,1226,787.1162,1,2.5,0.003125,0.0
290,1231,772.2878,1,2.5,0.003125,0.0
291,1236,772.2878,1,2.5,0.003125,0.0
292,1240,772.2878,1,2.5,0.003125,0.0
293,1244,772.2878,1,2.5,0.003125,0.0
294,1249,772.2878,1,2.5,0.003125,0.0
295,1253,772.2878,1,2.5,0.003125,0.0
296,1258,772.2878,1,2.5,0.003125,0.0
297,1262,772.2878,1,2.5,0.003125,0.0
298,1267,772.2878,1,2.5,0.003125,0.0
299,1271,772.2878,1,2.5,0.003125,0.0
300,1276,757.5616,1,2.5,0.003125,0.0
301,1281,757.5616,1,2.5,0.003125,0.0
302,1286,757.5616,1,2.5,0.003125,0.0
303,1291,757.5616,1,2.5,0.003125,0.0
304,1295,757.5616,1,2.5,0.003125,0.0
305,1300,757.5616,1,2.5,0.003125,0.0
306,1304,757.5616,1,2.5,0.003125,0.0
307,1309,757.5616,1,2.5,0.003125,0.0
308,1313,757.5616,1,2.5,0.003125,0.0
309,1318,757.5616,1,2.5,0.003125,0.0
310,1323,741.5468,1,2.5,0.003125,0.0
311,1327,741.5468,1,2.5,0.003125,0.0
312,1331,741.5468,1,2.5,0.003125,0.0
313,1336,741.5468,1,2.5,0.003125,0.0
314,1340,741.5468,1,2.5,0.003125,0.0
315,1345,741.5468,1,2.5,0.003125,0.0
316,1349,741.5468,1,2.5,0.003125,0.0
317,1354,741.5468,1,2.5,0.003125,0.0
318,1358,741.5468,1,2.5,0.003125,0.0
319,1363,741.5468,1,2.5,0.003125,0.0
320,1367,727.5569,1,2.5,0.003125,0.0
321,1371,727.5569,1,2.5,0.003125,0.0
322,1376,727.5569,1,2.5,0.003125,0.0
323,1380,727.5569,1,2.5,0.003125,0.0
324,1386,727.5569,1,2.5,0.003125,0.0
325,1390,727.5569,1,2.5,0.003125,0.0
326,1395,727.5569,1,2.5,0.003125,0.0
327,1400,727.5569,1,2.5,0.003125,0.0
328,1404,727.5569,1,2.5,0.003125,0.0
329,1409,727.5569,1,2.5,0.003125,0.0
330,1413,712.299,1,2.5,0.003125,0.0
331,1418,712.299,1,2.5,0.003125,0.0
332,1422,712.299,1,2.5,0.003125,0.0
333,1426,712.299,1,2.5,0.003125,0.0
334,1431,712.299,1,2.5,0.003125,0.0
335,1435,712.299,1,2.5,0.003125,0.0
336,1440,712.299,1,2.5,0.003125,0.0
337,1444,712.299,1,2.5,0.003125,0.0
338,1448,712.299,1,2.5,0.003125,0.0
339,1453,712.299,1,2.5,0.003125,0.0
340,1457,698.1046,1,2.5,0.003125,0.0
341,1462,698.1046,1,2.5,0.003125,0.0
342,1466,698.1046,1,2.5,0.003125,0.0
343,1471,698.1046,1,2.5,0.003125,0.0
344,1475,698.1046,1,2.5,0.003125,0.0
345,1479,698.1046,1,2.5,0.003125,0.0
346,1484,698.1046,1,2.5,0.003125,0.0
347,1488,698.1046,1,2.5,0.003125,0.0
348,1493,698.1046,1,2.5,0.003125,0.0
349,1497,698.1046,1,2.5,0.003125,0.0
350,1501,683.7055,1,2.5,0.003125,0.0
351,1506,683.7055,1,2.5,0.003125,0.0
352,1510,683.7055,1,2.5,0.003125,0.0
353,1515,683.7055,1,2.5,0.003125,0.0
354,1519,683.7055,1,2.5,0.003125,0.0
355,1523,683.7055,1,2.5,0.003125,0.0
356,1528,683.7055,1,2.5,0.003125,0.0
357,1532,683.7055,1,2.5,0.003125,0.0
358,1537,683.7055,1,2.5,0.003125,0.0
359,1541,683.7055,1,2.5,0.003125,0.0
360,1546,668.8771,1,2.5,0.003125,0.0
361,1550,668.8771,1,2.5,0.003125,0.0
362,1555,668.8771,1,2.5,0.003125,0.0
363,1559,668.8771,1,2.5,0.003125,0.0
364,1563,668.8771,1,2.5,0.003125,0.0
365,1568,668.8771,1,2.5,0.003125,0.0
366,1573,668.8771,1,2.5,0.003125,0.0
367,1578,668.8771,1,2.5,0.003125,0.0
368,1582,668.8771,1,2.5,0.003125,0.0
369,1586,668.8771,1,2.5,0.003125,0.0
370,1591,654.1508,1,2.5,0.003125,0.0
371,1595,654.1508,1,2.5,0.003125,0.0
372,1600,654.1508,1,2.5,0.003125,0.0
373,1605,654.1508,1,2.5,0.003125,0.0
374,1610,654.1508,1,2.5,0.003125,0.0
375,1614,654.1508,1,2.5,0.003125,0.0
376,1619,654.1508,1,2.5,0.003125,0.0
377,1624,654.1508,1,2.5,0.003125,0.0
378,1628,654.1508,1,2.5,0.003125,0.0
379,1633,654.1508,1,2.5,0.003125,0.0
380,1637,638.9951,1,2.5,0.003125,0.0
381,1642,638.9951,1,2.5,0.003125,0.0
382,1646,638.9951,1,2.5,0.003125,0.0
383,1650,638.9951,1,2.5,0.003125,0.0
384,1655,638.9951,1,2.5,0.003125,0.0
385,1659,638.9951,1,2.5,0.003125,0.0
386,1664,638.9951,1,2.5,0.003125,0.0
387,1668,638.9951,1,2.5,0.003125,0.0
388,1672,638.9951,1,2.5,0.003125,0.0
389,1677,638.9951,1,2.5,0.003125,0.0
390,1681,624.8007,1,2.5,0.003125,0.0
391,1685,624.8007,1,2.5,0.003125,0.0
392,1689,624.8007,1,2.5,0.003125,0.0
393,1694,624.8007,1,2.5,0.003125,0.0
394,1698,624.8007,1,2.5,0.003125,0.0
395,1703,624.8007,1,2.5,0.003125,0.0
396,1708,624.8007,1,2.5,0.003125,0.0
397,1712,624.8007,1,2.5,0.003125,0.0
398,1717,624.8007,1,2.5,0.003125,0.0
399,1721,624.8007,1,2.5,0.003125,0.0
400,1726,610.4017,1,2.5,0.003125,0.0
401,1730,610.4017,1,2.5,0.003125,0.0
402,1734,610.4017,1,2.5,0.003125,0.0
403,1739,610.4017,1,2.5,0.003125,0.0
404,1743,610.4017,1,2.5,0.003125,0.0
405,1748,610.4017,1,2.5,0.003125,0.0
406,1752,610.4017,1,2.5,0.003125,0.0
407,1757,610.4017,1,2.5,0.003125,0.0
408,1761,610.4017,1,2.5,0.003125,0.0
409,1766,610.4017,1,2.5,0.003125,0.0
410,1771,595.1437,1,2.5,0.003125,0.0
411,1775,595.1437,1,2.5,0.003125,0.0
412,1780,595.1437,1,2.5,0.003125,0.0
413,1784,595.1437,1,2.5,0.003125,0.0
414,1789,595.1437,1,2.5,0.003125,0.0
415,1793,595.1437,1,2.5,0.003125,0.0
416,1797,595.1437,1,2.5,0.003125,0.0
417,1802,595.1437,1,2.5,0.003125,0.0
418,1807,595.1437,1,2.5,0.003125,0.0
419,1812,595.1437,1,2.5,0.003125,0.0
420,1816,580.5198,1,2.5,0.003125,0.0
421,1821,580.5198,1,2.5,0.003125,0.0
422,1825,580.5198,1,2.5,0.003125,0.0
423,1829,580.5198,1,2.5,0.003125,0.0
424,1834,580.5198,1,2.5,0.003125,0.0
425,1838,580.5198,1,2.5,0.003125,0.0
426,1843,580.5198,1,2.5,0.003125,0.0
427,1847,580.5198,1,2.5,0.003125,0.0
428,1852,580.5198,1,2.5,0.003125,0.0
429,1856,580.5198,1,2.5,0.003125,0.0
430,1860,566.223,1,2.5,0.003125,0.0
431,1865,566.223,1,2.5,0.003125,0.0
432,1869,566.223,1,2.5,0.003125,0.0
433,1874,566.223,1,2.5,0.003125,0.0
434,1878,566.223,1,2.5,0.003125,0.0
435,1883,566.223,1,2.5,0.003125,0.0
436,1887,566.223,1,2.5,0.003125,0.0
437,1891,566.223,1,2.5,0.003125,0.0
438,1896,566.223,1,2.5,0.003125,0.0
439,1900,566.223,1,2.5,0.003125,0.0
440,1906,551.3946,1,2.5,0.003125,0.0
441,1910,551.3946,1,2.5,0.003125,0.0
442,1916,551.3946,1,2.5,0.003125,0.0
443,1920,551.3946,1,2.5,0.003125,0.0
444,1924,551.3946,1,2.5,0.003125,0.0
445,1929,551.3946,1,2.5,0.003125,0.0
446,1933,551.3946,1,2.5,0.003125,0.0
447,1938,551.3946,1,2.5,0.003125,0.0
448,1942,551.3946,1,2.5,0.003125,0.0
449,1947,551.3946,1,2.5,0.003125,0.0
450,1951,536.2388,1,2.5,0.003125,0.0
451,1956,536.2388,1,2.5,0.003125,0.0
452,1961,536.2388,1,2.5,0.003125,0.0
453,1965,536.2388,1,2.5,0.003125,0.0
454,1970,536.2388,1,2.5,0.003125,0.0
455,1974,536.2388,1,2.5,0.003125,0.0
456,1979,536.2388,1,2.5,0.003125,0.0
457,1983,536.2388,1,2.5,0.003125,0.0
458,1988,536.2388,1,2.5,0.003125,0.0
459,1992,536.2388,1,2.5,0.003125,0.0
460,1997,521.1854,1,2.5,0.003125,0.0
461,2002,521.1854,1,2.5,0.003125,0.0
462,2006,521.1854,1,2.5,0.003125,0.0
463,2011,521.1854,1,2.5,0.003125,0.0
464,2015,521.1854,1,2.5,0.003125,0.0
465,2019,521.1854,1,2.5,0.003125,0.0
466,2024,521.1854,1,2.5,0.003125,0.0
467,2028,521.1854,1,2.5,0.003125,0.0
468,2033,521.1854,1,2.5,0.003125,0.0
469,2037,521.1854,1,2.5,0.003125,0.0
470,2042,506.5614,1,2.5,0.003125,0.0
471,2046,506.5614,1,2.5,0.003125,0.0
472,2051,506.5614,1,2.5,0.003125,0.0
473,2055,506.5614,1,2.5,0.003125,0.0
474,2060,506.5614,1,2.5,0.003125,0.0
475,2065,506.5614,1,2.5,0.003125,0.0
476,2069,506.5614,1,2.5,0.003125,0.0
477,2074,506.5614,1,2.5,0.003125,0.0
478,2078,506.5614,1,2.5,0.003125,0.0
479,2083,506.5614,1,2.5,0.003125,0.0
480,2087,491.8352,1,2.5,0.003125,0.0
481,2091,491.8352,1,2.5,0.003125,0.0
482,2096,491.8352,1,2.5,0.003125,0.0
483,2101,491.8352,1,2.5,0.003125,0.0
484,2106,491.8352,1,2.5,0.003125,0.0
485,2110,491.8352,1,2.5,0.003125,0.0
486,2114,491.8352,1,2.5,0.003125,0.0
487,2119,491.8352,1,2.5,0.003125,0.0
488,2123,491.8352,1,2.5,0.003125,0.0
489,2128,491.8352,1,2.5,0.003125,0.0
490,2132,477.109,1,2.5,0.003125,0.0
491,2137,477.109,1,2.5,0.003125,0.0
492,2141,477.109,1,2.5,0.003125,0.0
493,2146,477.109,1,2.5,0.003125,0.0
494,2150,477.109,1,2.5,0.003125,0.0
495,2154,477.109,1,2.5,0.003125,0.0
496,2161,477.109,1,2.5,0.003125,0.0
497,2165,477.109,1,2.5,0.003125,0.0
498,2170,477.109,1,2.5,0.003125,0.0
499,2175,477.109,1,2.5,0.003125,0.0
500,2180,461.5237,1,2.5,0.003125,0.0
501,2184,461.5237,1,2.5,0.003125,0.0
502,2188,461.5237,1,2.5,0.003125,0.0
503,2193,461.5237,1,2.5,0.003125,0.0
504,2197,461.5237,1,2.5,0.003125,0.0
505,2203,461.5237,1,2.5,0.003125,0.0
506,2207,461.5237,1,2.5,0.003125,0.0
507,2213,461.5237,1,2.5,0.003125,0.0
508,2217,461.5237,1,2.5,0.003125,0.0
509,2221,461.5237,1,2.5,0.003125,0.0
510,2227,446.143,1,2.5,0.003125,0.0
511,2231,446.143,1,2.5,0.003125,0.0
512,2236,446.143,1,2.5,0.003125,0.0
513,2240,446.143,1,2.5,0.003125,0.0
514,2245,446.143,1,2.5,0.003125,0.0
515,2249,446.143,1,2.5,0.003125,0.0
516,2254,446.143,1,2.5,0.003125,0.0
517,2260,446.143,1,2.5,0.003125,0.0
518,2264,446.143,1,2.5,0.003125,0.0
519,2269,446.143,1,2.5,0.003125,0.0
520,2273,430.7623,1,2.5,0.003125,0.0
521,2278,430.7623,1,2.5,0.003125,0.0
522,2282,430.7623,1,2.5,0.003125,0.0
523,2287,430.7623,1,2.5,0.003125,0.0
524,2291,430.7623,1,2.5,0.003125,0.0
525,2295,430.7623,1,2.5,0.003125,0.0
526,2300,430.7623,1,2.5,0.003125,0.0
527,2304,430.7623,1,2.5,0.003125,0.0
528,2309,430.7623,1,2.5,0.003125,0.0
529,2313,430.7623,1,2.5,0.003125,0.0
530,2318,416.6701,1,2.5,0.003125,0.0
531,2322,416.6701,1,2.5,0.003125,0.0
532,2326,416.6701,1,2.5,0.003125,0.0
533,2331,416.6701,1,2.5,0.003125,0.0
534,2335,416.6701,1,2.5,0.003125,0.0
535,2340,416.6701,1,2.5,0.003125,0.0
536,2344,416.6701,1,2.5,0.003125,0.0
537,2349,416.6701,1,2.5,0.003125,0.0
538,2353,416.6701,1,2.5,0.003125,0.0
539,2358,416.6701,1,2.5,0.003125,0.0
540,2363,401.4121,1,2.5,0.003125,0.0
541,2367,401.4121,1,2.5,0.003125,0.0
542,2372,401.4121,1,2.5,0.003125,0.0
543,2376,401.4121,1,2.5,0.003125,0.0
544,2381,401.4121,1,2.5,0.003125,0.0
545,2385,401.4121,1,2.5,0.003125,0.0
546,2390,401.4121,1,2.5,0.003125,0.0
547,2394,401.4121,1,2.5,0.003125,0.0
548,2398,401.4121,1,2.5,0.003125,0.0
549,2403,401.4121,1,2.5,0.003125,0.0
550,2408,387.2177,1,2.5,0.003125,0.0
551,2413,387.2177,1,2.5,0.003125,0.0
552,2417,387.2177,1,2.5,0.003125,0.0
553,2421,387.2177,1,2.5,0.003125,0.0
554,2426,387.2177,1,2.5,0.003125,0.0
555,2430,387.2177,1,2.5,0.003125,0.0
556,2435,387.2177,1,2.5,0.003125,0.0
557,2440,387.2177,1,2.5,0.003125,0.0
558,2445,387.2177,1,2.5,0.003125,0.0
559,2450,387.2177,1,2.5,0.003125,0.0
560,2454,371.5302,1,2.5,0.003125,0.0
561,2460,371.5302,1,2.5,0.003125,0.0
562,2464,371.5302,1,2.5,0.003125,0.0
563,2469,371.5302,1,2.5,0.003125,0.0
564,2473,371.5302,1,2.5,0.003125,0.0
565,2478,371.5302,1,2.5,0.003125,0.0
566,2482,371.5302,1,2.5,0.003125,0.0
567,2487,371.5302,1,2.5,0.003125,0.0
568,2491,371.5302,1,2.5,0.003125,0.0
569,2495,371.5302,1,2.5,0.003125,0.0
570,2500,356.579,1,2.5,0.003125,0.0
571,2506,356.579,1,2.5,0.003125,0.0
572,2511,356.579,1,2.5,0.003125,0.0
573,2515,356.579,1,2.5,0.003125,0.0
574,2519,356.579,1,2.5,0.003125,0.0
575,2524,356.579,1,2.5,0.003125,0.0
576,2528,356.579,1,2.5,0.003125,0.0
577,2533,356.579,1,2.5,0.003125,0.0
578,2537,356.579,1,2.5,0.003125,0.0
579,2543,356.579,1,2.5,0.003125,0.0
580,2547,341.096,1,2.5,0.003125,0.0
581,2552,341.096,1,2.5,0.003125,0.0
582,2557,341.096,1,2.5,0.003125,0.0
583,2561,341.096,1,2.5,0.003125,0.0
584,2566,341.096,1,2.5,0.003125,0.0
585,2570,341.096,1,2.5,0.003125,0.0
586,2575,341.096,1,2.5,0.003125,0.0
587,2579,341.096,1,2.5,0.003125,0.0
588,2584,341.096,1,2.5,0.003125,0.0
589,2588,341.096,1,2.5,0.003125,0.0
590,2592,326.5744,1,2.5,0.003125,0.0
591,2598,326.5744,1,2.5,0.003125,0.0
592,2602,326.5744,1,2.5,0.003125,0.0
593,2609,326.5744,1,2.5,0.003125,0.0
594,2613,326.5744,1,2.5,0.003125,0.0
595,2618,326.5744,1,2.5,0.003125,0.0
596,2622,326.5744,1,2.5,0.003125,0.0
597,2626,326.5744,1,2.5,0.003125,0.0
598,2631,326.5744,1,2.5,0.003125,0.0
599,2635,326.5744,1,2.5,0.003125,0.0
600,2641,310.5595,1,2.5,0.003125,0.0
601,2645,310.5595,1,2.5,0.003125,0.0
602,2650,310.5595,1,2.5,0.003125,0.0
603,2654,310.5595,1,2.5,0.003125,0.0
604,2659,310.5595,1,2.5,0.003125,0.0
605,2664,310.5595,1,2.5,0.003125,0.0
606,2668,310.5595,1,2.5,0.003125,0.0
607,2673,310.5595,1,2.5,0.003125,0.0
608,2677,310.5595,1,2.5,0.003125,0.0
609,2682,310.5595,1,2.5,0.003125,0.0
610,2686,295.7107,1,2.5,0.003125,0.0
611,2691,295.7107,1,2.5,0.003125,0.0
612,2695,295.7107,1,2.5,0.003125,0.0
613,2699,295.7107,1,2.5,0.003125,0.0
614,2704,295.7107,1,2.5,0.003125,0.0
615,2709,295.7107,1,2.5,0.003125,0.0
616,2714,295.7107,1,2.5,0.003125,0.0
617,2718,295.7107,1,2.5,0.003125,0.0
618,2723,295.7107,1,2.5,0.003125,0.0
619,2727,295.7107,1,2.5,0.003125,0.0
620,2731,281.0867,1,2.5,0.003125,0.0
621,2736,281.0867,1,2.5,0.003125,0.0
622,2740,281.0867,1,2.5,0.003125,0.0
623,2745,281.0867,1,2.5,0.003125,0.0
624,2750,281.0867,1,2.5,0.003125,0.0
625,2755,281.0867,1,2.5,0.003125,0.0
626,2759,281.0867,1,2.5,0.003125,0.0
627,2763,281.0867,1,2.5,0.003125,0.0
628,2768,281.0867,1,2.5,0.003125,0.0
629,2772,281.0867,1,2.5,0.003125,0.0
630,2777,265.9309,1,2.5,0.003125,0.0
631,2781,265.9309,1,2.5,0.003125,0.0
632,2786,265.9309,1,2.5,0.003125,0.0
633,2790,265.9309,1,2.5,0.003125,0.0
634,2795,265.9309,1,2.5,0.003125,0.0
635,2799,265.9309,1,2.5,0.003125,0.0
636,2803,265.9309,1,2.5,0.003125,0.0
637,2808,265.9309,1,2.5,0.003125,0.0
638,2812,265.9309,1,2.5,0.003125,0.0
639,2817,265.9309,1,2.5,0.003125,0.0
640,2822,251.7365,1,2.5,0.003125,0.0
641,2827,251.7365,1,2.5,0.003125,0.0
642,2831,251.7365,1,2.5,0.003125,0.0
643,2836,251.7365,1,2.5,0.003125,0.0
644,2841,251.7365,1,2.5,0.003125,0.0
645,2846,251.7365,1,2.5,0.003125,0.0
646,2851,251.7365,1,2.5,0.003125,0.0
647,2855,251.7365,1,2.5,0.003125,0.0
648,2860,251.7365,1,2.5,0.003125,0.0
649,2864,251.7365,1,2.5,0.003125,0.0
650,2868,236.049,1,2.5,0.003125,0.0
651,2873,236.049,1,2.5,0.003125,0.0
652,2877,236.049,1,2.5,0.003125,0.0
653,2882,236.049,1,2.5,0.003125,0.0
654,2887,236.049,1,2.5,0.003125,0.0
655,2892,236.049,1,2.5,0.003125,0.0
656,2897,236.049,1,2.5,0.003125,0.0
657,2902,236.049,1,2.5,0.003125,0.0
658,2907,236.049,1,2.5,0.003125,0.0
659,2911,236.049,1,2.5,0.003125,0.0
660,2916,220.2388,1,2.5,0.003125,0.0
661,2920,220.2388,1,2.5,0.003125,0.0
662,2925,220.2388,1,2.5,0.003125,0.0
663,2929,220.2388,1,2.5,0.003125,0.0
664,2934,220.2388,1,2.5,0.003125,0.0
665,2938,220.2388,1,2.5,0.003125,0.0
666,2942,220.2388,1,2.5,0.003125,0.0
667,2947,220.2388,1,2.5,0.003125,0.0
668,2951,220.2388,1,2.5,0.003125,0.0
669,2957,220.2388,1,2.5,0.003125,0.0
670,2961,205.8193,1,2.5,0.003125,0.0
671,2966,205.8193,1,2.5,0.003125,0.0
672,2970,205.8193,1,2.5,0.003125,0.0
673,2975,205.8193,1,2.5,0.003125,0.0
674,2980,205.8193,1,2.5,0.003125,0.0
675,2984,205.8193,1,2.5,0.003125,0.0
676,2989,205.8193,1,2.5,0.003125,0.0
677,2993,205.8193,1,2.5,0.003125,0.0
678,2998,205.8193,1,2.5,0.003125,0.0
679,3002,205.8193,1,2.5,0.003125,0.0
680,3007,191.0932,1,2.5,0.003125,0.0
681,3012,191.0932,1,2.5,0.003125,0.0
682,3017,191.0932,1,2.5,0.003125,0.0
683,3022,191.0932,1,2.5,0.003125,0.0
684,3026,191.0932,1,2.5,0.003125,0.0
685,3031,191.0932,1,2.5,0.003125,0.0
686,3035,191.0932,1,2.5,0.003125,0.0
687,3040,191.0932,1,2.5,0.003125,0.0
688,3044,191.0932,1,2.5,0.003125,0.0
689,3048,191.0932,1,2.5,0.003125,0.0
690,3053,175.5079,1,2.5,0.003125,0.0
691,3058,175.5079,1,2.5,0.003125,0.0
692,3063,175.5079,1,2.5,0.003125,0.0
693,3067,175.5079,1,2.5,0.003125,0.0
694,3072,175.5079,1,2.5,0.003125,0.0
695,3076,175.5079,1,2.5,0.003125,0.0
696,3081,175.5079,1,2.5,0.003125,0.0
697,3085,175.5079,1,2.5,0.003125,0.0
698,3089,175.5079,1,2.5,0.003125,0.0
699,3094,175.5079,1,2.5,0.003125,0.0
700,3098,160.9862,1,2.5,0.003125,0.0
701,3103,160.9862,1,2.5,0.003125,0.0
702,3107,160.9862,1,2.5,0.003125,0.0
703,3111,160.9862,1,2.5,0.003125,0.0
704,3116,160.9862,1,2.5,0.003125,0.0
705,3120,160.9862,1,2.5,0.003125,0.0
706,3125,160.9862,1,2.5,0.003125,0.0
707,3129,160.9862,1,2.5,0.003125,0.0
708,3134,160.9862,1,2.5,0.003125,0.0
709,3138,160.9862,1,2.5,0.003125,0.0
710,3144,146.26,1,2.5,0.003125,0.0
711,3148,146.26,1,2.5,0.003125,0.0
712,3153,146.26,1,2.5,0.003125,0.0
713,3158,146.26,1,2.5,0.003125,0.0
714,3162,146.26,1,2.5,0.003125,0.0
715,3167,146.26,1,2.5,0.003125,0.0
716,3172,146.26,1,2.5,0.003125,0.0
717,3177,146.26,1,2.5,0.003125,0.0
718,3181,146.26,1,2.5,0.003125,0.0
719,3186,146.26,1,2.5,0.003125,0.0
720,3190,130.6748,1,2.5,0.003125,0.0
721,3194,130.6748,1,2.5,0.003125,0.0
722,3199,130.6748,1,2.5,0.003125,0.0
723,3204,130.6748,1,2.5,0.003125,0.0
724,3209,130.6748,1,2.5,0.003125,0.0
725,3213,130.6748,1,2.5,0.003125,0.0
726,3218,130.6748,1,2.5,0.003125,0.0
727,3222,130.6748,1,2.5,0.003125,0.0
728,3226,130.6748,1,2.5,0.003125,0.0
729,3231,130.6748,1,2.5,0.003125,0.0
730,3235,116.153,1,2.5,0.003125,0.0
731,3240,116.153,1,2.5,0.003125,0.0
732,3245,116.153,1,2.5,0.003125,0.0
733,3250,116.153,1,2.5,0.003125,0.0
734,3254,116.153,1,2.5,0.003125,0.0
735,3258,116.153,1,2.5,0.003125,0.0
736,3263,116.153,1,2.5,0.003125,0.0
737,3267,116.153,1,2.5,0.003125,0.0
738,3272,116.153,1,2.5,0.003125,0.0
739,3276,116.153,1,2.5,0.003125,0.0
740,3281,101.4269,1,2.5,0.003125,0.0
741,3285,101.4269,1,2.5,0.003125,0.0
742,3289,101.4269,1,2.5,0.003125,0.0
743,3294,101.4269,1,2.5,0.003125,0.0
744,3298,101.4269,1,2.5,0.003125,0.0
745,3303,101.4269,1,2.5,0.003125,0.0
746,3307,101.4269,1,2.5,0.003125,0.0
747,3312,101.4269,1,2.5,0.003125,0.0
748,3316,101.4269,1,2.5,0.003125,0.0
749,3320,101.4269,1,2.5,0.003125,0.0
750,3325,86.7006,1,2.5,0.003125,0.0
751,3329,86.7006,1,2.5,0.003125,0.0
752,3334,86.7006,1,2.5,0.003125,0.0
753,3338,86.7006,1,2.5,0.003125,0.0
754,3343,86.7006,1,2.5,0.003125,0.0
755,3347,86.7006,1,2.5,0.003125,0.0
756,3351,86.7006,1,2.5,0.003125,0.0
757,3356,86.7006,1,2.5,0.003125,0.0
758,3360,86.7006,1,2.5,0.003125,0.0
759,3365,86.7006,1,2.5,0.003125,0.0
760,3369,72.4039,1,2.5,0.003125,0.0
761,3374,72.4039,1,2.5,0.003125,0.0
762,3378,72.4039,1,2.5,0.003125,0.0
763,3383,72.4039,1,2.5,0.003125,0.0
764,3387,72.4039,1,2.5,0.003125,0.0
765,3391,72.4039,1,2.5,0.003125,0.0
766,3397,72.4039,1,2.5,0.003125,0.0
767,3401,72.4039,1,2.5,0.003125,0.0
768,3407,72.4039,1,2.5,0.003125,0.0
769,3411,72.4039,1,2.5,0.003125,0.0
770,3415,57.1459,1,2.5,0.003125,0.0
771,3420,57.1459,1,2.5,0.003125,0.0
772,3424,57.1459,1,2.5,0.003125,0.0
773,3429,57.1459,1,2.5,0.003125,0.0
774,3433,57.1459,1,2.5,0.003125,0.0
775,3439,57.1459,1,2.5,0.003125,0.0
776,3443,57.1459,1,2.5,0.003125,0.0
777,3448,57.1459,1,2.5,0.003125,0.0
778,3453,57.1459,1,2.5,0.003125,0.0
779,3457,57.1459,1,2.5,0.003125,0.0
780,3462,41.6629,1,2.5,0.003125,0.0
781,3466,41.6629,1,2.5,0.003125,0.0
782,3471,41.6629,1,2.5,0.003125,0.0
783,3475,41.6629,1,2.5,0.003125,0.0
784,3480,41.6629,1,2.5,0.003125,0.0
785,3484,41.6629,1,2.5,0.003125,0.0
786,3489,41.6629,1,2.5,0.003125,0.0
787,3494,41.6629,1,2.5,0.003125,0.0
788,3499,41.6629,1,2.5,0.003125,0.0
789,3504,41.6629,1,2.5,0.003125,0.0
790,3509,26.7118,1,2.5,0.003125,0.0
791,3514,26.7118,1,2.5,0.003125,0.0
792,3518,26.7118,1,2.5,0.003125,0.0
793,3522,26.7118,1,2.5,0.003125,0.0
794,3527,26.7118,1,2.5,0.003125,0.0
795,3532,26.7118,1,2.5,0.003125,0.0
796,3537,26.7118,1,2.5,0.003125,0.0
797,3542,26.7118,1,2.5,0.003125,0.0
798,3547,26.7118,1,2.5,0.003125,0.0
799,3552,26.7118,1,2.5,0.003125,0.0
800,3556,10.7993,1,2.5,0.003125,0.0
801,3561,10.7993,1,2.5,0.003125,0.0
802,3565,10.7993,1,2.5,0.003125,0.0
803,3570,10.7993,1,2.5,0.003125,0.0
804,3574,10.7993,1,2.5,0.003125,0.0
805,3578,10.7993,1,2.5,0.003125,0.0
806,3583,10.7993,1,2.5,0.003125,0.0
807,3587,10.7993,1,2.5,0.003125,0.0
808,3592,10.7993,1,2.5,0.003125,0.0
809,3596,10.7993,1,2.5,0.003125,0.0
810,3600,-3.1906,1,2.5,0.003125,0.0
811,3604,-3.1906,1,2.5,0.003125,0.0
812,3609,-3.1906,1,2.5,0.003125,0.0
813,3613,-3.1906,1,2.5,0.003125,0.0
814,3616,-3.1906,1,2.5,0.003125,0.0
815,3620,-3.1906,1,2.5,0.003125,0.0
816,3624,-3.1906,1,2.5,0.003125,0.0
817,3627,-3.1906,1,2.5,0.003125,0.0
818,3631,-3.1906,1,2.5,0.003125,0.0
819,3634,-3.1906,1,2.5,0.003125,0.0
820,3637,-15.0125,1,2.5,0.003125,0.0
821,3640,-15.0125,1,2.5,0.003125,0.0
822,3643,-15.0125,1,2.5,0.003125,0.0
823,3645,-15.0125,1,2.5,0.003125,0.0
824,3648,-15.0125,1,2.5,0.003125,0.0
825,3650,-15.0125,1,2.5,0.003125,0.0
826,3652,-15.0125,1,2.5,0.003125,0.0
827,3653,-15.0125,1,2.5,0.003125,0.0
828,3655,-15.0125,1,2.5,0.003125,0.0
829,3657,-15.0125,1,2.5,0.003125,0.0
830,3658,-21.0053,1,2.5,0.003125,0.0
831,3659,-21.0053,1,2.5,0.003125,0.0
832,3660,-21.0053,1,2.5,0.003125,0.0
833,3661,-21.0053,1,2.5,0.003125,0.0
834,3661,-21.0053,1,2.5,0.003125,0.0
835,3662,-21.0053,1,2.5,0.003125,0.0
836,3662,-21.0053,1,2.5,0.003125,0.0
837,3662,-21.0053,1,2.5,0.003125,0.0
838,3662,-21.0053,1,2.5,0.003125,0.0
839,3662,-21.0053,1,2.5,0.003125,0.0
840,3662,-20.8007,1,2.5,0.003125,0.0
841,3662,-20.8007,1,2.5,0.003125,0.0
842,3661,-20.8007,1,2.5,0.003125,0.0
843,3661,-20.8007,1,2.5,0.003125,0.0
844,3660,-20.8007,1,2.5,0.003125,0.0
845,3660,-20.8007,1,2.5,0.003125,0.0
846,3659,-20.8007,1,2.5,0.003125,0.0
847,3658,-20.8007,1,2.5,0.003125,0.0
848,3657,-20.8007,1,2.5,0.003125,0.0
849,3656,-20.8007,1,2.5,0.003125,0.0
850,3654,-17.2828,1,2.5,0.003125,0.0
851,3653,-17.2828,1,2.5,0.003125,0.0
852,3651,-17.2828,1,2.5,0.003125,0.0
853,3650,-17.2828,1,2.5,0.003125,0.0
854,3648,-17.2828,1,2.5,0.003125,0.0
855,3646,-17.2828,1,2.5,0.003125,0.0
856,3645,-17.2828,1,2.5,0.003125,0.0
857,3643,-17.2828,1,2.5,0.003125,0.0
858,3641,-17.2828,1,2.5,0.003125,0.0
859,3639,-17.2828,1,2.5,0.003125,0.0
860,3636,-10.6969,1,2.5,0.003125,0.0
861,3634,-10.6969,1,2.5,0.003125,0.0
862,3632,-10.6969,1,2.5,0.003125,0.0
863,3630,-10.6969,1,2.5,0.003125,0.0
864,3627,-10.6969,1,2.5,0.003125,0.0
865,3625,-10.6969,1,2.5,0.003125,0.0
866,3622,-10.6969,1,2.5,0.003125,0.0
867,3620,-10.6969,1,2.5,0.003125,0.0
868,3617,-10.6969,1,2.5,0.003125,0.0
869,3615,-10.6969,1,2.5,0.003125,0.0
870,3612,-2.1271,1,2.5,0.003125,0.0
871,3609,-2.1271,1,2.5,0.003125,0.0
872,3607,-2.1271,1,2.5,0.003125,0.0
873,3604,-2.1271,1,2.5,0.003125,0.0
874,3602,-2.1271,1,2.5,0.003125,0.0
875,3599,-2.1271,1,2.5,0.003125,0.0
876,3597,-2.1271,1,2.5,0.003125,0.0
877,3595,-2.1271,1,2.5,0.003125,0.0
878,3592,-2.1271,1,2.5,0.003125,0.0
879,3590,-2.1271,1,2.5,0.003125,0.0
880,3588,5.7269,1,2.5,0.003125,0.0
881,3586,5.7269,1,2.5,0.003125,0.0
882,3584,5.7269,1,2.5,0.003125,0.0
883,3582,5.7269,1,2.5,0.003125,0.0
884,3580,5.7269,1,2.5,0.003125,0.0
885,3578,5.7269,1,2.5,0.003125,0.0
886,3577,5.7269,1,2.5,0.003125,0.0
887,3576,5.7269,1,2.5,0.003125,0.0
888,3574,5.7269,1,2.5,0.003125,0.0
889,3573,5.7269,1,2.5,0.003125,0.0
890,3572,10.5743,1,2.5,0.003125,0.0
891,3571,10.5743,1,2.5,0.003125,0.0
892,3570,10.5743,1,2.5,0.003125,0.0
893,3570,10.5743,1,2.5,0.003125,0.0
894,3569,10.5743,1,2.5,0.003125,0.0
895,3569,10.5743,1,2.5,0.003125,0.0
896,3569,10.5743,1,2.5,0.003125,0.0
897,3569,10.5743,1,2.5,0.003125,0.0
898,3569,10.5743,1,2.5,0.003125,0.0
899,3569,10.5743,1,2.5,0.003125,0.0
900,3570,10.5539,1,2.5,0.003125,0.0
901,3570,10.5539,1,2.5,0.003125,0.0
902,3571,10.5539,1,2.5,0.003125,0.0
903,3572,10.5539,1,2.5,0.003125,0.0
904,3573,10.5539,1,2.5,0.003125,0.0
905,3574,10.5539,1,2.5,0.003125,0.0
906,3575,10.5539,1,2.5,0.003125,0.0
907,3576,10.5539,1,2.5,0.003125,0.0
908,3578,10.5539,1,2.5,0.003125,0.0
909,3579,10.5539,1,2.5,0.003125,0.0
910,3580,5.8497,1,2.5,0.003125,0.0
911,3582,5.8497,1,2.5,0.003125,0.0
912,3583,5.8497,1,2.5,0.003125,0.0
913,3585,5.8497,1,2.5,0.003125,0.0
914,3587,5.8497,1,2.5,0.003125,0.0
915,3588,5.8497,1,2.5,0.003125,0.0
916,3590,5.8497,1,2.5,0.003125,0.0
917,3592,5.8497,1,2.5,0.003125,0.0
918,3593,5.8497,1,2.5,0.003125,0.0
919,3595,5.8497,1,2.5,0.003125,0.0
920,3596,0.0,1,2.5,0.003125,0.0
921,3598,0.0,1,2.5,0.003125,0.0
922,3600,0.0,1,2.5,0.003125,0.0
923,3601,0.0,1,2.5,0.003125,0.0
924,3603,0.0,1,2.5,0.003125,0.0
925,3604,0.0,1,2.5,0.003125,0.0
926,3606,0.0,1,2.5,0.003125,0.0
927,3607,0.0,1,2.5,0.003125,0.0
928,3609,0.0,1,2.5,0.003125,0.0
929,3610,0.0,1,2.5,0.003125,0.0
930,3611,-4.8064,1,2.5,0.003125,0.0
931,3612,-4.8064,1,2.5,0.003125,0.0
932,3613,-4.8064,1,2.5,0.003125,0.0
933,3614,-4.8064,1,2.5,0.003125,0.0
934,3615,-4.8064,1,2.5,0.003125,0.0
935,3616,-4.8064,1,2.5,0.003125,0.0
936,3617,-4.8064,1,2.5,0.003125,0.0
937,3618,-4.8064,1,2.5,0.003125,0.0
938,3618,-4.8064,1,2.5,0.003125,0.0
939,3619,-4.8064,1,2.5,0.003125,0.0
940,3619,-7.138,1,2.5,0.003125,0.0
941,3619,-7.138,1,2.5,0.003125,0.0
942,3619,-7.138,1,2.5,0.003125,0.0
943,3619,-7.138,1,2.5,0.003125,0.0
944,3619,-7.138,1,2.5,0.003125,0.0
945,3619,-7.138,1,2.5,0.003125,0.0
946,3619,-7.138,1,2.5,0.003125,0.0
947,3619,-7.138,1,2.5,0.003125,0.0
948,3618,-7.138,1,2.5,0.003125,0.0
949,3618,-7.138,1,2.5,0.003125,0.0
950,3617,-5.7882,1,2.5,0.003125,0.0
951,3617,-5.7882,1,2.5,0.003125,0.0
952,3616,-5.7882,1,2.5,0.003125,0.0
953,3615,-5.7882,1,2.5,0.003125,0.0
954,3614,-5.7882,1,2.5,0.003125,0.0
955,3614,-5.7882,1,2.5,0.003125,0.0
956,3613,-5.7882,1,2.5,0.003125,0.0
957,3612,-5.7882,1,2.5,0.003125,0.0
958,3611,-5.7882,1,2.5,0.003125,0.0
959,3610,-5.7882,1,2.5,0.003125,0.0
960,3609,-2.4543,1,2.5,0.003125,0.0
961,3608,-2.4543,1,2.5,0.003125,0.0
962,3607,-2.4543,1,2.5,0.003125,0.0
963,3606,-2.4543,1,2.5,0.003125,0.0
964,3605,-2.4543,1,2.5,0.003125,0.0
965,3603,-2.4543,1,2.5,0.003125,0.0
966,3602,-2.4543,1,2.5,0.003125,0.0
967,3601,-2.4543,1,2.5,0.003125,0.0
968,3600,-2.4543,1,2.5,0.003125,0.0
969,3599,-2.4543,1,2.5,0.003125,0.0
970,3598,1.4522,1,2.5,0.003125,0.0
971,3597,1.4522,1,2.5,0.003125,0.0
972,3596,1.4522,1,2.5,0.003125,0.0
973,3596,1.4522,1,2.5,0.003125,0.0
974,3595,1.4522,1,2.5,0.003125,0.0
975,3594,1.4522,1,2.5,0.003125,0.0
976,3593,1.4522,1,2.5,0.003125,0.0
977,3592,1.4522,1,2.5,0.003125,0.0
978,3592,1.4522,1,2.5,0.003125,0.0
979,3591,1.4522,1,2.5,0.003125,0.0
980,3591,3.7635,1,2.5,0.003125,0.0
981,3590,3.7635,1,2.5,0.003125,0.0
982,3590,3.7635,1,2.5,0.003125,0.0
983,3589,3.7635,1,2.5,0.003125,0.0
984,3589,3.7635,1,2.5,0.003125,0.0
985,3589,3.7635,1,2.5,0.003125,0.0
986,3588,3.7635,1,2.5,0.003125,0.0
987,3588,3.7635,1,2.5,0.003125,0.0
988,3588,3.7635,1,2.5,0.003125,0.0
989,3588,3.7635,1,2.5,0.003125,0.0
990,3588,4.2339,1,2.5,0.003125,0.0
991,3588,4.2339,1,2.5,0.003125,0.0
992,3588,4.2339,1,2.5,0.003125,0.0
993,3588,4.2339,1,2.5,0.003125,0.0
994,3588,4.2339,1,2.5,0.003125,0.0
995,3589,4.2339,1,2.5,0.003125,0.0
996,3589,4.2339,1,2.5,0.003125,0.0
997,3589,4.2339,1,2.5,0.003125,0.0
998,3590,4.2339,1,2.5,0.003125,0.0
999,3590,4.2339,1,2.5,0.003125,0.0
1000,3590,3.068,1,2.5,0.003125,0.0
1001,3591,3.068,1,2.5,0.003125,0.0
1002,3591,3.068,1,2.5,0.003125,0.0
1003,3592,3.068,1,2.5,0.003125,0.0
1004,3592,3.068,1,2.5,0.003125,0.0
1005,3593,3.068,1,2.5,0.003125,0.0
1006,3593,3.068,1,2.5,0.003125,0.0
1007,3594,3.068,1,2.5,0.003125,0.0
1008,3595,3.068,1,2.5,0.003125,0.0
1009,3595,3.068,1,2.5,0.003125,0.0
1010,3596,1.1249,1,2.5,0.003125,0.0
1011,3596,1.1249,1,2.5,0.003125,0.0
1012,3597,1.1249,1,2.5,0.003125,0.0
1013,3598,1.1249,1,2.5,0.003125,0.0
1014,3598,1.1249,1,2.5,0.003125,0.0
1015,3599,1.1249,1,2.5,0.003125,0.0
1016,3600,1.1249,1,2.5,0.003125,0.0
1017,3600,1.1249,1,2.5,0.003125,0.0
1018,3601,1.1249,1,2.5,0.003125,0.0
1019,3601,1.1249,1,2.5,0.003125,0.0
1020,3602,-0.9408,1,2.5,0.003125,0.0
1021,3602,-0.9408,1,2.5,0.003125,0.0
1022,3603,-0.9408,1,2.5,0.003125,0.0
1023,3603,-0.9408,1,2.5,0.003125,0.0
1024,3604,-0.9408,1,2.5,0.003125,0.0
1025,3604,-0.9408,1,2.5,0.003125,0.0
1026,3605,-0.9408,1,2.5,0.003125,0.0
1027,3605,-0.9408,1,2.5,0.003125,0.0
1028,3605,-0.9408,1,2.5,0.003125,0.0
1029,3606,-0.9408,1,2.5,0.003125,0.0
1030,3606,-2.4747,1,2.5,0.003125,0.0
1031,3606,-2.4747,1,2.5,0.003125,0.0
1032,3606,-2.4747,1,2.5,0.003125,0.0
1033,3607,-2.4747,1,2.5,0.003125,0.0
1034,3607,-2.4747,1,2.5,0.003125,0.0
1035,3607,-2.4747,1,2.5,0.003125,0.0
1036,3607,-2.4747,1,2.5,0.003125,0.0
1037,3607,-2.4747,1,2.5,0.003125,0.0
1038,3607,-2.4747,1,2.5,0.003125,0.0
1039,3607,-2.4747,1,2.5,0.003125,0.0
1040,3607,-2.3929,1,2.5,0.003125,0.0
1041,3607,-2.3929,1,2.5,0.003125,0.0
1042,3606,-2.3929,1,2.5,0.003125,0.0
1043,3606,-2.3929,1,2.5,0.003125,0.0
1044,3606,-2.3929,1,2.5,0.003125,0.0
1045,3606,-2.3929,1,2.5,0.003125,0.0
1046,3606,-2.3929,1,2.5,0.003125,0.0
1047,3605,-2.3929,1,2.5,0.003125,0.0
1048,3605,-2.3929,1,2.5,0.003125,0.0
1049,3605,-2.3929,1,2.5,0.003125,0.0
1050,3604,-1.4317,1,2.5,0.003125,0.0
1051,3604,-1.4317,1,2.5,0.003125,0.0
1052,3604,-1.4317,1,2.5,0.003125,0.0
1053,3603,-1.4317,1,2.5,0.003125,0.0
1054,3603,-1.4317,1,2.5,0.003125,0.0
1055,3603,-1.4317,1,2.5,0.003125,0.0
1056,3602,-1.4317,1,2.5,0.003125,0.0
1057,3602,-1.4317,1,2.5,0.003125,0.0
1058,3602,-1.4317,1,2.5,0.003125,0.0
1059,3601,-1.4317,1,2.5,0.003125,0.0
