TIME,PULSES,CONTROLLERVOLTAGE,CONTROLLER,KP,TAUD,TAUI 
0,-1,0.0,0,10.0,0.0,0.0
1,-1,0.0,0,10.0,0.0,0.0
2,-1,0.0,0,10.0,0.0,0.0
3,-1,0.0,0,10.0,0.0,0.0
4,-1,0.0,0,10.0,0.0,0.0
5,-1,0.0,0,10.0,0.0,0.0
6,-1,0.0,0,10.0,0.0,0.0
7,-1,0.0,0,10.0,0.0,0.0
8,-1,0.0,0,10.0,0.0,0.0
9,-1,0.0,0,10.0,0.0,0.0
10,-1,4713.7,0,10.0,0.0,0.0
11,-1,4713.7,0,10.0,0.0,0.0
12,-1,4713.7,0,10.0,0.0,0.0
13,-1,4713.7,0,10.0,0.0,0.0
14,0,4713.7,0,10.0,0.0,0.0
15,0,4713.7,0,10.0,0.0,0.0
16,1,4713.7,0,10.0,0.0,0.0
17,2,4713.7,0,10.0,0.0,0.0
18,3,4713.7,0,10.0,0.0,0.0
19,4,4713.7,0,10.0,0.0,0.0
20,5,4707.15,0,10.0,0.0,0.0
21,6,4707.15,0,10.0,0.0,0.0
22,7,4707.15,0,10.0,0.0,0.0
23,9,4707.15,0,10.0,0.0,0.0
24,10,4707.15,0,10.0,0.0,0.0
25,12,4707.15,0,10.0,0.0,0.0
26,14,4707.15,0,10.0,0.0,0.0
27,16,4707.15,0,10.0,0.0,0.0
28,18,4707.15,0,10.0,0.0,0.0
29,20,4707.15,0,10.0,0.0,0.0
30,22,4686.21,0,10.0,0.0,0.0
31,24,4686.21,0,10.0,0.0,0.0
32,26,4686.21,0,10.0,0.0,0.0
33,28,4686.21,0,10.0,0.0,0.0
34,31,4686.21,0,10.0,0.0,0.0
35,33,4686.21,0,10.0,0.0,0.0
36,36,4686.21,0,10.0,0.0,0.0
37,38,4686.21,0,10.0,0.0,0.0
38,41,4686.21,0,10.0,0.0,0.0
39,43,4686.21,0,10.0,0.0,0.0
40,46,4654.79,0,10.0,0.0,0.0
41,49,4654.79,0,10.0,0.0,0.0
42,52,4654.79,0,10.0,0.0,0.0
43,55,4654.79,0,10.0,0.0,0.0
44,57,4654.79,0,10.0,0.0,0.0
45,60,4654.79,0,10.0,0.0,0.0
46,63,4654.79,0,10.0,0.0,0.0
47,66,4654.79,0,10.0,0.0,0.0
48,69,4654.79,0,10.0,0.0,0.0
49,72,4654.79,0,10.0,0.0,0.0
50,76,4616.83,0,10.0,0.0,0.0
51,79,4616.83,0,10.0,0.0,0.0
52,82,4616.83,0,10.0,0.0,0.0
53,85,4616.83,0,10.0,0.0,0.0
54,89,4616.83,0,10.0,0.0,0.0
55,92,4616.83,0,10.0,0.0,0.0
56,95,4616.83,0,10.0,0.0,0.0
57,99,4616.83,0,10.0,0.0,0.0
58,102,4616.83,0,10.0,0.0,0.0
59,107,4616.83,0,10.0,0.0,0.0
60,111,4571.02,0,10.0,0.0,0.0
61,114,4571.02,0,10.0,0.0,0.0
62,118,4571.02,0,10.0,0.0,0.0
63,121,4571.02,0,10.0,0.0,0.0
64,125,4571.02,0,10.0,0.0,0.0
65,129,4571.02,0,10.0,0.0,0.0
66,132,4571.02,0,10.0,0.0,0.0
67,136,4571.02,0,10.0,0.0,0.0
68,139,4571.02,0,10.0,0.0,0.0
69,143,4571.02,0,10.0,0.0,0.0
70,147,4525.2,0,10.0,0.0,0.0
71,150,4525.2,0,10.0,0.0,0.0
72,154,4525.2,0,10.0,0.0,0.0
73,158,4525.2,0,10.0,0.0,0.0
74,162,4525.2,0,10.0,0.0,0.0
75,165,4525.2,0,10.0,0.0,0.0
76,169,4525.2,0,10.0,0.0,0.0
77,173,4525.2,0,10.0,0.0,0.0
78,177,4525.2,0,10.0,0.0,0.0
79,181,4525.2,0,10.0,0.0,0.0
80,185,4475.46,0,10.0,0.0,0.0
81,188,4475.46,0,10.0,0.0,0.0
82,192,4475.46,0,10.0,0.0,0.0
83,196,4475.46,0,10.0,0.0,0.0
84,200,4475.46,0,10.0,0.0,0.0
85,204,4475.46,0,10.0,0.0,0.0
86,208,4475.46,0,10.0,0.0,0.0
87,212,4475.46,0,10.0,0.0,0.0
88,216,4475.46,0,10.0,0.0,0.0
89,220,4475.46,0,10.0,0.0,0.0
90,224,4424.41,0,10.0,0.0,0.0
91,228,4424.41,0,10.0,0.0,0.0
92,232,4424.41,0,10.0,0.0,0.0
93,236,4424.41,0,10.0,0.0,0.0
94,240,4424.41,0,10.0,0.0,0.0
95,245,4424.41,0,10.0,0.0,0.0
96,249,4424.41,0,10.0,0.0,0.0
97,252,4424.41,0,10.0,0.0,0.0
98,255,4424.41,0,10.0,0.0,0.0
99,260,4424.41,0,10.0,0.0,0.0
100,264,4372.05,0,10.0,0.0,0.0
101,268,4372.05,0,10.0,0.0,0.0
102,272,4372.05,0,10.0,0.0,0.0
103,276,4372.05,0,10.0,0.0,0.0
104,280,4372.05,0,10.0,0.0,0.0
105,284,4372.05,0,10.0,0.0,0.0
106,288,4372.05,0,10.0,0.0,0.0
107,293,4372.05,0,10.0,0.0,0.0
108,297,4372.05,0,10.0,0.0,0.0
109,301,4372.05,0,10.0,0.0,0.0
110,305,4317.07,0,10.0,0.0,0.0
111,310,4317.07,0,10.0,0.0,0.0
112,314,4317.07,0,10.0,0.0,0.0
113,318,4317.07,0,10.0,0.0,0.0
114,322,4317.07,0,10.0,0.0,0.0
115,327,4317.07,0,10.0,0.0,0.0
116,331,4317.07,0,10.0,0.0,0.0
117,335,4317.07,0,10.0,0.0,0.0
118,339,4317.07,0,10.0,0.0,0.0
119,344,4317.07,0,10.0,0.0,0.0
120,348,4262.09,0,10.0,0.0,0.0
121,352,4262.09,0,10.0,0.0,0.0
122,356,4262.09,0,10.0,0.0,0.0
123,360,4262.09,0,10.0,0.0,0.0
124,364,4262.09,0,10.0,0.0,0.0
125,369,4262.09,0,10.0,0.0,0.0
126,373,4262.09,0,10.0,0.0,0.0
127,377,4262.09,0,10.0,0.0,0.0
128,381,4262.09,0,10.0,0.0,0.0
129,385,4262.09,0,10.0,0.0,0.0
130,391,4207.12,0,10.0,0.0,0.0
131,395,4207.12,0,10.0,0.0,0.0
132,399,4207.12,0,10.0,0.0,0.0
133,403,4207.12,0,10.0,0.0,0.0
134,407,4207.12,0,10.0,0.0,0.0
135,412,4207.12,0,10.0,0.0,0.0
136,415,4207.12,0,10.0,0.0,0.0
137,419,4207.12,0,10.0,0.0,0.0
138,424,4207.12,0,10.0,0.0,0.0
139,428,4207.12,0,10.0,0.0,0.0
140,433,4150.83,0,10.0,0.0,0.0
141,438,4150.83,0,10.0,0.0,0.0
142,442,4150.83,0,10.0,0.0,0.0
143,446,4150.83,0,10.0,0.0,0.0
144,450,4150.83,0,10.0,0.0,0.0
145,455,4150.83,0,10.0,0.0,0.0
146,459,4150.83,0,10.0,0.0,0.0
147,462,4150.83,0,10.0,0.0,0.0
148,466,4150.83,0,10.0,0.0,0.0
149,472,4150.83,0,10.0,0.0,0.0
150,476,4094.54,0,10.0,0.0,0.0
151,480,4094.54,0,10.0,0.0,0.0
152,484,4094.54,0,10.0,0.0,0.0
153,489,4094.54,0,10.0,0.0,0.0
154,494,4094.54,0,10.0,0.0,0.0
155,497,4094.54,0,10.0,0.0,0.0
156,501,4094.54,0,10.0,0.0,0.0
157,505,4094.54,0,10.0,0.0,0.0
158,510,4094.54,0,10.0,0.0,0.0
159,514,4094.54,0,10.0,0.0,0.0
160,519,4039.56,0,10.0,0.0,0.0
161,523,4039.56,0,10.0,0.0,0.0
162,528,4039.56,0,10.0,0.0,0.0
163,532,4039.56,0,10.0,0.0,0.0
164,536,4039.56,0,10.0,0.0,0.0
165,540,4039.56,0,10.0,0.0,0.0
166,544,4039.56,0,10.0,0.0,0.0
167,549,4039.56,0,10.0,0.0,0.0
168,553,4039.56,0,10.0,0.0,0.0
169,557,4039.56,0,10.0,0.0,0.0
170,561,3983.28,0,10.0,0.0,0.0
171,566,3983.28,0,10.0,0.0,0.0
172,570,3983.28,0,10.0,0.0,0.0
173,574,3983.28,0,10.0,0.0,0.0
174,578,3983.28,0,10.0,0.0,0.0
175,583,3983.28,0,10.0,0.0,0.0
176,587,3983.28,0,10.0,0.0,0.0
177,593,3983.28,0,10.0,0.0,0.0
178,597,3983.28,0,10.0,0.0,0.0
179,602,3983.28,0,10.0,0.0,0.0
180,606,3924.37,0,10.0,0.0,0.0
181,610,3924.37,0,10.0,0.0,0.0
182,614,3924.37,0,10.0,0.0,0.0
183,620,3924.37,0,10.0,0.0,0.0
184,624,3924.37,0,10.0,0.0,0.0
185,627,3924.37,0,10.0,0.0,0.0
186,631,3924.37,0,10.0,0.0,0.0
187,636,3924.37,0,10.0,0.0,0.0
188,640,3924.37,0,10.0,0.0,0.0
189,644,3924.37,0,10.0,0.0,0.0
190,648,3869.4,0,10.0,0.0,0.0
191,653,3869.4,0,10.0,0.0,0.0
192,657,3869.4,0,10.0,0.0,0.0
193,661,3869.4,0,10.0,0.0,0.0
194,666,3869.4,0,10.0,0.0,0.0
195,671,3869.4,0,10.0,0.0,0.0
196,675,3869.4,0,10.0,0.0,0.0
197,679,3869.4,0,10.0,0.0,0.0
198,684,3869.4,0,10.0,0.0,0.0
199,688,3869.4,0,10.0,0.0,0.0
200,694,3811.8,0,10.0,0.0,0.0
201,698,3811.8,0,10.0,0.0,0.0
202,702,3811.8,0,10.0,0.0,0.0
203,707,3811.8,0,10.0,0.0,0.0
204,711,3811.8,0,10.0,0.0,0.0
205,716,3811.8,0,10.0,0.0,0.0
206,721,3811.8,0,10.0,0.0,0.0
207,725,3811.8,0,10.0,0.0,0.0
208,729,3811.8,0,10.0,0.0,0.0
209,733,3811.8,0,10.0,0.0,0.0
210,738,3751.59,0,10.0,0.0,0.0
211,741,3751.59,0,10.0,0.0,0.0
212,745,3751.59,0,10.0,0.0,0.0
213,749,3751.59,0,10.0,0.0,0.0
214,754,3751.59,0,10.0,0.0,0.0
215,758,3751.59,0,10.0,0.0,0.0
216,762,3751.59,0,10.0,0.0,0.0
217,767,3751.59,0,10.0,0.0,0.0
218,771,3751.59,0,10.0,0.0,0.0
219,775,3751.59,0,10.0,0.0,0.0
220,779,3697.92,0,10.0,0.0,0.0
221,784,3697.92,0,10.0,0.0,0.0
222,788,3697.92,0,10.0,0.0,0.0
223,792,3697.92,0,10.0,0.0,0.0
224,796,3697.92,0,10.0,0.0,0.0
225,800,3697.92,0,10.0,0.0,0.0
226,805,3697.92,0,10.0,0.0,0.0
227,809,3697.92,0,10.0,0.0,0.0
228,814,3697.92,0,10.0,0.0,0.0
229,819,3697.92,0,10.0,0.0,0.0
230,823,3640.32,0,10.0,0.0,0.0
231,827,3640.32,0,10.0,0.0,0.0
232,831,3640.32,0,10.0,0.0,0.0
233,836,3640.32,0,10.0,0.0,0.0
234,840,3640.32,0,10.0,0.0,0.0
235,844,3640.32,0,10.0,0.0,0.0
236,848,3640.32,0,10.0,0.0,0.0
237,853,3640.32,0,10.0,0.0,0.0
238,857,3640.32,0,10.0,0.0,0.0
239,862,3640.32,0,10.0,0.0,0.0
240,867,3582.72,0,10.0,0.0,0.0
241,871,3582.72,0,10.0,0.0,0.0
242,875,3582.72,0,10.0,0.0,0.0
243,879,3582.72,0,10.0,0.0,0.0
244,884,3582.72,0,10.0,0.0,0.0
245,888,3582.72,0,10.0,0.0,0.0
246,892,3582.72,0,10.0,0.0,0.0
247,896,3582.72,0,10.0,0.0,0.0
248,901,3582.72,0,10.0,0.0,0.0
249,905,3582.72,0,10.0,0.0,0.0
250,909,3527.75,0,10.0,0.0,0.0
251,914,3527.75,0,10.0,0.0,0.0
252,918,3527.75,0,10.0,0.0,0.0
253,922,3527.75,0,10.0,0.0,0.0
254,927,3527.75,0,10.0,0.0,0.0
255,932,3527.75,0,10.0,0.0,0.0
256,936,3527.75,0,10.0,0.0,0.0
257,940,3527.75,0,10.0,0.0,0.0
258,944,3527.75,0,10.0,0.0,0.0
259,949,3527.75,0,10.0,0.0,0.0
260,953,3470.15,0,10.0,0.0,0.0
261,957,3470.15,0,10.0,0.0,0.0
262,962,3470.15,0,10.0,0.0,0.0
263,967,3470.15,0,10.0,0.0,0.0
264,971,3470.15,0,10.0,0.0,0.0
265,975,3470.15,0,10.0,0.0,0.0
266,980,3470.15,0,10.0,0.0,0.0
267,985,3470.15,0,10.0,0.0,0.0
268,989,3470.15,0,10.0,0.0,0.0
269,993,3470.15,0,10.0,0.0,0.0
270,997,3411.25,0,10.0,0.0,0.0
271,1002,3411.25,0,10.0,0.0,0.0
272,1006,3411.25,0,10.0,0.0,0.0
273,1010,3411.25,0,10.0,0.0,0.0
274,1015,3411.25,0,10.0,0.0,0.0
275,1019,3411.25,0,10.0,0.0,0.0
276,1023,3411.25,0,10.0,0.0,0.0
277,1028,3411.25,0,10.0,0.0,0.0
278,1033,3411.25,0,10.0,0.0,0.0
279,1037,3411.25,0,10.0,0.0,0.0
280,1041,3354.96,0,10.0,0.0,0.0
281,1045,3354.96,0,10.0,0.0,0.0
282,1050,3354.96,0,10.0,0.0,0.0
283,1054,3354.96,0,10.0,0.0,0.0
284,1058,3354.96,0,10.0,0.0,0.0
285,1063,3354.96,0,10.0,0.0,0.0
286,1067,3354.96,0,10.0,0.0,0.0
287,1071,3354.96,0,10.0,0.0,0.0
288,1076,3354.96,0,10.0,0.0,0.0
289,1080,3354.96,0,10.0,0.0,0.0
290,1085,3298.67,0,10.0,0.0,0.0
291,1089,3298.67,0,10.0,0.0,0.0
292,1093,3298.67,0,10.0,0.0,0.0
293,1098,3298.67,0,10.0,0.0,0.0
294,1102,3298.67,0,10.0,0.0,0.0
295,1106,3298.67,0,10.0,0.0,0.0
296,1111,3298.67,0,10.0,0.0,0.0
297,1115,3298.67,0,10.0,0.0,0.0
298,1119,3298.67,0,10.0,0.0,0.0
299,1124,3298.67,0,10.0,0.0,0.0
300,1129,3239.77,0,10.0,0.0,0.0
301,1133,3239.77,0,10.0,0.0,0.0
302,1137,3239.77,0,10.0,0.0,0.0
303,1141,3239.77,0,10.0,0.0,0.0
304,1146,3239.77,0,10.0,0.0,0.0
305,1150,3239.77,0,10.0,0.0,0.0
306,1154,3239.77,0,10.0,0.0,0.0
307,1160,3239.77,0,10.0,0.0,0.0
308,1164,3239.77,0,10.0,0.0,0.0
309,1168,3239.77,0,10.0,0.0,0.0
310,1173,3182.17,0,10.0,0.0,0.0
311,1178,3182.17,0,10.0,0.0,0.0
312,1182,3182.17,0,10.0,0.0,0.0
313,1186,3182.17,0,10.0,0.0,0.0
314,1190,3182.17,0,10.0,0.0,0.0
315,1195,3182.17,0,10.0,0.0,0.0
316,1199,3182.17,0,10.0,0.0,0.0
317,1203,3182.17,0,10.0,0.0,0.0
318,1208,3182.17,0,10.0,0.0,0.0
319,1212,3182.17,0,10.0,0.0,0.0
320,1216,3125.89,0,10.0,0.0,0.0
321,1220,3125.89,0,10.0,0.0,0.0
322,1226,3125.89,0,10.0,0.0,0.0
323,1230,3125.89,0,10.0,0.0,0.0
324,1235,3125.89,0,10.0,0.0,0.0
325,1239,3125.89,0,10.0,0.0,0.0
326,1244,3125.89,0,10.0,0.0,0.0
327,1248,3125.89,0,10.0,0.0,0.0
328,1252,3125.89,0,10.0,0.0,0.0
329,1258,3125.89,0,10.0,0.0,0.0
330,1262,3065.67,0,10.0,0.0,0.0
331,1266,3065.67,0,10.0,0.0,0.0
332,1270,3065.67,0,10.0,0.0,0.0
333,1275,3065.67,0,10.0,0.0,0.0
334,1279,3065.67,0,10.0,0.0,0.0
335,1284,3065.67,0,10.0,0.0,0.0
336,1288,3065.67,0,10.0,0.0,0.0
337,1293,3065.67,0,10.0,0.0,0.0
338,1297,3065.67,0,10.0,0.0,0.0
339,1301,3065.67,0,10.0,0.0,0.0
340,1306,3008.08,0,10.0,0.0,0.0
341,1310,3008.08,0,10.0,0.0,0.0
342,1314,3008.08,0,10.0,0.0,0.0
343,1318,3008.08,0,10.0,0.0,0.0
344,1324,3008.08,0,10.0,0.0,0.0
345,1328,3008.08,0,10.0,0.0,0.0
346,1333,3008.08,0,10.0,0.0,0.0
347,1337,3008.08,0,10.0,0.0,0.0
348,1342,3008.08,0,10.0,0.0,0.0
349,1346,3008.08,0,10.0,0.0,0.0
350,1350,2950.48,0,10.0,0.0,0.0
351,1355,2950.48,0,10.0,0.0,0.0
352,1359,2950.48,0,10.0,0.0,0.0
353,1363,2950.48,0,10.0,0.0,0.0
354,1367,2950.48,0,10.0,0.0,0.0
355,1372,2950.48,0,10.0,0.0,0.0
356,1376,2950.48,0,10.0,0.0,0.0
357,1380,2950.48,0,10.0,0.0,0.0
358,1384,2950.48,0,10.0,0.0,0.0
359,1389,2950.48,0,10.0,0.0,0.0
360,1393,2894.19,0,10.0,0.0,0.0
361,1397,2894.19,0,10.0,0.0,0.0
362,1402,2894.19,0,10.0,0.0,0.0
363,1407,2894.19,0,10.0,0.0,0.0
364,1411,2894.19,0,10.0,0.0,0.0
365,1416,2894.19,0,10.0,0.0,0.0
366,1420,2894.19,0,10.0,0.0,0.0
367,1424,2894.19,0,10.0,0.0,0.0
368,1428,2894.19,0,10.0,0.0,0.0
369,1433,2894.19,0,10.0,0.0,0.0
370,1437,2836.6,0,10.0,0.0,0.0
371,1441,2836.6,0,10.0,0.0,0.0
372,1445,2836.6,0,10.0,0.0,0.0
373,1450,2836.6,0,10.0,0.0,0.0
374,1454,2836.6,0,10.0,0.0,0.0
375,1458,2836.6,0,10.0,0.0,0.0
376,1463,2836.6,0,10.0,0.0,0.0
377,1467,2836.6,0,10.0,0.0,0.0
378,1471,2836.6,0,10.0,0.0,0.0
379,1475,2836.6,0,10.0,0.0,0.0
380,1480,2780.31,0,10.0,0.0,0.0
381,1484,2780.31,0,10.0,0.0,0.0
382,1488,2780.31,0,10.0,0.0,0.0
383,1493,2780.31,0,10.0,0.0,0.0
384,1497,2780.31,0,10.0,0.0,0.0
385,1501,2780.31,0,10.0,0.0,0.0
386,1505,2780.31,0,10.0,0.0,0.0
387,1510,2780.31,0,10.0,0.0,0.0
388,1514,2780.31,0,10.0,0.0,0.0
389,1519,2780.31,0,10.0,0.0,0.0
390,1524,2722.71,0,10.0,0.0,0.0
391,1528,2722.71,0,10.0,0.0,0.0
392,1532,2722.71,0,10.0,0.0,0.0
393,1536,2722.71,0,10.0,0.0,0.0
394,1541,2722.71,0,10.0,0.0,0.0
395,1545,2722.71,0,10.0,0.0,0.0
396,1549,2722.71,0,10.0,0.0,0.0
397,1554,2722.71,0,10.0,0.0,0.0
398,1558,2722.71,0,10.0,0.0,0.0
399,1562,2722.71,0,10.0,0.0,0.0
400,1566,2667.74,0,10.0,0.0,0.0
401,1571,2667.74,0,10.0,0.0,0.0
402,1575,2667.74,0,10.0,0.0,0.0
403,1579,2667.74,0,10.0,0.0,0.0
404,1583,2667.74,0,10.0,0.0,0.0
405,1588,2667.74,0,10.0,0.0,0.0
406,1592,2667.74,0,10.0,0.0,0.0
407,1596,2667.74,0,10.0,0.0,0.0
408,1601,2667.74,0,10.0,0.0,0.0
409,1605,2667.74,0,10.0,0.0,0.0
410,1609,2611.45,0,10.0,0.0,0.0
411,1611,2611.45,0,10.0,0.0,0.0
412,1616,2611.45,0,10.0,0.0,0.0
413,1619,2611.45,0,10.0,0.0,0.0
414,1623,2611.45,0,10.0,0.0,0.0
415,1628,2611.45,0,10.0,0.0,0.0
416,1632,2611.45,0,10.0,0.0,0.0
417,1636,2611.45,0,10.0,0.0,0.0
418,1641,2611.45,0,10.0,0.0,0.0
419,1646,2611.45,0,10.0,0.0,0.0
420,1650,2557.78,0,10.0,0.0,0.0
421,1654,2557.78,0,10.0,0.0,0.0
422,1659,2557.78,0,10.0,0.0,0.0
423,1664,2557.78,0,10.0,0.0,0.0
424,1668,2557.78,0,10.0,0.0,0.0
425,1672,2557.78,0,10.0,0.0,0.0
426,1677,2557.78,0,10.0,0.0,0.0
427,1681,2557.78,0,10.0,0.0,0.0
428,1685,2557.78,0,10.0,0.0,0.0
429,1690,2557.78,0,10.0,0.0,0.0
430,1694,2500.18,0,10.0,0.0,0.0
431,1698,2500.18,0,10.0,0.0,0.0
432,1703,2500.18,0,10.0,0.0,0.0
433,1707,2500.18,0,10.0,0.0,0.0
434,1711,2500.18,0,10.0,0.0,0.0
435,1715,2500.18,0,10.0,0.0,0.0
436,1721,2500.18,0,10.0,0.0,0.0
437,1725,2500.18,0,10.0,0.0,0.0
438,1729,2500.18,0,10.0,0.0,0.0
439,1733,2500.18,0,10.0,0.0,0.0
440,1738,2442.59,0,10.0,0.0,0.0
441,1742,2442.59,0,10.0,0.0,0.0
442,1746,2442.59,0,10.0,0.0,0.0
443,1751,2442.59,0,10.0,0.0,0.0
444,1755,2442.59,0,10.0,0.0,0.0
445,1760,2442.59,0,10.0,0.0,0.0
446,1765,2442.59,0,10.0,0.0,0.0
447,1770,2442.59,0,10.0,0.0,0.0
448,1774,2442.59,0,10.0,0.0,0.0
449,1778,2442.59,0,10.0,0.0,0.0
450,1783,2383.68,0,10.0,0.0,0.0
451,1787,2383.68,0,10.0,0.0,0.0
452,1791,2383.68,0,10.0,0.0,0.0
453,1796,2383.68,0,10.0,0.0,0.0
454,1800,2383.68,0,10.0,0.0,0.0
455,1804,2383.68,0,10.0,0.0,0.0
456,1808,2383.68,0,10.0,0.0,0.0
457,1813,2383.68,0,10.0,0.0,0.0
458,1817,2383.68,0,10.0,0.0,0.0
459,1821,2383.68,0,10.0,0.0,0.0
460,1825,2328.71,0,10.0,0.0,0.0
461,1830,2328.71,0,10.0,0.0,0.0
462,1834,2328.71,0,10.0,0.0,0.0
463,1838,2328.71,0,10.0,0.0,0.0
464,1843,2328.71,0,10.0,0.0,0.0
465,1847,2328.71,0,10.0,0.0,0.0
466,1851,2328.71,0,10.0,0.0,0.0
467,1856,2328.71,0,10.0,0.0,0.0
468,1861,2328.71,0,10.0,0.0,0.0
469,1864,2328.71,0,10.0,0.0,0.0
470,1868,2272.42,0,10.0,0.0,0.0
471,1873,2272.42,0,10.0,0.0,0.0
472,1877,2272.42,0,10.0,0.0,0.0
473,1881,2272.42,0,10.0,0.0,0.0
474,1886,2272.42,0,10.0,0.0,0.0
475,1891,2272.42,0,10.0,0.0,0.0
476,1895,2272.42,0,10.0,0.0,0.0
477,1899,2272.42,0,10.0,0.0,0.0
478,1904,2272.42,0,10.0,0.0,0.0
479,1907,2272.42,0,10.0,0.0,0.0
480,1911,2216.13,0,10.0,0.0,0.0
481,1915,2216.13,0,10.0,0.0,0.0
482,1920,2216.13,0,10.0,0.0,0.0
483,1924,2216.13,0,10.0,0.0,0.0
484,1928,2216.13,0,10.0,0.0,0.0
485,1933,2216.13,0,10.0,0.0,0.0
486,1937,2216.13,0,10.0,0.0,0.0
487,1941,2216.13,0,10.0,0.0,0.0
488,1946,2216.13,0,10.0,0.0,0.0
489,1950,2216.13,0,10.0,0.0,0.0
490,1954,2159.85,0,10.0,0.0,0.0
491,1958,2159.85,0,10.0,0.0,0.0
492,1963,2159.85,0,10.0,0.0,0.0
493,1967,2159.85,0,10.0,0.0,0.0
494,1971,2159.85,0,10.0,0.0,0.0
495,1976,2159.85,0,10.0,0.0,0.0
496,1980,2159.85,0,10.0,0.0,0.0
497,1984,2159.85,0,10.0,0.0,0.0
498,1988,2159.85,0,10.0,0.0,0.0
499,1993,2159.85,0,10.0,0.0,0.0
500,1997,2103.56,0,10.0,0.0,0.0
501,2002,2103.56,0,10.0,0.0,0.0
502,2007,2103.56,0,10.0,0.0,0.0
503,2012,2103.56,0,10.0,0.0,0.0
504,2016,2103.56,0,10.0,0.0,0.0
505,2020,2103.56,0,10.0,0.0,0.0
506,2025,2103.56,0,10.0,0.0,0.0
507,2029,2103.56,0,10.0,0.0,0.0
508,2033,2103.56,0,10.0,0.0,0.0
509,2038,2103.56,0,10.0,0.0,0.0
510,2042,2044.65,0,10.0,0.0,0.0
511,2046,2044.65,0,10.0,0.0,0.0
512,2053,2044.65,0,10.0,0.0,0.0
513,2057,2044.65,0,10.0,0.0,0.0
514,2061,2044.65,0,10.0,0.0,0.0
515,2065,2044.65,0,10.0,0.0,0.0
516,2070,2044.65,0,10.0,0.0,0.0
517,2074,2044.65,0,10.0,0.0,0.0
518,2078,2044.65,0,10.0,0.0,0.0
519,2083,2044.65,0,10.0,0.0,0.0
520,2087,1985.75,0,10.0,0.0,0.0
521,2091,1985.75,0,10.0,0.0,0.0
522,2096,1985.75,0,10.0,0.0,0.0
523,2101,1985.75,0,10.0,0.0,0.0
524,2105,1985.75,0,10.0,0.0,0.0
525,2109,1985.75,0,10.0,0.0,0.0
526,2114,1985.75,0,10.0,0.0,0.0
527,2118,1985.75,0,10.0,0.0,0.0
528,2122,1985.75,0,10.0,0.0,0.0
529,2126,1985.75,0,10.0,0.0,0.0
530,2131,1928.15,0,10.0,0.0,0.0
531,2136,1928.15,0,10.0,0.0,0.0
532,2141,1928.15,0,10.0,0.0,0.0
533,2145,1928.15,0,10.0,0.0,0.0
534,2149,1928.15,0,10.0,0.0,0.0
535,2154,1928.15,0,10.0,0.0,0.0
536,2160,1928.15,0,10.0,0.0,0.0
537,2164,1928.15,0,10.0,0.0,0.0
538,2168,1928.15,0,10.0,0.0,0.0
539,2172,1928.15,0,10.0,0.0,0.0
540,2177,1867.94,0,10.0,0.0,0.0
541,2181,1867.94,0,10.0,0.0,0.0
542,2185,1867.94,0,10.0,0.0,0.0
543,2190,1867.94,0,10.0,0.0,0.0
544,2194,1867.94,0,10.0,0.0,0.0
545,2198,1867.94,0,10.0,0.0,0.0
546,2204,1867.94,0,10.0,0.0,0.0
547,2208,1867.94,0,10.0,0.0,0.0
548,2212,1867.94,0,10.0,0.0,0.0
549,2216,1867.94,0,10.0,0.0,0.0
550,2221,1810.34,0,10.0,0.0,0.0
551,2225,1810.34,0,10.0,0.0,0.0
552,2229,1810.34,0,10.0,0.0,0.0
553,2234,1810.34,0,10.0,0.0,0.0
554,2238,1810.34,0,10.0,0.0,0.0
555,2242,1810.34,0,10.0,0.0,0.0
556,2247,1810.34,0,10.0,0.0,0.0
557,2251,1810.34,0,10.0,0.0,0.0
558,2255,1810.34,0,10.0,0.0,0.0
559,2259,1810.34,0,10.0,0.0,0.0
560,2264,1754.06,0,10.0,0.0,0.0
561,2268,1754.06,0,10.0,0.0,0.0
562,2272,1754.06,0,10.0,0.0,0.0
563,2277,1754.06,0,10.0,0.0,0.0
564,2281,1754.06,0,10.0,0.0,0.0
565,2285,1754.06,0,10.0,0.0,0.0
566,2290,1754.06,0,10.0,0.0,0.0
567,2294,1754.06,0,10.0,0.0,0.0
568,2299,1754.06,0,10.0,0.0,0.0
569,2303,1754.06,0,10.0,0.0,0.0
570,2308,1696.46,0,10.0,0.0,0.0
571,2312,1696.46,0,10.0,0.0,0.0
572,2316,1696.46,0,10.0,0.0,0.0
573,2321,1696.46,0,10.0,0.0,0.0
574,2325,1696.46,0,10.0,0.0,0.0
575,2329,1696.46,0,10.0,0.0,0.0
576,2334,1696.46,0,10.0,0.0,0.0
577,2339,1696.46,0,10.0,0.0,0.0
578,2343,1696.46,0,10.0,0.0,0.0
579,2347,1696.46,0,10.0,0.0,0.0
580,2352,1638.86,0,10.0,0.0,0.0
581,2357,1638.86,0,10.0,0.0,0.0
582,2361,1638.86,0,10.0,0.0,0.0
583,2365,1638.86,0,10.0,0.0,0.0
584,2370,1638.86,0,10.0,0.0,0.0
585,2374,1638.86,0,10.0,0.0,0.0
586,2378,1638.86,0,10.0,0.0,0.0
587,2384,1638.86,0,10.0,0.0,0.0
588,2388,1638.86,0,10.0,0.0,0.0
589,2392,1638.86,0,10.0,0.0,0.0
590,2398,1579.96,0,10.0,0.0,0.0
591,2402,1579.96,0,10.0,0.0,0.0
592,2407,1579.96,0,10.0,0.0,0.0
593,2411,1579.96,0,10.0,0.0,0.0
594,2416,1579.96,0,10.0,0.0,0.0
595,2420,1579.96,0,10.0,0.0,0.0
596,2424,1579.96,0,10.0,0.0,0.0
597,2429,1579.96,0,10.0,0.0,0.0
598,2433,1579.96,0,10.0,0.0,0.0
599,2437,1579.96,0,10.0,0.0,0.0
600,2442,1521.05,0,10.0,0.0,0.0
601,2446,1521.05,0,10.0,0.0,0.0
602,2451,1521.05,0,10.0,0.0,0.0
603,2456,1521.05,0,10.0,0.0,0.0
604,2461,1521.05,0,10.0,0.0,0.0
605,2465,1521.05,0,10.0,0.0,0.0
606,2469,1521.05,0,10.0,0.0,0.0
607,2473,1521.05,0,10.0,0.0,0.0
608,2478,1521.05,0,10.0,0.0,0.0
609,2482,1521.05,0,10.0,0.0,0.0
610,2486,1462.15,0,10.0,0.0,0.0
611,2491,1462.15,0,10.0,0.0,0.0
612,2495,1462.15,0,10.0,0.0,0.0
613,2499,1462.15,0,10.0,0.0,0.0
614,2504,1462.15,0,10.0,0.0,0.0
615,2508,1462.15,0,10.0,0.0,0.0
616,2512,1462.15,0,10.0,0.0,0.0
617,2516,1462.15,0,10.0,0.0,0.0
618,2521,1462.15,0,10.0,0.0,0.0
619,2525,1462.15,0,10.0,0.0,0.0
620,2529,1407.17,0,10.0,0.0,0.0
621,2534,1407.17,0,10.0,0.0,0.0
622,2538,1407.17,0,10.0,0.0,0.0
623,2542,1407.17,0,10.0,0.0,0.0
624,2548,1407.17,0,10.0,0.0,0.0
625,2552,1407.17,0,10.0,0.0,0.0
626,2556,1407.17,0,10.0,0.0,0.0
627,2560,1407.17,0,10.0,0.0,0.0
628,2565,1407.17,0,10.0,0.0,0.0
629,2569,1407.17,0,10.0,0.0,0.0
630,2573,1349.58,0,10.0,0.0,0.0
631,2578,1349.58,0,10.0,0.0,0.0
632,2582,1349.58,0,10.0,0.0,0.0
633,2586,1349.58,0,10.0,0.0,0.0
634,2591,1349.58,0,10.0,0.0,0.0
635,2596,1349.58,0,10.0,0.0,0.0
636,2600,1349.58,0,10.0,0.0,0.0
637,2604,1349.58,0,10.0,0.0,0.0
638,2609,1349.58,0,10.0,0.0,0.0
639,2613,1349.58,0,10.0,0.0,0.0
640,2617,1291.98,0,10.0,0.0,0.0
641,2621,1291.98,0,10.0,0.0,0.0
642,2626,1291.98,0,10.0,0.0,0.0
643,2630,1291.98,0,10.0,0.0,0.0
644,2635,1291.98,0,10.0,0.0,0.0
645,2639,1291.98,0,10.0,0.0,0.0
646,2644,1291.98,0,10.0,0.0,0.0
647,2648,1291.98,0,10.0,0.0,0.0
648,2652,1291.98,0,10.0,0.0,0.0
649,2656,1291.98,0,10.0,0.0,0.0
650,2660,1235.69,0,10.0,0.0,0.0
651,2664,1235.69,0,10.0,0.0,0.0
652,2669,1235.69,0,10.0,0.0,0.0
653,2673,1235.69,0,10.0,0.0,0.0
654,2677,1235.69,0,10.0,0.0,0.0
655,2682,1235.69,0,10.0,0.0,0.0
656,2686,1235.69,0,10.0,0.0,0.0
657,2690,1235.69,0,10.0,0.0,0.0
658,2695,1235.69,0,10.0,0.0,0.0
659,2700,1235.69,0,10.0,0.0,0.0
660,2704,1178.1,0,10.0,0.0,0.0
661,2708,1178.1,0,10.0,0.0,0.0
662,2713,1178.1,0,10.0,0.0,0.0
663,2717,1178.1,0,10.0,0.0,0.0
664,2721,1178.1,0,10.0,0.0,0.0
665,2726,1178.1,0,10.0,0.0,0.0
666,2730,1178.1,0,10.0,0.0,0.0
667,2734,1178.1,0,10.0,0.0,0.0
668,2739,1178.1,0,10.0,0.0,0.0
669,2744,1178.1,0,10.0,0.0,0.0
670,2748,1120.5,0,10.0,0.0,0.0
671,2753,1120.5,0,10.0,0.0,0.0
672,2758,1120.5,0,10.0,0.0,0.0
673,2762,1120.5,0,10.0,0.0,0.0
674,2766,1120.5,0,10.0,0.0,0.0
675,2771,1120.5,0,10.0,0.0,0.0
676,2776,1120.5,0,10.0,0.0,0.0
677,2780,1120.5,0,10.0,0.0,0.0
678,2785,1120.5,0,10.0,0.0,0.0
679,2789,1120.5,0,10.0,0.0,0.0
680,2793,1061.6,0,10.0,0.0,0.0
681,2797,1061.6,0,10.0,0.0,0.0
682,2802,1061.6,0,10.0,0.0,0.0
683,2806,1061.6,0,10.0,0.0,0.0
684,2810,1061.6,0,10.0,0.0,0.0
685,2815,1061.6,0,10.0,0.0,0.0
686,2819,1061.6,0,10.0,0.0,0.0
687,2824,1061.6,0,10.0,0.0,0.0
688,2828,1061.6,0,10.0,0.0,0.0
689,2833,1061.6,0,10.0,0.0,0.0
690,2837,1004.0,0,10.0,0.0,0.0
691,2842,1004.0,0,10.0,0.0,0.0
692,2847,1004.0,0,10.0,0.0,0.0
693,2850,1004.0,0,10.0,0.0,0.0
694,2854,1004.0,0,10.0,0.0,0.0
695,2858,1004.0,0,10.0,0.0,0.0
696,2863,1004.0,0,10.0,0.0,0.0
697,2867,1004.0,0,10.0,0.0,0.0
698,2871,1004.0,0,10.0,0.0,0.0
699,2876,1004.0,0,10.0,0.0,0.0
700,2880,947.71,0,10.0,0.0,0.0
701,2884,947.71,0,10.0,0.0,0.0
702,2889,947.71,0,10.0,0.0,0.0
703,2893,947.71,0,10.0,0.0,0.0
704,2896,947.71,0,10.0,0.0,0.0
705,2900,947.71,0,10.0,0.0,0.0
706,2905,947.71,0,10.0,0.0,0.0
707,2909,947.71,0,10.0,0.0,0.0
708,2913,947.71,0,10.0,0.0,0.0
709,2918,947.71,0,10.0,0.0,0.0
710,2922,892.74,0,10.0,0.0,0.0
711,2926,892.74,0,10.0,0.0,0.0
712,2931,892.74,0,10.0,0.0,0.0
713,2936,892.74,0,10.0,0.0,0.0
714,2940,892.74,0,10.0,0.0,0.0
715,2944,892.74,0,10.0,0.0,0.0
716,2949,892.74,0,10.0,0.0,0.0
717,2953,892.74,0,10.0,0.0,0.0
718,2957,892.74,0,10.0,0.0,0.0
719,2962,892.74,0,10.0,0.0,0.0
720,2966,835.14,0,10.0,0.0,0.0
721,2970,835.14,0,10.0,0.0,0.0
722,2975,835.14,0,10.0,0.0,0.0
723,2979,835.14,0,10.0,0.0,0.0
724,2983,835.14,0,10.0,0.0,0.0
725,2987,835.14,0,10.0,0.0,0.0
726,2992,835.14,0,10.0,0.0,0.0
727,2996,835.14,0,10.0,0.0,0.0
728,3000,835.14,0,10.0,0.0,0.0
729,3004,835.14,0,10.0,0.0,0.0
730,3009,778.85,0,10.0,0.0,0.0
731,3013,778.85,0,10.0,0.0,0.0
732,3017,778.85,0,10.0,0.0,0.0
733,3022,778.85,0,10.0,0.0,0.0
734,3026,778.85,0,10.0,0.0,0.0
735,3030,778.85,0,10.0,0.0,0.0
736,3036,778.85,0,10.0,0.0,0.0
737,3040,778.85,0,10.0,0.0,0.0
738,3044,778.85,0,10.0,0.0,0.0
739,3048,778.85,0,10.0,0.0,0.0
740,3053,721.26,0,10.0,0.0,0.0
741,3057,721.26,0,10.0,0.0,0.0
742,3061,721.26,0,10.0,0.0,0.0
743,3066,721.26,0,10.0,0.0,0.0
744,3070,721.26,0,10.0,0.0,0.0
745,3074,721.26,0,10.0,0.0,0.0
746,3079,721.26,0,10.0,0.0,0.0
747,3083,721.26,0,10.0,0.0,0.0
748,3087,721.26,0,10.0,0.0,0.0
749,3090,721.26,0,10.0,0.0,0.0
750,3095,666.28,0,10.0,0.0,0.0
751,3099,666.28,0,10.0,0.0,0.0
752,3103,666.28,0,10.0,0.0,0.0
753,3108,666.28,0,10.0,0.0,0.0
754,3112,666.28,0,10.0,0.0,0.0
755,3116,666.28,0,10.0,0.0,0.0
756,3121,666.28,0,10.0,0.0,0.0
757,3125,666.28,0,10.0,0.0,0.0
758,3130,666.28,0,10.0,0.0,0.0
759,3134,666.28,0,10.0,0.0,0.0
760,3139,608.68,0,10.0,0.0,0.0
761,3143,608.68,0,10.0,0.0,0.0
762,3147,608.68,0,10.0,0.0,0.0
763,3152,608.68,0,10.0,0.0,0.0
764,3156,608.68,0,10.0,0.0,0.0
765,3160,608.68,0,10.0,0.0,0.0
766,3165,608.68,0,10.0,0.0,0.0
767,3169,608.68,0,10.0,0.0,0.0
768,3173,608.68,0,10.0,0.0,0.0
769,3178,608.68,0,10.0,0.0,0.0
770,3183,551.09,0,10.0,0.0,0.0
771,3186,551.09,0,10.0,0.0,0.0
772,3190,551.09,0,10.0,0.0,0.0
773,3195,551.09,0,10.0,0.0,0.0
774,3199,551.09,0,10.0,0.0,0.0
775,3203,551.09,0,10.0,0.0,0.0
776,3208,551.09,0,10.0,0.0,0.0
777,3212,551.09,0,10.0,0.0,0.0
778,3216,551.09,0,10.0,0.0,0.0
779,3220,551.09,0,10.0,0.0,0.0
780,3226,496.11,0,10.0,0.0,0.0
781,3230,496.11,0,10.0,0.0,0.0
782,3234,496.11,0,10.0,0.0,0.0
783,3239,496.11,0,10.0,0.0,0.0
784,3243,496.11,0,10.0,0.0,0.0
785,3247,496.11,0,10.0,0.0,0.0
786,3251,496.11,0,10.0,0.0,0.0
787,3256,496.11,0,10.0,0.0,0.0
788,3260,496.11,0,10.0,0.0,0.0
789,3264,496.11,0,10.0,0.0,0.0
790,3269,438.51,0,10.0,0.0,0.0
791,3273,438.51,0,10.0,0.0,0.0
792,3278,438.51,0,10.0,0.0,0.0
793,3283,438.51,0,10.0,0.0,0.0
794,3287,438.51,0,10.0,0.0,0.0
795,3291,438.51,0,10.0,0.0,0.0
796,3295,438.51,0,10.0,0.0,0.0
797,3300,438.51,0,10.0,0.0,0.0
798,3304,438.51,0,10.0,0.0,0.0
799,3308,438.51,0,10.0,0.0,0.0
800,3313,380.92,0,10.0,0.0,0.0
801,3317,380.92,0,10.0,0.0,0.0
802,3321,380.92,0,10.0,0.0,0.0
803,3326,380.92,0,10.0,0.0,0.0
804,3330,380.92,0,10.0,0.0,0.0
805,3336,380.92,0,10.0,0.0,0.0
806,3340,380.92,0,10.0,0.0,0.0
807,3345,380.92,0,10.0,0.0,0.0
808,3349,380.92,0,10.0,0.0,0.0
809,3353,380.92,0,10.0,0.0,0.0
810,3358,322.01,0,10.0,0.0,0.0
811,3362,322.01,0,10.0,0.0,0.0
812,3366,322.01,0,10.0,0.0,0.0
813,3371,322.01,0,10.0,0.0,0.0
814,3375,322.01,0,10.0,0.0,0.0
815,3379,322.01,0,10.0,0.0,0.0
816,3384,322.01,0,10.0,0.0,0.0
817,3389,322.01,0,10.0,0.0,0.0
818,3393,322.01,0,10.0,0.0,0.0
819,3397,322.01,0,10.0,0.0,0.0
820,3402,264.42,0,10.0,0.0,0.0
821,3406,264.42,0,10.0,0.0,0.0
822,3410,264.42,0,10.0,0.0,0.0
823,3415,264.42,0,10.0,0.0,0.0
824,3419,264.42,0,10.0,0.0,0.0
825,3424,264.42,0,10.0,0.0,0.0
826,3429,264.42,0,10.0,0.0,0.0
827,3433,264.42,0,10.0,0.0,0.0
828,3437,264.42,0,10.0,0.0,0.0
829,3441,264.42,0,10.0,0.0,0.0
830,3446,206.82,0,10.0,0.0,0.0
831,3450,206.82,0,10.0,0.0,0.0
832,3454,206.82,0,10.0,0.0,0.0
833,3459,206.82,0,10.0,0.0,0.0
834,3463,206.82,0,10.0,0.0,0.0
835,3467,206.82,0,10.0,0.0,0.0
836,3472,206.82,0,10.0,0.0,0.0
837,3476,206.82,0,10.0,0.0,0.0
838,3481,206.82,0,10.0,0.0,0.0
839,3485,206.82,0,10.0,0.0,0.0
840,3490,149.23,0,10.0,0.0,0.0
841,3494,149.23,0,10.0,0.0,0.0
842,3498,149.23,0,10.0,0.0,0.0
843,3503,149.23,0,10.0,0.0,0.0
844,3507,149.23,0,10.0,0.0,0.0
845,3511,149.23,0,10.0,0.0,0.0
846,3516,149.23,0,10.0,0.0,0.0
847,3521,149.23,0,10.0,0.0,0.0
848,3525,149.23,0,10.0,0.0,0.0
849,3530,149.23,0,10.0,0.0,0.0
850,3535,90.32,0,10.0,0.0,0.0
851,3539,90.32,0,10.0,0.0,0.0
852,3543,90.32,0,10.0,0.0,0.0
853,3548,90.32,0,10.0,0.0,0.0
854,3552,90.32,0,10.0,0.0,0.0
855,3557,90.32,0,10.0,0.0,0.0
856,3562,90.32,0,10.0,0.0,0.0
857,3566,90.32,0,10.0,0.0,0.0
858,3570,90.32,0,10.0,0.0,0.0
859,3575,90.32,0,10.0,0.0,0.0
860,3580,31.42,0,10.0,0.0,0.0
861,3584,31.42,0,10.0,0.0,0.0
862,3588,31.42,0,10.0,0.0,0.0
863,3593,31.42,0,10.0,0.0,0.0
864,3597,31.42,0,10.0,0.0,0.0
865,3601,31.42,0,10.0,0.0,0.0
866,3606,31.42,0,10.0,0.0,0.0
867,3610,31.42,0,10.0,0.0,0.0
868,3614,31.42,0,10.0,0.0,0.0
869,3619,31.42,0,10.0,0.0,0.0
870,3623,-24.87,0,10.0,0.0,0.0
871,3627,-24.87,0,10.0,0.0,0.0
872,3631,-24.87,0,10.0,0.0,0.0
873,3635,-24.87,0,10.0,0.0,0.0
874,3638,-24.87,0,10.0,0.0,0.0
875,3641,-24.87,0,10.0,0.0,0.0
876,3647,-24.87,0,10.0,0.0,0.0
877,3650,-24.87,0,10.0,0.0,0.0
878,3652,-24.87,0,10.0,0.0,0.0
879,3655,-24.87,0,10.0,0.0,0.0
880,3657,-71.99,0,10.0,0.0,0.0
881,3659,-71.99,0,10.0,0.0,0.0
882,3661,-71.99,0,10.0,0.0,0.0
883,3663,-71.99,0,10.0,0.0,0.0
884,3665,-71.99,0,10.0,0.0,0.0
885,3666,-71.99,0,10.0,0.0,0.0
886,3667,-71.99,0,10.0,0.0,0.0
887,3668,-71.99,0,10.0,0.0,0.0
888,3669,-71.99,0,10.0,0.0,0.0
889,3670,-71.99,0,10.0,0.0,0.0
890,3670,-91.63,0,10.0,0.0,0.0
891,3670,-91.63,0,10.0,0.0,0.0
892,3671,-91.63,0,10.0,0.0,0.0
893,3671,-91.63,0,10.0,0.0,0.0
894,3671,-91.63,0,10.0,0.0,0.0
895,3671,-91.63,0,10.0,0.0,0.0
896,3670,-91.63,0,10.0,0.0,0.0
897,3670,-91.63,0,10.0,0.0,0.0
898,3669,-91.63,0,10.0,0.0,0.0
899,3669,-91.63,0,10.0,0.0,0.0
900,3668,-90.32,0,10.0,0.0,0.0
901,3667,-90.32,0,10.0,0.0,0.0
902,3666,-90.32,0,10.0,0.0,0.0
903,3665,-90.32,0,10.0,0.0,0.0
904,3664,-90.32,0,10.0,0.0,0.0
905,3662,-90.32,0,10.0,0.0,0.0
906,3661,-90.32,0,10.0,0.0,0.0
907,3659,-90.32,0,10.0,0.0,0.0
908,3658,-90.32,0,10.0,0.0,0.0
909,3656,-90.32,0,10.0,0.0,0.0
910,3654,-73.3,0,10.0,0.0,0.0
911,3652,-73.3,0,10.0,0.0,0.0
912,3650,-73.3,0,10.0,0.0,0.0
913,3648,-73.3,0,10.0,0.0,0.0
914,3646,-73.3,0,10.0,0.0,0.0
915,3644,-73.3,0,10.0,0.0,0.0
916,3642,-73.3,0,10.0,0.0,0.0
917,3639,-73.3,0,10.0,0.0,0.0
918,3637,-73.3,0,10.0,0.0,0.0
919,3634,-73.3,0,10.0,0.0,0.0
920,3632,-44.51,0,10.0,0.0,0.0
921,3629,-44.51,0,10.0,0.0,0.0
922,3627,-44.51,0,10.0,0.0,0.0
923,3624,-44.51,0,10.0,0.0,0.0
924,3621,-44.51,0,10.0,0.0,0.0
925,3619,-44.51,0,10.0,0.0,0.0
926,3616,-44.51,0,10.0,0.0,0.0
927,3613,-44.51,0,10.0,0.0,0.0
928,3610,-44.51,0,10.0,0.0,0.0
929,3607,-44.51,0,10.0,0.0,0.0
930,3604,-9.16,0,10.0,0.0,0.0
931,3601,-9.16,0,10.0,0.0,0.0
932,3598,-9.16,0,10.0,0.0,0.0
933,3595,-9.16,0,10.0,0.0,0.0
934,3592,-9.16,0,10.0,0.0,0.0
935,3589,-9.16,0,10.0,0.0,0.0
936,3586,-9.16,0,10.0,0.0,0.0
937,3583,-9.16,0,10.0,0.0,0.0
938,3580,-9.16,0,10.0,0.0,0.0
939,3576,-9.16,0,10.0,0.0,0.0
940,3573,31.42,0,10.0,0.0,0.0
941,3570,31.42,0,10.0,0.0,0.0
942,3568,31.42,0,10.0,0.0,0.0
943,3565,31.42,0,10.0,0.0,0.0
944,3562,31.42,0,10.0,0.0,0.0
945,3560,31.42,0,10.0,0.0,0.0
946,3558,31.42,0,10.0,0.0,0.0
947,3556,31.42,0,10.0,0.0,0.0
948,3555,31.42,0,10.0,0.0,0.0
949,3553,31.42,0,10.0,0.0,0.0
950,3552,61.52,0,10.0,0.0,0.0
951,3551,61.52,0,10.0,0.0,0.0
952,3550,61.52,0,10.0,0.0,0.0
953,3549,61.52,0,10.0,0.0,0.0
954,3549,61.52,0,10.0,0.0,0.0
955,3548,61.52,0,10.0,0.0,0.0
956,3548,61.52,0,10.0,0.0,0.0
957,3548,61.52,0,10.0,0.0,0.0
958,3548,61.52,0,10.0,0.0,0.0
959,3548,61.52,0,10.0,0.0,0.0
960,3548,68.07,0,10.0,0.0,0.0
961,3549,68.07,0,10.0,0.0,0.0
962,3549,68.07,0,10.0,0.0,0.0
963,3550,68.07,0,10.0,0.0,0.0
964,3550,68.07,0,10.0,0.0,0.0
965,3551,68.07,0,10.0,0.0,0.0
966,3552,68.07,0,10.0,0.0,0.0
967,3553,68.07,0,10.0,0.0,0.0
968,3554,68.07,0,10.0,0.0,0.0
969,3556,68.07,0,10.0,0.0,0.0
970,3557,57.6,0,10.0,0.0,0.0
971,3559,57.6,0,10.0,0.0,0.0
972,3560,57.6,0,10.0,0.0,0.0
973,3562,57.6,0,10.0,0.0,0.0
974,3564,57.6,0,10.0,0.0,0.0
975,3566,57.6,0,10.0,0.0,0.0
976,3568,57.6,0,10.0,0.0,0.0
977,3570,57.6,0,10.0,0.0,0.0
978,3572,57.6,0,10.0,0.0,0.0
979,3574,57.6,0,10.0,0.0,0.0
980,3576,34.03,0,10.0,0.0,0.0
981,3578,34.03,0,10.0,0.0,0.0
982,3581,34.03,0,10.0,0.0,0.0
983,3583,34.03,0,10.0,0.0,0.0
984,3586,34.03,0,10.0,0.0,0.0
985,3588,34.03,0,10.0,0.0,0.0
986,3591,34.03,0,10.0,0.0,0.0
987,3593,34.03,0,10.0,0.0,0.0
988,3596,34.03,0,10.0,0.0,0.0
989,3599,34.03,0,10.0,0.0,0.0
990,3602,1.31,0,10.0,0.0,0.0
991,3605,1.31,0,10.0,0.0,0.0
992,3607,1.31,0,10.0,0.0,0.0
993,3610,1.31,0,10.0,0.0,0.0
994,3613,1.31,0,10.0,0.0,0.0
995,3615,1.31,0,10.0,0.0,0.0
996,3618,1.31,0,10.0,0.0,0.0
997,3620,1.31,0,10.0,0.0,0.0
998,3623,1.31,0,10.0,0.0,0.0
999,3625,1.31,0,10.0,0.0,0.0
1000,3627,-32.72,0,10.0,0.0,0.0
1001,3629,-32.72,0,10.0,0.0,0.0
1002,3631,-32.72,0,10.0,0.0,0.0
1003,3633,-32.72,0,10.0,0.0,0.0
1004,3634,-32.72,0,10.0,0.0,0.0
1005,3636,-32.72,0,10.0,0.0,0.0
1006,3637,-32.72,0,10.0,0.0,0.0
1007,3638,-32.72,0,10.0,0.0,0.0
1008,3639,-32.72,0,10.0,0.0,0.0
1009,3640,-32.72,0,10.0,0.0,0.0
1010,3640,-52.36,0,10.0,0.0,0.0
1011,3641,-52.36,0,10.0,0.0,0.0
1012,3641,-52.36,0,10.0,0.0,0.0
1013,3641,-52.36,0,10.0,0.0,0.0
1014,3641,-52.36,0,10.0,0.0,0.0
1015,3640,-52.36,0,10.0,0.0,0.0
1016,3640,-52.36,0,10.0,0.0,0.0
1017,3639,-52.36,0,10.0,0.0,0.0
1018,3638,-52.36,0,10.0,0.0,0.0
1019,3637,-52.36,0,10.0,0.0,0.0
1020,3636,-48.43,0,10.0,0.0,0.0
1021,3635,-48.43,0,10.0,0.0,0.0
1022,3634,-48.43,0,10.0,0.0,0.0
1023,3633,-48.43,0,10.0,0.0,0.0
1024,3632,-48.43,0,10.0,0.0,0.0
1025,3630,-48.43,0,10.0,0.0,0.0
1026,3628,-48.43,0,10.0,0.0,0.0
1027,3627,-48.43,0,10.0,0.0,0.0
1028,3625,-48.43,0,10.0,0.0,0.0
1029,3623,-48.43,0,10.0,0.0,0.0
1030,3621,-30.11,0,10.0,0.0,0.0
1031,3619,-30.11,0,10.0,0.0,0.0
1032,3617,-30.11,0,10.0,0.0,0.0
1033,3615,-30.11,0,10.0,0.0,0.0
1034,3613,-30.11,0,10.0,0.0,0.0
1035,3610,-30.11,0,10.0,0.0,0.0
1036,3608,-30.11,0,10.0,0.0,0.0
1037,3605,-30.11,0,10.0,0.0,0.0
1038,3603,-30.11,0,10.0,0.0,0.0
1039,3600,-30.11,0,10.0,0.0,0.0
