TIME,PULSES,CONTROLLERVOLTAGE,CONTROLLER,KP,TAUD,TAUI 
NEXT EXPERIMENT0,0.0,0.0003,0.0,5.0,0.0,0.0
1,0.0,0.0003,0.0,5.0,0.0,0.0
2,0.0,0.0003,0.0,5.0,0.0,0.0
3,0.0,0.0003,0.0,5.0,0.0,0.0
4,0.0,0.0003,0.0,5.0,0.0,0.0
5,0.0,0.0003,0.0,5.0,0.0,0.0
6,0.0,0.0003,0.0,5.0,0.0,0.0
7,0.0,0.0003,0.0,5.0,0.0,0.0
8,0.0,0.0003,0.0,5.0,0.0,0.0
9,0.0,0.0003,0.0,5.0,0.0,0.0
10,0.0,2356.1946,0.0,5.0,0.0,0.0
11,0.0,2356.1946,0.0,5.0,0.0,0.0
12,0.0,2356.1946,0.0,5.0,0.0,0.0
13,1.0,2356.1946,0.0,5.0,0.0,0.0
14,1.0,2356.1946,0.0,5.0,0.0,0.0
15,2.0,2356.1946,0.0,5.0,0.0,0.0
16,2.0,2356.1946,0.0,5.0,0.0,0.0
17,3.0,2356.1946,0.0,5.0,0.0,0.0
18,4.0,2356.1946,0.0,5.0,0.0,0.0
19,5.0,2356.1946,0.0,5.0,0.0,0.0
20,6.0,2352.9221,0.0,5.0,0.0,0.0
21,8.0,2352.9221,0.0,5.0,0.0,0.0
22,9.0,2352.9221,0.0,5.0,0.0,0.0
23,10.0,2352.9221,0.0,5.0,0.0,0.0
24,12.0,2352.9221,0.0,5.0,0.0,0.0
25,14.0,2352.9221,0.0,5.0,0.0,0.0
26,16.0,2352.9221,0.0,5.0,0.0,0.0
27,17.0,2352.9221,0.0,5.0,0.0,0.0
28,19.0,2352.9221,0.0,5.0,0.0,0.0
29,21.0,2352.9221,0.0,5.0,0.0,0.0
30,23.0,2342.4502,0.0,5.0,0.0,0.0
31,26.0,2342.4502,0.0,5.0,0.0,0.0
32,28.0,2342.4502,0.0,5.0,0.0,0.0
33,30.0,2342.4502,0.0,5.0,0.0,0.0
34,32.0,2342.4502,0.0,5.0,0.0,0.0
35,35.0,2342.4502,0.0,5.0,0.0,0.0
36,37.0,2342.4502,0.0,5.0,0.0,0.0
37,40.0,2342.4502,0.0,5.0,0.0,0.0
38,43.0,2342.4502,0.0,5.0,0.0,0.0
39,45.0,2342.4502,0.0,5.0,0.0,0.0
40,48.0,2326.7422,0.0,5.0,0.0,0.0
41,51.0,2326.7422,0.0,5.0,0.0,0.0
42,53.0,2326.7422,0.0,5.0,0.0,0.0
43,56.0,2326.7422,0.0,5.0,0.0,0.0
44,59.0,2326.7422,0.0,5.0,0.0,0.0
45,62.0,2326.7422,0.0,5.0,0.0,0.0
46,65.0,2326.7422,0.0,5.0,0.0,0.0
47,68.0,2326.7422,0.0,5.0,0.0,0.0
48,71.0,2326.7422,0.0,5.0,0.0,0.0
49,75.0,2326.7422,0.0,5.0,0.0,0.0
50,78.0,2307.1072,0.0,5.0,0.0,0.0
51,81.0,2307.1072,0.0,5.0,0.0,0.0
52,84.0,2307.1072,0.0,5.0,0.0,0.0
53,87.0,2307.1072,0.0,5.0,0.0,0.0
54,91.0,2307.1072,0.0,5.0,0.0,0.0
55,94.0,2307.1072,0.0,5.0,0.0,0.0
56,97.0,2307.1072,0.0,5.0,0.0,0.0
57,101.0,2307.1072,0.0,5.0,0.0,0.0
58,104.0,2307.1072,0.0,5.0,0.0,0.0
59,108.0,2307.1072,0.0,5.0,0.0,0.0
60,111.0,2285.5088,0.0,5.0,0.0,0.0
61,115.0,2285.5088,0.0,5.0,0.0,0.0
62,118.0,2285.5088,0.0,5.0,0.0,0.0
63,122.0,2285.5088,0.0,5.0,0.0,0.0
64,125.0,2285.5088,0.0,5.0,0.0,0.0
65,129.0,2285.5088,0.0,5.0,0.0,0.0
66,133.0,2285.5088,0.0,5.0,0.0,0.0
67,136.0,2285.5088,0.0,5.0,0.0,0.0
68,140.0,2285.5088,0.0,5.0,0.0,0.0
69,144.0,2285.5088,0.0,5.0,0.0,0.0
70,147.0,2261.9468,0.0,5.0,0.0,0.0
71,151.0,2261.9468,0.0,5.0,0.0,0.0
72,155.0,2261.9468,0.0,5.0,0.0,0.0
73,159.0,2261.9468,0.0,5.0,0.0,0.0
74,163.0,2261.9468,0.0,5.0,0.0,0.0
75,166.0,2261.9468,0.0,5.0,0.0,0.0
76,170.0,2261.9468,0.0,5.0,0.0,0.0
77,174.0,2261.9468,0.0,5.0,0.0,0.0
78,178.0,2261.9468,0.0,5.0,0.0,0.0
79,182.0,2261.9468,0.0,5.0,0.0,0.0
80,186.0,2237.0759,0.0,5.0,0.0,0.0
81,190.0,2237.0759,0.0,5.0,0.0,0.0
82,194.0,2237.0759,0.0,5.0,0.0,0.0
83,198.0,2237.0759,0.0,5.0,0.0,0.0
84,202.0,2237.0759,0.0,5.0,0.0,0.0
85,206.0,2237.0759,0.0,5.0,0.0,0.0
86,210.0,2237.0759,0.0,5.0,0.0,0.0
87,214.0,2237.0759,0.0,5.0,0.0,0.0
88,218.0,2237.0759,0.0,5.0,0.0,0.0
89,222.0,2237.0759,0.0,5.0,0.0,0.0
90,226.0,2210.896,0.0,5.0,0.0,0.0
91,230.0,2210.896,0.0,5.0,0.0,0.0
92,235.0,2210.896,0.0,5.0,0.0,0.0
93,239.0,2210.896,0.0,5.0,0.0,0.0
94,243.0,2210.896,0.0,5.0,0.0,0.0
95,247.0,2210.896,0.0,5.0,0.0,0.0
96,251.0,2210.896,0.0,5.0,0.0,0.0
97,255.0,2210.896,0.0,5.0,0.0,0.0
98,259.0,2210.896,0.0,5.0,0.0,0.0
99,264.0,2210.896,0.0,5.0,0.0,0.0
100,268.0,2183.407,0.0,5.0,0.0,0.0
101,272.0,2183.407,0.0,5.0,0.0,0.0
102,276.0,2183.407,0.0,5.0,0.0,0.0
103,280.0,2183.407,0.0,5.0,0.0,0.0
104,284.0,2183.407,0.0,5.0,0.0,0.0
105,288.0,2183.407,0.0,5.0,0.0,0.0
106,293.0,2183.407,0.0,5.0,0.0,0.0
107,297.0,2183.407,0.0,5.0,0.0,0.0
108,301.0,2183.407,0.0,5.0,0.0,0.0
109,305.0,2183.407,0.0,5.0,0.0,0.0
110,309.0,2155.9182,0.0,5.0,0.0,0.0
111,314.0,2155.9182,0.0,5.0,0.0,0.0
112,318.0,2155.9182,0.0,5.0,0.0,0.0
113,322.0,2155.9182,0.0,5.0,0.0,0.0
114,326.0,2155.9182,0.0,5.0,0.0,0.0
115,329.0,2155.9182,0.0,5.0,0.0,0.0
116,334.0,2155.9182,0.0,5.0,0.0,0.0
117,338.0,2155.9182,0.0,5.0,0.0,0.0
118,342.0,2155.9182,0.0,5.0,0.0,0.0
119,346.0,2155.9182,0.0,5.0,0.0,0.0
120,351.0,2129.0835,0.0,5.0,0.0,0.0
121,355.0,2129.0835,0.0,5.0,0.0,0.0
122,359.0,2129.0835,0.0,5.0,0.0,0.0
123,364.0,2129.0835,0.0,5.0,0.0,0.0
124,368.0,2129.0835,0.0,5.0,0.0,0.0
125,372.0,2129.0835,0.0,5.0,0.0,0.0
126,376.0,2129.0835,0.0,5.0,0.0,0.0
127,380.0,2129.0835,0.0,5.0,0.0,0.0
128,385.0,2129.0835,0.0,5.0,0.0,0.0
129,389.0,2129.0835,0.0,5.0,0.0,0.0
130,393.0,2101.5947,0.0,5.0,0.0,0.0
131,398.0,2101.5947,0.0,5.0,0.0,0.0
132,403.0,2101.5947,0.0,5.0,0.0,0.0
133,407.0,2101.5947,0.0,5.0,0.0,0.0
134,412.0,2101.5947,0.0,5.0,0.0,0.0
135,416.0,2101.5947,0.0,5.0,0.0,0.0
136,420.0,2101.5947,0.0,5.0,0.0,0.0
137,424.0,2101.5947,0.0,5.0,0.0,0.0
138,429.0,2101.5947,0.0,5.0,0.0,0.0
139,433.0,2101.5947,0.0,5.0,0.0,0.0
140,438.0,2072.1423,0.0,5.0,0.0,0.0
141,443.0,2072.1423,0.0,5.0,0.0,0.0
142,447.0,2072.1423,0.0,5.0,0.0,0.0
143,451.0,2072.1423,0.0,5.0,0.0,0.0
144,456.0,2072.1423,0.0,5.0,0.0,0.0
145,460.0,2072.1423,0.0,5.0,0.0,0.0
146,464.0,2072.1423,0.0,5.0,0.0,0.0
147,469.0,2072.1423,0.0,5.0,0.0,0.0
148,473.0,2072.1423,0.0,5.0,0.0,0.0
149,478.0,2072.1423,0.0,5.0,0.0,0.0
150,482.0,2043.3445,0.0,5.0,0.0,0.0
151,487.0,2043.3445,0.0,5.0,0.0,0.0
152,491.0,2043.3445,0.0,5.0,0.0,0.0
153,495.0,2043.3445,0.0,5.0,0.0,0.0
154,501.0,2043.3445,0.0,5.0,0.0,0.0
155,505.0,2043.3445,0.0,5.0,0.0,0.0
156,509.0,2043.3445,0.0,5.0,0.0,0.0
157,514.0,2043.3445,0.0,5.0,0.0,0.0
158,518.0,2043.3445,0.0,5.0,0.0,0.0
159,522.0,2043.3445,0.0,5.0,0.0,0.0
160,527.0,2013.8918,0.0,5.0,0.0,0.0
161,531.0,2013.8918,0.0,5.0,0.0,0.0
162,535.0,2013.8918,0.0,5.0,0.0,0.0
163,540.0,2013.8918,0.0,5.0,0.0,0.0
164,544.0,2013.8918,0.0,5.0,0.0,0.0
165,548.0,2013.8918,0.0,5.0,0.0,0.0
166,553.0,2013.8918,0.0,5.0,0.0,0.0
167,557.0,2013.8918,0.0,5.0,0.0,0.0
168,561.0,2013.8918,0.0,5.0,0.0,0.0
169,566.0,2013.8918,0.0,5.0,0.0,0.0
170,570.0,1985.7484,0.0,5.0,0.0,0.0
171,574.0,1985.7484,0.0,5.0,0.0,0.0
172,579.0,1985.7484,0.0,5.0,0.0,0.0
173,584.0,1985.7484,0.0,5.0,0.0,0.0
174,589.0,1985.7484,0.0,5.0,0.0,0.0
175,593.0,1985.7484,0.0,5.0,0.0,0.0
176,597.0,1985.7484,0.0,5.0,0.0,0.0
177,602.0,1985.7484,0.0,5.0,0.0,0.0
178,606.0,1985.7484,0.0,5.0,0.0,0.0
179,610.0,1985.7484,0.0,5.0,0.0,0.0
180,615.0,1956.2961,0.0,5.0,0.0,0.0
181,619.0,1956.2961,0.0,5.0,0.0,0.0
182,624.0,1956.2961,0.0,5.0,0.0,0.0
183,629.0,1956.2961,0.0,5.0,0.0,0.0
184,634.0,1956.2961,0.0,5.0,0.0,0.0
185,638.0,1956.2961,0.0,5.0,0.0,0.0
186,643.0,1956.2961,0.0,5.0,0.0,0.0
187,647.0,1956.2961,0.0,5.0,0.0,0.0
188,652.0,1956.2961,0.0,5.0,0.0,0.0
189,656.0,1956.2961,0.0,5.0,0.0,0.0
190,660.0,1926.8435,0.0,5.0,0.0,0.0
191,665.0,1926.8435,0.0,5.0,0.0,0.0
192,669.0,1926.8435,0.0,5.0,0.0,0.0
193,675.0,1926.8435,0.0,5.0,0.0,0.0
194,680.0,1926.8435,0.0,5.0,0.0,0.0
195,684.0,1926.8435,0.0,5.0,0.0,0.0
196,688.0,1926.8435,0.0,5.0,0.0,0.0
197,693.0,1926.8435,0.0,5.0,0.0,0.0
198,697.0,1926.8435,0.0,5.0,0.0,0.0
199,702.0,1926.8435,0.0,5.0,0.0,0.0
200,706.0,1896.7368,0.0,5.0,0.0,0.0
201,710.0,1896.7368,0.0,5.0,0.0,0.0
202,715.0,1896.7368,0.0,5.0,0.0,0.0
203,719.0,1896.7368,0.0,5.0,0.0,0.0
204,722.0,1896.7368,0.0,5.0,0.0,0.0
205,727.0,1896.7368,0.0,5.0,0.0,0.0
206,731.0,1896.7368,0.0,5.0,0.0,0.0
207,735.0,1896.7368,0.0,5.0,0.0,0.0
208,740.0,1896.7368,0.0,5.0,0.0,0.0
209,744.0,1896.7368,0.0,5.0,0.0,0.0
210,749.0,1869.2478,0.0,5.0,0.0,0.0
211,753.0,1869.2478,0.0,5.0,0.0,0.0
212,757.0,1869.2478,0.0,5.0,0.0,0.0
213,763.0,1869.2478,0.0,5.0,0.0,0.0
214,767.0,1869.2478,0.0,5.0,0.0,0.0
215,772.0,1869.2478,0.0,5.0,0.0,0.0
216,777.0,1869.2478,0.0,5.0,0.0,0.0
217,781.0,1869.2478,0.0,5.0,0.0,0.0
218,785.0,1869.2478,0.0,5.0,0.0,0.0
219,790.0,1869.2478,0.0,5.0,0.0,0.0
220,795.0,1839.1407,0.0,5.0,0.0,0.0
221,800.0,1839.1407,0.0,5.0,0.0,0.0
222,804.0,1839.1407,0.0,5.0,0.0,0.0
223,808.0,1839.1407,0.0,5.0,0.0,0.0
224,813.0,1839.1407,0.0,5.0,0.0,0.0
225,817.0,1839.1407,0.0,5.0,0.0,0.0
226,821.0,1839.1407,0.0,5.0,0.0,0.0
227,826.0,1839.1407,0.0,5.0,0.0,0.0
228,830.0,1839.1407,0.0,5.0,0.0,0.0
229,834.0,1839.1407,0.0,5.0,0.0,0.0
230,839.0,1809.6885,0.0,5.0,0.0,0.0
231,843.0,1809.6885,0.0,5.0,0.0,0.0
232,849.0,1809.6885,0.0,5.0,0.0,0.0
233,853.0,1809.6885,0.0,5.0,0.0,0.0
234,857.0,1809.6885,0.0,5.0,0.0,0.0
235,862.0,1809.6885,0.0,5.0,0.0,0.0
236,866.0,1809.6885,0.0,5.0,0.0,0.0
237,869.0,1809.6885,0.0,5.0,0.0,0.0
238,874.0,1809.6885,0.0,5.0,0.0,0.0
239,878.0,1809.6885,0.0,5.0,0.0,0.0
240,882.0,1781.5449,0.0,5.0,0.0,0.0
241,887.0,1781.5449,0.0,5.0,0.0,0.0
242,891.0,1781.5449,0.0,5.0,0.0,0.0
243,896.0,1781.5449,0.0,5.0,0.0,0.0
244,900.0,1781.5449,0.0,5.0,0.0,0.0
245,904.0,1781.5449,0.0,5.0,0.0,0.0
246,909.0,1781.5449,0.0,5.0,0.0,0.0
247,913.0,1781.5449,0.0,5.0,0.0,0.0
248,919.0,1781.5449,0.0,5.0,0.0,0.0
249,924.0,1781.5449,0.0,5.0,0.0,0.0
250,928.0,1751.438,0.0,5.0,0.0,0.0
251,932.0,1751.438,0.0,5.0,0.0,0.0
252,937.0,1751.438,0.0,5.0,0.0,0.0
253,941.0,1751.438,0.0,5.0,0.0,0.0
254,946.0,1751.438,0.0,5.0,0.0,0.0
255,950.0,1751.438,0.0,5.0,0.0,0.0
256,954.0,1751.438,0.0,5.0,0.0,0.0
257,960.0,1751.438,0.0,5.0,0.0,0.0
258,964.0,1751.438,0.0,5.0,0.0,0.0
259,968.0,1751.438,0.0,5.0,0.0,0.0
260,973.0,1721.9856,0.0,5.0,0.0,0.0
261,977.0,1721.9856,0.0,5.0,0.0,0.0
262,982.0,1721.9856,0.0,5.0,0.0,0.0
263,986.0,1721.9856,0.0,5.0,0.0,0.0
264,990.0,1721.9856,0.0,5.0,0.0,0.0
265,995.0,1721.9856,0.0,5.0,0.0,0.0
266,999.0,1721.9856,0.0,5.0,0.0,0.0
267,1003.0,1721.9856,0.0,5.0,0.0,0.0
268,1008.0,1721.9856,0.0,5.0,0.0,0.0
269,1012.0,1721.9856,0.0,5.0,0.0,0.0
270,1016.0,1693.8422,0.0,5.0,0.0,0.0
271,1021.0,1693.8422,0.0,5.0,0.0,0.0
272,1025.0,1693.8422,0.0,5.0,0.0,0.0
273,1030.0,1693.8422,0.0,5.0,0.0,0.0
274,1034.0,1693.8422,0.0,5.0,0.0,0.0
275,1038.0,1693.8422,0.0,5.0,0.0,0.0
276,1043.0,1693.8422,0.0,5.0,0.0,0.0
277,1047.0,1693.8422,0.0,5.0,0.0,0.0
278,1051.0,1693.8422,0.0,5.0,0.0,0.0
279,1056.0,1693.8422,0.0,5.0,0.0,0.0
280,1060.0,1665.0442,0.0,5.0,0.0,0.0
281,1065.0,1665.0442,0.0,5.0,0.0,0.0
282,1070.0,1665.0442,0.0,5.0,0.0,0.0
283,1074.0,1665.0442,0.0,5.0,0.0,0.0
284,1079.0,1665.0442,0.0,5.0,0.0,0.0
285,1083.0,1665.0442,0.0,5.0,0.0,0.0
286,1087.0,1665.0442,0.0,5.0,0.0,0.0
287,1092.0,1665.0442,0.0,5.0,0.0,0.0
288,1096.0,1665.0442,0.0,5.0,0.0,0.0
289,1100.0,1665.0442,0.0,5.0,0.0,0.0
290,1105.0,1635.5918,0.0,5.0,0.0,0.0
291,1109.0,1635.5918,0.0,5.0,0.0,0.0
292,1114.0,1635.5918,0.0,5.0,0.0,0.0
293,1118.0,1635.5918,0.0,5.0,0.0,0.0
294,1122.0,1635.5918,0.0,5.0,0.0,0.0
295,1127.0,1635.5918,0.0,5.0,0.0,0.0
296,1131.0,1635.5918,0.0,5.0,0.0,0.0
297,1135.0,1635.5918,0.0,5.0,0.0,0.0
298,1140.0,1635.5918,0.0,5.0,0.0,0.0
299,1144.0,1635.5918,0.0,5.0,0.0,0.0
300,1148.0,1607.4485,0.0,5.0,0.0,0.0
301,1153.0,1607.4485,0.0,5.0,0.0,0.0
302,1157.0,1607.4485,0.0,5.0,0.0,0.0
303,1161.0,1607.4485,0.0,5.0,0.0,0.0
304,1165.0,1607.4485,0.0,5.0,0.0,0.0
305,1169.0,1607.4485,0.0,5.0,0.0,0.0
306,1174.0,1607.4485,0.0,5.0,0.0,0.0
307,1178.0,1607.4485,0.0,5.0,0.0,0.0
308,1182.0,1607.4485,0.0,5.0,0.0,0.0
309,1187.0,1607.4485,0.0,5.0,0.0,0.0
310,1191.0,1579.3049,0.0,5.0,0.0,0.0
311,1196.0,1579.3049,0.0,5.0,0.0,0.0
312,1200.0,1579.3049,0.0,5.0,0.0,0.0
313,1204.0,1579.3049,0.0,5.0,0.0,0.0
314,1210.0,1579.3049,0.0,5.0,0.0,0.0
315,1214.0,1579.3049,0.0,5.0,0.0,0.0
316,1218.0,1579.3049,0.0,5.0,0.0,0.0
317,1223.0,1579.3049,0.0,5.0,0.0,0.0
318,1227.0,1579.3049,0.0,5.0,0.0,0.0
319,1231.0,1579.3049,0.0,5.0,0.0,0.0
320,1236.0,1549.8525,0.0,5.0,0.0,0.0
321,1240.0,1549.8525,0.0,5.0,0.0,0.0
322,1245.0,1549.8525,0.0,5.0,0.0,0.0
323,1249.0,1549.8525,0.0,5.0,0.0,0.0
324,1253.0,1549.8525,0.0,5.0,0.0,0.0
325,1259.0,1549.8525,0.0,5.0,0.0,0.0
326,1263.0,1549.8525,0.0,5.0,0.0,0.0
327,1267.0,1549.8525,0.0,5.0,0.0,0.0
328,1272.0,1549.8525,0.0,5.0,0.0,0.0
329,1276.0,1549.8525,0.0,5.0,0.0,0.0
330,1282.0,1521.0546,0.0,5.0,0.0,0.0
331,1286.0,1521.0546,0.0,5.0,0.0,0.0
332,1290.0,1521.0546,0.0,5.0,0.0,0.0
333,1295.0,1521.0546,0.0,5.0,0.0,0.0
334,1299.0,1521.0546,0.0,5.0,0.0,0.0
335,1303.0,1521.0546,0.0,5.0,0.0,0.0
336,1307.0,1521.0546,0.0,5.0,0.0,0.0
337,1311.0,1521.0546,0.0,5.0,0.0,0.0
338,1316.0,1521.0546,0.0,5.0,0.0,0.0
339,1321.0,1521.0546,0.0,5.0,0.0,0.0
340,1325.0,1491.6022,0.0,5.0,0.0,0.0
341,1330.0,1491.6022,0.0,5.0,0.0,0.0
342,1334.0,1491.6022,0.0,5.0,0.0,0.0
343,1338.0,1491.6022,0.0,5.0,0.0,0.0
344,1343.0,1491.6022,0.0,5.0,0.0,0.0
345,1347.0,1491.6022,0.0,5.0,0.0,0.0
346,1351.0,1491.6022,0.0,5.0,0.0,0.0
347,1357.0,1491.6022,0.0,5.0,0.0,0.0
348,1361.0,1491.6022,0.0,5.0,0.0,0.0
349,1365.0,1491.6022,0.0,5.0,0.0,0.0
350,1370.0,1462.1497,0.0,5.0,0.0,0.0
351,1374.0,1462.1497,0.0,5.0,0.0,0.0
352,1380.0,1462.1497,0.0,5.0,0.0,0.0
353,1384.0,1462.1497,0.0,5.0,0.0,0.0
354,1388.0,1462.1497,0.0,5.0,0.0,0.0
355,1393.0,1462.1497,0.0,5.0,0.0,0.0
356,1397.0,1462.1497,0.0,5.0,0.0,0.0
357,1402.0,1462.1497,0.0,5.0,0.0,0.0
358,1406.0,1462.1497,0.0,5.0,0.0,0.0
359,1410.0,1462.1497,0.0,5.0,0.0,0.0
360,1415.0,1432.6973,0.0,5.0,0.0,0.0
361,1419.0,1432.6973,0.0,5.0,0.0,0.0
362,1423.0,1432.6973,0.0,5.0,0.0,0.0
363,1428.0,1432.6973,0.0,5.0,0.0,0.0
364,1432.0,1432.6973,0.0,5.0,0.0,0.0
365,1436.0,1432.6973,0.0,5.0,0.0,0.0
366,1441.0,1432.6973,0.0,5.0,0.0,0.0
367,1445.0,1432.6973,0.0,5.0,0.0,0.0
368,1450.0,1432.6973,0.0,5.0,0.0,0.0
369,1455.0,1432.6973,0.0,5.0,0.0,0.0
370,1459.0,1403.8992,0.0,5.0,0.0,0.0
371,1464.0,1403.8992,0.0,5.0,0.0,0.0
372,1468.0,1403.8992,0.0,5.0,0.0,0.0
373,1472.0,1403.8992,0.0,5.0,0.0,0.0
374,1477.0,1403.8992,0.0,5.0,0.0,0.0
375,1481.0,1403.8992,0.0,5.0,0.0,0.0
376,1486.0,1403.8992,0.0,5.0,0.0,0.0
377,1490.0,1403.8992,0.0,5.0,0.0,0.0
378,1494.0,1403.8992,0.0,5.0,0.0,0.0
379,1499.0,1403.8992,0.0,5.0,0.0,0.0
380,1502.0,1375.1013,0.0,5.0,0.0,0.0
381,1506.0,1375.1013,0.0,5.0,0.0,0.0
382,1511.0,1375.1013,0.0,5.0,0.0,0.0
383,1515.0,1375.1013,0.0,5.0,0.0,0.0
384,1519.0,1375.1013,0.0,5.0,0.0,0.0
385,1524.0,1375.1013,0.0,5.0,0.0,0.0
386,1528.0,1375.1013,0.0,5.0,0.0,0.0
387,1533.0,1375.1013,0.0,5.0,0.0,0.0
388,1537.0,1375.1013,0.0,5.0,0.0,0.0
389,1541.0,1375.1013,0.0,5.0,0.0,0.0
390,1546.0,1346.958,0.0,5.0,0.0,0.0
391,1550.0,1346.958,0.0,5.0,0.0,0.0
392,1554.0,1346.958,0.0,5.0,0.0,0.0
393,1559.0,1346.958,0.0,5.0,0.0,0.0
394,1563.0,1346.958,0.0,5.0,0.0,0.0
395,1567.0,1346.958,0.0,5.0,0.0,0.0
396,1572.0,1346.958,0.0,5.0,0.0,0.0
397,1576.0,1346.958,0.0,5.0,0.0,0.0
398,1581.0,1346.958,0.0,5.0,0.0,0.0
399,1585.0,1346.958,0.0,5.0,0.0,0.0
400,1589.0,1318.8146,0.0,5.0,0.0,0.0
401,1594.0,1318.8146,0.0,5.0,0.0,0.0
402,1598.0,1318.8146,0.0,5.0,0.0,0.0
403,1602.0,1318.8146,0.0,5.0,0.0,0.0
404,1607.0,1318.8146,0.0,5.0,0.0,0.0
405,1611.0,1318.8146,0.0,5.0,0.0,0.0
406,1615.0,1318.8146,0.0,5.0,0.0,0.0
407,1620.0,1318.8146,0.0,5.0,0.0,0.0
408,1624.0,1318.8146,0.0,5.0,0.0,0.0
409,1629.0,1318.8146,0.0,5.0,0.0,0.0
410,1633.0,1290.0166,0.0,5.0,0.0,0.0
411,1638.0,1290.0166,0.0,5.0,0.0,0.0
412,1642.0,1290.0166,0.0,5.0,0.0,0.0
413,1647.0,1290.0166,0.0,5.0,0.0,0.0
414,1652.0,1290.0166,0.0,5.0,0.0,0.0
415,1656.0,1290.0166,0.0,5.0,0.0,0.0
416,1660.0,1290.0166,0.0,5.0,0.0,0.0
417,1665.0,1290.0166,0.0,5.0,0.0,0.0
418,1669.0,1290.0166,0.0,5.0,0.0,0.0
419,1673.0,1290.0166,0.0,5.0,0.0,0.0
420,1678.0,1260.5642,0.0,5.0,0.0,0.0
421,1682.0,1260.5642,0.0,5.0,0.0,0.0
422,1687.0,1260.5642,0.0,5.0,0.0,0.0
423,1691.0,1260.5642,0.0,5.0,0.0,0.0
424,1696.0,1260.5642,0.0,5.0,0.0,0.0
425,1701.0,1260.5642,0.0,5.0,0.0,0.0
426,1706.0,1260.5642,0.0,5.0,0.0,0.0
427,1710.0,1260.5642,0.0,5.0,0.0,0.0
428,1715.0,1260.5642,0.0,5.0,0.0,0.0
429,1719.0,1260.5642,0.0,5.0,0.0,0.0
430,1724.0,1230.4573,0.0,5.0,0.0,0.0
431,1728.0,1230.4573,0.0,5.0,0.0,0.0
432,1732.0,1230.4573,0.0,5.0,0.0,0.0
433,1737.0,1230.4573,0.0,5.0,0.0,0.0
434,1741.0,1230.4573,0.0,5.0,0.0,0.0
435,1746.0,1230.4573,0.0,5.0,0.0,0.0
436,1751.0,1230.4573,0.0,5.0,0.0,0.0
437,1755.0,1230.4573,0.0,5.0,0.0,0.0
438,1760.0,1230.4573,0.0,5.0,0.0,0.0
439,1764.0,1230.4573,0.0,5.0,0.0,0.0
440,1768.0,1201.6593,0.0,5.0,0.0,0.0
441,1773.0,1201.6593,0.0,5.0,0.0,0.0
442,1777.0,1201.6593,0.0,5.0,0.0,0.0
443,1781.0,1201.6593,0.0,5.0,0.0,0.0
444,1786.0,1201.6593,0.0,5.0,0.0,0.0
445,1790.0,1201.6593,0.0,5.0,0.0,0.0
446,1795.0,1201.6593,0.0,5.0,0.0,0.0
447,1800.0,1201.6593,0.0,5.0,0.0,0.0
448,1805.0,1201.6593,0.0,5.0,0.0,0.0
449,1810.0,1201.6593,0.0,5.0,0.0,0.0
450,1814.0,1171.5524,0.0,5.0,0.0,0.0
451,1818.0,1171.5524,0.0,5.0,0.0,0.0
452,1823.0,1171.5524,0.0,5.0,0.0,0.0
453,1827.0,1171.5524,0.0,5.0,0.0,0.0
454,1832.0,1171.5524,0.0,5.0,0.0,0.0
455,1836.0,1171.5524,0.0,5.0,0.0,0.0
456,1840.0,1171.5524,0.0,5.0,0.0,0.0
457,1844.0,1171.5524,0.0,5.0,0.0,0.0
458,1848.0,1171.5524,0.0,5.0,0.0,0.0
459,1852.0,1171.5524,0.0,5.0,0.0,0.0
460,1857.0,1143.4089,0.0,5.0,0.0,0.0
461,1861.0,1143.4089,0.0,5.0,0.0,0.0
462,1866.0,1143.4089,0.0,5.0,0.0,0.0
463,1870.0,1143.4089,0.0,5.0,0.0,0.0
464,1874.0,1143.4089,0.0,5.0,0.0,0.0
465,1879.0,1143.4089,0.0,5.0,0.0,0.0
466,1883.0,1143.4089,0.0,5.0,0.0,0.0
467,1887.0,1143.4089,0.0,5.0,0.0,0.0
468,1893.0,1143.4089,0.0,5.0,0.0,0.0
469,1897.0,1143.4089,0.0,5.0,0.0,0.0
470,1901.0,1114.611,0.0,5.0,0.0,0.0
471,1906.0,1114.611,0.0,5.0,0.0,0.0
472,1910.0,1114.611,0.0,5.0,0.0,0.0
473,1915.0,1114.611,0.0,5.0,0.0,0.0
474,1919.0,1114.611,0.0,5.0,0.0,0.0
475,1924.0,1114.611,0.0,5.0,0.0,0.0
476,1928.0,1114.611,0.0,5.0,0.0,0.0
477,1932.0,1114.611,0.0,5.0,0.0,0.0
478,1937.0,1114.611,0.0,5.0,0.0,0.0
479,1940.0,1114.611,0.0,5.0,0.0,0.0
480,1945.0,1086.4675,0.0,5.0,0.0,0.0
481,1950.0,1086.4675,0.0,5.0,0.0,0.0
482,1954.0,1086.4675,0.0,5.0,0.0,0.0
483,1958.0,1086.4675,0.0,5.0,0.0,0.0
484,1964.0,1086.4675,0.0,5.0,0.0,0.0
485,1968.0,1086.4675,0.0,5.0,0.0,0.0
486,1973.0,1086.4675,0.0,5.0,0.0,0.0
487,1977.0,1086.4675,0.0,5.0,0.0,0.0
488,1981.0,1086.4675,0.0,5.0,0.0,0.0
489,1986.0,1086.4675,0.0,5.0,0.0,0.0
490,1989.0,1056.3606,0.0,5.0,0.0,0.0
491,1993.0,1056.3606,0.0,5.0,0.0,0.0
492,1998.0,1056.3606,0.0,5.0,0.0,0.0
493,2002.0,1056.3606,0.0,5.0,0.0,0.0
494,2007.0,1056.3606,0.0,5.0,0.0,0.0
495,2011.0,1056.3606,0.0,5.0,0.0,0.0
496,2015.0,1056.3606,0.0,5.0,0.0,0.0
497,2020.0,1056.3606,0.0,5.0,0.0,0.0
498,2024.0,1056.3606,0.0,5.0,0.0,0.0
499,2029.0,1056.3606,0.0,5.0,0.0,0.0
500,2033.0,1028.2172,0.0,5.0,0.0,0.0
501,2038.0,1028.2172,0.0,5.0,0.0,0.0
502,2044.0,1028.2172,0.0,5.0,0.0,0.0
503,2048.0,1028.2172,0.0,5.0,0.0,0.0
504,2052.0,1028.2172,0.0,5.0,0.0,0.0
505,2057.0,1028.2172,0.0,5.0,0.0,0.0
506,2061.0,1028.2172,0.0,5.0,0.0,0.0
507,2066.0,1028.2172,0.0,5.0,0.0,0.0
508,2070.0,1028.2172,0.0,5.0,0.0,0.0
509,2074.0,1028.2172,0.0,5.0,0.0,0.0
510,2079.0,998.1104,0.0,5.0,0.0,0.0
511,2083.0,998.1104,0.0,5.0,0.0,0.0
512,2087.0,998.1104,0.0,5.0,0.0,0.0
513,2092.0,998.1104,0.0,5.0,0.0,0.0
514,2096.0,998.1104,0.0,5.0,0.0,0.0
515,2100.0,998.1104,0.0,5.0,0.0,0.0
516,2105.0,998.1104,0.0,5.0,0.0,0.0
517,2110.0,998.1104,0.0,5.0,0.0,0.0
518,2115.0,998.1104,0.0,5.0,0.0,0.0
519,2119.0,998.1104,0.0,5.0,0.0,0.0
520,2123.0,968.6578,0.0,5.0,0.0,0.0
521,2128.0,968.6578,0.0,5.0,0.0,0.0
522,2132.0,968.6578,0.0,5.0,0.0,0.0
523,2138.0,968.6578,0.0,5.0,0.0,0.0
524,2142.0,968.6578,0.0,5.0,0.0,0.0
525,2146.0,968.6578,0.0,5.0,0.0,0.0
526,2151.0,968.6578,0.0,5.0,0.0,0.0
527,2155.0,968.6578,0.0,5.0,0.0,0.0
528,2160.0,968.6578,0.0,5.0,0.0,0.0
529,2164.0,968.6578,0.0,5.0,0.0,0.0
530,2168.0,939.8599,0.0,5.0,0.0,0.0
531,2173.0,939.8599,0.0,5.0,0.0,0.0
532,2177.0,939.8599,0.0,5.0,0.0,0.0
533,2182.0,939.8599,0.0,5.0,0.0,0.0
534,2187.0,939.8599,0.0,5.0,0.0,0.0
535,2191.0,939.8599,0.0,5.0,0.0,0.0
536,2195.0,939.8599,0.0,5.0,0.0,0.0
537,2200.0,939.8599,0.0,5.0,0.0,0.0
538,2204.0,939.8599,0.0,5.0,0.0,0.0
539,2209.0,939.8599,0.0,5.0,0.0,0.0
540,2213.0,910.4076,0.0,5.0,0.0,0.0
541,2218.0,910.4076,0.0,5.0,0.0,0.0
542,2222.0,910.4076,0.0,5.0,0.0,0.0
543,2226.0,910.4076,0.0,5.0,0.0,0.0
544,2231.0,910.4076,0.0,5.0,0.0,0.0
545,2235.0,910.4076,0.0,5.0,0.0,0.0
546,2239.0,910.4076,0.0,5.0,0.0,0.0
547,2244.0,910.4076,0.0,5.0,0.0,0.0
548,2248.0,910.4076,0.0,5.0,0.0,0.0
549,2253.0,910.4076,0.0,5.0,0.0,0.0
550,2257.0,881.6095,0.0,5.0,0.0,0.0
551,2261.0,881.6095,0.0,5.0,0.0,0.0
552,2266.0,881.6095,0.0,5.0,0.0,0.0
553,2270.0,881.6095,0.0,5.0,0.0,0.0
554,2274.0,881.6095,0.0,5.0,0.0,0.0
555,2279.0,881.6095,0.0,5.0,0.0,0.0
556,2283.0,881.6095,0.0,5.0,0.0,0.0
557,2288.0,881.6095,0.0,5.0,0.0,0.0
558,2293.0,881.6095,0.0,5.0,0.0,0.0
559,2297.0,881.6095,0.0,5.0,0.0,0.0
560,2302.0,852.1571,0.0,5.0,0.0,0.0
561,2306.0,852.1571,0.0,5.0,0.0,0.0
562,2311.0,852.1571,0.0,5.0,0.0,0.0
563,2315.0,852.1571,0.0,5.0,0.0,0.0
564,2319.0,852.1571,0.0,5.0,0.0,0.0
565,2324.0,852.1571,0.0,5.0,0.0,0.0
566,2327.0,852.1571,0.0,5.0,0.0,0.0
567,2331.0,852.1571,0.0,5.0,0.0,0.0
568,2336.0,852.1571,0.0,5.0,0.0,0.0
569,2340.0,852.1571,0.0,5.0,0.0,0.0
570,2344.0,824.6681,0.0,5.0,0.0,0.0
571,2349.0,824.6681,0.0,5.0,0.0,0.0
572,2354.0,824.6681,0.0,5.0,0.0,0.0
573,2359.0,824.6681,0.0,5.0,0.0,0.0
574,2363.0,824.6681,0.0,5.0,0.0,0.0
575,2367.0,824.6681,0.0,5.0,0.0,0.0
576,2372.0,824.6681,0.0,5.0,0.0,0.0
577,2376.0,824.6681,0.0,5.0,0.0,0.0
578,2380.0,824.6681,0.0,5.0,0.0,0.0
579,2385.0,824.6681,0.0,5.0,0.0,0.0
580,2389.0,795.2158,0.0,5.0,0.0,0.0
581,2394.0,795.2158,0.0,5.0,0.0,0.0
582,2398.0,795.2158,0.0,5.0,0.0,0.0
583,2402.0,795.2158,0.0,5.0,0.0,0.0
584,2407.0,795.2158,0.0,5.0,0.0,0.0
585,2411.0,795.2158,0.0,5.0,0.0,0.0
586,2416.0,795.2158,0.0,5.0,0.0,0.0
587,2420.0,795.2158,0.0,5.0,0.0,0.0
588,2424.0,795.2158,0.0,5.0,0.0,0.0
589,2429.0,795.2158,0.0,5.0,0.0,0.0
590,2433.0,766.4178,0.0,5.0,0.0,0.0
591,2437.0,766.4178,0.0,5.0,0.0,0.0
592,2442.0,766.4178,0.0,5.0,0.0,0.0
593,2446.0,766.4178,0.0,5.0,0.0,0.0
594,2451.0,766.4178,0.0,5.0,0.0,0.0
595,2455.0,766.4178,0.0,5.0,0.0,0.0
596,2459.0,766.4178,0.0,5.0,0.0,0.0
597,2464.0,766.4178,0.0,5.0,0.0,0.0
598,2468.0,766.4178,0.0,5.0,0.0,0.0
599,2471.0,766.4178,0.0,5.0,0.0,0.0
600,2476.0,738.2744,0.0,5.0,0.0,0.0
601,2481.0,738.2744,0.0,5.0,0.0,0.0
602,2486.0,738.2744,0.0,5.0,0.0,0.0
603,2490.0,738.2744,0.0,5.0,0.0,0.0
604,2494.0,738.2744,0.0,5.0,0.0,0.0
605,2500.0,738.2744,0.0,5.0,0.0,0.0
606,2504.0,738.2744,0.0,5.0,0.0,0.0
607,2509.0,738.2744,0.0,5.0,0.0,0.0
608,2514.0,738.2744,0.0,5.0,0.0,0.0
609,2518.0,738.2744,0.0,5.0,0.0,0.0
610,2523.0,707.5129,0.0,5.0,0.0,0.0
611,2527.0,707.5129,0.0,5.0,0.0,0.0
612,2532.0,707.5129,0.0,5.0,0.0,0.0
613,2537.0,707.5129,0.0,5.0,0.0,0.0
614,2541.0,707.5129,0.0,5.0,0.0,0.0
615,2546.0,707.5129,0.0,5.0,0.0,0.0
616,2550.0,707.5129,0.0,5.0,0.0,0.0
617,2554.0,707.5129,0.0,5.0,0.0,0.0
618,2559.0,707.5129,0.0,5.0,0.0,0.0
619,2563.0,707.5129,0.0,5.0,0.0,0.0
620,2568.0,678.7151,0.0,5.0,0.0,0.0
621,2572.0,678.7151,0.0,5.0,0.0,0.0
622,2576.0,678.7151,0.0,5.0,0.0,0.0
623,2581.0,678.7151,0.0,5.0,0.0,0.0
624,2585.0,678.7151,0.0,5.0,0.0,0.0
625,2589.0,678.7151,0.0,5.0,0.0,0.0
626,2594.0,678.7151,0.0,5.0,0.0,0.0
627,2599.0,678.7151,0.0,5.0,0.0,0.0
628,2604.0,678.7151,0.0,5.0,0.0,0.0
629,2608.0,678.7151,0.0,5.0,0.0,0.0
630,2612.0,649.2626,0.0,5.0,0.0,0.0
631,2617.0,649.2626,0.0,5.0,0.0,0.0
632,2621.0,649.2626,0.0,5.0,0.0,0.0
633,2625.0,649.2626,0.0,5.0,0.0,0.0
634,2630.0,649.2626,0.0,5.0,0.0,0.0
635,2634.0,649.2626,0.0,5.0,0.0,0.0
636,2639.0,649.2626,0.0,5.0,0.0,0.0
637,2643.0,649.2626,0.0,5.0,0.0,0.0
638,2647.0,649.2626,0.0,5.0,0.0,0.0
639,2652.0,649.2626,0.0,5.0,0.0,0.0
640,2656.0,620.4646,0.0,5.0,0.0,0.0
641,2661.0,620.4646,0.0,5.0,0.0,0.0
642,2665.0,620.4646,0.0,5.0,0.0,0.0
643,2669.0,620.4646,0.0,5.0,0.0,0.0
644,2674.0,620.4646,0.0,5.0,0.0,0.0
645,2678.0,620.4646,0.0,5.0,0.0,0.0
646,2682.0,620.4646,0.0,5.0,0.0,0.0
647,2687.0,620.4646,0.0,5.0,0.0,0.0
648,2691.0,620.4646,0.0,5.0,0.0,0.0
649,2696.0,620.4646,0.0,5.0,0.0,0.0
650,2700.0,591.6667,0.0,5.0,0.0,0.0
651,2704.0,591.6667,0.0,5.0,0.0,0.0
652,2709.0,591.6667,0.0,5.0,0.0,0.0
653,2713.0,591.6667,0.0,5.0,0.0,0.0
654,2717.0,591.6667,0.0,5.0,0.0,0.0
655,2722.0,591.6667,0.0,5.0,0.0,0.0
656,2726.0,591.6667,0.0,5.0,0.0,0.0
657,2731.0,591.6667,0.0,5.0,0.0,0.0
658,2735.0,591.6667,0.0,5.0,0.0,0.0
659,2740.0,591.6667,0.0,5.0,0.0,0.0
660,2745.0,562.2144,0.0,5.0,0.0,0.0
661,2749.0,562.2144,0.0,5.0,0.0,0.0
662,2754.0,562.2144,0.0,5.0,0.0,0.0
663,2759.0,562.2144,0.0,5.0,0.0,0.0
664,2763.0,562.2144,0.0,5.0,0.0,0.0
665,2768.0,562.2144,0.0,5.0,0.0,0.0
666,2772.0,562.2144,0.0,5.0,0.0,0.0
667,2776.0,562.2144,0.0,5.0,0.0,0.0
668,2781.0,562.2144,0.0,5.0,0.0,0.0
669,2785.0,562.2144,0.0,5.0,0.0,0.0
670,2790.0,533.4164,0.0,5.0,0.0,0.0
671,2794.0,533.4164,0.0,5.0,0.0,0.0
672,2798.0,533.4164,0.0,5.0,0.0,0.0
673,2803.0,533.4164,0.0,5.0,0.0,0.0
674,2807.0,533.4164,0.0,5.0,0.0,0.0
675,2812.0,533.4164,0.0,5.0,0.0,0.0
676,2816.0,533.4164,0.0,5.0,0.0,0.0
677,2820.0,533.4164,0.0,5.0,0.0,0.0
678,2825.0,533.4164,0.0,5.0,0.0,0.0
679,2829.0,533.4164,0.0,5.0,0.0,0.0
680,2833.0,504.6184,0.0,5.0,0.0,0.0
681,2838.0,504.6184,0.0,5.0,0.0,0.0
682,2842.0,504.6184,0.0,5.0,0.0,0.0
683,2847.0,504.6184,0.0,5.0,0.0,0.0
684,2851.0,504.6184,0.0,5.0,0.0,0.0
685,2855.0,504.6184,0.0,5.0,0.0,0.0
686,2860.0,504.6184,0.0,5.0,0.0,0.0
687,2864.0,504.6184,0.0,5.0,0.0,0.0
688,2868.0,504.6184,0.0,5.0,0.0,0.0
689,2874.0,504.6184,0.0,5.0,0.0,0.0
690,2878.0,475.166,0.0,5.0,0.0,0.0
691,2883.0,475.166,0.0,5.0,0.0,0.0
692,2887.0,475.166,0.0,5.0,0.0,0.0
693,2891.0,475.166,0.0,5.0,0.0,0.0
694,2896.0,475.166,0.0,5.0,0.0,0.0
695,2900.0,475.166,0.0,5.0,0.0,0.0
696,2905.0,475.166,0.0,5.0,0.0,0.0
697,2909.0,475.166,0.0,5.0,0.0,0.0
698,2913.0,475.166,0.0,5.0,0.0,0.0
699,2918.0,475.166,0.0,5.0,0.0,0.0
700,2922.0,446.3681,0.0,5.0,0.0,0.0
701,2926.0,446.3681,0.0,5.0,0.0,0.0
702,2931.0,446.3681,0.0,5.0,0.0,0.0
703,2935.0,446.3681,0.0,5.0,0.0,0.0
704,2940.0,446.3681,0.0,5.0,0.0,0.0
705,2944.0,446.3681,0.0,5.0,0.0,0.0
706,2948.0,446.3681,0.0,5.0,0.0,0.0
707,2953.0,446.3681,0.0,5.0,0.0,0.0
708,2957.0,446.3681,0.0,5.0,0.0,0.0
709,2961.0,446.3681,0.0,5.0,0.0,0.0
710,2966.0,417.5702,0.0,5.0,0.0,0.0
711,2971.0,417.5702,0.0,5.0,0.0,0.0
712,2976.0,417.5702,0.0,5.0,0.0,0.0
713,2980.0,417.5702,0.0,5.0,0.0,0.0
714,2984.0,417.5702,0.0,5.0,0.0,0.0
715,2989.0,417.5702,0.0,5.0,0.0,0.0
716,2993.0,417.5702,0.0,5.0,0.0,0.0
717,2998.0,417.5702,0.0,5.0,0.0,0.0
718,3002.0,417.5702,0.0,5.0,0.0,0.0
719,3006.0,417.5702,0.0,5.0,0.0,0.0
720,3012.0,388.1177,0.0,5.0,0.0,0.0
721,3016.0,388.1177,0.0,5.0,0.0,0.0
722,3020.0,388.1177,0.0,5.0,0.0,0.0
723,3025.0,388.1177,0.0,5.0,0.0,0.0
724,3029.0,388.1177,0.0,5.0,0.0,0.0
725,3034.0,388.1177,0.0,5.0,0.0,0.0
726,3038.0,388.1177,0.0,5.0,0.0,0.0
727,3042.0,388.1177,0.0,5.0,0.0,0.0
728,3047.0,388.1177,0.0,5.0,0.0,0.0
729,3051.0,388.1177,0.0,5.0,0.0,0.0
730,3056.0,358.6653,0.0,5.0,0.0,0.0
731,3060.0,358.6653,0.0,5.0,0.0,0.0
732,3064.0,358.6653,0.0,5.0,0.0,0.0
733,3069.0,358.6653,0.0,5.0,0.0,0.0
734,3073.0,358.6653,0.0,5.0,0.0,0.0
735,3077.0,358.6653,0.0,5.0,0.0,0.0
736,3083.0,358.6653,0.0,5.0,0.0,0.0
737,3087.0,358.6653,0.0,5.0,0.0,0.0
738,3092.0,358.6653,0.0,5.0,0.0,0.0
739,3096.0,358.6653,0.0,5.0,0.0,0.0
740,3100.0,329.8674,0.0,5.0,0.0,0.0
741,3105.0,329.8674,0.0,5.0,0.0,0.0
742,3109.0,329.8674,0.0,5.0,0.0,0.0
743,3113.0,329.8674,0.0,5.0,0.0,0.0
744,3118.0,329.8674,0.0,5.0,0.0,0.0
745,3122.0,329.8674,0.0,5.0,0.0,0.0
746,3127.0,329.8674,0.0,5.0,0.0,0.0
747,3131.0,329.8674,0.0,5.0,0.0,0.0
748,3135.0,329.8674,0.0,5.0,0.0,0.0
749,3140.0,329.8674,0.0,5.0,0.0,0.0
750,3144.0,301.0695,0.0,5.0,0.0,0.0
751,3149.0,301.0695,0.0,5.0,0.0,0.0
752,3153.0,301.0695,0.0,5.0,0.0,0.0
753,3157.0,301.0695,0.0,5.0,0.0,0.0
754,3163.0,301.0695,0.0,5.0,0.0,0.0
755,3167.0,301.0695,0.0,5.0,0.0,0.0
756,3171.0,301.0695,0.0,5.0,0.0,0.0
757,3176.0,301.0695,0.0,5.0,0.0,0.0
758,3180.0,301.0695,0.0,5.0,0.0,0.0
759,3185.0,301.0695,0.0,5.0,0.0,0.0
760,3189.0,271.617,0.0,5.0,0.0,0.0
761,3193.0,271.617,0.0,5.0,0.0,0.0
762,3198.0,271.617,0.0,5.0,0.0,0.0
763,3202.0,271.617,0.0,5.0,0.0,0.0
764,3206.0,271.617,0.0,5.0,0.0,0.0
765,3211.0,271.617,0.0,5.0,0.0,0.0
766,3215.0,271.617,0.0,5.0,0.0,0.0
767,3220.0,271.617,0.0,5.0,0.0,0.0
768,3224.0,271.617,0.0,5.0,0.0,0.0
769,3229.0,271.617,0.0,5.0,0.0,0.0
770,3233.0,242.8191,0.0,5.0,0.0,0.0
771,3237.0,242.8191,0.0,5.0,0.0,0.0
772,3242.0,242.8191,0.0,5.0,0.0,0.0
773,3246.0,242.8191,0.0,5.0,0.0,0.0
774,3251.0,242.8191,0.0,5.0,0.0,0.0
775,3256.0,242.8191,0.0,5.0,0.0,0.0
776,3260.0,242.8191,0.0,5.0,0.0,0.0
777,3264.0,242.8191,0.0,5.0,0.0,0.0
778,3269.0,242.8191,0.0,5.0,0.0,0.0
779,3273.0,242.8191,0.0,5.0,0.0,0.0
780,3279.0,213.3665,0.0,5.0,0.0,0.0
781,3283.0,213.3665,0.0,5.0,0.0,0.0
782,3288.0,213.3665,0.0,5.0,0.0,0.0
783,3292.0,213.3665,0.0,5.0,0.0,0.0
784,3296.0,213.3665,0.0,5.0,0.0,0.0
785,3302.0,213.3665,0.0,5.0,0.0,0.0
786,3306.0,213.3665,0.0,5.0,0.0,0.0
787,3310.0,213.3665,0.0,5.0,0.0,0.0
788,3315.0,213.3665,0.0,5.0,0.0,0.0
789,3319.0,213.3665,0.0,5.0,0.0,0.0
790,3324.0,183.9142,0.0,5.0,0.0,0.0
791,3329.0,183.9142,0.0,5.0,0.0,0.0
792,3333.0,183.9142,0.0,5.0,0.0,0.0
793,3338.0,183.9142,0.0,5.0,0.0,0.0
794,3342.0,183.9142,0.0,5.0,0.0,0.0
795,3347.0,183.9142,0.0,5.0,0.0,0.0
796,3352.0,183.9142,0.0,5.0,0.0,0.0
797,3356.0,183.9142,0.0,5.0,0.0,0.0
798,3360.0,183.9142,0.0,5.0,0.0,0.0
799,3365.0,183.9142,0.0,5.0,0.0,0.0
800,3369.0,153.8072,0.0,5.0,0.0,0.0
801,3374.0,153.8072,0.0,5.0,0.0,0.0
802,3378.0,153.8072,0.0,5.0,0.0,0.0
803,3383.0,153.8072,0.0,5.0,0.0,0.0
804,3387.0,153.8072,0.0,5.0,0.0,0.0
805,3391.0,153.8072,0.0,5.0,0.0,0.0
806,3396.0,153.8072,0.0,5.0,0.0,0.0
807,3401.0,153.8072,0.0,5.0,0.0,0.0
808,3405.0,153.8072,0.0,5.0,0.0,0.0
809,3410.0,153.8072,0.0,5.0,0.0,0.0
810,3414.0,124.3549,0.0,5.0,0.0,0.0
811,3418.0,124.3549,0.0,5.0,0.0,0.0
812,3423.0,124.3549,0.0,5.0,0.0,0.0
813,3427.0,124.3549,0.0,5.0,0.0,0.0
814,3432.0,124.3549,0.0,5.0,0.0,0.0
815,3436.0,124.3549,0.0,5.0,0.0,0.0
816,3440.0,124.3549,0.0,5.0,0.0,0.0
817,3445.0,124.3549,0.0,5.0,0.0,0.0
818,3449.0,124.3549,0.0,5.0,0.0,0.0
819,3454.0,124.3549,0.0,5.0,0.0,0.0
820,3458.0,95.5569,0.0,5.0,0.0,0.0
821,3462.0,95.5569,0.0,5.0,0.0,0.0
822,3467.0,95.5569,0.0,5.0,0.0,0.0
823,3471.0,95.5569,0.0,5.0,0.0,0.0
824,3476.0,95.5569,0.0,5.0,0.0,0.0
825,3480.0,95.5569,0.0,5.0,0.0,0.0
826,3484.0,95.5569,0.0,5.0,0.0,0.0
827,3490.0,95.5569,0.0,5.0,0.0,0.0
828,3494.0,95.5569,0.0,5.0,0.0,0.0
829,3498.0,95.5569,0.0,5.0,0.0,0.0
830,3503.0,66.1044,0.0,5.0,0.0,0.0
831,3508.0,66.1044,0.0,5.0,0.0,0.0
832,3512.0,66.1044,0.0,5.0,0.0,0.0
833,3517.0,66.1044,0.0,5.0,0.0,0.0
834,3521.0,66.1044,0.0,5.0,0.0,0.0
835,3526.0,66.1044,0.0,5.0,0.0,0.0
836,3530.0,66.1044,0.0,5.0,0.0,0.0
837,3535.0,66.1044,0.0,5.0,0.0,0.0
838,3539.0,66.1044,0.0,5.0,0.0,0.0
839,3543.0,66.1044,0.0,5.0,0.0,0.0
840,3547.0,36.6521,0.0,5.0,0.0,0.0
841,3551.0,36.6521,0.0,5.0,0.0,0.0
842,3556.0,36.6521,0.0,5.0,0.0,0.0
843,3561.0,36.6521,0.0,5.0,0.0,0.0
844,3565.0,36.6521,0.0,5.0,0.0,0.0
845,3570.0,36.6521,0.0,5.0,0.0,0.0
846,3574.0,36.6521,0.0,5.0,0.0,0.0
847,3578.0,36.6521,0.0,5.0,0.0,0.0
848,3583.0,36.6521,0.0,5.0,0.0,0.0
849,3587.0,36.6521,0.0,5.0,0.0,0.0
850,3592.0,8.5086,0.0,5.0,0.0,0.0
851,3596.0,8.5086,0.0,5.0,0.0,0.0
852,3600.0,8.5086,0.0,5.0,0.0,0.0
853,3604.0,8.5086,0.0,5.0,0.0,0.0
854,3609.0,8.5086,0.0,5.0,0.0,0.0
855,3613.0,8.5086,0.0,5.0,0.0,0.0
856,3617.0,8.5086,0.0,5.0,0.0,0.0
857,3622.0,8.5086,0.0,5.0,0.0,0.0
858,3626.0,8.5086,0.0,5.0,0.0,0.0
859,3630.0,8.5086,0.0,5.0,0.0,0.0
860,3634.0,-19.6349,0.0,5.0,0.0,0.0
861,3638.0,-19.6349,0.0,5.0,0.0,0.0
862,3642.0,-19.6349,0.0,5.0,0.0,0.0
863,3645.0,-19.6349,0.0,5.0,0.0,0.0
864,3649.0,-19.6349,0.0,5.0,0.0,0.0
865,3652.0,-19.6349,0.0,5.0,0.0,0.0
866,3655.0,-19.6349,0.0,5.0,0.0,0.0
867,3658.0,-19.6349,0.0,5.0,0.0,0.0
868,3660.0,-19.6349,0.0,5.0,0.0,0.0
869,3663.0,-19.6349,0.0,5.0,0.0,0.0
870,3665.0,-41.2332,0.0,5.0,0.0,0.0
871,3667.0,-41.2332,0.0,5.0,0.0,0.0
872,3669.0,-41.2332,0.0,5.0,0.0,0.0
873,3671.0,-41.2332,0.0,5.0,0.0,0.0
874,3672.0,-41.2332,0.0,5.0,0.0,0.0
875,3674.0,-41.2332,0.0,5.0,0.0,0.0
876,3675.0,-41.2332,0.0,5.0,0.0,0.0
877,3676.0,-41.2332,0.0,5.0,0.0,0.0
878,3677.0,-41.2332,0.0,5.0,0.0,0.0
879,3677.0,-41.2332,0.0,5.0,0.0,0.0
880,3678.0,-50.3963,0.0,5.0,0.0,0.0
881,3678.0,-50.3963,0.0,5.0,0.0,0.0
882,3678.0,-50.3963,0.0,5.0,0.0,0.0
883,3678.0,-50.3963,0.0,5.0,0.0,0.0
884,3678.0,-50.3963,0.0,5.0,0.0,0.0
885,3678.0,-50.3963,0.0,5.0,0.0,0.0
886,3677.0,-50.3963,0.0,5.0,0.0,0.0
887,3676.0,-50.3963,0.0,5.0,0.0,0.0
888,3676.0,-50.3963,0.0,5.0,0.0,0.0
889,3675.0,-50.3963,0.0,5.0,0.0,0.0
890,3674.0,-49.0872,0.0,5.0,0.0,0.0
891,3673.0,-49.0872,0.0,5.0,0.0,0.0
892,3671.0,-49.0872,0.0,5.0,0.0,0.0
893,3670.0,-49.0872,0.0,5.0,0.0,0.0
894,3669.0,-49.0872,0.0,5.0,0.0,0.0
895,3667.0,-49.0872,0.0,5.0,0.0,0.0
896,3665.0,-49.0872,0.0,5.0,0.0,0.0
897,3664.0,-49.0872,0.0,5.0,0.0,0.0
898,3662.0,-49.0872,0.0,5.0,0.0,0.0
899,3660.0,-49.0872,0.0,5.0,0.0,0.0
900,3658.0,-39.2697,0.0,5.0,0.0,0.0
901,3656.0,-39.2697,0.0,5.0,0.0,0.0
902,3654.0,-39.2697,0.0,5.0,0.0,0.0
903,3652.0,-39.2697,0.0,5.0,0.0,0.0
904,3649.0,-39.2697,0.0,5.0,0.0,0.0
905,3647.0,-39.2697,0.0,5.0,0.0,0.0
906,3645.0,-39.2697,0.0,5.0,0.0,0.0
907,3642.0,-39.2697,0.0,5.0,0.0,0.0
908,3640.0,-39.2697,0.0,5.0,0.0,0.0
909,3637.0,-39.2697,0.0,5.0,0.0,0.0
910,3635.0,-24.2163,0.0,5.0,0.0,0.0
911,3632.0,-24.2163,0.0,5.0,0.0,0.0
912,3629.0,-24.2163,0.0,5.0,0.0,0.0
913,3626.0,-24.2163,0.0,5.0,0.0,0.0
914,3624.0,-24.2163,0.0,5.0,0.0,0.0
915,3621.0,-24.2163,0.0,5.0,0.0,0.0
916,3618.0,-24.2163,0.0,5.0,0.0,0.0
917,3615.0,-24.2163,0.0,5.0,0.0,0.0
918,3612.0,-24.2163,0.0,5.0,0.0,0.0
919,3609.0,-24.2163,0.0,5.0,0.0,0.0
920,3606.0,-5.2359,0.0,5.0,0.0,0.0
921,3602.0,-5.2359,0.0,5.0,0.0,0.0
922,3599.0,-5.2359,0.0,5.0,0.0,0.0
923,3596.0,-5.2359,0.0,5.0,0.0,0.0
924,3593.0,-5.2359,0.0,5.0,0.0,0.0
925,3590.0,-5.2359,0.0,5.0,0.0,0.0
926,3587.0,-5.2359,0.0,5.0,0.0,0.0
927,3585.0,-5.2359,0.0,5.0,0.0,0.0
928,3582.0,-5.2359,0.0,5.0,0.0,0.0
929,3579.0,-5.2359,0.0,5.0,0.0,0.0
930,3576.0,13.7447,0.0,5.0,0.0,0.0
931,3573.0,13.7447,0.0,5.0,0.0,0.0
932,3571.0,13.7447,0.0,5.0,0.0,0.0
933,3568.0,13.7447,0.0,5.0,0.0,0.0
934,3566.0,13.7447,0.0,5.0,0.0,0.0
935,3564.0,13.7447,0.0,5.0,0.0,0.0
936,3562.0,13.7447,0.0,5.0,0.0,0.0
937,3562.0,13.7447,0.0,5.0,0.0,0.0
938,3560.0,13.7447,0.0,5.0,0.0,0.0
939,3559.0,13.7447,0.0,5.0,0.0,0.0
940,3558.0,26.8346,0.0,5.0,0.0,0.0
941,3557.0,26.8346,0.0,5.0,0.0,0.0
942,3557.0,26.8346,0.0,5.0,0.0,0.0
943,3556.0,26.8346,0.0,5.0,0.0,0.0
944,3556.0,26.8346,0.0,5.0,0.0,0.0
945,3556.0,26.8346,0.0,5.0,0.0,0.0
946,3556.0,26.8346,0.0,5.0,0.0,0.0
947,3556.0,26.8346,0.0,5.0,0.0,0.0
948,3556.0,26.8346,0.0,5.0,0.0,0.0
949,3557.0,26.8346,0.0,5.0,0.0,0.0
950,3557.0,28.1436,0.0,5.0,0.0,0.0
951,3558.0,28.1436,0.0,5.0,0.0,0.0
952,3559.0,28.1436,0.0,5.0,0.0,0.0
953,3560.0,28.1436,0.0,5.0,0.0,0.0
954,3561.0,28.1436,0.0,5.0,0.0,0.0
955,3562.0,28.1436,0.0,5.0,0.0,0.0
956,3564.0,28.1436,0.0,5.0,0.0,0.0
957,3565.0,28.1436,0.0,5.0,0.0,0.0
958,3567.0,28.1436,0.0,5.0,0.0,0.0
959,3568.0,28.1436,0.0,5.0,0.0,0.0
960,3570.0,20.2896,0.0,5.0,0.0,0.0
961,3572.0,20.2896,0.0,5.0,0.0,0.0
962,3574.0,20.2896,0.0,5.0,0.0,0.0
963,3576.0,20.2896,0.0,5.0,0.0,0.0
964,3578.0,20.2896,0.0,5.0,0.0,0.0
965,3580.0,20.2896,0.0,5.0,0.0,0.0
966,3582.0,20.2896,0.0,5.0,0.0,0.0
967,3585.0,20.2896,0.0,5.0,0.0,0.0
968,3587.0,20.2896,0.0,5.0,0.0,0.0
969,3590.0,20.2896,0.0,5.0,0.0,0.0
970,3592.0,6.5451,0.0,5.0,0.0,0.0
971,3594.0,6.5451,0.0,5.0,0.0,0.0
972,3597.0,6.5451,0.0,5.0,0.0,0.0
973,3599.0,6.5451,0.0,5.0,0.0,0.0
974,3602.0,6.5451,0.0,5.0,0.0,0.0
975,3604.0,6.5451,0.0,5.0,0.0,0.0
976,3607.0,6.5451,0.0,5.0,0.0,0.0
977,3610.0,6.5451,0.0,5.0,0.0,0.0
978,3612.0,6.5451,0.0,5.0,0.0,0.0
979,3615.0,6.5451,0.0,5.0,0.0,0.0
980,3617.0,-9.8174,0.0,5.0,0.0,0.0
981,3620.0,-9.8174,0.0,5.0,0.0,0.0
982,3622.0,-9.8174,0.0,5.0,0.0,0.0
983,3624.0,-9.8174,0.0,5.0,0.0,0.0
984,3626.0,-9.8174,0.0,5.0,0.0,0.0
985,3628.0,-9.8174,0.0,5.0,0.0,0.0
986,3629.0,-9.8174,0.0,5.0,0.0,0.0
987,3631.0,-9.8174,0.0,5.0,0.0,0.0
988,3632.0,-9.8174,0.0,5.0,0.0,0.0
989,3633.0,-9.8174,0.0,5.0,0.0,0.0
990,3634.0,-21.5984,0.0,5.0,0.0,0.0
991,3635.0,-21.5984,0.0,5.0,0.0,0.0
992,3636.0,-21.5984,0.0,5.0,0.0,0.0
993,3636.0,-21.5984,0.0,5.0,0.0,0.0
994,3637.0,-21.5984,0.0,5.0,0.0,0.0
995,3637.0,-21.5984,0.0,5.0,0.0,0.0
996,3637.0,-21.5984,0.0,5.0,0.0,0.0
997,3637.0,-21.5984,0.0,5.0,0.0,0.0
998,3637.0,-21.5984,0.0,5.0,0.0,0.0
999,3636.0,-21.5984,0.0,5.0,0.0,0.0
1000,3636.0,-23.5619,0.0,5.0,0.0,0.0
1001,3635.0,-23.5619,0.0,5.0,0.0,0.0
1002,3635.0,-23.5619,0.0,5.0,0.0,0.0
1003,3634.0,-23.5619,0.0,5.0,0.0,0.0
1004,3633.0,-23.5619,0.0,5.0,0.0,0.0
1005,3632.0,-23.5619,0.0,5.0,0.0,0.0
1006,3631.0,-23.5619,0.0,5.0,0.0,0.0
1007,3630.0,-23.5619,0.0,5.0,0.0,0.0
1008,3629.0,-23.5619,0.0,5.0,0.0,0.0
1009,3627.0,-23.5619,0.0,5.0,0.0,0.0
1010,3626.0,-17.6714,0.0,5.0,0.0,0.0
1011,3624.0,-17.6714,0.0,5.0,0.0,0.0
1012,3623.0,-17.6714,0.0,5.0,0.0,0.0
1013,3621.0,-17.6714,0.0,5.0,0.0,0.0
1014,3619.0,-17.6714,0.0,5.0,0.0,0.0
1015,3617.0,-17.6714,0.0,5.0,0.0,0.0
1016,3615.0,-17.6714,0.0,5.0,0.0,0.0
1017,3613.0,-17.6714,0.0,5.0,0.0,0.0
1018,3611.0,-17.6714,0.0,5.0,0.0,0.0
1019,3608.0,-17.6714,0.0,5.0,0.0,0.0
1020,3606.0,-5.2359,0.0,5.0,0.0,0.0
1021,3604.0,-5.2359,0.0,5.0,0.0,0.0
1022,3601.0,-5.2359,0.0,5.0,0.0,0.0
1023,3599.0,-5.2359,0.0,5.0,0.0,0.0
1024,3597.0,-5.2359,0.0,5.0,0.0,0.0
1025,3594.0,-5.2359,0.0,5.0,0.0,0.0
1026,3592.0,-5.2359,0.0,5.0,0.0,0.0
1027,3590.0,-5.2359,0.0,5.0,0.0,0.0
1028,3588.0,-5.2359,0.0,5.0,0.0,0.0
1029,3585.0,-5.2359,0.0,5.0,0.0,0.0
1030,3583.0,9.8177,0.0,5.0,0.0,0.0
1031,3581.0,9.8177,0.0,5.0,0.0,0.0
1032,3579.0,9.8177,0.0,5.0,0.0,0.0
1033,3577.0,9.8177,0.0,5.0,0.0,0.0
1034,3575.0,9.8177,0.0,5.0,0.0,0.0
1035,3574.0,9.8177,0.0,5.0,0.0,0.0
1036,3573.0,9.8177,0.0,5.0,0.0,0.0
1037,3571.0,9.8177,0.0,5.0,0.0,0.0
1038,3570.0,9.8177,0.0,5.0,0.0,0.0
1039,3569.0,9.8177,0.0,5.0,0.0,0.0
1040,3569.0,20.2896,0.0,5.0,0.0,0.0
1041,3568.0,20.2896,0.0,5.0,0.0,0.0
1042,3567.0,20.2896,0.0,5.0,0.0,0.0
1043,3567.0,20.2896,0.0,5.0,0.0,0.0
1044,3567.0,20.2896,0.0,5.0,0.0,0.0
1045,3567.0,20.2896,0.0,5.0,0.0,0.0
1046,3567.0,20.2896,0.0,5.0,0.0,0.0
1047,3568.0,20.2896,0.0,5.0,0.0,0.0
1048,3569.0,20.2896,0.0,5.0,0.0,0.0
1049,3569.0,20.2896,0.0,5.0,0.0,0.0
1050,3570.0,20.2896,0.0,5.0,0.0,0.0
1051,3571.0,20.2896,0.0,5.0,0.0,0.0
1052,3572.0,20.2896,0.0,5.0,0.0,0.0
1053,3573.0,20.2896,0.0,5.0,0.0,0.0
1054,3575.0,20.2896,0.0,5.0,0.0,0.0
1055,3576.0,20.2896,0.0,5.0,0.0,0.0
1056,3577.0,20.2896,0.0,5.0,0.0,0.0
1057,3579.0,20.2896,0.0,5.0,0.0,0.0
1058,3581.0,20.2896,0.0,5.0,0.0,0.0
1059,3582.0,20.2896,0.0,5.0,0.0,0.0
1060,3584.0,11.7812,0.0,5.0,0.0,0.0
1061,3586.0,11.7812,0.0,5.0,0.0,0.0
1062,3588.0,11.7812,0.0,5.0,0.0,0.0
1063,3590.0,11.7812,0.0,5.0,0.0,0.0
1064,3592.0,11.7812,0.0,5.0,0.0,0.0
1065,3594.0,11.7812,0.0,5.0,0.0,0.0
1066,3597.0,11.7812,0.0,5.0,0.0,0.0
1067,3599.0,11.7812,0.0,5.0,0.0,0.0
1068,3602.0,11.7812,0.0,5.0,0.0,0.0
1069,3604.0,11.7812,0.0,5.0,0.0,0.0
1070,3607.0,-2.6178,0.0,5.0,0.0,0.0
1071,3609.0,-2.6178,0.0,5.0,0.0,0.0
1072,3611.0,-2.6178,0.0,5.0,0.0,0.0
1073,3614.0,-2.6178,0.0,5.0,0.0,0.0
1074,3616.0,-2.6178,0.0,5.0,0.0,0.0
1075,3618.0,-2.6178,0.0,5.0,0.0,0.0
1076,3620.0,-2.6178,0.0,5.0,0.0,0.0
1077,3622.0,-2.6178,0.0,5.0,0.0,0.0
1078,3624.0,-2.6178,0.0,5.0,0.0,0.0
1079,3626.0,-2.6178,0.0,5.0,0.0,0.0
1080,3628.0,-17.0169,0.0,5.0,0.0,0.0
1081,3629.0,-17.0169,0.0,5.0,0.0,0.0
1082,3631.0,-17.0169,0.0,5.0,0.0,0.0
1083,3632.0,-17.0169,0.0,5.0,0.0,0.0
1084,3633.0,-17.0169,0.0,5.0,0.0,0.0
1085,3634.0,-17.0169,0.0,5.0,0.0,0.0
1086,3634.0,-17.0169,0.0,5.0,0.0,0.0
1087,3635.0,-17.0169,0.0,5.0,0.0,0.0
1088,3635.0,-17.0169,0.0,5.0,0.0,0.0
1089,3635.0,-17.0169,0.0,5.0,0.0,0.0
1090,3635.0,-22.9073,0.0,5.0,0.0,0.0
1091,3635.0,-22.9073,0.0,5.0,0.0,0.0
1092,3635.0,-22.9073,0.0,5.0,0.0,0.0
1093,3635.0,-22.9073,0.0,5.0,0.0,0.0
1094,3635.0,-22.9073,0.0,5.0,0.0,0.0
1095,3634.0,-22.9073,0.0,5.0,0.0,0.0
1096,3634.0,-22.9073,0.0,5.0,0.0,0.0
1097,3633.0,-22.9073,0.0,5.0,0.0,0.0
1098,3633.0,-22.9073,0.0,5.0,0.0,0.0
1099,3632.0,-22.9073,0.0,5.0,0.0,0.0
1100,3631.0,-20.9438,0.0,5.0,0.0,0.0
1101,3629.0,-20.9438,0.0,5.0,0.0,0.0
1102,3628.0,-20.9438,0.0,5.0,0.0,0.0
1103,3627.0,-20.9438,0.0,5.0,0.0,0.0
1104,3625.0,-20.9438,0.0,5.0,0.0,0.0
1105,3624.0,-20.9438,0.0,5.0,0.0,0.0
1106,3622.0,-20.9438,0.0,5.0,0.0,0.0
1107,3620.0,-20.9438,0.0,5.0,0.0,0.0
1108,3618.0,-20.9438,0.0,5.0,0.0,0.0
1109,3617.0,-20.9438,0.0,5.0,0.0,0.0
1110,3614.0,-10.4718,0.0,5.0,0.0,0.0
1111,3612.0,-10.4718,0.0,5.0,0.0,0.0
1112,3610.0,-10.4718,0.0,5.0,0.0,0.0
1113,3608.0,-10.4718,0.0,5.0,0.0,0.0
1114,3606.0,-10.4718,0.0,5.0,0.0,0.0
1115,3604.0,-10.4718,0.0,5.0,0.0,0.0
1116,3601.0,-10.4718,0.0,5.0,0.0,0.0
1117,3599.0,-10.4718,0.0,5.0,0.0,0.0
1118,3597.0,-10.4718,0.0,5.0,0.0,0.0
1119,3594.0,-10.4718,0.0,5.0,0.0,0.0
1120,3592.0,3.9272,0.0,5.0,0.0,0.0
1121,3589.0,3.9272,0.0,5.0,0.0,0.0
1122,3587.0,3.9272,0.0,5.0,0.0,0.0
1123,3585.0,3.9272,0.0,5.0,0.0,0.0
1124,3582.0,3.9272,0.0,5.0,0.0,0.0
1125,3580.0,3.9272,0.0,5.0,0.0,0.0
1126,3579.0,3.9272,0.0,5.0,0.0,0.0
1127,3577.0,3.9272,0.0,5.0,0.0,0.0
1128,3575.0,3.9272,0.0,5.0,0.0,0.0
1129,3573.0,3.9272,0.0,5.0,0.0,0.0
1130,3572.0,17.6715,0.0,5.0,0.0,0.0
1131,3570.0,17.6715,0.0,5.0,0.0,0.0
1132,3569.0,17.6715,0.0,5.0,0.0,0.0
1133,3568.0,17.6715,0.0,5.0,0.0,0.0
1134,3567.0,17.6715,0.0,5.0,0.0,0.0
1135,3566.0,17.6715,0.0,5.0,0.0,0.0
1136,3566.0,17.6715,0.0,5.0,0.0,0.0
1137,3566.0,17.6715,0.0,5.0,0.0,0.0
1138,3565.0,17.6715,0.0,5.0,0.0,0.0
1139,3565.0,17.6715,0.0,5.0,0.0,0.0
1140,3566.0,22.9076,0.0,5.0,0.0,0.0
1141,3566.0,22.9076,0.0,5.0,0.0,0.0
1142,3566.0,22.9076,0.0,5.0,0.0,0.0
1143,3567.0,22.9076,0.0,5.0,0.0,0.0
1144,3568.0,22.9076,0.0,5.0,0.0,0.0
1145,3569.0,22.9076,0.0,5.0,0.0,0.0
1146,3570.0,22.9076,0.0,5.0,0.0,0.0
1147,3571.0,22.9076,0.0,5.0,0.0,0.0
1148,3572.0,22.9076,0.0,5.0,0.0,0.0
1149,3574.0,22.9076,0.0,5.0,0.0,0.0
1150,3575.0,17.0171,0.0,5.0,0.0,0.0
1151,3577.0,17.0171,0.0,5.0,0.0,0.0
1152,3579.0,17.0171,0.0,5.0,0.0,0.0
1153,3580.0,17.0171,0.0,5.0,0.0,0.0
1154,3582.0,17.0171,0.0,5.0,0.0,0.0
1155,3584.0,17.0171,0.0,5.0,0.0,0.0
1156,3586.0,17.0171,0.0,5.0,0.0,0.0
1157,3588.0,17.0171,0.0,5.0,0.0,0.0
1158,3590.0,17.0171,0.0,5.0,0.0,0.0
1159,3593.0,17.0171,0.0,5.0,0.0,0.0
1160,3595.0,4.5816,0.0,5.0,0.0,0.0
1161,3597.0,4.5816,0.0,5.0,0.0,0.0
1162,3599.0,4.5816,0.0,5.0,0.0,0.0
1163,3602.0,4.5816,0.0,5.0,0.0,0.0
1164,3604.0,4.5816,0.0,5.0,0.0,0.0
1165,3606.0,4.5816,0.0,5.0,0.0,0.0
1166,3608.0,4.5816,0.0,5.0,0.0,0.0
1167,3611.0,4.5816,0.0,5.0,0.0,0.0
1168,3613.0,4.5816,0.0,5.0,0.0,0.0
1169,3615.0,4.5816,0.0,5.0,0.0,0.0
1170,3617.0,-9.8174,0.0,5.0,0.0,0.0
1171,3620.0,-9.8174,0.0,5.0,0.0,0.0
1172,3622.0,-9.8174,0.0,5.0,0.0,0.0
1173,3623.0,-9.8174,0.0,5.0,0.0,0.0
1174,3625.0,-9.8174,0.0,5.0,0.0,0.0
1175,3627.0,-9.8174,0.0,5.0,0.0,0.0
1176,3628.0,-9.8174,0.0,5.0,0.0,0.0
1177,3629.0,-9.8174,0.0,5.0,0.0,0.0
1178,3630.0,-9.8174,0.0,5.0,0.0,0.0
1179,3631.0,-9.8174,0.0,5.0,0.0,0.0
1180,3632.0,-20.2893,0.0,5.0,0.0,0.0
1181,3632.0,-20.2893,0.0,5.0,0.0,0.0
1182,3632.0,-20.2893,0.0,5.0,0.0,0.0
1183,3633.0,-20.2893,0.0,5.0,0.0,0.0
1184,3633.0,-20.2893,0.0,5.0,0.0,0.0
1185,3632.0,-20.2893,0.0,5.0,0.0,0.0
1186,3632.0,-20.2893,0.0,5.0,0.0,0.0
1187,3632.0,-20.2893,0.0,5.0,0.0,0.0
1188,3631.0,-20.2893,0.0,5.0,0.0,0.0
1189,3630.0,-20.2893,0.0,5.0,0.0,0.0
1190,3629.0,-19.6349,0.0,5.0,0.0,0.0
1191,3628.0,-19.6349,0.0,5.0,0.0,0.0
1192,3627.0,-19.6349,0.0,5.0,0.0,0.0
1193,3626.0,-19.6349,0.0,5.0,0.0,0.0
1194,3624.0,-19.6349,0.0,5.0,0.0,0.0
1195,3623.0,-19.6349,0.0,5.0,0.0,0.0
1196,3621.0,-19.6349,0.0,5.0,0.0,0.0
1197,3620.0,-19.6349,0.0,5.0,0.0,0.0
1198,3618.0,-19.6349,0.0,5.0,0.0,0.0
1199,3616.0,-19.6349,0.0,5.0,0.0,0.0
1200,3614.0,-10.4718,0.0,5.0,0.0,0.0
1201,3612.0,-10.4718,0.0,5.0,0.0,0.0
1202,3610.0,-10.4718,0.0,5.0,0.0,0.0
1203,3608.0,-10.4718,0.0,5.0,0.0,0.0
1204,3606.0,-10.4718,0.0,5.0,0.0,0.0
1205,3604.0,-10.4718,0.0,5.0,0.0,0.0
1206,3602.0,-10.4718,0.0,5.0,0.0,0.0
1207,3599.0,-10.4718,0.0,5.0,0.0,0.0
1208,3597.0,-10.4718,0.0,5.0,0.0,0.0
1209,3595.0,-10.4718,0.0,5.0,0.0,0.0
1210,3592.0,3.9272,0.0,5.0,0.0,0.0
1211,3590.0,3.9272,0.0,5.0,0.0,0.0
1212,3588.0,3.9272,0.0,5.0,0.0,0.0
1213,3585.0,3.9272,0.0,5.0,0.0,0.0
1214,3583.0,3.9272,0.0,5.0,0.0,0.0
1215,3581.0,3.9272,0.0,5.0,0.0,0.0
1216,3580.0,3.9272,0.0,5.0,0.0,0.0
1217,3578.0,3.9272,0.0,5.0,0.0,0.0
1218,3576.0,3.9272,0.0,5.0,0.0,0.0
1219,3574.0,3.9272,0.0,5.0,0.0,0.0
1220,3573.0,17.0171,0.0,5.0,0.0,0.0
1221,3572.0,17.0171,0.0,5.0,0.0,0.0
1222,3571.0,17.0171,0.0,5.0,0.0,0.0
1223,3570.0,17.0171,0.0,5.0,0.0,0.0
1224,3569.0,17.0171,0.0,5.0,0.0,0.0
1225,3568.0,17.0171,0.0,5.0,0.0,0.0
1226,3567.0,17.0171,0.0,5.0,0.0,0.0
1227,3567.0,17.0171,0.0,5.0,0.0,0.0
1228,3567.0,17.0171,0.0,5.0,0.0,0.0
1229,3567.0,17.0171,0.0,5.0,0.0,0.0
1230,3567.0,21.5985,0.0,5.0,0.0,0.0
1231,3567.0,21.5985,0.0,5.0,0.0,0.0
1232,3568.0,21.5985,0.0,5.0,0.0,0.0
1233,3569.0,21.5985,0.0,5.0,0.0,0.0
1234,3570.0,21.5985,0.0,5.0,0.0,0.0
1235,3571.0,21.5985,0.0,5.0,0.0,0.0
1236,3572.0,21.5985,0.0,5.0,0.0,0.0
1237,3573.0,21.5985,0.0,5.0,0.0,0.0
1238,3574.0,21.5985,0.0,5.0,0.0,0.0
1239,3575.0,21.5985,0.0,5.0,0.0,0.0
1240,3577.0,16.3626,0.0,5.0,0.0,0.0
1241,3578.0,16.3626,0.0,5.0,0.0,0.0
1242,3580.0,16.3626,0.0,5.0,0.0,0.0
1243,3582.0,16.3626,0.0,5.0,0.0,0.0
1244,3583.0,16.3626,0.0,5.0,0.0,0.0
1245,3585.0,16.3626,0.0,5.0,0.0,0.0
1246,3587.0,16.3626,0.0,5.0,0.0,0.0
1247,3589.0,16.3626,0.0,5.0,0.0,0.0
1248,3591.0,16.3626,0.0,5.0,0.0,0.0
1249,3594.0,16.3626,0.0,5.0,0.0,0.0
1250,3596.0,3.9272,0.0,5.0,0.0,0.0
1251,3598.0,3.9272,0.0,5.0,0.0,0.0
1252,3600.0,3.9272,0.0,5.0,0.0,0.0
1253,3603.0,3.9272,0.0,5.0,0.0,0.0
1254,3605.0,3.9272,0.0,5.0,0.0,0.0
1255,3607.0,3.9272,0.0,5.0,0.0,0.0
1256,3609.0,3.9272,0.0,5.0,0.0,0.0
1257,3612.0,3.9272,0.0,5.0,0.0,0.0
1258,3614.0,3.9272,0.0,5.0,0.0,0.0
1259,3616.0,3.9272,0.0,5.0,0.0,0.0
1260,3618.0,-10.4718,0.0,5.0,0.0,0.0
1261,3620.0,-10.4718,0.0,5.0,0.0,0.0
1262,3622.0,-10.4718,0.0,5.0,0.0,0.0
1263,3624.0,-10.4718,0.0,5.0,0.0,0.0
1264,3625.0,-10.4718,0.0,5.0,0.0,0.0
1265,3626.0,-10.4718,0.0,5.0,0.0,0.0
1266,3628.0,-10.4718,0.0,5.0,0.0,0.0
1267,3629.0,-10.4718,0.0,5.0,0.0,0.0
1268,3630.0,-10.4718,0.0,5.0,0.0,0.0
1269,3630.0,-10.4718,0.0,5.0,0.0,0.0
1270,3631.0,-19.6349,0.0,5.0,0.0,0.0
1271,3631.0,-19.6349,0.0,5.0,0.0,0.0
1272,3632.0,-19.6349,0.0,5.0,0.0,0.0
1273,3632.0,-19.6349,0.0,5.0,0.0,0.0
1274,3632.0,-19.6349,0.0,5.0,0.0,0.0
1275,3631.0,-19.6349,0.0,5.0,0.0,0.0
1276,3631.0,-19.6349,0.0,5.0,0.0,0.0
1277,3630.0,-19.6349,0.0,5.0,0.0,0.0
1278,3630.0,-19.6349,0.0,5.0,0.0,0.0
1279,3629.0,-19.6349,0.0,5.0,0.0,0.0
1280,3628.0,-18.9804,0.0,5.0,0.0,0.0
1281,3627.0,-18.9804,0.0,5.0,0.0,0.0
1282,3625.0,-18.9804,0.0,5.0,0.0,0.0
1283,3624.0,-18.9804,0.0,5.0,0.0,0.0
1284,3623.0,-18.9804,0.0,5.0,0.0,0.0
1285,3621.0,-18.9804,0.0,5.0,0.0,0.0
1286,3620.0,-18.9804,0.0,5.0,0.0,0.0
1287,3618.0,-18.9804,0.0,5.0,0.0,0.0
1288,3616.0,-18.9804,0.0,5.0,0.0,0.0
1289,3614.0,-18.9804,0.0,5.0,0.0,0.0
1290,3612.0,-9.1629,0.0,5.0,0.0,0.0
1291,3610.0,-9.1629,0.0,5.0,0.0,0.0
1292,3608.0,-9.1629,0.0,5.0,0.0,0.0
1293,3606.0,-9.1629,0.0,5.0,0.0,0.0
1294,3604.0,-9.1629,0.0,5.0,0.0,0.0
1295,3602.0,-9.1629,0.0,5.0,0.0,0.0
1296,3600.0,-9.1629,0.0,5.0,0.0,0.0
1297,3597.0,-9.1629,0.0,5.0,0.0,0.0
1298,3595.0,-9.1629,0.0,5.0,0.0,0.0
1299,3593.0,-9.1629,0.0,5.0,0.0,0.0
1300,3591.0,4.5816,0.0,5.0,0.0,0.0
1301,3588.0,4.5816,0.0,5.0,0.0,0.0
1302,3586.0,4.5816,0.0,5.0,0.0,0.0
1303,3584.0,4.5816,0.0,5.0,0.0,0.0
1304,3582.0,4.5816,0.0,5.0,0.0,0.0
1305,3580.0,4.5816,0.0,5.0,0.0,0.0
1306,3578.0,4.5816,0.0,5.0,0.0,0.0
1307,3577.0,4.5816,0.0,5.0,0.0,0.0
1308,3575.0,4.5816,0.0,5.0,0.0,0.0
1309,3574.0,4.5816,0.0,5.0,0.0,0.0
1310,3572.0,17.0171,0.0,5.0,0.0,0.0
1311,3571.0,17.0171,0.0,5.0,0.0,0.0
1312,3571.0,17.0171,0.0,5.0,0.0,0.0
1313,3570.0,17.0171,0.0,5.0,0.0,0.0
1314,3570.0,17.0171,0.0,5.0,0.0,0.0
1315,3569.0,17.0171,0.0,5.0,0.0,0.0
1316,3569.0,17.0171,0.0,5.0,0.0,0.0
1317,3568.0,17.0171,0.0,5.0,0.0,0.0
1318,3568.0,17.0171,0.0,5.0,0.0,0.0
1319,3568.0,17.0171,0.0,5.0,0.0,0.0
1320,3569.0,20.9441,0.0,5.0,0.0,0.0
1321,3569.0,20.9441,0.0,5.0,0.0,0.0
1322,3570.0,20.9441,0.0,5.0,0.0,0.0
1323,3571.0,20.9441,0.0,5.0,0.0,0.0
1324,3572.0,20.9441,0.0,5.0,0.0,0.0
1325,3573.0,20.9441,0.0,5.0,0.0,0.0
1326,3574.0,20.9441,0.0,5.0,0.0,0.0
1327,3575.0,20.9441,0.0,5.0,0.0,0.0
1328,3576.0,20.9441,0.0,5.0,0.0,0.0
1329,3577.0,20.9441,0.0,5.0,0.0,0.0
1330,3579.0,14.3991,0.0,5.0,0.0,0.0
1331,3581.0,14.3991,0.0,5.0,0.0,0.0
1332,3582.0,14.3991,0.0,5.0,0.0,0.0
1333,3584.0,14.3991,0.0,5.0,0.0,0.0
1334,3586.0,14.3991,0.0,5.0,0.0,0.0
1335,3588.0,14.3991,0.0,5.0,0.0,0.0
1336,3590.0,14.3991,0.0,5.0,0.0,0.0
1337,3592.0,14.3991,0.0,5.0,0.0,0.0
1338,3594.0,14.3991,0.0,5.0,0.0,0.0
1339,3596.0,14.3991,0.0,5.0,0.0,0.0
1340,3598.0,2.6181,0.0,5.0,0.0,0.0
1341,3601.0,2.6181,0.0,5.0,0.0,0.0
1342,3603.0,2.6181,0.0,5.0,0.0,0.0
1343,3605.0,2.6181,0.0,5.0,0.0,0.0
1344,3607.0,2.6181,0.0,5.0,0.0,0.0
1345,3610.0,2.6181,0.0,5.0,0.0,0.0
1346,3612.0,2.6181,0.0,5.0,0.0,0.0
1347,3614.0,2.6181,0.0,5.0,0.0,0.0
1348,3616.0,2.6181,0.0,5.0,0.0,0.0
1349,3618.0,2.6181,0.0,5.0,0.0,0.0
1350,3620.0,-11.7809,0.0,5.0,0.0,0.0
1351,3622.0,-11.7809,0.0,5.0,0.0,0.0
1352,3624.0,-11.7809,0.0,5.0,0.0,0.0
1353,3625.0,-11.7809,0.0,5.0,0.0,0.0
1354,3627.0,-11.7809,0.0,5.0,0.0,0.0
1355,3628.0,-11.7809,0.0,5.0,0.0,0.0
1356,3629.0,-11.7809,0.0,5.0,0.0,0.0
1357,3630.0,-11.7809,0.0,5.0,0.0,0.0
1358,3630.0,-11.7809,0.0,5.0,0.0,0.0
1359,3631.0,-11.7809,0.0,5.0,0.0,0.0
1360,3631.0,-20.2893,0.0,5.0,0.0,0.0
1361,3632.0,-20.2893,0.0,5.0,0.0,0.0
1362,3632.0,-20.2893,0.0,5.0,0.0,0.0
1363,3631.0,-20.2893,0.0,5.0,0.0,0.0
1364,3631.0,-20.2893,0.0,5.0,0.0,0.0
1365,3631.0,-20.2893,0.0,5.0,0.0,0.0
1366,3630.0,-20.2893,0.0,5.0,0.0,0.0
1367,3629.0,-20.2893,0.0,5.0,0.0,0.0
1368,3629.0,-20.2893,0.0,5.0,0.0,0.0
1369,3628.0,-20.2893,0.0,5.0,0.0,0.0
1370,3627.0,-18.3258,0.0,5.0,0.0,0.0
1371,3625.0,-18.3258,0.0,5.0,0.0,0.0
1372,3624.0,-18.3258,0.0,5.0,0.0,0.0
1373,3623.0,-18.3258,0.0,5.0,0.0,0.0
1374,3621.0,-18.3258,0.0,5.0,0.0,0.0
1375,3620.0,-18.3258,0.0,5.0,0.0,0.0
1376,3618.0,-18.3258,0.0,5.0,0.0,0.0
1377,3616.0,-18.3258,0.0,5.0,0.0,0.0
1378,3615.0,-18.3258,0.0,5.0,0.0,0.0
1379,3613.0,-18.3258,0.0,5.0,0.0,0.0
1380,3611.0,-8.5083,0.0,5.0,0.0,0.0
1381,3609.0,-8.5083,0.0,5.0,0.0,0.0
1382,3607.0,-8.5083,0.0,5.0,0.0,0.0
1383,3604.0,-8.5083,0.0,5.0,0.0,0.0
1384,3602.0,-8.5083,0.0,5.0,0.0,0.0
1385,3600.0,-8.5083,0.0,5.0,0.0,0.0
1386,3598.0,-8.5083,0.0,5.0,0.0,0.0
1387,3596.0,-8.5083,0.0,5.0,0.0,0.0
1388,3594.0,-8.5083,0.0,5.0,0.0,0.0
1389,3591.0,-8.5083,0.0,5.0,0.0,0.0
1390,3589.0,5.8907,0.0,5.0,0.0,0.0
1391,3587.0,5.8907,0.0,5.0,0.0,0.0
1392,3585.0,5.8907,0.0,5.0,0.0,0.0
1393,3583.0,5.8907,0.0,5.0,0.0,0.0
1394,3581.0,5.8907,0.0,5.0,0.0,0.0
1395,3579.0,5.8907,0.0,5.0,0.0,0.0
1396,3577.0,5.8907,0.0,5.0,0.0,0.0
1397,3576.0,5.8907,0.0,5.0,0.0,0.0
1398,3574.0,5.8907,0.0,5.0,0.0,0.0
1399,3573.0,5.8907,0.0,5.0,0.0,0.0
1400,3572.0,17.6715,0.0,5.0,0.0,0.0
1401,3571.0,17.6715,0.0,5.0,0.0,0.0
1402,3570.0,17.6715,0.0,5.0,0.0,0.0
1403,3569.0,17.6715,0.0,5.0,0.0,0.0
1404,3568.0,17.6715,0.0,5.0,0.0,0.0
1405,3568.0,17.6715,0.0,5.0,0.0,0.0
1406,3568.0,17.6715,0.0,5.0,0.0,0.0
1407,3568.0,17.6715,0.0,5.0,0.0,0.0
1408,3568.0,17.6715,0.0,5.0,0.0,0.0
1409,3568.0,17.6715,0.0,5.0,0.0,0.0
1410,3569.0,20.9441,0.0,5.0,0.0,0.0
1411,3569.0,20.9441,0.0,5.0,0.0,0.0
1412,3570.0,20.9441,0.0,5.0,0.0,0.0
1413,3571.0,20.9441,0.0,5.0,0.0,0.0
1414,3572.0,20.9441,0.0,5.0,0.0,0.0
1415,3573.0,20.9441,0.0,5.0,0.0,0.0
1416,3575.0,20.9441,0.0,5.0,0.0,0.0
1417,3576.0,20.9441,0.0,5.0,0.0,0.0
1418,3577.0,20.9441,0.0,5.0,0.0,0.0
1419,3579.0,20.9441,0.0,5.0,0.0,0.0
1420,3580.0,13.7447,0.0,5.0,0.0,0.0
1421,3582.0,13.7447,0.0,5.0,0.0,0.0
1422,3584.0,13.7447,0.0,5.0,0.0,0.0
1423,3586.0,13.7447,0.0,5.0,0.0,0.0
1424,3588.0,13.7447,0.0,5.0,0.0,0.0
1425,3590.0,13.7447,0.0,5.0,0.0,0.0
1426,3592.0,13.7447,0.0,5.0,0.0,0.0
1427,3594.0,13.7447,0.0,5.0,0.0,0.0
1428,3596.0,13.7447,0.0,5.0,0.0,0.0
1429,3599.0,13.7447,0.0,5.0,0.0,0.0
1430,3601.0,0.6546,0.0,5.0,0.0,0.0
1431,3603.0,0.6546,0.0,5.0,0.0,0.0
1432,3606.0,0.6546,0.0,5.0,0.0,0.0
1433,3608.0,0.6546,0.0,5.0,0.0,0.0
1434,3610.0,0.6546,0.0,5.0,0.0,0.0
1435,3612.0,0.6546,0.0,5.0,0.0,0.0
1436,3614.0,0.6546,0.0,5.0,0.0,0.0
1437,3616.0,0.6546,0.0,5.0,0.0,0.0
1438,3619.0,0.6546,0.0,5.0,0.0,0.0
1439,3620.0,0.6546,0.0,5.0,0.0,0.0
1440,3622.0,-13.7444,0.0,5.0,0.0,0.0
1441,3624.0,-13.7444,0.0,5.0,0.0,0.0
1442,3626.0,-13.7444,0.0,5.0,0.0,0.0
1443,3627.0,-13.7444,0.0,5.0,0.0,0.0
1444,3628.0,-13.7444,0.0,5.0,0.0,0.0
1445,3629.0,-13.7444,0.0,5.0,0.0,0.0
1446,3630.0,-13.7444,0.0,5.0,0.0,0.0
1447,3631.0,-13.7444,0.0,5.0,0.0,0.0
1448,3632.0,-13.7444,0.0,5.0,0.0,0.0
1449,3632.0,-13.7444,0.0,5.0,0.0,0.0
1450,3632.0,-20.9438,0.0,5.0,0.0,0.0
1451,3632.0,-20.9438,0.0,5.0,0.0,0.0
1452,3632.0,-20.9438,0.0,5.0,0.0,0.0
1453,3632.0,-20.9438,0.0,5.0,0.0,0.0
1454,3631.0,-20.9438,0.0,5.0,0.0,0.0
1455,3631.0,-20.9438,0.0,5.0,0.0,0.0
1456,3630.0,-20.9438,0.0,5.0,0.0,0.0
1457,3629.0,-20.9438,0.0,5.0,0.0,0.0
1458,3628.0,-20.9438,0.0,5.0,0.0,0.0
1459,3627.0,-20.9438,0.0,5.0,0.0,0.0
1460,3626.0,-17.6714,0.0,5.0,0.0,0.0
1461,3625.0,-17.6714,0.0,5.0,0.0,0.0
1462,3623.0,-17.6714,0.0,5.0,0.0,0.0
1463,3622.0,-17.6714,0.0,5.0,0.0,0.0
1464,3620.0,-17.6714,0.0,5.0,0.0,0.0
1465,3618.0,-17.6714,0.0,5.0,0.0,0.0
1466,3616.0,-17.6714,0.0,5.0,0.0,0.0
1467,3615.0,-17.6714,0.0,5.0,0.0,0.0
1468,3613.0,-17.6714,0.0,5.0,0.0,0.0
1469,3611.0,-17.6714,0.0,5.0,0.0,0.0
1470,3609.0,-7.1994,0.0,5.0,0.0,0.0
1471,3607.0,-7.1994,0.0,5.0,0.0,0.0
1472,3604.0,-7.1994,0.0,5.0,0.0,0.0
1473,3602.0,-7.1994,0.0,5.0,0.0,0.0
1474,3600.0,-7.1994,0.0,5.0,0.0,0.0
1475,3598.0,-7.1994,0.0,5.0,0.0,0.0
1476,3596.0,-7.1994,0.0,5.0,0.0,0.0
1477,3594.0,-7.1994,0.0,5.0,0.0,0.0
1478,3591.0,-7.1994,0.0,5.0,0.0,0.0
1479,3589.0,-7.1994,0.0,5.0,0.0,0.0
1480,3587.0,7.1996,0.0,5.0,0.0,0.0
1481,3585.0,7.1996,0.0,5.0,0.0,0.0
1482,3583.0,7.1996,0.0,5.0,0.0,0.0
1483,3581.0,7.1996,0.0,5.0,0.0,0.0
1484,3579.0,7.1996,0.0,5.0,0.0,0.0
1485,3577.0,7.1996,0.0,5.0,0.0,0.0
1486,3576.0,7.1996,0.0,5.0,0.0,0.0
1487,3574.0,7.1996,0.0,5.0,0.0,0.0
1488,3573.0,7.1996,0.0,5.0,0.0,0.0
1489,3572.0,7.1996,0.0,5.0,0.0,0.0
1490,3571.0,18.3261,0.0,5.0,0.0,0.0
1491,3570.0,18.3261,0.0,5.0,0.0,0.0
1492,3569.0,18.3261,0.0,5.0,0.0,0.0
1493,3569.0,18.3261,0.0,5.0,0.0,0.0
1494,3568.0,18.3261,0.0,5.0,0.0,0.0
1495,3568.0,18.3261,0.0,5.0,0.0,0.0
1496,3568.0,18.3261,0.0,5.0,0.0,0.0
1497,3568.0,18.3261,0.0,5.0,0.0,0.0
1498,3569.0,18.3261,0.0,5.0,0.0,0.0
1499,3569.0,18.3261,0.0,5.0,0.0,0.0
1500,3570.0,20.2896,0.0,5.0,0.0,0.0
1501,3571.0,20.2896,0.0,5.0,0.0,0.0
1502,3572.0,20.2896,0.0,5.0,0.0,0.0
1503,3573.0,20.2896,0.0,5.0,0.0,0.0
1504,3574.0,20.2896,0.0,5.0,0.0,0.0
1505,3575.0,20.2896,0.0,5.0,0.0,0.0
1506,3576.0,20.2896,0.0,5.0,0.0,0.0
1507,3578.0,20.2896,0.0,5.0,0.0,0.0
1508,3579.0,20.2896,0.0,5.0,0.0,0.0
1509,3581.0,20.2896,0.0,5.0,0.0,0.0
1510,3582.0,12.4356,0.0,5.0,0.0,0.0
1511,3584.0,12.4356,0.0,5.0,0.0,0.0
1512,3586.0,12.4356,0.0,5.0,0.0,0.0
1513,3589.0,12.4356,0.0,5.0,0.0,0.0
1514,3591.0,12.4356,0.0,5.0,0.0,0.0
1515,3593.0,12.4356,0.0,5.0,0.0,0.0
1516,3595.0,12.4356,0.0,5.0,0.0,0.0
1517,3598.0,12.4356,0.0,5.0,0.0,0.0
1518,3600.0,12.4356,0.0,5.0,0.0,0.0
1519,3602.0,12.4356,0.0,5.0,0.0,0.0
1520,3605.0,-1.3089,0.0,5.0,0.0,0.0
1521,3607.0,-1.3089,0.0,5.0,0.0,0.0
1522,3609.0,-1.3089,0.0,5.0,0.0,0.0
1523,3612.0,-1.3089,0.0,5.0,0.0,0.0
1524,3614.0,-1.3089,0.0,5.0,0.0,0.0
1525,3616.0,-1.3089,0.0,5.0,0.0,0.0
1526,3618.0,-1.3089,0.0,5.0,0.0,0.0
1527,3620.0,-1.3089,0.0,5.0,0.0,0.0
1528,3622.0,-1.3089,0.0,5.0,0.0,0.0
1529,3624.0,-1.3089,0.0,5.0,0.0,0.0
1530,3626.0,-15.7079,0.0,5.0,0.0,0.0
1531,3627.0,-15.7079,0.0,5.0,0.0,0.0
1532,3629.0,-15.7079,0.0,5.0,0.0,0.0
1533,3630.0,-15.7079,0.0,5.0,0.0,0.0
1534,3631.0,-15.7079,0.0,5.0,0.0,0.0
1535,3632.0,-15.7079,0.0,5.0,0.0,0.0
1536,3633.0,-15.7079,0.0,5.0,0.0,0.0
1537,3633.0,-15.7079,0.0,5.0,0.0,0.0
1538,3634.0,-15.7079,0.0,5.0,0.0,0.0
1539,3634.0,-15.7079,0.0,5.0,0.0,0.0
1540,3634.0,-22.2528,0.0,5.0,0.0,0.0
1541,3634.0,-22.2528,0.0,5.0,0.0,0.0
1542,3634.0,-22.2528,0.0,5.0,0.0,0.0
1543,3633.0,-22.2528,0.0,5.0,0.0,0.0
1544,3633.0,-22.2528,0.0,5.0,0.0,0.0
1545,3632.0,-22.2528,0.0,5.0,0.0,0.0
1546,3631.0,-22.2528,0.0,5.0,0.0,0.0
1547,3630.0,-22.2528,0.0,5.0,0.0,0.0
1548,3629.0,-22.2528,0.0,5.0,0.0,0.0
1549,3628.0,-22.2528,0.0,5.0,0.0,0.0
1550,3626.0,-17.6714,0.0,5.0,0.0,0.0
1551,3625.0,-17.6714,0.0,5.0,0.0,0.0
1552,3623.0,-17.6714,0.0,5.0,0.0,0.0
1553,3622.0,-17.6714,0.0,5.0,0.0,0.0
1554,3620.0,-17.6714,0.0,5.0,0.0,0.0
1555,3618.0,-17.6714,0.0,5.0,0.0,0.0
1556,3616.0,-17.6714,0.0,5.0,0.0,0.0
1557,3614.0,-17.6714,0.0,5.0,0.0,0.0
1558,3612.0,-17.6714,0.0,5.0,0.0,0.0
1559,3610.0,-17.6714,0.0,5.0,0.0,0.0
1560,3608.0,-6.5448,0.0,5.0,0.0,0.0
1561,3606.0,-6.5448,0.0,5.0,0.0,0.0
1562,3604.0,-6.5448,0.0,5.0,0.0,0.0
1563,3601.0,-6.5448,0.0,5.0,0.0,0.0
1564,3599.0,-6.5448,0.0,5.0,0.0,0.0
1565,3597.0,-6.5448,0.0,5.0,0.0,0.0
1566,3595.0,-6.5448,0.0,5.0,0.0,0.0
1567,3592.0,-6.5448,0.0,5.0,0.0,0.0
1568,3590.0,-6.5448,0.0,5.0,0.0,0.0
1569,3588.0,-6.5448,0.0,5.0,0.0,0.0
1570,3586.0,7.8542,0.0,5.0,0.0,0.0
1571,3584.0,7.8542,0.0,5.0,0.0,0.0
1572,3581.0,7.8542,0.0,5.0,0.0,0.0
1573,3579.0,7.8542,0.0,5.0,0.0,0.0
1574,3578.0,7.8542,0.0,5.0,0.0,0.0
1575,3576.0,7.8542,0.0,5.0,0.0,0.0
1576,3575.0,7.8542,0.0,5.0,0.0,0.0
1577,3573.0,7.8542,0.0,5.0,0.0,0.0
1578,3572.0,7.8542,0.0,5.0,0.0,0.0
1579,3571.0,7.8542,0.0,5.0,0.0,0.0
1580,3570.0,18.9806,0.0,5.0,0.0,0.0
1581,3569.0,18.9806,0.0,5.0,0.0,0.0
1582,3568.0,18.9806,0.0,5.0,0.0,0.0
1583,3568.0,18.9806,0.0,5.0,0.0,0.0
1584,3568.0,18.9806,0.0,5.0,0.0,0.0
1585,3568.0,18.9806,0.0,5.0,0.0,0.0
1586,3568.0,18.9806,0.0,5.0,0.0,0.0
1587,3568.0,18.9806,0.0,5.0,0.0,0.0
1588,3568.0,18.9806,0.0,5.0,0.0,0.0
1589,3569.0,18.9806,0.0,5.0,0.0,0.0
1590,3570.0,20.2896,0.0,5.0,0.0,0.0
1591,3571.0,20.2896,0.0,5.0,0.0,0.0
1592,3572.0,20.2896,0.0,5.0,0.0,0.0
1593,3573.0,20.2896,0.0,5.0,0.0,0.0
1594,3574.0,20.2896,0.0,5.0,0.0,0.0
1595,3575.0,20.2896,0.0,5.0,0.0,0.0
1596,3577.0,20.2896,0.0,5.0,0.0,0.0
1597,3578.0,20.2896,0.0,5.0,0.0,0.0
1598,3580.0,20.2896,0.0,5.0,0.0,0.0
1599,3582.0,20.2896,0.0,5.0,0.0,0.0
1600,3583.0,11.7812,0.0,5.0,0.0,0.0
1601,3585.0,11.7812,0.0,5.0,0.0,0.0
1602,3587.0,11.7812,0.0,5.0,0.0,0.0
1603,3589.0,11.7812,0.0,5.0,0.0,0.0
1604,3591.0,11.7812,0.0,5.0,0.0,0.0
1605,3593.0,11.7812,0.0,5.0,0.0,0.0
1606,3596.0,11.7812,0.0,5.0,0.0,0.0
1607,3598.0,11.7812,0.0,5.0,0.0,0.0
1608,3600.0,11.7812,0.0,5.0,0.0,0.0
1609,3603.0,11.7812,0.0,5.0,0.0,0.0
1610,3605.0,-1.9633,0.0,5.0,0.0,0.0
1611,3608.0,-1.9633,0.0,5.0,0.0,0.0
1612,3610.0,-1.9633,0.0,5.0,0.0,0.0
1613,3613.0,-1.9633,0.0,5.0,0.0,0.0
1614,3615.0,-1.9633,0.0,5.0,0.0,0.0
1615,3617.0,-1.9633,0.0,5.0,0.0,0.0
1616,3619.0,-1.9633,0.0,5.0,0.0,0.0
1617,3621.0,-1.9633,0.0,5.0,0.0,0.0
1618,3623.0,-1.9633,0.0,5.0,0.0,0.0
1619,3625.0,-1.9633,0.0,5.0,0.0,0.0
1620,3626.0,-16.3623,0.0,5.0,0.0,0.0
1621,3628.0,-16.3623,0.0,5.0,0.0,0.0
1622,3629.0,-16.3623,0.0,5.0,0.0,0.0
1623,3631.0,-16.3623,0.0,5.0,0.0,0.0
1624,3632.0,-16.3623,0.0,5.0,0.0,0.0
1625,3633.0,-16.3623,0.0,5.0,0.0,0.0
1626,3634.0,-16.3623,0.0,5.0,0.0,0.0
1627,3634.0,-16.3623,0.0,5.0,0.0,0.0
1628,3634.0,-16.3623,0.0,5.0,0.0,0.0
1629,3635.0,-16.3623,0.0,5.0,0.0,0.0
1630,3635.0,-22.9073,0.0,5.0,0.0,0.0
1631,3635.0,-22.9073,0.0,5.0,0.0,0.0
1632,3634.0,-22.9073,0.0,5.0,0.0,0.0
1633,3634.0,-22.9073,0.0,5.0,0.0,0.0
1634,3633.0,-22.9073,0.0,5.0,0.0,0.0
1635,3632.0,-22.9073,0.0,5.0,0.0,0.0
1636,3631.0,-22.9073,0.0,5.0,0.0,0.0
1637,3630.0,-22.9073,0.0,5.0,0.0,0.0
1638,3629.0,-22.9073,0.0,5.0,0.0,0.0
1639,3628.0,-22.9073,0.0,5.0,0.0,0.0
1640,3627.0,-18.3258,0.0,5.0,0.0,0.0
1641,3625.0,-18.3258,0.0,5.0,0.0,0.0
1642,3624.0,-18.3258,0.0,5.0,0.0,0.0
1643,3622.0,-18.3258,0.0,5.0,0.0,0.0
1644,3620.0,-18.3258,0.0,5.0,0.0,0.0
1645,3618.0,-18.3258,0.0,5.0,0.0,0.0
1646,3617.0,-18.3258,0.0,5.0,0.0,0.0
1647,3615.0,-18.3258,0.0,5.0,0.0,0.0
1648,3613.0,-18.3258,0.0,5.0,0.0,0.0
1649,3610.0,-18.3258,0.0,5.0,0.0,0.0
1650,3608.0,-6.5448,0.0,5.0,0.0,0.0
1651,3606.0,-6.5448,0.0,5.0,0.0,0.0
1652,3604.0,-6.5448,0.0,5.0,0.0,0.0
1653,3602.0,-6.5448,0.0,5.0,0.0,0.0
1654,3599.0,-6.5448,0.0,5.0,0.0,0.0
1655,3597.0,-6.5448,0.0,5.0,0.0,0.0
1656,3595.0,-6.5448,0.0,5.0,0.0,0.0
1657,3593.0,-6.5448,0.0,5.0,0.0,0.0
1658,3590.0,-6.5448,0.0,5.0,0.0,0.0
1659,3588.0,-6.5448,0.0,5.0,0.0,0.0
1660,3586.0,7.8542,0.0,5.0,0.0,0.0
1661,3584.0,7.8542,0.0,5.0,0.0,0.0
1662,3582.0,7.8542,0.0,5.0,0.0,0.0
1663,3580.0,7.8542,0.0,5.0,0.0,0.0
1664,3578.0,7.8542,0.0,5.0,0.0,0.0
1665,3576.0,7.8542,0.0,5.0,0.0,0.0
1666,3575.0,7.8542,0.0,5.0,0.0,0.0
1667,3573.0,7.8542,0.0,5.0,0.0,0.0
1668,3572.0,7.8542,0.0,5.0,0.0,0.0
1669,3571.0,7.8542,0.0,5.0,0.0,0.0
1670,3570.0,18.9806,0.0,5.0,0.0,0.0
1671,3569.0,18.9806,0.0,5.0,0.0,0.0
1672,3568.0,18.9806,0.0,5.0,0.0,0.0
1673,3568.0,18.9806,0.0,5.0,0.0,0.0
1674,3568.0,18.9806,0.0,5.0,0.0,0.0
1675,3568.0,18.9806,0.0,5.0,0.0,0.0
1676,3568.0,18.9806,0.0,5.0,0.0,0.0
1677,3568.0,18.9806,0.0,5.0,0.0,0.0
1678,3568.0,18.9806,0.0,5.0,0.0,0.0
1679,3569.0,18.9806,0.0,5.0,0.0,0.0
1680,3570.0,20.2896,0.0,5.0,0.0,0.0
1681,3571.0,20.2896,0.0,5.0,0.0,0.0
1682,3572.0,20.2896,0.0,5.0,0.0,0.0
1683,3573.0,20.2896,0.0,5.0,0.0,0.0
1684,3574.0,20.2896,0.0,5.0,0.0,0.0
1685,3575.0,20.2896,0.0,5.0,0.0,0.0
1686,3577.0,20.2896,0.0,5.0,0.0,0.0
1687,3578.0,20.2896,0.0,5.0,0.0,0.0
1688,3580.0,20.2896,0.0,5.0,0.0,0.0
1689,3582.0,20.2896,0.0,5.0,0.0,0.0
1690,3583.0,11.7812,0.0,5.0,0.0,0.0
1691,3585.0,11.7812,0.0,5.0,0.0,0.0
1692,3587.0,11.7812,0.0,5.0,0.0,0.0
1693,3589.0,11.7812,0.0,5.0,0.0,0.0
1694,3591.0,11.7812,0.0,5.0,0.0,0.0
1695,3594.0,11.7812,0.0,5.0,0.0,0.0
1696,3596.0,11.7812,0.0,5.0,0.0,0.0
1697,3598.0,11.7812,0.0,5.0,0.0,0.0
1698,3600.0,11.7812,0.0,5.0,0.0,0.0
1699,3603.0,11.7812,0.0,5.0,0.0,0.0
1700,3605.0,-1.9633,0.0,5.0,0.0,0.0
1701,3608.0,-1.9633,0.0,5.0,0.0,0.0
1702,3610.0,-1.9633,0.0,5.0,0.0,0.0
1703,3613.0,-1.9633,0.0,5.0,0.0,0.0
1704,3615.0,-1.9633,0.0,5.0,0.0,0.0
1705,3617.0,-1.9633,0.0,5.0,0.0,0.0
1706,3619.0,-1.9633,0.0,5.0,0.0,0.0
1707,3621.0,-1.9633,0.0,5.0,0.0,0.0
1708,3623.0,-1.9633,0.0,5.0,0.0,0.0
1709,3625.0,-1.9633,0.0,5.0,0.0,0.0
1710,3627.0,-16.3623,0.0,5.0,0.0,0.0
1711,3628.0,-16.3623,0.0,5.0,0.0,0.0
1712,3630.0,-16.3623,0.0,5.0,0.0,0.0
1713,3631.0,-16.3623,0.0,5.0,0.0,0.0
1714,3632.0,-16.3623,0.0,5.0,0.0,0.0
1715,3633.0,-16.3623,0.0,5.0,0.0,0.0
1716,3634.0,-16.3623,0.0,5.0,0.0,0.0
1717,3634.0,-16.3623,0.0,5.0,0.0,0.0
1718,3635.0,-16.3623,0.0,5.0,0.0,0.0
1719,3635.0,-16.3623,0.0,5.0,0.0,0.0
1720,3635.0,-22.9073,0.0,5.0,0.0,0.0
1721,3635.0,-22.9073,0.0,5.0,0.0,0.0
1722,3634.0,-22.9073,0.0,5.0,0.0,0.0
1723,3634.0,-22.9073,0.0,5.0,0.0,0.0
1724,3633.0,-22.9073,0.0,5.0,0.0,0.0
1725,3632.0,-22.9073,0.0,5.0,0.0,0.0
1726,3632.0,-22.9073,0.0,5.0,0.0,0.0
1727,3630.0,-22.9073,0.0,5.0,0.0,0.0
1728,3629.0,-22.9073,0.0,5.0,0.0,0.0
1729,3628.0,-22.9073,0.0,5.0,0.0,0.0
1730,3627.0,-18.3258,0.0,5.0,0.0,0.0
1731,3625.0,-18.3258,0.0,5.0,0.0,0.0
1732,3624.0,-18.3258,0.0,5.0,0.0,0.0
1733,3622.0,-18.3258,0.0,5.0,0.0,0.0
1734,3620.0,-18.3258,0.0,5.0,0.0,0.0
1735,3619.0,-18.3258,0.0,5.0,0.0,0.0
1736,3617.0,-18.3258,0.0,5.0,0.0,0.0
1737,3615.0,-18.3258,0.0,5.0,0.0,0.0
1738,3613.0,-18.3258,0.0,5.0,0.0,0.0
1739,3610.0,-18.3258,0.0,5.0,0.0,0.0
1740,3608.0,-6.5448,0.0,5.0,0.0,0.0
1741,3606.0,-6.5448,0.0,5.0,0.0,0.0
1742,3604.0,-6.5448,0.0,5.0,0.0,0.0
1743,3602.0,-6.5448,0.0,5.0,0.0,0.0
1744,3599.0,-6.5448,0.0,5.0,0.0,0.0
1745,3597.0,-6.5448,0.0,5.0,0.0,0.0
1746,3595.0,-6.5448,0.0,5.0,0.0,0.0
1747,3593.0,-6.5448,0.0,5.0,0.0,0.0
1748,3590.0,-6.5448,0.0,5.0,0.0,0.0
1749,3588.0,-6.5448,0.0,5.0,0.0,0.0
1750,3586.0,7.8542,0.0,5.0,0.0,0.0
1751,3584.0,7.8542,0.0,5.0,0.0,0.0
1752,3582.0,7.8542,0.0,5.0,0.0,0.0
1753,3580.0,7.8542,0.0,5.0,0.0,0.0
1754,3578.0,7.8542,0.0,5.0,0.0,0.0
1755,3576.0,7.8542,0.0,5.0,0.0,0.0
1756,3575.0,7.8542,0.0,5.0,0.0,0.0
1757,3573.0,7.8542,0.0,5.0,0.0,0.0
1758,3572.0,7.8542,0.0,5.0,0.0,0.0
1759,3571.0,7.8542,0.0,5.0,0.0,0.0
1760,3570.0,18.9806,0.0,5.0,0.0,0.0
1761,3569.0,18.9806,0.0,5.0,0.0,0.0
1762,3569.0,18.9806,0.0,5.0,0.0,0.0
1763,3568.0,18.9806,0.0,5.0,0.0,0.0
1764,3568.0,18.9806,0.0,5.0,0.0,0.0
1765,3568.0,18.9806,0.0,5.0,0.0,0.0
1766,3568.0,18.9806,0.0,5.0,0.0,0.0
1767,3568.0,18.9806,0.0,5.0,0.0,0.0
1768,3569.0,18.9806,0.0,5.0,0.0,0.0
1769,3569.0,18.9806,0.0,5.0,0.0,0.0
1770,3570.0,20.2896,0.0,5.0,0.0,0.0
1771,3571.0,20.2896,0.0,5.0,0.0,0.0
1772,3572.0,20.2896,0.0,5.0,0.0,0.0
1773,3573.0,20.2896,0.0,5.0,0.0,0.0
1774,3574.0,20.2896,0.0,5.0,0.0,0.0
1775,3576.0,20.2896,0.0,5.0,0.0,0.0
1776,3577.0,20.2896,0.0,5.0,0.0,0.0
1777,3578.0,20.2896,0.0,5.0,0.0,0.0
1778,3580.0,20.2896,0.0,5.0,0.0,0.0
1779,3582.0,20.2896,0.0,5.0,0.0,0.0
1780,3584.0,11.7812,0.0,5.0,0.0,0.0
1781,3585.0,11.7812,0.0,5.0,0.0,0.0
1782,3587.0,11.7812,0.0,5.0,0.0,0.0
1783,3589.0,11.7812,0.0,5.0,0.0,0.0
1784,3591.0,11.7812,0.0,5.0,0.0,0.0
1785,3594.0,11.7812,0.0,5.0,0.0,0.0
1786,3596.0,11.7812,0.0,5.0,0.0,0.0
1787,3598.0,11.7812,0.0,5.0,0.0,0.0
1788,3600.0,11.7812,0.0,5.0,0.0,0.0
1789,3603.0,11.7812,0.0,5.0,0.0,0.0
1790,3605.0,-1.9633,0.0,5.0,0.0,0.0
1791,3608.0,-1.9633,0.0,5.0,0.0,0.0
1792,3610.0,-1.9633,0.0,5.0,0.0,0.0
1793,3613.0,-1.9633,0.0,5.0,0.0,0.0
1794,3615.0,-1.9633,0.0,5.0,0.0,0.0
1795,3617.0,-1.9633,0.0,5.0,0.0,0.0
1796,3619.0,-1.9633,0.0,5.0,0.0,0.0
1797,3621.0,-1.9633,0.0,5.0,0.0,0.0
1798,3623.0,-1.9633,0.0,5.0,0.0,0.0
1799,3625.0,-1.9633,0.0,5.0,0.0,0.0
1800,3627.0,-16.3623,0.0,5.0,0.0,0.0
1801,3628.0,-16.3623,0.0,5.0,0.0,0.0
1802,3630.0,-16.3623,0.0,5.0,0.0,0.0
1803,3631.0,-16.3623,0.0,5.0,0.0,0.0
1804,3632.0,-16.3623,0.0,5.0,0.0,0.0
1805,3633.0,-16.3623,0.0,5.0,0.0,0.0
1806,3633.0,-16.3623,0.0,5.0,0.0,0.0
1807,3634.0,-16.3623,0.0,5.0,0.0,0.0
1808,3634.0,-16.3623,0.0,5.0,0.0,0.0
1809,3634.0,-16.3623,0.0,5.0,0.0,0.0
1810,3634.0,-22.2528,0.0,5.0,0.0,0.0
1811,3634.0,-22.2528,0.0,5.0,0.0,0.0
1812,3634.0,-22.2528,0.0,5.0,0.0,0.0
1813,3634.0,-22.2528,0.0,5.0,0.0,0.0
1814,3633.0,-22.2528,0.0,5.0,0.0,0.0
1815,3632.0,-22.2528,0.0,5.0,0.0,0.0
1816,3631.0,-22.2528,0.0,5.0,0.0,0.0
1817,3630.0,-22.2528,0.0,5.0,0.0,0.0
1818,3629.0,-22.2528,0.0,5.0,0.0,0.0
1819,3628.0,-22.2528,0.0,5.0,0.0,0.0
1820,3626.0,-18.3258,0.0,5.0,0.0,0.0
1821,3625.0,-18.3258,0.0,5.0,0.0,0.0
1822,3623.0,-18.3258,0.0,5.0,0.0,0.0
1823,3622.0,-18.3258,0.0,5.0,0.0,0.0
1824,3620.0,-18.3258,0.0,5.0,0.0,0.0
1825,3618.0,-18.3258,0.0,5.0,0.0,0.0
1826,3616.0,-18.3258,0.0,5.0,0.0,0.0
1827,3614.0,-18.3258,0.0,5.0,0.0,0.0
1828,3612.0,-18.3258,0.0,5.0,0.0,0.0
1829,3610.0,-18.3258,0.0,5.0,0.0,0.0
1830,3608.0,-6.5448,0.0,5.0,0.0,0.0
1831,3606.0,-6.5448,0.0,5.0,0.0,0.0
1832,3603.0,-6.5448,0.0,5.0,0.0,0.0
1833,3601.0,-6.5448,0.0,5.0,0.0,0.0
1834,3599.0,-6.5448,0.0,5.0,0.0,0.0
1835,3597.0,-6.5448,0.0,5.0,0.0,0.0
1836,3594.0,-6.5448,0.0,5.0,0.0,0.0
1837,3592.0,-6.5448,0.0,5.0,0.0,0.0
1838,3590.0,-6.5448,0.0,5.0,0.0,0.0
1839,3588.0,-6.5448,0.0,5.0,0.0,0.0
1840,3585.0,8.5086,0.0,5.0,0.0,0.0
1841,3583.0,8.5086,0.0,5.0,0.0,0.0
1842,3581.0,8.5086,0.0,5.0,0.0,0.0
1843,3579.0,8.5086,0.0,5.0,0.0,0.0
1844,3577.0,8.5086,0.0,5.0,0.0,0.0
1845,3576.0,8.5086,0.0,5.0,0.0,0.0
1846,3574.0,8.5086,0.0,5.0,0.0,0.0
1847,3573.0,8.5086,0.0,5.0,0.0,0.0
1848,3572.0,8.5086,0.0,5.0,0.0,0.0
1849,3571.0,8.5086,0.0,5.0,0.0,0.0
1850,3570.0,18.9806,0.0,5.0,0.0,0.0
1851,3569.0,18.9806,0.0,5.0,0.0,0.0
1852,3568.0,18.9806,0.0,5.0,0.0,0.0
1853,3568.0,18.9806,0.0,5.0,0.0,0.0
1854,3568.0,18.9806,0.0,5.0,0.0,0.0
1855,3568.0,18.9806,0.0,5.0,0.0,0.0
1856,3568.0,18.9806,0.0,5.0,0.0,0.0
1857,3568.0,18.9806,0.0,5.0,0.0,0.0
1858,3569.0,18.9806,0.0,5.0,0.0,0.0
1859,3569.0,18.9806,0.0,5.0,0.0,0.0
1860,3570.0,20.2896,0.0,5.0,0.0,0.0
1861,3571.0,20.2896,0.0,5.0,0.0,0.0
1862,3572.0,20.2896,0.0,5.0,0.0,0.0
1863,3573.0,20.2896,0.0,5.0,0.0,0.0
1864,3574.0,20.2896,0.0,5.0,0.0,0.0
1865,3576.0,20.2896,0.0,5.0,0.0,0.0
1866,3577.0,20.2896,0.0,5.0,0.0,0.0
1867,3579.0,20.2896,0.0,5.0,0.0,0.0
1868,3580.0,20.2896,0.0,5.0,0.0,0.0
1869,3582.0,20.2896,0.0,5.0,0.0,0.0
1870,3584.0,11.7812,0.0,5.0,0.0,0.0
1871,3586.0,11.7812,0.0,5.0,0.0,0.0
1872,3588.0,11.7812,0.0,5.0,0.0,0.0
1873,3590.0,11.7812,0.0,5.0,0.0,0.0
1874,3592.0,11.7812,0.0,5.0,0.0,0.0
1875,3594.0,11.7812,0.0,5.0,0.0,0.0
1876,3596.0,11.7812,0.0,5.0,0.0,0.0
1877,3599.0,11.7812,0.0,5.0,0.0,0.0
1878,3601.0,11.7812,0.0,5.0,0.0,0.0
1879,3603.0,11.7812,0.0,5.0,0.0,0.0
1880,3606.0,-2.6178,0.0,5.0,0.0,0.0
1881,3608.0,-2.6178,0.0,5.0,0.0,0.0
1882,3611.0,-2.6178,0.0,5.0,0.0,0.0
1883,3613.0,-2.6178,0.0,5.0,0.0,0.0
1884,3615.0,-2.6178,0.0,5.0,0.0,0.0
1885,3617.0,-2.6178,0.0,5.0,0.0,0.0
1886,3620.0,-2.6178,0.0,5.0,0.0,0.0
1887,3622.0,-2.6178,0.0,5.0,0.0,0.0
1888,3623.0,-2.6178,0.0,5.0,0.0,0.0
1889,3625.0,-2.6178,0.0,5.0,0.0,0.0
1890,3627.0,-16.3623,0.0,5.0,0.0,0.0
1891,3628.0,-16.3623,0.0,5.0,0.0,0.0
1892,3630.0,-16.3623,0.0,5.0,0.0,0.0
1893,3631.0,-16.3623,0.0,5.0,0.0,0.0
1894,3632.0,-16.3623,0.0,5.0,0.0,0.0
1895,3633.0,-16.3623,0.0,5.0,0.0,0.0
1896,3634.0,-16.3623,0.0,5.0,0.0,0.0
1897,3634.0,-16.3623,0.0,5.0,0.0,0.0
1898,3634.0,-16.3623,0.0,5.0,0.0,0.0
1899,3635.0,-16.3623,0.0,5.0,0.0,0.0
1900,3635.0,-22.9073,0.0,5.0,0.0,0.0
1901,3634.0,-22.9073,0.0,5.0,0.0,0.0
1902,3634.0,-22.9073,0.0,5.0,0.0,0.0
1903,3633.0,-22.9073,0.0,5.0,0.0,0.0
1904,3633.0,-22.9073,0.0,5.0,0.0,0.0
1905,3632.0,-22.9073,0.0,5.0,0.0,0.0
1906,3631.0,-22.9073,0.0,5.0,0.0,0.0
1907,3630.0,-22.9073,0.0,5.0,0.0,0.0
1908,3629.0,-22.9073,0.0,5.0,0.0,0.0
1909,3627.0,-22.9073,0.0,5.0,0.0,0.0
1910,3626.0,-17.6714,0.0,5.0,0.0,0.0
1911,3625.0,-17.6714,0.0,5.0,0.0,0.0
1912,3623.0,-17.6714,0.0,5.0,0.0,0.0
1913,3621.0,-17.6714,0.0,5.0,0.0,0.0
1914,3620.0,-17.6714,0.0,5.0,0.0,0.0
1915,3618.0,-17.6714,0.0,5.0,0.0,0.0
1916,3616.0,-17.6714,0.0,5.0,0.0,0.0
1917,3614.0,-17.6714,0.0,5.0,0.0,0.0
1918,3612.0,-17.6714,0.0,5.0,0.0,0.0
1919,3610.0,-17.6714,0.0,5.0,0.0,0.0
1920,3608.0,-6.5448,0.0,5.0,0.0,0.0
1921,3605.0,-6.5448,0.0,5.0,0.0,0.0
1922,3603.0,-6.5448,0.0,5.0,0.0,0.0
1923,3601.0,-6.5448,0.0,5.0,0.0,0.0
1924,3599.0,-6.5448,0.0,5.0,0.0,0.0
1925,3596.0,-6.5448,0.0,5.0,0.0,0.0
1926,3594.0,-6.5448,0.0,5.0,0.0,0.0
1927,3592.0,-6.5448,0.0,5.0,0.0,0.0
1928,3589.0,-6.5448,0.0,5.0,0.0,0.0
1929,3587.0,-6.5448,0.0,5.0,0.0,0.0
1930,3585.0,8.5086,0.0,5.0,0.0,0.0
1931,3583.0,8.5086,0.0,5.0,0.0,0.0
1932,3581.0,8.5086,0.0,5.0,0.0,0.0
1933,3579.0,8.5086,0.0,5.0,0.0,0.0
1934,3577.0,8.5086,0.0,5.0,0.0,0.0
1935,3575.0,8.5086,0.0,5.0,0.0,0.0
1936,3574.0,8.5086,0.0,5.0,0.0,0.0
1937,3572.0,8.5086,0.0,5.0,0.0,0.0
1938,3571.0,8.5086,0.0,5.0,0.0,0.0
1939,3570.0,8.5086,0.0,5.0,0.0,0.0
1940,3569.0,19.635,0.0,5.0,0.0,0.0
1941,3568.0,19.635,0.0,5.0,0.0,0.0
1942,3568.0,19.635,0.0,5.0,0.0,0.0
1943,3567.0,19.635,0.0,5.0,0.0,0.0
1944,3567.0,19.635,0.0,5.0,0.0,0.0
1945,3567.0,19.635,0.0,5.0,0.0,0.0
1946,3567.0,19.635,0.0,5.0,0.0,0.0
1947,3568.0,19.635,0.0,5.0,0.0,0.0
1948,3568.0,19.635,0.0,5.0,0.0,0.0
1949,3569.0,19.635,0.0,5.0,0.0,0.0
1950,3569.0,20.2896,0.0,5.0,0.0,0.0
1951,3570.0,20.2896,0.0,5.0,0.0,0.0
1952,3572.0,20.2896,0.0,5.0,0.0,0.0
1953,3573.0,20.2896,0.0,5.0,0.0,0.0
1954,3574.0,20.2896,0.0,5.0,0.0,0.0
1955,3575.0,20.2896,0.0,5.0,0.0,0.0
1956,3577.0,20.2896,0.0,5.0,0.0,0.0
1957,3578.0,20.2896,0.0,5.0,0.0,0.0
1958,3580.0,20.2896,0.0,5.0,0.0,0.0
1959,3582.0,20.2896,0.0,5.0,0.0,0.0
1960,3583.0,11.7812,0.0,5.0,0.0,0.0
1961,3585.0,11.7812,0.0,5.0,0.0,0.0
1962,3587.0,11.7812,0.0,5.0,0.0,0.0
1963,3589.0,11.7812,0.0,5.0,0.0,0.0
1964,3591.0,11.7812,0.0,5.0,0.0,0.0
1965,3594.0,11.7812,0.0,5.0,0.0,0.0
1966,3596.0,11.7812,0.0,5.0,0.0,0.0
1967,3598.0,11.7812,0.0,5.0,0.0,0.0
1968,3600.0,11.7812,0.0,5.0,0.0,0.0
1969,3603.0,11.7812,0.0,5.0,0.0,0.0
1970,3605.0,-1.9633,0.0,5.0,0.0,0.0
1971,3608.0,-1.9633,0.0,5.0,0.0,0.0
1972,3610.0,-1.9633,0.0,5.0,0.0,0.0
1973,3613.0,-1.9633,0.0,5.0,0.0,0.0
1974,3615.0,-1.9633,0.0,5.0,0.0,0.0
1975,3617.0,-1.9633,0.0,5.0,0.0,0.0
1976,3619.0,-1.9633,0.0,5.0,0.0,0.0
1977,3621.0,-1.9633,0.0,5.0,0.0,0.0
1978,3623.0,-1.9633,0.0,5.0,0.0,0.0
1979,3625.0,-1.9633,0.0,5.0,0.0,0.0
1980,3627.0,-16.3623,0.0,5.0,0.0,0.0
1981,3628.0,-16.3623,0.0,5.0,0.0,0.0
1982,3630.0,-16.3623,0.0,5.0,0.0,0.0
1983,3631.0,-16.3623,0.0,5.0,0.0,0.0
1984,3632.0,-16.3623,0.0,5.0,0.0,0.0
1985,3633.0,-16.3623,0.0,5.0,0.0,0.0
1986,3634.0,-16.3623,0.0,5.0,0.0,0.0
1987,3634.0,-16.3623,0.0,5.0,0.0,0.0
1988,3635.0,-16.3623,0.0,5.0,0.0,0.0
1989,3635.0,-16.3623,0.0,5.0,0.0,0.0
1990,3635.0,-22.9073,0.0,5.0,0.0,0.0
1991,3635.0,-22.9073,0.0,5.0,0.0,0.0
1992,3635.0,-22.9073,0.0,5.0,0.0,0.0
1993,3634.0,-22.9073,0.0,5.0,0.0,0.0
1994,3633.0,-22.9073,0.0,5.0,0.0,0.0
1995,3633.0,-22.9073,0.0,5.0,0.0,0.0
1996,3632.0,-22.9073,0.0,5.0,0.0,0.0
1997,3631.0,-22.9073,0.0,5.0,0.0,0.0
1998,3630.0,-22.9073,0.0,5.0,0.0,0.0
1999,3628.0,-22.9073,0.0,5.0,0.0,0.0
2000,3627.0,-18.3258,0.0,5.0,0.0,0.0
2001,3626.0,-18.3258,0.0,5.0,0.0,0.0
2002,3624.0,-18.3258,0.0,5.0,0.0,0.0
2003,3622.0,-18.3258,0.0,5.0,0.0,0.0
2004,3621.0,-18.3258,0.0,5.0,0.0,0.0
2005,3619.0,-18.3258,0.0,5.0,0.0,0.0
2006,3617.0,-18.3258,0.0,5.0,0.0,0.0
2007,3615.0,-18.3258,0.0,5.0,0.0,0.0
2008,3613.0,-18.3258,0.0,5.0,0.0,0.0
2009,3611.0,-18.3258,0.0,5.0,0.0,0.0
2010,3609.0,-7.1994,0.0,5.0,0.0,0.0
2011,3607.0,-7.1994,0.0,5.0,0.0,0.0
2012,3604.0,-7.1994,0.0,5.0,0.0,0.0
2013,3602.0,-7.1994,0.0,5.0,0.0,0.0
2014,3600.0,-7.1994,0.0,5.0,0.0,0.0
2015,3597.0,-7.1994,0.0,5.0,0.0,0.0
2016,3595.0,-7.1994,0.0,5.0,0.0,0.0
2017,3593.0,-7.1994,0.0,5.0,0.0,0.0
2018,3591.0,-7.1994,0.0,5.0,0.0,0.0
2019,3588.0,-7.1994,0.0,5.0,0.0,0.0
2020,3586.0,7.8542,0.0,5.0,0.0,0.0
2021,3584.0,7.8542,0.0,5.0,0.0,0.0
2022,3582.0,7.8542,0.0,5.0,0.0,0.0
2023,3580.0,7.8542,0.0,5.0,0.0,0.0
2024,3578.0,7.8542,0.0,5.0,0.0,0.0
2025,3576.0,7.8542,0.0,5.0,0.0,0.0
2026,3575.0,7.8542,0.0,5.0,0.0,0.0
2027,3573.0,7.8542,0.0,5.0,0.0,0.0
2028,3572.0,7.8542,0.0,5.0,0.0,0.0
2029,3571.0,7.8542,0.0,5.0,0.0,0.0
2030,3570.0,18.9806,0.0,5.0,0.0,0.0
2031,3569.0,18.9806,0.0,5.0,0.0,0.0
2032,3568.0,18.9806,0.0,5.0,0.0,0.0
2033,3568.0,18.9806,0.0,5.0,0.0,0.0
2034,3567.0,18.9806,0.0,5.0,0.0,0.0
2035,3567.0,18.9806,0.0,5.0,0.0,0.0
2036,3567.0,18.9806,0.0,5.0,0.0,0.0
2037,3568.0,18.9806,0.0,5.0,0.0,0.0
2038,3568.0,18.9806,0.0,5.0,0.0,0.0
2039,3568.0,18.9806,0.0,5.0,0.0,0.0
2040,3569.0,20.9441,0.0,5.0,0.0,0.0
2041,3570.0,20.9441,0.0,5.0,0.0,0.0
2042,3571.0,20.9441,0.0,5.0,0.0,0.0
2043,3572.0,20.9441,0.0,5.0,0.0,0.0
2044,3573.0,20.9441,0.0,5.0,0.0,0.0
2045,3575.0,20.9441,0.0,5.0,0.0,0.0
2046,3576.0,20.9441,0.0,5.0,0.0,0.0
2047,3577.0,20.9441,0.0,5.0,0.0,0.0
2048,3579.0,20.9441,0.0,5.0,0.0,0.0
2049,3581.0,20.9441,0.0,5.0,0.0,0.0
2050,3583.0,12.4356,0.0,5.0,0.0,0.0
2051,3584.0,12.4356,0.0,5.0,0.0,0.0
2052,3586.0,12.4356,0.0,5.0,0.0,0.0
2053,3588.0,12.4356,0.0,5.0,0.0,0.0
2054,3590.0,12.4356,0.0,5.0,0.0,0.0
2055,3592.0,12.4356,0.0,5.0,0.0,0.0
2056,3595.0,12.4356,0.0,5.0,0.0,0.0
2057,3597.0,12.4356,0.0,5.0,0.0,0.0
2058,3599.0,12.4356,0.0,5.0,0.0,0.0
2059,3602.0,12.4356,0.0,5.0,0.0,0.0
2060,3604.0,-1.3089,0.0,5.0,0.0,0.0
2061,3607.0,-1.3089,0.0,5.0,0.0,0.0
2062,3609.0,-1.3089,0.0,5.0,0.0,0.0
2063,3611.0,-1.3089,0.0,5.0,0.0,0.0
2064,3614.0,-1.3089,0.0,5.0,0.0,0.0
2065,3616.0,-1.3089,0.0,5.0,0.0,0.0
2066,3618.0,-1.3089,0.0,5.0,0.0,0.0
2067,3620.0,-1.3089,0.0,5.0,0.0,0.0
2068,3622.0,-1.3089,0.0,5.0,0.0,0.0
2069,3624.0,-1.3089,0.0,5.0,0.0,0.0
2070,3626.0,-15.7079,0.0,5.0,0.0,0.0
2071,3627.0,-15.7079,0.0,5.0,0.0,0.0
2072,3629.0,-15.7079,0.0,5.0,0.0,0.0
2073,3630.0,-15.7079,0.0,5.0,0.0,0.0
2074,3631.0,-15.7079,0.0,5.0,0.0,0.0
2075,3632.0,-15.7079,0.0,5.0,0.0,0.0
2076,3633.0,-15.7079,0.0,5.0,0.0,0.0
2077,3634.0,-15.7079,0.0,5.0,0.0,0.0
2078,3634.0,-15.7079,0.0,5.0,0.0,0.0
2079,3634.0,-15.7079,0.0,5.0,0.0,0.0
2080,3634.0,-22.2528,0.0,5.0,0.0,0.0
2081,3634.0,-22.2528,0.0,5.0,0.0,0.0
2082,3634.0,-22.2528,0.0,5.0,0.0,0.0
2083,3634.0,-22.2528,0.0,5.0,0.0,0.0
2084,3633.0,-22.2528,0.0,5.0,0.0,0.0
2085,3632.0,-22.2528,0.0,5.0,0.0,0.0
2086,3631.0,-22.2528,0.0,5.0,0.0,0.0
2087,3630.0,-22.2528,0.0,5.0,0.0,0.0
2088,3629.0,-22.2528,0.0,5.0,0.0,0.0
2089,3628.0,-22.2528,0.0,5.0,0.0,0.0
2090,3627.0,-18.3258,0.0,5.0,0.0,0.0
2091,3625.0,-18.3258,0.0,5.0,0.0,0.0
2092,3624.0,-18.3258,0.0,5.0,0.0,0.0
2093,3622.0,-18.3258,0.0,5.0,0.0,0.0
2094,3621.0,-18.3258,0.0,5.0,0.0,0.0
2095,3619.0,-18.3258,0.0,5.0,0.0,0.0
2096,3617.0,-18.3258,0.0,5.0,0.0,0.0
2097,3615.0,-18.3258,0.0,5.0,0.0,0.0
2098,3613.0,-18.3258,0.0,5.0,0.0,0.0
2099,3611.0,-18.3258,0.0,5.0,0.0,0.0
2100,3609.0,-7.1994,0.0,5.0,0.0,0.0
2101,3607.0,-7.1994,0.0,5.0,0.0,0.0
2102,3604.0,-7.1994,0.0,5.0,0.0,0.0
2103,3602.0,-7.1994,0.0,5.0,0.0,0.0
2104,3600.0,-7.1994,0.0,5.0,0.0,0.0
2105,3598.0,-7.1994,0.0,5.0,0.0,0.0
2106,3596.0,-7.1994,0.0,5.0,0.0,0.0
2107,3593.0,-7.1994,0.0,5.0,0.0,0.0
2108,3591.0,-7.1994,0.0,5.0,0.0,0.0
2109,3589.0,-7.1994,0.0,5.0,0.0,0.0
2110,3586.0,7.8542,0.0,5.0,0.0,0.0
2111,3584.0,7.8542,0.0,5.0,0.0,0.0
2112,3582.0,7.8542,0.0,5.0,0.0,0.0
2113,3580.0,7.8542,0.0,5.0,0.0,0.0
2114,3578.0,7.8542,0.0,5.0,0.0,0.0
2115,3577.0,7.8542,0.0,5.0,0.0,0.0
2116,3575.0,7.8542,0.0,5.0,0.0,0.0
2117,3574.0,7.8542,0.0,5.0,0.0,0.0
2118,3572.0,7.8542,0.0,5.0,0.0,0.0
2119,3571.0,7.8542,0.0,5.0,0.0,0.0
2120,3570.0,18.9806,0.0,5.0,0.0,0.0
2121,3569.0,18.9806,0.0,5.0,0.0,0.0
2122,3569.0,18.9806,0.0,5.0,0.0,0.0
2123,3568.0,18.9806,0.0,5.0,0.0,0.0
2124,3568.0,18.9806,0.0,5.0,0.0,0.0
2125,3568.0,18.9806,0.0,5.0,0.0,0.0
2126,3568.0,18.9806,0.0,5.0,0.0,0.0
2127,3568.0,18.9806,0.0,5.0,0.0,0.0
2128,3568.0,18.9806,0.0,5.0,0.0,0.0
2129,3569.0,18.9806,0.0,5.0,0.0,0.0
2130,3570.0,20.2896,0.0,5.0,0.0,0.0
2131,3571.0,20.2896,0.0,5.0,0.0,0.0
2132,3572.0,20.2896,0.0,5.0,0.0,0.0
2133,3573.0,20.2896,0.0,5.0,0.0,0.0
2134,3574.0,20.2896,0.0,5.0,0.0,0.0
2135,3575.0,20.2896,0.0,5.0,0.0,0.0
2136,3577.0,20.2896,0.0,5.0,0.0,0.0
2137,3578.0,20.2896,0.0,5.0,0.0,0.0
2138,3580.0,20.2896,0.0,5.0,0.0,0.0
2139,3581.0,20.2896,0.0,5.0,0.0,0.0
2140,3583.0,12.4356,0.0,5.0,0.0,0.0
2141,3585.0,12.4356,0.0,5.0,0.0,0.0
2142,3587.0,12.4356,0.0,5.0,0.0,0.0
2143,3589.0,12.4356,0.0,5.0,0.0,0.0
2144,3591.0,12.4356,0.0,5.0,0.0,0.0
2145,3593.0,12.4356,0.0,5.0,0.0,0.0
2146,3595.0,12.4356,0.0,5.0,0.0,0.0
2147,3597.0,12.4356,0.0,5.0,0.0,0.0
2148,3600.0,12.4356,0.0,5.0,0.0,0.0
2149,3602.0,12.4356,0.0,5.0,0.0,0.0
2150,3605.0,-1.3089,0.0,5.0,0.0,0.0
2151,3607.0,-1.3089,0.0,5.0,0.0,0.0
2152,3610.0,-1.3089,0.0,5.0,0.0,0.0
2153,3612.0,-1.3089,0.0,5.0,0.0,0.0
2154,3614.0,-1.3089,0.0,5.0,0.0,0.0
2155,3616.0,-1.3089,0.0,5.0,0.0,0.0
2156,3619.0,-1.3089,0.0,5.0,0.0,0.0
2157,3621.0,-1.3089,0.0,5.0,0.0,0.0
2158,3623.0,-1.3089,0.0,5.0,0.0,0.0
2159,3624.0,-1.3089,0.0,5.0,0.0,0.0
2160,3626.0,-16.3623,0.0,5.0,0.0,0.0
2161,3628.0,-16.3623,0.0,5.0,0.0,0.0
2162,3629.0,-16.3623,0.0,5.0,0.0,0.0
2163,3631.0,-16.3623,0.0,5.0,0.0,0.0
2164,3632.0,-16.3623,0.0,5.0,0.0,0.0
2165,3633.0,-16.3623,0.0,5.0,0.0,0.0
2166,3633.0,-16.3623,0.0,5.0,0.0,0.0
2167,3634.0,-16.3623,0.0,5.0,0.0,0.0
2168,3634.0,-16.3623,0.0,5.0,0.0,0.0
2169,3635.0,-16.3623,0.0,5.0,0.0,0.0
2170,3635.0,-22.9073,0.0,5.0,0.0,0.0
2171,3635.0,-22.9073,0.0,5.0,0.0,0.0
2172,3634.0,-22.9073,0.0,5.0,0.0,0.0
2173,3634.0,-22.9073,0.0,5.0,0.0,0.0
2174,3633.0,-22.9073,0.0,5.0,0.0,0.0
2175,3633.0,-22.9073,0.0,5.0,0.0,0.0
2176,3632.0,-22.9073,0.0,5.0,0.0,0.0
2177,3631.0,-22.9073,0.0,5.0,0.0,0.0
2178,3629.0,-22.9073,0.0,5.0,0.0,0.0
2179,3628.0,-22.9073,0.0,5.0,0.0,0.0
2180,3627.0,-18.3258,0.0,5.0,0.0,0.0
2181,3626.0,-18.3258,0.0,5.0,0.0,0.0
2182,3624.0,-18.3258,0.0,5.0,0.0,0.0
2183,3622.0,-18.3258,0.0,5.0,0.0,0.0
2184,3621.0,-18.3258,0.0,5.0,0.0,0.0
2185,3619.0,-18.3258,0.0,5.0,0.0,0.0
2186,3617.0,-18.3258,0.0,5.0,0.0,0.0
2187,3615.0,-18.3258,0.0,5.0,0.0,0.0
2188,3613.0,-18.3258,0.0,5.0,0.0,0.0
2189,3611.0,-18.3258,0.0,5.0,0.0,0.0
2190,3609.0,-7.1994,0.0,5.0,0.0,0.0
2191,3607.0,-7.1994,0.0,5.0,0.0,0.0
2192,3604.0,-7.1994,0.0,5.0,0.0,0.0
2193,3602.0,-7.1994,0.0,5.0,0.0,0.0
2194,3600.0,-7.1994,0.0,5.0,0.0,0.0
2195,3598.0,-7.1994,0.0,5.0,0.0,0.0
2196,3595.0,-7.1994,0.0,5.0,0.0,0.0
2197,3593.0,-7.1994,0.0,5.0,0.0,0.0
2198,3591.0,-7.1994,0.0,5.0,0.0,0.0
2199,3588.0,-7.1994,0.0,5.0,0.0,0.0
2200,3586.0,7.8542,0.0,5.0,0.0,0.0
2201,3584.0,7.8542,0.0,5.0,0.0,0.0
2202,3582.0,7.8542,0.0,5.0,0.0,0.0
2203,3580.0,7.8542,0.0,5.0,0.0,0.0
2204,3578.0,7.8542,0.0,5.0,0.0,0.0
2205,3576.0,7.8542,0.0,5.0,0.0,0.0
2206,3575.0,7.8542,0.0,5.0,0.0,0.0
2207,3573.0,7.8542,0.0,5.0,0.0,0.0
2208,3572.0,7.8542,0.0,5.0,0.0,0.0
2209,3571.0,7.8542,0.0,5.0,0.0,0.0
2210,3570.0,18.9806,0.0,5.0,0.0,0.0
2211,3569.0,18.9806,0.0,5.0,0.0,0.0
2212,3568.0,18.9806,0.0,5.0,0.0,0.0
2213,3568.0,18.9806,0.0,5.0,0.0,0.0
2214,3568.0,18.9806,0.0,5.0,0.0,0.0
2215,3568.0,18.9806,0.0,5.0,0.0,0.0
2216,3568.0,18.9806,0.0,5.0,0.0,0.0
2217,3568.0,18.9806,0.0,5.0,0.0,0.0
2218,3568.0,18.9806,0.0,5.0,0.0,0.0
2219,3569.0,18.9806,0.0,5.0,0.0,0.0
2220,3569.0,20.2896,0.0,5.0,0.0,0.0
2221,3570.0,20.2896,0.0,5.0,0.0,0.0
2222,3571.0,20.2896,0.0,5.0,0.0,0.0
2223,3572.0,20.2896,0.0,5.0,0.0,0.0
2224,3574.0,20.2896,0.0,5.0,0.0,0.0
2225,3575.0,20.2896,0.0,5.0,0.0,0.0
2226,3576.0,20.2896,0.0,5.0,0.0,0.0
2227,3578.0,20.2896,0.0,5.0,0.0,0.0
2228,3579.0,20.2896,0.0,5.0,0.0,0.0
2229,3581.0,20.2896,0.0,5.0,0.0,0.0
2230,3583.0,12.4356,0.0,5.0,0.0,0.0
2231,3585.0,12.4356,0.0,5.0,0.0,0.0
2232,3587.0,12.4356,0.0,5.0,0.0,0.0
2233,3589.0,12.4356,0.0,5.0,0.0,0.0
2234,3591.0,12.4356,0.0,5.0,0.0,0.0
2235,3593.0,12.4356,0.0,5.0,0.0,0.0
2236,3595.0,12.4356,0.0,5.0,0.0,0.0
2237,3597.0,12.4356,0.0,5.0,0.0,0.0
2238,3600.0,12.4356,0.0,5.0,0.0,0.0
2239,3602.0,12.4356,0.0,5.0,0.0,0.0
2240,3605.0,-1.3089,0.0,5.0,0.0,0.0
2241,3607.0,-1.3089,0.0,5.0,0.0,0.0
2242,3609.0,-1.3089,0.0,5.0,0.0,0.0
2243,3612.0,-1.3089,0.0,5.0,0.0,0.0
2244,3614.0,-1.3089,0.0,5.0,0.0,0.0
2245,3616.0,-1.3089,0.0,5.0,0.0,0.0
2246,3618.0,-1.3089,0.0,5.0,0.0,0.0
2247,3620.0,-1.3089,0.0,5.0,0.0,0.0
2248,3622.0,-1.3089,0.0,5.0,0.0,0.0
2249,3624.0,-1.3089,0.0,5.0,0.0,0.0
2250,3626.0,-15.7079,0.0,5.0,0.0,0.0
2251,3628.0,-15.7079,0.0,5.0,0.0,0.0
2252,3629.0,-15.7079,0.0,5.0,0.0,0.0
2253,3630.0,-15.7079,0.0,5.0,0.0,0.0
2254,3632.0,-15.7079,0.0,5.0,0.0,0.0
2255,3633.0,-15.7079,0.0,5.0,0.0,0.0
2256,3633.0,-15.7079,0.0,5.0,0.0,0.0
2257,3634.0,-15.7079,0.0,5.0,0.0,0.0
2258,3634.0,-15.7079,0.0,5.0,0.0,0.0
2259,3635.0,-15.7079,0.0,5.0,0.0,0.0
2260,3635.0,-22.9073,0.0,5.0,0.0,0.0
2261,3635.0,-22.9073,0.0,5.0,0.0,0.0
2262,3634.0,-22.9073,0.0,5.0,0.0,0.0
2263,3634.0,-22.9073,0.0,5.0,0.0,0.0
2264,3633.0,-22.9073,0.0,5.0,0.0,0.0
2265,3633.0,-22.9073,0.0,5.0,0.0,0.0
2266,3632.0,-22.9073,0.0,5.0,0.0,0.0
2267,3631.0,-22.9073,0.0,5.0,0.0,0.0
2268,3630.0,-22.9073,0.0,5.0,0.0,0.0
2269,3628.0,-22.9073,0.0,5.0,0.0,0.0
2270,3627.0,-18.3258,0.0,5.0,0.0,0.0
2271,3626.0,-18.3258,0.0,5.0,0.0,0.0
2272,3624.0,-18.3258,0.0,5.0,0.0,0.0
2273,3623.0,-18.3258,0.0,5.0,0.0,0.0
2274,3621.0,-18.3258,0.0,5.0,0.0,0.0
2275,3619.0,-18.3258,0.0,5.0,0.0,0.0
2276,3617.0,-18.3258,0.0,5.0,0.0,0.0
2277,3615.0,-18.3258,0.0,5.0,0.0,0.0
2278,3613.0,-18.3258,0.0,5.0,0.0,0.0
2279,3611.0,-18.3258,0.0,5.0,0.0,0.0
2280,3609.0,-7.1994,0.0,5.0,0.0,0.0
2281,3607.0,-7.1994,0.0,5.0,0.0,0.0
2282,3605.0,-7.1994,0.0,5.0,0.0,0.0
2283,3602.0,-7.1994,0.0,5.0,0.0,0.0
2284,3600.0,-7.1994,0.0,5.0,0.0,0.0
2285,3598.0,-7.1994,0.0,5.0,0.0,0.0
2286,3596.0,-7.1994,0.0,5.0,0.0,0.0
2287,3593.0,-7.1994,0.0,5.0,0.0,0.0
2288,3591.0,-7.1994,0.0,5.0,0.0,0.0
2289,3589.0,-7.1994,0.0,5.0,0.0,0.0
2290,3587.0,7.1996,0.0,5.0,0.0,0.0
2291,3584.0,7.1996,0.0,5.0,0.0,0.0
2292,3582.0,7.1996,0.0,5.0,0.0,0.0
2293,3580.0,7.1996,0.0,5.0,0.0,0.0
2294,3578.0,7.1996,0.0,5.0,0.0,0.0
2295,3577.0,7.1996,0.0,5.0,0.0,0.0
2296,3575.0,7.1996,0.0,5.0,0.0,0.0
2297,3574.0,7.1996,0.0,5.0,0.0,0.0
2298,3572.0,7.1996,0.0,5.0,0.0,0.0
2299,3571.0,7.1996,0.0,5.0,0.0,0.0
2300,3570.0,18.9806,0.0,5.0,0.0,0.0
2301,3569.0,18.9806,0.0,5.0,0.0,0.0
2302,3569.0,18.9806,0.0,5.0,0.0,0.0
2303,3568.0,18.9806,0.0,5.0,0.0,0.0
2304,3568.0,18.9806,0.0,5.0,0.0,0.0
2305,3568.0,18.9806,0.0,5.0,0.0,0.0
2306,3568.0,18.9806,0.0,5.0,0.0,0.0
2307,3568.0,18.9806,0.0,5.0,0.0,0.0
2308,3568.0,18.9806,0.0,5.0,0.0,0.0
2309,3568.0,18.9806,0.0,5.0,0.0,0.0
2310,3569.0,20.2896,0.0,5.0,0.0,0.0
2311,3570.0,20.2896,0.0,5.0,0.0,0.0
2312,3571.0,20.2896,0.0,5.0,0.0,0.0
2313,3572.0,20.2896,0.0,5.0,0.0,0.0
2314,3573.0,20.2896,0.0,5.0,0.0,0.0
2315,3575.0,20.2896,0.0,5.0,0.0,0.0
2316,3576.0,20.2896,0.0,5.0,0.0,0.0
2317,3577.0,20.2896,0.0,5.0,0.0,0.0
2318,3579.0,20.2896,0.0,5.0,0.0,0.0
2319,3581.0,20.2896,0.0,5.0,0.0,0.0
2320,3582.0,12.4356,0.0,5.0,0.0,0.0
2321,3584.0,12.4356,0.0,5.0,0.0,0.0
2322,3586.0,12.4356,0.0,5.0,0.0,0.0
2323,3588.0,12.4356,0.0,5.0,0.0,0.0
2324,3590.0,12.4356,0.0,5.0,0.0,0.0
2325,3592.0,12.4356,0.0,5.0,0.0,0.0
2326,3594.0,12.4356,0.0,5.0,0.0,0.0
2327,3597.0,12.4356,0.0,5.0,0.0,0.0
2328,3599.0,12.4356,0.0,5.0,0.0,0.0
2329,3601.0,12.4356,0.0,5.0,0.0,0.0
2330,3604.0,-0.6544,0.0,5.0,0.0,0.0
2331,3606.0,-0.6544,0.0,5.0,0.0,0.0
2332,3609.0,-0.6544,0.0,5.0,0.0,0.0
2333,3611.0,-0.6544,0.0,5.0,0.0,0.0
2334,3613.0,-0.6544,0.0,5.0,0.0,0.0
2335,3615.0,-0.6544,0.0,5.0,0.0,0.0
2336,3618.0,-0.6544,0.0,5.0,0.0,0.0
2337,3620.0,-0.6544,0.0,5.0,0.0,0.0
2338,3622.0,-0.6544,0.0,5.0,0.0,0.0
2339,3624.0,-0.6544,0.0,5.0,0.0,0.0
2340,3625.0,-15.7079,0.0,5.0,0.0,0.0
2341,3627.0,-15.7079,0.0,5.0,0.0,0.0
2342,3629.0,-15.7079,0.0,5.0,0.0,0.0
2343,3630.0,-15.7079,0.0,5.0,0.0,0.0
2344,3631.0,-15.7079,0.0,5.0,0.0,0.0
2345,3632.0,-15.7079,0.0,5.0,0.0,0.0
2346,3633.0,-15.7079,0.0,5.0,0.0,0.0
2347,3634.0,-15.7079,0.0,5.0,0.0,0.0
2348,3634.0,-15.7079,0.0,5.0,0.0,0.0
2349,3635.0,-15.7079,0.0,5.0,0.0,0.0
2350,3635.0,-22.9073,0.0,5.0,0.0,0.0
2351,3635.0,-22.9073,0.0,5.0,0.0,0.0
2352,3634.0,-22.9073,0.0,5.0,0.0,0.0
2353,3634.0,-22.9073,0.0,5.0,0.0,0.0
2354,3634.0,-22.9073,0.0,5.0,0.0,0.0
2355,3633.0,-22.9073,0.0,5.0,0.0,0.0
2356,3632.0,-22.9073,0.0,5.0,0.0,0.0
2357,3631.0,-22.9073,0.0,5.0,0.0,0.0
2358,3630.0,-22.9073,0.0,5.0,0.0,0.0
2359,3629.0,-22.9073,0.0,5.0,0.0,0.0
2360,3627.0,-18.9804,0.0,5.0,0.0,0.0
2361,3626.0,-18.9804,0.0,5.0,0.0,0.0
2362,3625.0,-18.9804,0.0,5.0,0.0,0.0
2363,3623.0,-18.9804,0.0,5.0,0.0,0.0
2364,3621.0,-18.9804,0.0,5.0,0.0,0.0
2365,3620.0,-18.9804,0.0,5.0,0.0,0.0
2366,3618.0,-18.9804,0.0,5.0,0.0,0.0
2367,3616.0,-18.9804,0.0,5.0,0.0,0.0
2368,3614.0,-18.9804,0.0,5.0,0.0,0.0
2369,3612.0,-18.9804,0.0,5.0,0.0,0.0
2370,3610.0,-7.8539,0.0,5.0,0.0,0.0
2371,3608.0,-7.8539,0.0,5.0,0.0,0.0
2372,3605.0,-7.8539,0.0,5.0,0.0,0.0
2373,3603.0,-7.8539,0.0,5.0,0.0,0.0
2374,3601.0,-7.8539,0.0,5.0,0.0,0.0
2375,3599.0,-7.8539,0.0,5.0,0.0,0.0
2376,3596.0,-7.8539,0.0,5.0,0.0,0.0
2377,3594.0,-7.8539,0.0,5.0,0.0,0.0
2378,3592.0,-7.8539,0.0,5.0,0.0,0.0
2379,3589.0,-7.8539,0.0,5.0,0.0,0.0
2380,3587.0,7.8542,0.0,5.0,0.0,0.0
2381,3585.0,7.8542,0.0,5.0,0.0,0.0
2382,3583.0,7.8542,0.0,5.0,0.0,0.0
2383,3581.0,7.8542,0.0,5.0,0.0,0.0
2384,3578.0,7.8542,0.0,5.0,0.0,0.0
2385,3577.0,7.8542,0.0,5.0,0.0,0.0
2386,3575.0,7.8542,0.0,5.0,0.0,0.0
2387,3574.0,7.8542,0.0,5.0,0.0,0.0
2388,3572.0,7.8542,0.0,5.0,0.0,0.0
2389,3571.0,7.8542,0.0,5.0,0.0,0.0
2390,3570.0,18.9806,0.0,5.0,0.0,0.0
2391,3569.0,18.9806,0.0,5.0,0.0,0.0
2392,3568.0,18.9806,0.0,5.0,0.0,0.0
2393,3567.0,18.9806,0.0,5.0,0.0,0.0
2394,3567.0,18.9806,0.0,5.0,0.0,0.0
2395,3567.0,18.9806,0.0,5.0,0.0,0.0
2396,3567.0,18.9806,0.0,5.0,0.0,0.0
2397,3567.0,18.9806,0.0,5.0,0.0,0.0
2398,3567.0,18.9806,0.0,5.0,0.0,0.0
2399,3568.0,18.9806,0.0,5.0,0.0,0.0
2400,3568.0,20.9441,0.0,5.0,0.0,0.0
2401,3569.0,20.9441,0.0,5.0,0.0,0.0
2402,3570.0,20.9441,0.0,5.0,0.0,0.0
2403,3571.0,20.9441,0.0,5.0,0.0,0.0
2404,3572.0,20.9441,0.0,5.0,0.0,0.0
2405,3573.0,20.9441,0.0,5.0,0.0,0.0
2406,3574.0,20.9441,0.0,5.0,0.0,0.0
2407,3576.0,20.9441,0.0,5.0,0.0,0.0
2408,3577.0,20.9441,0.0,5.0,0.0,0.0
2409,3579.0,20.9441,0.0,5.0,0.0,0.0
2410,3581.0,13.7447,0.0,5.0,0.0,0.0
2411,3583.0,13.7447,0.0,5.0,0.0,0.0
2412,3584.0,13.7447,0.0,5.0,0.0,0.0
2413,3586.0,13.7447,0.0,5.0,0.0,0.0
2414,3588.0,13.7447,0.0,5.0,0.0,0.0
2415,3590.0,13.7447,0.0,5.0,0.0,0.0
2416,3593.0,13.7447,0.0,5.0,0.0,0.0
2417,3595.0,13.7447,0.0,5.0,0.0,0.0
2418,3597.0,13.7447,0.0,5.0,0.0,0.0
2419,3600.0,13.7447,0.0,5.0,0.0,0.0
