TIME,PULSES,CONTROLLERVOLTAGE,CONTROLLER,KP,TAUD,TAUI 
NEXT EXPERIMENT0,3.0,10.6358,1.0,5.0,0.00625,0.0
1,7.0,10.6358,1.0,5.0,0.00625,0.0
2,11.0,10.6358,1.0,5.0,0.00625,0.0
3,15.0,10.6358,1.0,5.0,0.00625,0.0
4,19.0,10.6358,1.0,5.0,0.00625,0.0
5,23.0,10.6358,1.0,5.0,0.00625,0.0
6,27.0,10.6358,1.0,5.0,0.00625,0.0
7,31.0,10.6358,1.0,5.0,0.00625,0.0
8,35.0,10.6358,1.0,5.0,0.00625,0.0
9,39.0,10.6358,1.0,5.0,0.00625,0.0
10,43.0,3783.2466,1.0,5.0,0.00625,0.0
11,47.0,3783.2466,1.0,5.0,0.00625,0.0
12,51.0,3783.2466,1.0,5.0,0.00625,0.0
13,55.0,3783.2466,1.0,5.0,0.00625,0.0
14,59.0,3783.2466,1.0,5.0,0.00625,0.0
15,63.0,3783.2466,1.0,5.0,0.00625,0.0
16,67.0,3783.2466,1.0,5.0,0.00625,0.0
17,71.0,3783.2466,1.0,5.0,0.00625,0.0
18,75.0,3783.2466,1.0,5.0,0.00625,0.0
19,79.0,3783.2466,1.0,5.0,0.00625,0.0
20,83.0,2288.1267,1.0,5.0,0.00625,0.0
21,87.0,2288.1267,1.0,5.0,0.00625,0.0
22,91.0,2288.1267,1.0,5.0,0.00625,0.0
23,95.0,2288.1267,1.0,5.0,0.00625,0.0
24,99.0,2288.1267,1.0,5.0,0.00625,0.0
25,104.0,2288.1267,1.0,5.0,0.00625,0.0
26,108.0,2288.1267,1.0,5.0,0.00625,0.0
27,113.0,2288.1267,1.0,5.0,0.00625,0.0
28,117.0,2288.1267,1.0,5.0,0.00625,0.0
29,121.0,2288.1267,1.0,5.0,0.00625,0.0
30,125.0,2259.8196,1.0,5.0,0.00625,0.0
31,130.0,2259.8196,1.0,5.0,0.00625,0.0
32,134.0,2259.8196,1.0,5.0,0.00625,0.0
33,138.0,2259.8196,1.0,5.0,0.00625,0.0
34,142.0,2259.8196,1.0,5.0,0.00625,0.0
35,146.0,2259.8196,1.0,5.0,0.00625,0.0
36,151.0,2259.8196,1.0,5.0,0.00625,0.0
37,155.0,2259.8196,1.0,5.0,0.00625,0.0
38,159.0,2259.8196,1.0,5.0,0.00625,0.0
39,163.0,2259.8196,1.0,5.0,0.00625,0.0
40,168.0,2231.2673,1.0,5.0,0.00625,0.0
41,172.0,2231.2673,1.0,5.0,0.00625,0.0
42,176.0,2231.2673,1.0,5.0,0.00625,0.0
43,180.0,2231.2673,1.0,5.0,0.00625,0.0
44,185.0,2231.2673,1.0,5.0,0.00625,0.0
45,189.0,2231.2673,1.0,5.0,0.00625,0.0
46,193.0,2231.2673,1.0,5.0,0.00625,0.0
47,198.0,2231.2673,1.0,5.0,0.00625,0.0
48,202.0,2231.2673,1.0,5.0,0.00625,0.0
49,206.0,2231.2673,1.0,5.0,0.00625,0.0
50,210.0,2204.1873,1.0,5.0,0.00625,0.0
51,215.0,2204.1873,1.0,5.0,0.00625,0.0
52,219.0,2204.1873,1.0,5.0,0.00625,0.0
53,223.0,2204.1873,1.0,5.0,0.00625,0.0
54,228.0,2204.1873,1.0,5.0,0.00625,0.0
55,232.0,2204.1873,1.0,5.0,0.00625,0.0
56,236.0,2204.1873,1.0,5.0,0.00625,0.0
57,241.0,2204.1873,1.0,5.0,0.00625,0.0
58,245.0,2204.1873,1.0,5.0,0.00625,0.0
59,249.0,2204.1873,1.0,5.0,0.00625,0.0
60,254.0,2174.5713,1.0,5.0,0.00625,0.0
61,258.0,2174.5713,1.0,5.0,0.00625,0.0
62,262.0,2174.5713,1.0,5.0,0.00625,0.0
63,267.0,2174.5713,1.0,5.0,0.00625,0.0
64,271.0,2174.5713,1.0,5.0,0.00625,0.0
65,276.0,2174.5713,1.0,5.0,0.00625,0.0
66,280.0,2174.5713,1.0,5.0,0.00625,0.0
67,283.0,2174.5713,1.0,5.0,0.00625,0.0
68,288.0,2174.5713,1.0,5.0,0.00625,0.0
69,292.0,2174.5713,1.0,5.0,0.00625,0.0
70,296.0,2147.9004,1.0,5.0,0.00625,0.0
71,301.0,2147.9004,1.0,5.0,0.00625,0.0
72,305.0,2147.9004,1.0,5.0,0.00625,0.0
73,310.0,2147.9004,1.0,5.0,0.00625,0.0
74,314.0,2147.9004,1.0,5.0,0.00625,0.0
75,318.0,2147.9004,1.0,5.0,0.00625,0.0
76,323.0,2147.9004,1.0,5.0,0.00625,0.0
77,326.0,2147.9004,1.0,5.0,0.00625,0.0
78,331.0,2147.9004,1.0,5.0,0.00625,0.0
79,335.0,2147.9004,1.0,5.0,0.00625,0.0
80,340.0,2119.3479,1.0,5.0,0.00625,0.0
81,344.0,2119.3479,1.0,5.0,0.00625,0.0
82,348.0,2119.3479,1.0,5.0,0.00625,0.0
83,353.0,2119.3479,1.0,5.0,0.00625,0.0
84,357.0,2119.3479,1.0,5.0,0.00625,0.0
85,361.0,2119.3479,1.0,5.0,0.00625,0.0
86,366.0,2119.3479,1.0,5.0,0.00625,0.0
87,370.0,2119.3479,1.0,5.0,0.00625,0.0
88,375.0,2119.3479,1.0,5.0,0.00625,0.0
89,379.0,2119.3479,1.0,5.0,0.00625,0.0
90,384.0,2089.0774,1.0,5.0,0.00625,0.0
91,388.0,2089.0774,1.0,5.0,0.00625,0.0
92,393.0,2089.0774,1.0,5.0,0.00625,0.0
93,397.0,2089.0774,1.0,5.0,0.00625,0.0
94,401.0,2089.0774,1.0,5.0,0.00625,0.0
95,406.0,2089.0774,1.0,5.0,0.00625,0.0
96,410.0,2089.0774,1.0,5.0,0.00625,0.0
97,415.0,2089.0774,1.0,5.0,0.00625,0.0
98,419.0,2089.0774,1.0,5.0,0.00625,0.0
99,424.0,2089.0774,1.0,5.0,0.00625,0.0
100,428.0,2060.6885,1.0,5.0,0.00625,0.0
101,433.0,2060.6885,1.0,5.0,0.00625,0.0
102,437.0,2060.6885,1.0,5.0,0.00625,0.0
103,441.0,2060.6885,1.0,5.0,0.00625,0.0
104,446.0,2060.6885,1.0,5.0,0.00625,0.0
105,451.0,2060.6885,1.0,5.0,0.00625,0.0
106,456.0,2060.6885,1.0,5.0,0.00625,0.0
107,460.0,2060.6885,1.0,5.0,0.00625,0.0
108,465.0,2060.6885,1.0,5.0,0.00625,0.0
109,469.0,2060.6885,1.0,5.0,0.00625,0.0
110,475.0,2030.8271,1.0,5.0,0.00625,0.0
111,479.0,2030.8271,1.0,5.0,0.00625,0.0
112,483.0,2030.8271,1.0,5.0,0.00625,0.0
113,488.0,2030.8271,1.0,5.0,0.00625,0.0
114,492.0,2030.8271,1.0,5.0,0.00625,0.0
115,497.0,2030.8271,1.0,5.0,0.00625,0.0
116,501.0,2030.8271,1.0,5.0,0.00625,0.0
117,506.0,2030.8271,1.0,5.0,0.00625,0.0
118,510.0,2030.8271,1.0,5.0,0.00625,0.0
119,515.0,2030.8271,1.0,5.0,0.00625,0.0
120,519.0,2000.3109,1.0,5.0,0.00625,0.0
121,523.0,2000.3109,1.0,5.0,0.00625,0.0
122,527.0,2000.3109,1.0,5.0,0.00625,0.0
123,531.0,2000.3109,1.0,5.0,0.00625,0.0
124,536.0,2000.3109,1.0,5.0,0.00625,0.0
125,540.0,2000.3109,1.0,5.0,0.00625,0.0
126,545.0,2000.3109,1.0,5.0,0.00625,0.0
127,549.0,2000.3109,1.0,5.0,0.00625,0.0
128,554.0,2000.3109,1.0,5.0,0.00625,0.0
129,558.0,2000.3109,1.0,5.0,0.00625,0.0
130,563.0,1973.3949,1.0,5.0,0.00625,0.0
131,567.0,1973.3949,1.0,5.0,0.00625,0.0
132,572.0,1973.3949,1.0,5.0,0.00625,0.0
133,576.0,1973.3949,1.0,5.0,0.00625,0.0
134,580.0,1973.3949,1.0,5.0,0.00625,0.0
135,585.0,1973.3949,1.0,5.0,0.00625,0.0
136,589.0,1973.3949,1.0,5.0,0.00625,0.0
137,594.0,1973.3949,1.0,5.0,0.00625,0.0
138,598.0,1973.3949,1.0,5.0,0.00625,0.0
139,603.0,1973.3949,1.0,5.0,0.00625,0.0
140,607.0,1943.1243,1.0,5.0,0.00625,0.0
141,612.0,1943.1243,1.0,5.0,0.00625,0.0
142,617.0,1943.1243,1.0,5.0,0.00625,0.0
143,622.0,1943.1243,1.0,5.0,0.00625,0.0
144,626.0,1943.1243,1.0,5.0,0.00625,0.0
145,631.0,1943.1243,1.0,5.0,0.00625,0.0
146,634.0,1943.1243,1.0,5.0,0.00625,0.0
147,638.0,1943.1243,1.0,5.0,0.00625,0.0
148,643.0,1943.1243,1.0,5.0,0.00625,0.0
149,647.0,1943.1243,1.0,5.0,0.00625,0.0
150,652.0,1913.6719,1.0,5.0,0.00625,0.0
151,656.0,1913.6719,1.0,5.0,0.00625,0.0
152,661.0,1913.6719,1.0,5.0,0.00625,0.0
153,665.0,1913.6719,1.0,5.0,0.00625,0.0
154,670.0,1913.6719,1.0,5.0,0.00625,0.0
155,674.0,1913.6719,1.0,5.0,0.00625,0.0
156,679.0,1913.6719,1.0,5.0,0.00625,0.0
157,683.0,1913.6719,1.0,5.0,0.00625,0.0
158,688.0,1913.6719,1.0,5.0,0.00625,0.0
159,692.0,1913.6719,1.0,5.0,0.00625,0.0
160,698.0,1885.283,1.0,5.0,0.00625,0.0
161,702.0,1885.283,1.0,5.0,0.00625,0.0
162,707.0,1885.283,1.0,5.0,0.00625,0.0
163,711.0,1885.283,1.0,5.0,0.00625,0.0
164,716.0,1885.283,1.0,5.0,0.00625,0.0
165,720.0,1885.283,1.0,5.0,0.00625,0.0
166,725.0,1885.283,1.0,5.0,0.00625,0.0
167,729.0,1885.283,1.0,5.0,0.00625,0.0
168,733.0,1885.283,1.0,5.0,0.00625,0.0
169,738.0,1885.283,1.0,5.0,0.00625,0.0
170,742.0,1854.358,1.0,5.0,0.00625,0.0
171,747.0,1854.358,1.0,5.0,0.00625,0.0
172,751.0,1854.358,1.0,5.0,0.00625,0.0
173,756.0,1854.358,1.0,5.0,0.00625,0.0
174,760.0,1854.358,1.0,5.0,0.00625,0.0
175,765.0,1854.358,1.0,5.0,0.00625,0.0
176,769.0,1854.358,1.0,5.0,0.00625,0.0
177,774.0,1854.358,1.0,5.0,0.00625,0.0
178,778.0,1854.358,1.0,5.0,0.00625,0.0
179,783.0,1854.358,1.0,5.0,0.00625,0.0
180,787.0,1825.3145,1.0,5.0,0.00625,0.0
181,792.0,1825.3145,1.0,5.0,0.00625,0.0
182,796.0,1825.3145,1.0,5.0,0.00625,0.0
183,801.0,1825.3145,1.0,5.0,0.00625,0.0
184,805.0,1825.3145,1.0,5.0,0.00625,0.0
185,810.0,1825.3145,1.0,5.0,0.00625,0.0
186,814.0,1825.3145,1.0,5.0,0.00625,0.0
187,819.0,1825.3145,1.0,5.0,0.00625,0.0
188,823.0,1825.3145,1.0,5.0,0.00625,0.0
189,827.0,1825.3145,1.0,5.0,0.00625,0.0
190,832.0,1795.8622,1.0,5.0,0.00625,0.0
191,836.0,1795.8622,1.0,5.0,0.00625,0.0
192,841.0,1795.8622,1.0,5.0,0.00625,0.0
193,845.0,1795.8622,1.0,5.0,0.00625,0.0
194,850.0,1795.8622,1.0,5.0,0.00625,0.0
195,854.0,1795.8622,1.0,5.0,0.00625,0.0
196,860.0,1795.8622,1.0,5.0,0.00625,0.0
197,864.0,1795.8622,1.0,5.0,0.00625,0.0
198,869.0,1795.8622,1.0,5.0,0.00625,0.0
199,873.0,1795.8622,1.0,5.0,0.00625,0.0
200,878.0,1765.3461,1.0,5.0,0.00625,0.0
201,882.0,1765.3461,1.0,5.0,0.00625,0.0
202,887.0,1765.3461,1.0,5.0,0.00625,0.0
203,891.0,1765.3461,1.0,5.0,0.00625,0.0
204,896.0,1765.3461,1.0,5.0,0.00625,0.0
205,900.0,1765.3461,1.0,5.0,0.00625,0.0
206,905.0,1765.3461,1.0,5.0,0.00625,0.0
207,910.0,1765.3461,1.0,5.0,0.00625,0.0
208,915.0,1765.3461,1.0,5.0,0.00625,0.0
209,919.0,1765.3461,1.0,5.0,0.00625,0.0
210,923.0,1736.3029,1.0,5.0,0.00625,0.0
211,928.0,1736.3029,1.0,5.0,0.00625,0.0
212,933.0,1736.3029,1.0,5.0,0.00625,0.0
213,938.0,1736.3029,1.0,5.0,0.00625,0.0
214,942.0,1736.3029,1.0,5.0,0.00625,0.0
215,947.0,1736.3029,1.0,5.0,0.00625,0.0
216,951.0,1736.3029,1.0,5.0,0.00625,0.0
217,956.0,1736.3029,1.0,5.0,0.00625,0.0
218,960.0,1736.3029,1.0,5.0,0.00625,0.0
219,965.0,1736.3029,1.0,5.0,0.00625,0.0
220,969.0,1705.7867,1.0,5.0,0.00625,0.0
221,974.0,1705.7867,1.0,5.0,0.00625,0.0
222,978.0,1705.7867,1.0,5.0,0.00625,0.0
223,983.0,1705.7867,1.0,5.0,0.00625,0.0
224,987.0,1705.7867,1.0,5.0,0.00625,0.0
225,993.0,1705.7867,1.0,5.0,0.00625,0.0
226,997.0,1705.7867,1.0,5.0,0.00625,0.0
227,1002.0,1705.7867,1.0,5.0,0.00625,0.0
228,1006.0,1705.7867,1.0,5.0,0.00625,0.0
229,1011.0,1705.7867,1.0,5.0,0.00625,0.0
230,1015.0,1675.6801,1.0,5.0,0.00625,0.0
231,1019.0,1675.6801,1.0,5.0,0.00625,0.0
232,1024.0,1675.6801,1.0,5.0,0.00625,0.0
233,1028.0,1675.6801,1.0,5.0,0.00625,0.0
234,1033.0,1675.6801,1.0,5.0,0.00625,0.0
235,1037.0,1675.6801,1.0,5.0,0.00625,0.0
236,1042.0,1675.6801,1.0,5.0,0.00625,0.0
237,1046.0,1675.6801,1.0,5.0,0.00625,0.0
238,1051.0,1675.6801,1.0,5.0,0.00625,0.0
239,1054.0,1675.6801,1.0,5.0,0.00625,0.0
240,1059.0,1647.7,1.0,5.0,0.00625,0.0
241,1063.0,1647.7,1.0,5.0,0.00625,0.0
242,1068.0,1647.7,1.0,5.0,0.00625,0.0
243,1072.0,1647.7,1.0,5.0,0.00625,0.0
244,1077.0,1647.7,1.0,5.0,0.00625,0.0
245,1081.0,1647.7,1.0,5.0,0.00625,0.0
246,1087.0,1647.7,1.0,5.0,0.00625,0.0
247,1091.0,1647.7,1.0,5.0,0.00625,0.0
248,1096.0,1647.7,1.0,5.0,0.00625,0.0
249,1100.0,1647.7,1.0,5.0,0.00625,0.0
250,1104.0,1617.8386,1.0,5.0,0.00625,0.0
251,1108.0,1617.8386,1.0,5.0,0.00625,0.0
252,1113.0,1617.8386,1.0,5.0,0.00625,0.0
253,1117.0,1617.8386,1.0,5.0,0.00625,0.0
254,1121.0,1617.8386,1.0,5.0,0.00625,0.0
255,1126.0,1617.8386,1.0,5.0,0.00625,0.0
256,1130.0,1617.8386,1.0,5.0,0.00625,0.0
257,1135.0,1617.8386,1.0,5.0,0.00625,0.0
258,1139.0,1617.8386,1.0,5.0,0.00625,0.0
259,1144.0,1617.8386,1.0,5.0,0.00625,0.0
260,1148.0,1589.4498,1.0,5.0,0.00625,0.0
261,1153.0,1589.4498,1.0,5.0,0.00625,0.0
262,1157.0,1589.4498,1.0,5.0,0.00625,0.0
263,1162.0,1589.4498,1.0,5.0,0.00625,0.0
264,1166.0,1589.4498,1.0,5.0,0.00625,0.0
265,1171.0,1589.4498,1.0,5.0,0.00625,0.0
266,1175.0,1589.4498,1.0,5.0,0.00625,0.0
267,1181.0,1589.4498,1.0,5.0,0.00625,0.0
268,1185.0,1589.4498,1.0,5.0,0.00625,0.0
269,1190.0,1589.4498,1.0,5.0,0.00625,0.0
270,1194.0,1558.5247,1.0,5.0,0.00625,0.0
271,1198.0,1558.5247,1.0,5.0,0.00625,0.0
272,1202.0,1558.5247,1.0,5.0,0.00625,0.0
273,1207.0,1558.5247,1.0,5.0,0.00625,0.0
274,1211.0,1558.5247,1.0,5.0,0.00625,0.0
275,1215.0,1558.5247,1.0,5.0,0.00625,0.0
276,1220.0,1558.5247,1.0,5.0,0.00625,0.0
277,1224.0,1558.5247,1.0,5.0,0.00625,0.0
278,1229.0,1558.5247,1.0,5.0,0.00625,0.0
279,1233.0,1558.5247,1.0,5.0,0.00625,0.0
280,1238.0,1530.5447,1.0,5.0,0.00625,0.0
281,1242.0,1530.5447,1.0,5.0,0.00625,0.0
282,1246.0,1530.5447,1.0,5.0,0.00625,0.0
283,1250.0,1530.5447,1.0,5.0,0.00625,0.0
284,1255.0,1530.5447,1.0,5.0,0.00625,0.0
285,1259.0,1530.5447,1.0,5.0,0.00625,0.0
286,1264.0,1530.5447,1.0,5.0,0.00625,0.0
287,1268.0,1530.5447,1.0,5.0,0.00625,0.0
288,1273.0,1530.5447,1.0,5.0,0.00625,0.0
289,1278.0,1530.5447,1.0,5.0,0.00625,0.0
290,1283.0,1501.7468,1.0,5.0,0.00625,0.0
291,1287.0,1501.7468,1.0,5.0,0.00625,0.0
292,1292.0,1501.7468,1.0,5.0,0.00625,0.0
293,1296.0,1501.7468,1.0,5.0,0.00625,0.0
294,1301.0,1501.7468,1.0,5.0,0.00625,0.0
295,1305.0,1501.7468,1.0,5.0,0.00625,0.0
296,1310.0,1501.7468,1.0,5.0,0.00625,0.0
297,1314.0,1501.7468,1.0,5.0,0.00625,0.0
298,1318.0,1501.7468,1.0,5.0,0.00625,0.0
299,1323.0,1501.7468,1.0,5.0,0.00625,0.0
300,1327.0,1471.8854,1.0,5.0,0.00625,0.0
301,1332.0,1471.8854,1.0,5.0,0.00625,0.0
302,1336.0,1471.8854,1.0,5.0,0.00625,0.0
303,1340.0,1471.8854,1.0,5.0,0.00625,0.0
304,1344.0,1471.8854,1.0,5.0,0.00625,0.0
305,1349.0,1471.8854,1.0,5.0,0.00625,0.0
306,1353.0,1471.8854,1.0,5.0,0.00625,0.0
307,1358.0,1471.8854,1.0,5.0,0.00625,0.0
308,1362.0,1471.8854,1.0,5.0,0.00625,0.0
309,1367.0,1471.8854,1.0,5.0,0.00625,0.0
310,1371.0,1443.4966,1.0,5.0,0.00625,0.0
311,1376.0,1443.4966,1.0,5.0,0.00625,0.0
312,1380.0,1443.4966,1.0,5.0,0.00625,0.0
313,1385.0,1443.4966,1.0,5.0,0.00625,0.0
314,1389.0,1443.4966,1.0,5.0,0.00625,0.0
315,1394.0,1443.4966,1.0,5.0,0.00625,0.0
316,1398.0,1443.4966,1.0,5.0,0.00625,0.0
317,1403.0,1443.4966,1.0,5.0,0.00625,0.0
318,1408.0,1443.4966,1.0,5.0,0.00625,0.0
319,1412.0,1443.4966,1.0,5.0,0.00625,0.0
320,1417.0,1412.5713,1.0,5.0,0.00625,0.0
321,1421.0,1412.5713,1.0,5.0,0.00625,0.0
322,1426.0,1412.5713,1.0,5.0,0.00625,0.0
323,1430.0,1412.5713,1.0,5.0,0.00625,0.0
324,1435.0,1412.5713,1.0,5.0,0.00625,0.0
325,1439.0,1412.5713,1.0,5.0,0.00625,0.0
326,1444.0,1412.5713,1.0,5.0,0.00625,0.0
327,1448.0,1412.5713,1.0,5.0,0.00625,0.0
328,1453.0,1412.5713,1.0,5.0,0.00625,0.0
329,1457.0,1412.5713,1.0,5.0,0.00625,0.0
330,1462.0,1383.5281,1.0,5.0,0.00625,0.0
331,1466.0,1383.5281,1.0,5.0,0.00625,0.0
332,1472.0,1383.5281,1.0,5.0,0.00625,0.0
333,1476.0,1383.5281,1.0,5.0,0.00625,0.0
334,1481.0,1383.5281,1.0,5.0,0.00625,0.0
335,1486.0,1383.5281,1.0,5.0,0.00625,0.0
336,1491.0,1383.5281,1.0,5.0,0.00625,0.0
337,1495.0,1383.5281,1.0,5.0,0.00625,0.0
338,1500.0,1383.5281,1.0,5.0,0.00625,0.0
339,1504.0,1383.5281,1.0,5.0,0.00625,0.0
340,1508.0,1353.0121,1.0,5.0,0.00625,0.0
341,1513.0,1353.0121,1.0,5.0,0.00625,0.0
342,1517.0,1353.0121,1.0,5.0,0.00625,0.0
343,1522.0,1353.0121,1.0,5.0,0.00625,0.0
344,1526.0,1353.0121,1.0,5.0,0.00625,0.0
345,1531.0,1353.0121,1.0,5.0,0.00625,0.0
346,1534.0,1353.0121,1.0,5.0,0.00625,0.0
347,1539.0,1353.0121,1.0,5.0,0.00625,0.0
348,1543.0,1353.0121,1.0,5.0,0.00625,0.0
349,1548.0,1353.0121,1.0,5.0,0.00625,0.0
350,1552.0,1325.0323,1.0,5.0,0.00625,0.0
351,1557.0,1325.0323,1.0,5.0,0.00625,0.0
352,1561.0,1325.0323,1.0,5.0,0.00625,0.0
353,1566.0,1325.0323,1.0,5.0,0.00625,0.0
354,1570.0,1325.0323,1.0,5.0,0.00625,0.0
355,1575.0,1325.0323,1.0,5.0,0.00625,0.0
356,1579.0,1325.0323,1.0,5.0,0.00625,0.0
357,1583.0,1325.0323,1.0,5.0,0.00625,0.0
358,1587.0,1325.0323,1.0,5.0,0.00625,0.0
359,1592.0,1325.0323,1.0,5.0,0.00625,0.0
360,1596.0,1296.2344,1.0,5.0,0.00625,0.0
361,1600.0,1296.2344,1.0,5.0,0.00625,0.0
362,1605.0,1296.2344,1.0,5.0,0.00625,0.0
363,1609.0,1296.2344,1.0,5.0,0.00625,0.0
364,1614.0,1296.2344,1.0,5.0,0.00625,0.0
365,1618.0,1296.2344,1.0,5.0,0.00625,0.0
366,1623.0,1296.2344,1.0,5.0,0.00625,0.0
367,1628.0,1296.2344,1.0,5.0,0.00625,0.0
368,1632.0,1296.2344,1.0,5.0,0.00625,0.0
369,1636.0,1296.2344,1.0,5.0,0.00625,0.0
370,1641.0,1266.3728,1.0,5.0,0.00625,0.0
371,1645.0,1266.3728,1.0,5.0,0.00625,0.0
372,1650.0,1266.3728,1.0,5.0,0.00625,0.0
373,1654.0,1266.3728,1.0,5.0,0.00625,0.0
374,1659.0,1266.3728,1.0,5.0,0.00625,0.0
375,1663.0,1266.3728,1.0,5.0,0.00625,0.0
376,1668.0,1266.3728,1.0,5.0,0.00625,0.0
377,1672.0,1266.3728,1.0,5.0,0.00625,0.0
378,1678.0,1266.3728,1.0,5.0,0.00625,0.0
379,1682.0,1266.3728,1.0,5.0,0.00625,0.0
380,1687.0,1235.8569,1.0,5.0,0.00625,0.0
381,1691.0,1235.8569,1.0,5.0,0.00625,0.0
382,1697.0,1235.8569,1.0,5.0,0.00625,0.0
383,1701.0,1235.8569,1.0,5.0,0.00625,0.0
384,1705.0,1235.8569,1.0,5.0,0.00625,0.0
385,1710.0,1235.8569,1.0,5.0,0.00625,0.0
386,1714.0,1235.8569,1.0,5.0,0.00625,0.0
387,1719.0,1235.8569,1.0,5.0,0.00625,0.0
388,1723.0,1235.8569,1.0,5.0,0.00625,0.0
389,1728.0,1235.8569,1.0,5.0,0.00625,0.0
390,1732.0,1206.8135,1.0,5.0,0.00625,0.0
391,1737.0,1206.8135,1.0,5.0,0.00625,0.0
392,1741.0,1206.8135,1.0,5.0,0.00625,0.0
393,1746.0,1206.8135,1.0,5.0,0.00625,0.0
394,1750.0,1206.8135,1.0,5.0,0.00625,0.0
395,1755.0,1206.8135,1.0,5.0,0.00625,0.0
396,1759.0,1206.8135,1.0,5.0,0.00625,0.0
397,1764.0,1206.8135,1.0,5.0,0.00625,0.0
398,1768.0,1206.8135,1.0,5.0,0.00625,0.0
399,1773.0,1206.8135,1.0,5.0,0.00625,0.0
400,1778.0,1177.3611,1.0,5.0,0.00625,0.0
401,1783.0,1177.3611,1.0,5.0,0.00625,0.0
402,1787.0,1177.3611,1.0,5.0,0.00625,0.0
403,1792.0,1177.3611,1.0,5.0,0.00625,0.0
404,1796.0,1177.3611,1.0,5.0,0.00625,0.0
405,1800.0,1177.3611,1.0,5.0,0.00625,0.0
406,1805.0,1177.3611,1.0,5.0,0.00625,0.0
407,1809.0,1177.3611,1.0,5.0,0.00625,0.0
408,1814.0,1177.3611,1.0,5.0,0.00625,0.0
409,1819.0,1177.3611,1.0,5.0,0.00625,0.0
410,1823.0,1146.8451,1.0,5.0,0.00625,0.0
411,1827.0,1146.8451,1.0,5.0,0.00625,0.0
412,1832.0,1146.8451,1.0,5.0,0.00625,0.0
413,1836.0,1146.8451,1.0,5.0,0.00625,0.0
414,1841.0,1146.8451,1.0,5.0,0.00625,0.0
415,1845.0,1146.8451,1.0,5.0,0.00625,0.0
416,1850.0,1146.8451,1.0,5.0,0.00625,0.0
417,1854.0,1146.8451,1.0,5.0,0.00625,0.0
418,1859.0,1146.8451,1.0,5.0,0.00625,0.0
419,1863.0,1146.8451,1.0,5.0,0.00625,0.0
420,1868.0,1117.8018,1.0,5.0,0.00625,0.0
421,1871.0,1117.8018,1.0,5.0,0.00625,0.0
422,1876.0,1117.8018,1.0,5.0,0.00625,0.0
423,1880.0,1117.8018,1.0,5.0,0.00625,0.0
424,1885.0,1117.8018,1.0,5.0,0.00625,0.0
425,1889.0,1117.8018,1.0,5.0,0.00625,0.0
426,1893.0,1117.8018,1.0,5.0,0.00625,0.0
427,1898.0,1117.8018,1.0,5.0,0.00625,0.0
428,1902.0,1117.8018,1.0,5.0,0.00625,0.0
429,1907.0,1117.8018,1.0,5.0,0.00625,0.0
430,1911.0,1090.4763,1.0,5.0,0.00625,0.0
431,1916.0,1090.4763,1.0,5.0,0.00625,0.0
432,1921.0,1090.4763,1.0,5.0,0.00625,0.0
433,1926.0,1090.4763,1.0,5.0,0.00625,0.0
434,1930.0,1090.4763,1.0,5.0,0.00625,0.0
435,1935.0,1090.4763,1.0,5.0,0.00625,0.0
436,1939.0,1090.4763,1.0,5.0,0.00625,0.0
437,1944.0,1090.4763,1.0,5.0,0.00625,0.0
438,1948.0,1090.4763,1.0,5.0,0.00625,0.0
439,1953.0,1090.4763,1.0,5.0,0.00625,0.0
440,1957.0,1059.1423,1.0,5.0,0.00625,0.0
441,1962.0,1059.1423,1.0,5.0,0.00625,0.0
442,1965.0,1059.1423,1.0,5.0,0.00625,0.0
443,1970.0,1059.1423,1.0,5.0,0.00625,0.0
444,1974.0,1059.1423,1.0,5.0,0.00625,0.0
445,1979.0,1059.1423,1.0,5.0,0.00625,0.0
446,1982.0,1059.1423,1.0,5.0,0.00625,0.0
447,1986.0,1059.1423,1.0,5.0,0.00625,0.0
448,1991.0,1059.1423,1.0,5.0,0.00625,0.0
449,1995.0,1059.1423,1.0,5.0,0.00625,0.0
450,2000.0,1032.226,1.0,5.0,0.00625,0.0
451,2004.0,1032.226,1.0,5.0,0.00625,0.0
452,2009.0,1032.226,1.0,5.0,0.00625,0.0
453,2013.0,1032.226,1.0,5.0,0.00625,0.0
454,2018.0,1032.226,1.0,5.0,0.00625,0.0
455,2022.0,1032.226,1.0,5.0,0.00625,0.0
456,2027.0,1032.226,1.0,5.0,0.00625,0.0
457,2031.0,1032.226,1.0,5.0,0.00625,0.0
458,2036.0,1032.226,1.0,5.0,0.00625,0.0
459,2040.0,1032.226,1.0,5.0,0.00625,0.0
460,2045.0,1003.019,1.0,5.0,0.00625,0.0
461,2049.0,1003.019,1.0,5.0,0.00625,0.0
462,2054.0,1003.019,1.0,5.0,0.00625,0.0
463,2058.0,1003.019,1.0,5.0,0.00625,0.0
464,2064.0,1003.019,1.0,5.0,0.00625,0.0
465,2068.0,1003.019,1.0,5.0,0.00625,0.0
466,2073.0,1003.019,1.0,5.0,0.00625,0.0
467,2077.0,1003.019,1.0,5.0,0.00625,0.0
468,2082.0,1003.019,1.0,5.0,0.00625,0.0
469,2087.0,1003.019,1.0,5.0,0.00625,0.0
470,2091.0,971.0305,1.0,5.0,0.00625,0.0
471,2096.0,971.0305,1.0,5.0,0.00625,0.0
472,2100.0,971.0305,1.0,5.0,0.00625,0.0
473,2105.0,971.0305,1.0,5.0,0.00625,0.0
474,2109.0,971.0305,1.0,5.0,0.00625,0.0
475,2115.0,971.0305,1.0,5.0,0.00625,0.0
476,2119.0,971.0305,1.0,5.0,0.00625,0.0
477,2124.0,971.0305,1.0,5.0,0.00625,0.0
478,2129.0,971.0305,1.0,5.0,0.00625,0.0
479,2134.0,971.0305,1.0,5.0,0.00625,0.0
480,2138.0,940.269,1.0,5.0,0.00625,0.0
481,2143.0,940.269,1.0,5.0,0.00625,0.0
482,2147.0,940.269,1.0,5.0,0.00625,0.0
483,2152.0,940.269,1.0,5.0,0.00625,0.0
484,2156.0,940.269,1.0,5.0,0.00625,0.0
485,2161.0,940.269,1.0,5.0,0.00625,0.0
486,2165.0,940.269,1.0,5.0,0.00625,0.0
487,2169.0,940.269,1.0,5.0,0.00625,0.0
488,2174.0,940.269,1.0,5.0,0.00625,0.0
489,2178.0,940.269,1.0,5.0,0.00625,0.0
490,2183.0,911.6346,1.0,5.0,0.00625,0.0
491,2187.0,911.6346,1.0,5.0,0.00625,0.0
492,2192.0,911.6346,1.0,5.0,0.00625,0.0
493,2196.0,911.6346,1.0,5.0,0.00625,0.0
494,2201.0,911.6346,1.0,5.0,0.00625,0.0
495,2205.0,911.6346,1.0,5.0,0.00625,0.0
496,2211.0,911.6346,1.0,5.0,0.00625,0.0
497,2215.0,911.6346,1.0,5.0,0.00625,0.0
498,2220.0,911.6346,1.0,5.0,0.00625,0.0
499,2224.0,911.6346,1.0,5.0,0.00625,0.0
500,2229.0,882.1824,1.0,5.0,0.00625,0.0
501,2233.0,882.1824,1.0,5.0,0.00625,0.0
502,2237.0,882.1824,1.0,5.0,0.00625,0.0
503,2242.0,882.1824,1.0,5.0,0.00625,0.0
504,2246.0,882.1824,1.0,5.0,0.00625,0.0
505,2251.0,882.1824,1.0,5.0,0.00625,0.0
506,2255.0,882.1824,1.0,5.0,0.00625,0.0
507,2261.0,882.1824,1.0,5.0,0.00625,0.0
508,2265.0,882.1824,1.0,5.0,0.00625,0.0
509,2270.0,882.1824,1.0,5.0,0.00625,0.0
510,2275.0,851.6663,1.0,5.0,0.00625,0.0
511,2280.0,851.6663,1.0,5.0,0.00625,0.0
512,2284.0,851.6663,1.0,5.0,0.00625,0.0
513,2289.0,851.6663,1.0,5.0,0.00625,0.0
514,2293.0,851.6663,1.0,5.0,0.00625,0.0
515,2298.0,851.6663,1.0,5.0,0.00625,0.0
516,2302.0,851.6663,1.0,5.0,0.00625,0.0
517,2307.0,851.6663,1.0,5.0,0.00625,0.0
518,2310.0,851.6663,1.0,5.0,0.00625,0.0
519,2315.0,851.6663,1.0,5.0,0.00625,0.0
520,2319.0,822.6227,1.0,5.0,0.00625,0.0
521,2323.0,822.6227,1.0,5.0,0.00625,0.0
522,2328.0,822.6227,1.0,5.0,0.00625,0.0
523,2332.0,822.6227,1.0,5.0,0.00625,0.0
524,2337.0,822.6227,1.0,5.0,0.00625,0.0
525,2341.0,822.6227,1.0,5.0,0.00625,0.0
526,2346.0,822.6227,1.0,5.0,0.00625,0.0
527,2350.0,822.6227,1.0,5.0,0.00625,0.0
528,2354.0,822.6227,1.0,5.0,0.00625,0.0
529,2358.0,822.6227,1.0,5.0,0.00625,0.0
530,2363.0,794.2339,1.0,5.0,0.00625,0.0
531,2367.0,794.2339,1.0,5.0,0.00625,0.0
532,2372.0,794.2339,1.0,5.0,0.00625,0.0
533,2376.0,794.2339,1.0,5.0,0.00625,0.0
534,2381.0,794.2339,1.0,5.0,0.00625,0.0
535,2385.0,794.2339,1.0,5.0,0.00625,0.0
536,2389.0,794.2339,1.0,5.0,0.00625,0.0
537,2394.0,794.2339,1.0,5.0,0.00625,0.0
538,2398.0,794.2339,1.0,5.0,0.00625,0.0
539,2403.0,794.2339,1.0,5.0,0.00625,0.0
540,2407.0,765.436,1.0,5.0,0.00625,0.0
541,2412.0,765.436,1.0,5.0,0.00625,0.0
542,2416.0,765.436,1.0,5.0,0.00625,0.0
543,2421.0,765.436,1.0,5.0,0.00625,0.0
544,2425.0,765.436,1.0,5.0,0.00625,0.0
545,2430.0,765.436,1.0,5.0,0.00625,0.0
546,2434.0,765.436,1.0,5.0,0.00625,0.0
547,2439.0,765.436,1.0,5.0,0.00625,0.0
548,2443.0,765.436,1.0,5.0,0.00625,0.0
549,2448.0,765.436,1.0,5.0,0.00625,0.0
550,2452.0,735.5747,1.0,5.0,0.00625,0.0
551,2456.0,735.5747,1.0,5.0,0.00625,0.0
552,2461.0,735.5747,1.0,5.0,0.00625,0.0
553,2465.0,735.5747,1.0,5.0,0.00625,0.0
554,2470.0,735.5747,1.0,5.0,0.00625,0.0
555,2474.0,735.5747,1.0,5.0,0.00625,0.0
556,2479.0,735.5747,1.0,5.0,0.00625,0.0
557,2483.0,735.5747,1.0,5.0,0.00625,0.0
558,2488.0,735.5747,1.0,5.0,0.00625,0.0
559,2492.0,735.5747,1.0,5.0,0.00625,0.0
560,2497.0,706.1221,1.0,5.0,0.00625,0.0
561,2501.0,706.1221,1.0,5.0,0.00625,0.0
562,2506.0,706.1221,1.0,5.0,0.00625,0.0
563,2510.0,706.1221,1.0,5.0,0.00625,0.0
564,2516.0,706.1221,1.0,5.0,0.00625,0.0
565,2520.0,706.1221,1.0,5.0,0.00625,0.0
566,2524.0,706.1221,1.0,5.0,0.00625,0.0
567,2529.0,706.1221,1.0,5.0,0.00625,0.0
568,2533.0,706.1221,1.0,5.0,0.00625,0.0
569,2538.0,706.1221,1.0,5.0,0.00625,0.0
570,2542.0,676.6698,1.0,5.0,0.00625,0.0
571,2547.0,676.6698,1.0,5.0,0.00625,0.0
572,2551.0,676.6698,1.0,5.0,0.00625,0.0
573,2556.0,676.6698,1.0,5.0,0.00625,0.0
574,2560.0,676.6698,1.0,5.0,0.00625,0.0
575,2565.0,676.6698,1.0,5.0,0.00625,0.0
576,2569.0,676.6698,1.0,5.0,0.00625,0.0
577,2574.0,676.6698,1.0,5.0,0.00625,0.0
578,2578.0,676.6698,1.0,5.0,0.00625,0.0
579,2582.0,676.6698,1.0,5.0,0.00625,0.0
580,2587.0,647.2172,1.0,5.0,0.00625,0.0
581,2592.0,647.2172,1.0,5.0,0.00625,0.0
582,2597.0,647.2172,1.0,5.0,0.00625,0.0
583,2601.0,647.2172,1.0,5.0,0.00625,0.0
584,2606.0,647.2172,1.0,5.0,0.00625,0.0
585,2610.0,647.2172,1.0,5.0,0.00625,0.0
586,2616.0,647.2172,1.0,5.0,0.00625,0.0
587,2620.0,647.2172,1.0,5.0,0.00625,0.0
588,2625.0,647.2172,1.0,5.0,0.00625,0.0
589,2629.0,647.2172,1.0,5.0,0.00625,0.0
590,2634.0,616.7014,1.0,5.0,0.00625,0.0
591,2638.0,616.7014,1.0,5.0,0.00625,0.0
592,2643.0,616.7014,1.0,5.0,0.00625,0.0
593,2648.0,616.7014,1.0,5.0,0.00625,0.0
594,2653.0,616.7014,1.0,5.0,0.00625,0.0
595,2657.0,616.7014,1.0,5.0,0.00625,0.0
596,2661.0,616.7014,1.0,5.0,0.00625,0.0
597,2666.0,616.7014,1.0,5.0,0.00625,0.0
598,2670.0,616.7014,1.0,5.0,0.00625,0.0
599,2675.0,616.7014,1.0,5.0,0.00625,0.0
600,2679.0,586.5944,1.0,5.0,0.00625,0.0
601,2684.0,586.5944,1.0,5.0,0.00625,0.0
602,2688.0,586.5944,1.0,5.0,0.00625,0.0
603,2693.0,586.5944,1.0,5.0,0.00625,0.0
604,2697.0,586.5944,1.0,5.0,0.00625,0.0
605,2702.0,586.5944,1.0,5.0,0.00625,0.0
606,2706.0,586.5944,1.0,5.0,0.00625,0.0
607,2711.0,586.5944,1.0,5.0,0.00625,0.0
608,2715.0,586.5944,1.0,5.0,0.00625,0.0
609,2720.0,586.5944,1.0,5.0,0.00625,0.0
610,2724.0,557.5509,1.0,5.0,0.00625,0.0
611,2728.0,557.5509,1.0,5.0,0.00625,0.0
612,2733.0,557.5509,1.0,5.0,0.00625,0.0
613,2738.0,557.5509,1.0,5.0,0.00625,0.0
614,2741.0,557.5509,1.0,5.0,0.00625,0.0
615,2745.0,557.5509,1.0,5.0,0.00625,0.0
616,2750.0,557.5509,1.0,5.0,0.00625,0.0
617,2754.0,557.5509,1.0,5.0,0.00625,0.0
618,2760.0,557.5509,1.0,5.0,0.00625,0.0
619,2764.0,557.5509,1.0,5.0,0.00625,0.0
620,2769.0,528.0986,1.0,5.0,0.00625,0.0
621,2773.0,528.0986,1.0,5.0,0.00625,0.0
622,2778.0,528.0986,1.0,5.0,0.00625,0.0
623,2782.0,528.0986,1.0,5.0,0.00625,0.0
624,2787.0,528.0986,1.0,5.0,0.00625,0.0
625,2791.0,528.0986,1.0,5.0,0.00625,0.0
626,2796.0,528.0986,1.0,5.0,0.00625,0.0
627,2800.0,528.0986,1.0,5.0,0.00625,0.0
628,2804.0,528.0986,1.0,5.0,0.00625,0.0
629,2809.0,528.0986,1.0,5.0,0.00625,0.0
630,2813.0,499.7097,1.0,5.0,0.00625,0.0
631,2818.0,499.7097,1.0,5.0,0.00625,0.0
632,2822.0,499.7097,1.0,5.0,0.00625,0.0
633,2827.0,499.7097,1.0,5.0,0.00625,0.0
634,2831.0,499.7097,1.0,5.0,0.00625,0.0
635,2836.0,499.7097,1.0,5.0,0.00625,0.0
636,2839.0,499.7097,1.0,5.0,0.00625,0.0
637,2844.0,499.7097,1.0,5.0,0.00625,0.0
638,2848.0,499.7097,1.0,5.0,0.00625,0.0
639,2853.0,499.7097,1.0,5.0,0.00625,0.0
640,2857.0,470.9118,1.0,5.0,0.00625,0.0
641,2861.0,470.9118,1.0,5.0,0.00625,0.0
642,2866.0,470.9118,1.0,5.0,0.00625,0.0
643,2870.0,470.9118,1.0,5.0,0.00625,0.0
644,2875.0,470.9118,1.0,5.0,0.00625,0.0
645,2879.0,470.9118,1.0,5.0,0.00625,0.0
646,2884.0,470.9118,1.0,5.0,0.00625,0.0
647,2888.0,470.9118,1.0,5.0,0.00625,0.0
648,2893.0,470.9118,1.0,5.0,0.00625,0.0
649,2897.0,470.9118,1.0,5.0,0.00625,0.0
650,2902.0,441.0502,1.0,5.0,0.00625,0.0
651,2906.0,441.0502,1.0,5.0,0.00625,0.0
652,2911.0,441.0502,1.0,5.0,0.00625,0.0
653,2915.0,441.0502,1.0,5.0,0.00625,0.0
654,2919.0,441.0502,1.0,5.0,0.00625,0.0
655,2924.0,441.0502,1.0,5.0,0.00625,0.0
656,2929.0,441.0502,1.0,5.0,0.00625,0.0
657,2933.0,441.0502,1.0,5.0,0.00625,0.0
658,2937.0,441.0502,1.0,5.0,0.00625,0.0
659,2942.0,441.0502,1.0,5.0,0.00625,0.0
660,2946.0,412.6614,1.0,5.0,0.00625,0.0
661,2952.0,412.6614,1.0,5.0,0.00625,0.0
662,2956.0,412.6614,1.0,5.0,0.00625,0.0
663,2961.0,412.6614,1.0,5.0,0.00625,0.0
664,2965.0,412.6614,1.0,5.0,0.00625,0.0
665,2970.0,412.6614,1.0,5.0,0.00625,0.0
666,2974.0,412.6614,1.0,5.0,0.00625,0.0
667,2979.0,412.6614,1.0,5.0,0.00625,0.0
668,2983.0,412.6614,1.0,5.0,0.00625,0.0
669,2988.0,412.6614,1.0,5.0,0.00625,0.0
670,2992.0,381.7363,1.0,5.0,0.00625,0.0
671,2996.0,381.7363,1.0,5.0,0.00625,0.0
672,3001.0,381.7363,1.0,5.0,0.00625,0.0
673,3005.0,381.7363,1.0,5.0,0.00625,0.0
674,3010.0,381.7363,1.0,5.0,0.00625,0.0
675,3014.0,381.7363,1.0,5.0,0.00625,0.0
676,3019.0,381.7363,1.0,5.0,0.00625,0.0
677,3023.0,381.7363,1.0,5.0,0.00625,0.0
678,3028.0,381.7363,1.0,5.0,0.00625,0.0
679,3032.0,381.7363,1.0,5.0,0.00625,0.0
680,3037.0,352.6931,1.0,5.0,0.00625,0.0
681,3041.0,352.6931,1.0,5.0,0.00625,0.0
682,3045.0,352.6931,1.0,5.0,0.00625,0.0
683,3050.0,352.6931,1.0,5.0,0.00625,0.0
684,3054.0,352.6931,1.0,5.0,0.00625,0.0
685,3059.0,352.6931,1.0,5.0,0.00625,0.0
686,3063.0,352.6931,1.0,5.0,0.00625,0.0
687,3068.0,352.6931,1.0,5.0,0.00625,0.0
688,3072.0,352.6931,1.0,5.0,0.00625,0.0
689,3077.0,352.6931,1.0,5.0,0.00625,0.0
690,3081.0,324.3042,1.0,5.0,0.00625,0.0
691,3086.0,324.3042,1.0,5.0,0.00625,0.0
692,3090.0,324.3042,1.0,5.0,0.00625,0.0
693,3095.0,324.3042,1.0,5.0,0.00625,0.0
694,3099.0,324.3042,1.0,5.0,0.00625,0.0
695,3103.0,324.3042,1.0,5.0,0.00625,0.0
696,3108.0,324.3042,1.0,5.0,0.00625,0.0
697,3112.0,324.3042,1.0,5.0,0.00625,0.0
698,3117.0,324.3042,1.0,5.0,0.00625,0.0
699,3121.0,324.3042,1.0,5.0,0.00625,0.0
700,3126.0,294.4425,1.0,5.0,0.00625,0.0
701,3130.0,294.4425,1.0,5.0,0.00625,0.0
702,3135.0,294.4425,1.0,5.0,0.00625,0.0
703,3139.0,294.4425,1.0,5.0,0.00625,0.0
704,3144.0,294.4425,1.0,5.0,0.00625,0.0
705,3148.0,294.4425,1.0,5.0,0.00625,0.0
706,3153.0,294.4425,1.0,5.0,0.00625,0.0
707,3157.0,294.4425,1.0,5.0,0.00625,0.0
708,3161.0,294.4425,1.0,5.0,0.00625,0.0
709,3166.0,294.4425,1.0,5.0,0.00625,0.0
710,3170.0,266.0537,1.0,5.0,0.00625,0.0
711,3174.0,266.0537,1.0,5.0,0.00625,0.0
712,3178.0,266.0537,1.0,5.0,0.00625,0.0
713,3183.0,266.0537,1.0,5.0,0.00625,0.0
714,3187.0,266.0537,1.0,5.0,0.00625,0.0
715,3192.0,266.0537,1.0,5.0,0.00625,0.0
716,3197.0,266.0537,1.0,5.0,0.00625,0.0
717,3202.0,266.0537,1.0,5.0,0.00625,0.0
718,3206.0,266.0537,1.0,5.0,0.00625,0.0
719,3211.0,266.0537,1.0,5.0,0.00625,0.0
720,3215.0,236.1923,1.0,5.0,0.00625,0.0
721,3220.0,236.1923,1.0,5.0,0.00625,0.0
722,3224.0,236.1923,1.0,5.0,0.00625,0.0
723,3228.0,236.1923,1.0,5.0,0.00625,0.0
724,3233.0,236.1923,1.0,5.0,0.00625,0.0
725,3237.0,236.1923,1.0,5.0,0.00625,0.0
726,3242.0,236.1923,1.0,5.0,0.00625,0.0
727,3246.0,236.1923,1.0,5.0,0.00625,0.0
728,3251.0,236.1923,1.0,5.0,0.00625,0.0
729,3255.0,236.1923,1.0,5.0,0.00625,0.0
730,3260.0,207.8035,1.0,5.0,0.00625,0.0
731,3264.0,207.8035,1.0,5.0,0.00625,0.0
732,3269.0,207.8035,1.0,5.0,0.00625,0.0
733,3273.0,207.8035,1.0,5.0,0.00625,0.0
734,3277.0,207.8035,1.0,5.0,0.00625,0.0
735,3282.0,207.8035,1.0,5.0,0.00625,0.0
736,3286.0,207.8035,1.0,5.0,0.00625,0.0
737,3291.0,207.8035,1.0,5.0,0.00625,0.0
738,3295.0,207.8035,1.0,5.0,0.00625,0.0
739,3300.0,207.8035,1.0,5.0,0.00625,0.0
740,3304.0,177.9418,1.0,5.0,0.00625,0.0
741,3309.0,177.9418,1.0,5.0,0.00625,0.0
742,3313.0,177.9418,1.0,5.0,0.00625,0.0
743,3319.0,177.9418,1.0,5.0,0.00625,0.0
744,3323.0,177.9418,1.0,5.0,0.00625,0.0
745,3328.0,177.9418,1.0,5.0,0.00625,0.0
746,3332.0,177.9418,1.0,5.0,0.00625,0.0
747,3336.0,177.9418,1.0,5.0,0.00625,0.0
748,3341.0,177.9418,1.0,5.0,0.00625,0.0
749,3345.0,177.9418,1.0,5.0,0.00625,0.0
750,3350.0,147.4258,1.0,5.0,0.00625,0.0
751,3354.0,147.4258,1.0,5.0,0.00625,0.0
752,3359.0,147.4258,1.0,5.0,0.00625,0.0
753,3363.0,147.4258,1.0,5.0,0.00625,0.0
754,3369.0,147.4258,1.0,5.0,0.00625,0.0
755,3373.0,147.4258,1.0,5.0,0.00625,0.0
756,3378.0,147.4258,1.0,5.0,0.00625,0.0
757,3382.0,147.4258,1.0,5.0,0.00625,0.0
758,3386.0,147.4258,1.0,5.0,0.00625,0.0
759,3391.0,147.4258,1.0,5.0,0.00625,0.0
760,3395.0,118.3826,1.0,5.0,0.00625,0.0
761,3400.0,118.3826,1.0,5.0,0.00625,0.0
762,3404.0,118.3826,1.0,5.0,0.00625,0.0
763,3409.0,118.3826,1.0,5.0,0.00625,0.0
764,3413.0,118.3826,1.0,5.0,0.00625,0.0
765,3417.0,118.3826,1.0,5.0,0.00625,0.0
766,3421.0,118.3826,1.0,5.0,0.00625,0.0
767,3426.0,118.3826,1.0,5.0,0.00625,0.0
768,3430.0,118.3826,1.0,5.0,0.00625,0.0
769,3435.0,118.3826,1.0,5.0,0.00625,0.0
770,3439.0,89.9937,1.0,5.0,0.00625,0.0
771,3443.0,89.9937,1.0,5.0,0.00625,0.0
772,3448.0,89.9937,1.0,5.0,0.00625,0.0
773,3452.0,89.9937,1.0,5.0,0.00625,0.0
774,3457.0,89.9937,1.0,5.0,0.00625,0.0
775,3461.0,89.9937,1.0,5.0,0.00625,0.0
776,3467.0,89.9937,1.0,5.0,0.00625,0.0
777,3471.0,89.9937,1.0,5.0,0.00625,0.0
778,3476.0,89.9937,1.0,5.0,0.00625,0.0
779,3479.0,89.9937,1.0,5.0,0.00625,0.0
780,3484.0,61.1958,1.0,5.0,0.00625,0.0
781,3488.0,61.1958,1.0,5.0,0.00625,0.0
782,3492.0,61.1958,1.0,5.0,0.00625,0.0
783,3497.0,61.1958,1.0,5.0,0.00625,0.0
784,3502.0,61.1958,1.0,5.0,0.00625,0.0
785,3506.0,61.1958,1.0,5.0,0.00625,0.0
786,3510.0,61.1958,1.0,5.0,0.00625,0.0
787,3515.0,61.1958,1.0,5.0,0.00625,0.0
788,3519.0,61.1958,1.0,5.0,0.00625,0.0
789,3524.0,61.1958,1.0,5.0,0.00625,0.0
790,3527.0,31.3342,1.0,5.0,0.00625,0.0
791,3532.0,31.3342,1.0,5.0,0.00625,0.0
792,3536.0,31.3342,1.0,5.0,0.00625,0.0
793,3541.0,31.3342,1.0,5.0,0.00625,0.0
794,3545.0,31.3342,1.0,5.0,0.00625,0.0
795,3550.0,31.3342,1.0,5.0,0.00625,0.0
796,3554.0,31.3342,1.0,5.0,0.00625,0.0
797,3559.0,31.3342,1.0,5.0,0.00625,0.0
798,3563.0,31.3342,1.0,5.0,0.00625,0.0
799,3567.0,31.3342,1.0,5.0,0.00625,0.0
800,3572.0,2.9454,1.0,5.0,0.00625,0.0
801,3576.0,2.9454,1.0,5.0,0.00625,0.0
802,3581.0,2.9454,1.0,5.0,0.00625,0.0
803,3585.0,2.9454,1.0,5.0,0.00625,0.0
804,3589.0,2.9454,1.0,5.0,0.00625,0.0
805,3593.0,2.9454,1.0,5.0,0.00625,0.0
806,3597.0,2.9454,1.0,5.0,0.00625,0.0
807,3601.0,2.9454,1.0,5.0,0.00625,0.0
808,3605.0,2.9454,1.0,5.0,0.00625,0.0
809,3609.0,2.9454,1.0,5.0,0.00625,0.0
810,3613.0,-22.6619,1.0,5.0,0.00625,0.0
811,3616.0,-22.6619,1.0,5.0,0.00625,0.0
812,3620.0,-22.6619,1.0,5.0,0.00625,0.0
813,3623.0,-22.6619,1.0,5.0,0.00625,0.0
814,3626.0,-22.6619,1.0,5.0,0.00625,0.0
815,3628.0,-22.6619,1.0,5.0,0.00625,0.0
816,3631.0,-22.6619,1.0,5.0,0.00625,0.0
817,3634.0,-22.6619,1.0,5.0,0.00625,0.0
818,3636.0,-22.6619,1.0,5.0,0.00625,0.0
819,3638.0,-22.6619,1.0,5.0,0.00625,0.0
820,3640.0,-36.7335,1.0,5.0,0.00625,0.0
821,3641.0,-36.7335,1.0,5.0,0.00625,0.0
822,3643.0,-36.7335,1.0,5.0,0.00625,0.0
823,3644.0,-36.7335,1.0,5.0,0.00625,0.0
824,3645.0,-36.7335,1.0,5.0,0.00625,0.0
825,3646.0,-36.7335,1.0,5.0,0.00625,0.0
826,3647.0,-36.7335,1.0,5.0,0.00625,0.0
827,3648.0,-36.7335,1.0,5.0,0.00625,0.0
828,3648.0,-36.7335,1.0,5.0,0.00625,0.0
829,3649.0,-36.7335,1.0,5.0,0.00625,0.0
830,3649.0,-36.57,1.0,5.0,0.00625,0.0
831,3649.0,-36.57,1.0,5.0,0.00625,0.0
832,3649.0,-36.57,1.0,5.0,0.00625,0.0
833,3648.0,-36.57,1.0,5.0,0.00625,0.0
834,3648.0,-36.57,1.0,5.0,0.00625,0.0
835,3647.0,-36.57,1.0,5.0,0.00625,0.0
836,3646.0,-36.57,1.0,5.0,0.00625,0.0
837,3645.0,-36.57,1.0,5.0,0.00625,0.0
838,3644.0,-36.57,1.0,5.0,0.00625,0.0
839,3643.0,-36.57,1.0,5.0,0.00625,0.0
840,3642.0,-25.6889,1.0,5.0,0.00625,0.0
841,3641.0,-25.6889,1.0,5.0,0.00625,0.0
842,3640.0,-25.6889,1.0,5.0,0.00625,0.0
843,3638.0,-25.6889,1.0,5.0,0.00625,0.0
844,3637.0,-25.6889,1.0,5.0,0.00625,0.0
845,3635.0,-25.6889,1.0,5.0,0.00625,0.0
846,3633.0,-25.6889,1.0,5.0,0.00625,0.0
847,3631.0,-25.6889,1.0,5.0,0.00625,0.0
848,3629.0,-25.6889,1.0,5.0,0.00625,0.0
849,3627.0,-25.6889,1.0,5.0,0.00625,0.0
850,3625.0,-11.1264,1.0,5.0,0.00625,0.0
851,3623.0,-11.1264,1.0,5.0,0.00625,0.0
852,3621.0,-11.1264,1.0,5.0,0.00625,0.0
853,3619.0,-11.1264,1.0,5.0,0.00625,0.0
854,3616.0,-11.1264,1.0,5.0,0.00625,0.0
855,3614.0,-11.1264,1.0,5.0,0.00625,0.0
856,3612.0,-11.1264,1.0,5.0,0.00625,0.0
857,3609.0,-11.1264,1.0,5.0,0.00625,0.0
858,3607.0,-11.1264,1.0,5.0,0.00625,0.0
859,3604.0,-11.1264,1.0,5.0,0.00625,0.0
860,3601.0,6.7907,1.0,5.0,0.00625,0.0
861,3599.0,6.7907,1.0,5.0,0.00625,0.0
862,3596.0,6.7907,1.0,5.0,0.00625,0.0
863,3594.0,6.7907,1.0,5.0,0.00625,0.0
864,3592.0,6.7907,1.0,5.0,0.00625,0.0
865,3590.0,6.7907,1.0,5.0,0.00625,0.0
866,3588.0,6.7907,1.0,5.0,0.00625,0.0
867,3586.0,6.7907,1.0,5.0,0.00625,0.0
868,3584.0,6.7907,1.0,5.0,0.00625,0.0
869,3583.0,6.7907,1.0,5.0,0.00625,0.0
870,3582.0,19.7168,1.0,5.0,0.00625,0.0
871,3580.0,19.7168,1.0,5.0,0.00625,0.0
872,3579.0,19.7168,1.0,5.0,0.00625,0.0
873,3578.0,19.7168,1.0,5.0,0.00625,0.0
874,3578.0,19.7168,1.0,5.0,0.00625,0.0
875,3577.0,19.7168,1.0,5.0,0.00625,0.0
876,3577.0,19.7168,1.0,5.0,0.00625,0.0
877,3577.0,19.7168,1.0,5.0,0.00625,0.0
878,3577.0,19.7168,1.0,5.0,0.00625,0.0
879,3577.0,19.7168,1.0,5.0,0.00625,0.0
880,3577.0,17.5079,1.0,5.0,0.00625,0.0
881,3578.0,17.5079,1.0,5.0,0.00625,0.0
882,3578.0,17.5079,1.0,5.0,0.00625,0.0
883,3579.0,17.5079,1.0,5.0,0.00625,0.0
884,3580.0,17.5079,1.0,5.0,0.00625,0.0
885,3581.0,17.5079,1.0,5.0,0.00625,0.0
886,3582.0,17.5079,1.0,5.0,0.00625,0.0
887,3583.0,17.5079,1.0,5.0,0.00625,0.0
888,3585.0,17.5079,1.0,5.0,0.00625,0.0
889,3586.0,17.5079,1.0,5.0,0.00625,0.0
890,3587.0,5.4815,1.0,5.0,0.00625,0.0
891,3589.0,5.4815,1.0,5.0,0.00625,0.0
892,3591.0,5.4815,1.0,5.0,0.00625,0.0
893,3592.0,5.4815,1.0,5.0,0.00625,0.0
894,3594.0,5.4815,1.0,5.0,0.00625,0.0
895,3596.0,5.4815,1.0,5.0,0.00625,0.0
896,3598.0,5.4815,1.0,5.0,0.00625,0.0
897,3599.0,5.4815,1.0,5.0,0.00625,0.0
898,3601.0,5.4815,1.0,5.0,0.00625,0.0
899,3603.0,5.4815,1.0,5.0,0.00625,0.0
900,3604.0,-8.9174,1.0,5.0,0.00625,0.0
901,3606.0,-8.9174,1.0,5.0,0.00625,0.0
902,3608.0,-8.9174,1.0,5.0,0.00625,0.0
903,3609.0,-8.9174,1.0,5.0,0.00625,0.0
904,3610.0,-8.9174,1.0,5.0,0.00625,0.0
905,3611.0,-8.9174,1.0,5.0,0.00625,0.0
906,3612.0,-8.9174,1.0,5.0,0.00625,0.0
907,3613.0,-8.9174,1.0,5.0,0.00625,0.0
908,3614.0,-8.9174,1.0,5.0,0.00625,0.0
909,3615.0,-8.9174,1.0,5.0,0.00625,0.0
910,3615.0,-14.7261,1.0,5.0,0.00625,0.0
911,3615.0,-14.7261,1.0,5.0,0.00625,0.0
912,3615.0,-14.7261,1.0,5.0,0.00625,0.0
913,3616.0,-14.7261,1.0,5.0,0.00625,0.0
914,3615.0,-14.7261,1.0,5.0,0.00625,0.0
915,3615.0,-14.7261,1.0,5.0,0.00625,0.0
916,3615.0,-14.7261,1.0,5.0,0.00625,0.0
917,3614.0,-14.7261,1.0,5.0,0.00625,0.0
918,3613.0,-14.7261,1.0,5.0,0.00625,0.0
919,3613.0,-14.7261,1.0,5.0,0.00625,0.0
920,3612.0,-7.6901,1.0,5.0,0.00625,0.0
921,3611.0,-7.6901,1.0,5.0,0.00625,0.0
922,3610.0,-7.6901,1.0,5.0,0.00625,0.0
923,3609.0,-7.6901,1.0,5.0,0.00625,0.0
924,3608.0,-7.6901,1.0,5.0,0.00625,0.0
925,3607.0,-7.6901,1.0,5.0,0.00625,0.0
926,3605.0,-7.6901,1.0,5.0,0.00625,0.0
927,3604.0,-7.6901,1.0,5.0,0.00625,0.0
928,3603.0,-7.6901,1.0,5.0,0.00625,0.0
929,3601.0,-7.6901,1.0,5.0,0.00625,0.0
930,3600.0,4.2542,1.0,5.0,0.00625,0.0
931,3598.0,4.2542,1.0,5.0,0.00625,0.0
932,3597.0,4.2542,1.0,5.0,0.00625,0.0
933,3596.0,4.2542,1.0,5.0,0.00625,0.0
934,3594.0,4.2542,1.0,5.0,0.00625,0.0
935,3593.0,4.2542,1.0,5.0,0.00625,0.0
936,3592.0,4.2542,1.0,5.0,0.00625,0.0
937,3591.0,4.2542,1.0,5.0,0.00625,0.0
938,3590.0,4.2542,1.0,5.0,0.00625,0.0
939,3590.0,4.2542,1.0,5.0,0.00625,0.0
940,3589.0,11.0448,1.0,5.0,0.00625,0.0
941,3588.0,11.0448,1.0,5.0,0.00625,0.0
942,3588.0,11.0448,1.0,5.0,0.00625,0.0
943,3588.0,11.0448,1.0,5.0,0.00625,0.0
944,3587.0,11.0448,1.0,5.0,0.00625,0.0
945,3587.0,11.0448,1.0,5.0,0.00625,0.0
946,3587.0,11.0448,1.0,5.0,0.00625,0.0
947,3588.0,11.0448,1.0,5.0,0.00625,0.0
948,3588.0,11.0448,1.0,5.0,0.00625,0.0
949,3589.0,11.0448,1.0,5.0,0.00625,0.0
950,3589.0,7.6086,1.0,5.0,0.00625,0.0
951,3590.0,7.6086,1.0,5.0,0.00625,0.0
952,3590.0,7.6086,1.0,5.0,0.00625,0.0
953,3591.0,7.6086,1.0,5.0,0.00625,0.0
954,3592.0,7.6086,1.0,5.0,0.00625,0.0
955,3593.0,7.6086,1.0,5.0,0.00625,0.0
956,3594.0,7.6086,1.0,5.0,0.00625,0.0
957,3595.0,7.6086,1.0,5.0,0.00625,0.0
958,3596.0,7.6086,1.0,5.0,0.00625,0.0
959,3598.0,7.6086,1.0,5.0,0.00625,0.0
960,3599.0,-2.3725,1.0,5.0,0.00625,0.0
961,3600.0,-2.3725,1.0,5.0,0.00625,0.0
962,3601.0,-2.3725,1.0,5.0,0.00625,0.0
963,3602.0,-2.3725,1.0,5.0,0.00625,0.0
964,3603.0,-2.3725,1.0,5.0,0.00625,0.0
965,3604.0,-2.3725,1.0,5.0,0.00625,0.0
966,3605.0,-2.3725,1.0,5.0,0.00625,0.0
967,3606.0,-2.3725,1.0,5.0,0.00625,0.0
968,3607.0,-2.3725,1.0,5.0,0.00625,0.0
969,3608.0,-2.3725,1.0,5.0,0.00625,0.0
970,3608.0,-9.3265,1.0,5.0,0.00625,0.0
971,3609.0,-9.3265,1.0,5.0,0.00625,0.0
972,3609.0,-9.3265,1.0,5.0,0.00625,0.0
973,3610.0,-9.3265,1.0,5.0,0.00625,0.0
974,3610.0,-9.3265,1.0,5.0,0.00625,0.0
975,3610.0,-9.3265,1.0,5.0,0.00625,0.0
976,3610.0,-9.3265,1.0,5.0,0.00625,0.0
977,3610.0,-9.3265,1.0,5.0,0.00625,0.0
978,3609.0,-9.3265,1.0,5.0,0.00625,0.0
979,3609.0,-9.3265,1.0,5.0,0.00625,0.0
980,3608.0,-6.2994,1.0,5.0,0.00625,0.0
981,3607.0,-6.2994,1.0,5.0,0.00625,0.0
982,3607.0,-6.2994,1.0,5.0,0.00625,0.0
983,3606.0,-6.2994,1.0,5.0,0.00625,0.0
984,3605.0,-6.2994,1.0,5.0,0.00625,0.0
985,3604.0,-6.2994,1.0,5.0,0.00625,0.0
986,3603.0,-6.2994,1.0,5.0,0.00625,0.0
987,3602.0,-6.2994,1.0,5.0,0.00625,0.0
988,3601.0,-6.2994,1.0,5.0,0.00625,0.0
989,3600.0,-6.2994,1.0,5.0,0.00625,0.0
990,3599.0,3.6817,1.0,5.0,0.00625,0.0
991,3598.0,3.6817,1.0,5.0,0.00625,0.0
992,3597.0,3.6817,1.0,5.0,0.00625,0.0
993,3596.0,3.6817,1.0,5.0,0.00625,0.0
994,3595.0,3.6817,1.0,5.0,0.00625,0.0
995,3594.0,3.6817,1.0,5.0,0.00625,0.0
996,3593.0,3.6817,1.0,5.0,0.00625,0.0
997,3592.0,3.6817,1.0,5.0,0.00625,0.0
998,3592.0,3.6817,1.0,5.0,0.00625,0.0
999,3591.0,3.6817,1.0,5.0,0.00625,0.0
1000,3591.0,9.5722,1.0,5.0,0.00625,0.0
1001,3590.0,9.5722,1.0,5.0,0.00625,0.0
1002,3590.0,9.5722,1.0,5.0,0.00625,0.0
1003,3590.0,9.5722,1.0,5.0,0.00625,0.0
1004,3590.0,9.5722,1.0,5.0,0.00625,0.0
1005,3590.0,9.5722,1.0,5.0,0.00625,0.0
1006,3590.0,9.5722,1.0,5.0,0.00625,0.0
1007,3590.0,9.5722,1.0,5.0,0.00625,0.0
1008,3591.0,9.5722,1.0,5.0,0.00625,0.0
1009,3591.0,9.5722,1.0,5.0,0.00625,0.0
1010,3592.0,5.8907,1.0,5.0,0.00625,0.0
1011,3592.0,5.8907,1.0,5.0,0.00625,0.0
1012,3593.0,5.8907,1.0,5.0,0.00625,0.0
1013,3594.0,5.8907,1.0,5.0,0.00625,0.0
1014,3595.0,5.8907,1.0,5.0,0.00625,0.0
1015,3596.0,5.8907,1.0,5.0,0.00625,0.0
1016,3597.0,5.8907,1.0,5.0,0.00625,0.0
1017,3598.0,5.8907,1.0,5.0,0.00625,0.0
1018,3599.0,5.8907,1.0,5.0,0.00625,0.0
1019,3600.0,5.8907,1.0,5.0,0.00625,0.0
1020,3601.0,-3.6814,1.0,5.0,0.00625,0.0
1021,3602.0,-3.6814,1.0,5.0,0.00625,0.0
1022,3603.0,-3.6814,1.0,5.0,0.00625,0.0
1023,3604.0,-3.6814,1.0,5.0,0.00625,0.0
1024,3605.0,-3.6814,1.0,5.0,0.00625,0.0
1025,3606.0,-3.6814,1.0,5.0,0.00625,0.0
1026,3607.0,-3.6814,1.0,5.0,0.00625,0.0
1027,3608.0,-3.6814,1.0,5.0,0.00625,0.0
1028,3608.0,-3.6814,1.0,5.0,0.00625,0.0
1029,3609.0,-3.6814,1.0,5.0,0.00625,0.0
1030,3609.0,-9.5719,1.0,5.0,0.00625,0.0
1031,3609.0,-9.5719,1.0,5.0,0.00625,0.0
1032,3610.0,-9.5719,1.0,5.0,0.00625,0.0
1033,3610.0,-9.5719,1.0,5.0,0.00625,0.0
1034,3610.0,-9.5719,1.0,5.0,0.00625,0.0
1035,3610.0,-9.5719,1.0,5.0,0.00625,0.0
1036,3609.0,-9.5719,1.0,5.0,0.00625,0.0
1037,3609.0,-9.5719,1.0,5.0,0.00625,0.0
1038,3608.0,-9.5719,1.0,5.0,0.00625,0.0
1039,3608.0,-9.5719,1.0,5.0,0.00625,0.0
1040,3607.0,-4.8269,1.0,5.0,0.00625,0.0
1041,3606.0,-4.8269,1.0,5.0,0.00625,0.0
1042,3605.0,-4.8269,1.0,5.0,0.00625,0.0
1043,3604.0,-4.8269,1.0,5.0,0.00625,0.0
1044,3603.0,-4.8269,1.0,5.0,0.00625,0.0
1045,3602.0,-4.8269,1.0,5.0,0.00625,0.0
1046,3601.0,-4.8269,1.0,5.0,0.00625,0.0
1047,3600.0,-4.8269,1.0,5.0,0.00625,0.0
1048,3599.0,-4.8269,1.0,5.0,0.00625,0.0
1049,3598.0,-4.8269,1.0,5.0,0.00625,0.0
1050,3597.0,5.3996,1.0,5.0,0.00625,0.0
1051,3596.0,5.3996,1.0,5.0,0.00625,0.0
1052,3595.0,5.3996,1.0,5.0,0.00625,0.0
1053,3594.0,5.3996,1.0,5.0,0.00625,0.0
1054,3593.0,5.3996,1.0,5.0,0.00625,0.0
1055,3592.0,5.3996,1.0,5.0,0.00625,0.0
1056,3592.0,5.3996,1.0,5.0,0.00625,0.0
1057,3591.0,5.3996,1.0,5.0,0.00625,0.0
1058,3591.0,5.3996,1.0,5.0,0.00625,0.0
1059,3591.0,5.3996,1.0,5.0,0.00625,0.0
1060,3590.0,8.7542,1.0,5.0,0.00625,0.0
1061,3590.0,8.7542,1.0,5.0,0.00625,0.0
1062,3590.0,8.7542,1.0,5.0,0.00625,0.0
1063,3590.0,8.7542,1.0,5.0,0.00625,0.0
1064,3590.0,8.7542,1.0,5.0,0.00625,0.0
1065,3591.0,8.7542,1.0,5.0,0.00625,0.0
1066,3591.0,8.7542,1.0,5.0,0.00625,0.0
1067,3591.0,8.7542,1.0,5.0,0.00625,0.0
1068,3592.0,8.7542,1.0,5.0,0.00625,0.0
1069,3593.0,8.7542,1.0,5.0,0.00625,0.0
1070,3593.0,3.7634,1.0,5.0,0.00625,0.0
1071,3594.0,3.7634,1.0,5.0,0.00625,0.0
1072,3595.0,3.7634,1.0,5.0,0.00625,0.0
1073,3596.0,3.7634,1.0,5.0,0.00625,0.0
1074,3597.0,3.7634,1.0,5.0,0.00625,0.0
1075,3598.0,3.7634,1.0,5.0,0.00625,0.0
1076,3599.0,3.7634,1.0,5.0,0.00625,0.0
1077,3600.0,3.7634,1.0,5.0,0.00625,0.0
1078,3601.0,3.7634,1.0,5.0,0.00625,0.0
1079,3602.0,3.7634,1.0,5.0,0.00625,0.0
1080,3603.0,-4.9905,1.0,5.0,0.00625,0.0
1081,3604.0,-4.9905,1.0,5.0,0.00625,0.0
1082,3605.0,-4.9905,1.0,5.0,0.00625,0.0
1083,3606.0,-4.9905,1.0,5.0,0.00625,0.0
1084,3607.0,-4.9905,1.0,5.0,0.00625,0.0
1085,3607.0,-4.9905,1.0,5.0,0.00625,0.0
1086,3608.0,-4.9905,1.0,5.0,0.00625,0.0
1087,3608.0,-4.9905,1.0,5.0,0.00625,0.0
1088,3609.0,-4.9905,1.0,5.0,0.00625,0.0
1089,3609.0,-4.9905,1.0,5.0,0.00625,0.0
1090,3609.0,-8.7538,1.0,5.0,0.00625,0.0
1091,3609.0,-8.7538,1.0,5.0,0.00625,0.0
1092,3609.0,-8.7538,1.0,5.0,0.00625,0.0
1093,3609.0,-8.7538,1.0,5.0,0.00625,0.0
1094,3609.0,-8.7538,1.0,5.0,0.00625,0.0
1095,3609.0,-8.7538,1.0,5.0,0.00625,0.0
1096,3608.0,-8.7538,1.0,5.0,0.00625,0.0
1097,3608.0,-8.7538,1.0,5.0,0.00625,0.0
1098,3607.0,-8.7538,1.0,5.0,0.00625,0.0
1099,3606.0,-8.7538,1.0,5.0,0.00625,0.0
1100,3605.0,-2.6997,1.0,5.0,0.00625,0.0
1101,3605.0,-2.6997,1.0,5.0,0.00625,0.0
1102,3604.0,-2.6997,1.0,5.0,0.00625,0.0
1103,3603.0,-2.6997,1.0,5.0,0.00625,0.0
1104,3602.0,-2.6997,1.0,5.0,0.00625,0.0
1105,3601.0,-2.6997,1.0,5.0,0.00625,0.0
1106,3600.0,-2.6997,1.0,5.0,0.00625,0.0
1107,3599.0,-2.6997,1.0,5.0,0.00625,0.0
1108,3598.0,-2.6997,1.0,5.0,0.00625,0.0
1109,3597.0,-2.6997,1.0,5.0,0.00625,0.0
1110,3596.0,5.6452,1.0,5.0,0.00625,0.0
1111,3595.0,5.6452,1.0,5.0,0.00625,0.0
1112,3595.0,5.6452,1.0,5.0,0.00625,0.0
1113,3594.0,5.6452,1.0,5.0,0.00625,0.0
1114,3593.0,5.6452,1.0,5.0,0.00625,0.0
1115,3593.0,5.6452,1.0,5.0,0.00625,0.0
1116,3592.0,5.6452,1.0,5.0,0.00625,0.0
1117,3592.0,5.6452,1.0,5.0,0.00625,0.0
1118,3592.0,5.6452,1.0,5.0,0.00625,0.0
1119,3592.0,5.6452,1.0,5.0,0.00625,0.0
1120,3592.0,7.2813,1.0,5.0,0.00625,0.0
1121,3592.0,7.2813,1.0,5.0,0.00625,0.0
1122,3592.0,7.2813,1.0,5.0,0.00625,0.0
1123,3592.0,7.2813,1.0,5.0,0.00625,0.0
1124,3593.0,7.2813,1.0,5.0,0.00625,0.0
1125,3593.0,7.2813,1.0,5.0,0.00625,0.0
1126,3594.0,7.2813,1.0,5.0,0.00625,0.0
1127,3595.0,7.2813,1.0,5.0,0.00625,0.0
1128,3595.0,7.2813,1.0,5.0,0.00625,0.0
1129,3596.0,7.2813,1.0,5.0,0.00625,0.0
1130,3597.0,0.9819,1.0,5.0,0.00625,0.0
1131,3598.0,0.9819,1.0,5.0,0.00625,0.0
1132,3599.0,0.9819,1.0,5.0,0.00625,0.0
1133,3600.0,0.9819,1.0,5.0,0.00625,0.0
1134,3601.0,0.9819,1.0,5.0,0.00625,0.0
1135,3601.0,0.9819,1.0,5.0,0.00625,0.0
1136,3602.0,0.9819,1.0,5.0,0.00625,0.0
1137,3603.0,0.9819,1.0,5.0,0.00625,0.0
1138,3604.0,0.9819,1.0,5.0,0.00625,0.0
1139,3604.0,0.9819,1.0,5.0,0.00625,0.0
1140,3605.0,-6.954,1.0,5.0,0.00625,0.0
1141,3606.0,-6.954,1.0,5.0,0.00625,0.0
1142,3606.0,-6.954,1.0,5.0,0.00625,0.0
1143,3607.0,-6.954,1.0,5.0,0.00625,0.0
1144,3607.0,-6.954,1.0,5.0,0.00625,0.0
1145,3608.0,-6.954,1.0,5.0,0.00625,0.0
1146,3608.0,-6.954,1.0,5.0,0.00625,0.0
1147,3608.0,-6.954,1.0,5.0,0.00625,0.0
1148,3608.0,-6.954,1.0,5.0,0.00625,0.0
1149,3608.0,-6.954,1.0,5.0,0.00625,0.0
1150,3608.0,-6.4631,1.0,5.0,0.00625,0.0
1151,3607.0,-6.4631,1.0,5.0,0.00625,0.0
1152,3607.0,-6.4631,1.0,5.0,0.00625,0.0
1153,3607.0,-6.4631,1.0,5.0,0.00625,0.0
1154,3606.0,-6.4631,1.0,5.0,0.00625,0.0
1155,3605.0,-6.4631,1.0,5.0,0.00625,0.0
1156,3605.0,-6.4631,1.0,5.0,0.00625,0.0
1157,3604.0,-6.4631,1.0,5.0,0.00625,0.0
1158,3603.0,-6.4631,1.0,5.0,0.00625,0.0
1159,3602.0,-6.4631,1.0,5.0,0.00625,0.0
1160,3602.0,1.1455,1.0,5.0,0.00625,0.0
1161,3601.0,1.1455,1.0,5.0,0.00625,0.0
1162,3600.0,1.1455,1.0,5.0,0.00625,0.0
1163,3599.0,1.1455,1.0,5.0,0.00625,0.0
1164,3598.0,1.1455,1.0,5.0,0.00625,0.0
1165,3598.0,1.1455,1.0,5.0,0.00625,0.0
1166,3597.0,1.1455,1.0,5.0,0.00625,0.0
1167,3596.0,1.1455,1.0,5.0,0.00625,0.0
1168,3596.0,1.1455,1.0,5.0,0.00625,0.0
1169,3595.0,1.1455,1.0,5.0,0.00625,0.0
1170,3595.0,6.136,1.0,5.0,0.00625,0.0
1171,3594.0,6.136,1.0,5.0,0.00625,0.0
1172,3594.0,6.136,1.0,5.0,0.00625,0.0
1173,3593.0,6.136,1.0,5.0,0.00625,0.0
1174,3593.0,6.136,1.0,5.0,0.00625,0.0
1175,3593.0,6.136,1.0,5.0,0.00625,0.0
1176,3593.0,6.136,1.0,5.0,0.00625,0.0
1177,3593.0,6.136,1.0,5.0,0.00625,0.0
1178,3593.0,6.136,1.0,5.0,0.00625,0.0
1179,3594.0,6.136,1.0,5.0,0.00625,0.0
1180,3594.0,4.3363,1.0,5.0,0.00625,0.0
1181,3595.0,4.3363,1.0,5.0,0.00625,0.0
1182,3595.0,4.3363,1.0,5.0,0.00625,0.0
1183,3596.0,4.3363,1.0,5.0,0.00625,0.0
1184,3596.0,4.3363,1.0,5.0,0.00625,0.0
1185,3597.0,4.3363,1.0,5.0,0.00625,0.0
1186,3597.0,4.3363,1.0,5.0,0.00625,0.0
1187,3598.0,4.3363,1.0,5.0,0.00625,0.0
1188,3599.0,4.3363,1.0,5.0,0.00625,0.0
1189,3600.0,4.3363,1.0,5.0,0.00625,0.0
1190,3600.0,-2.4542,1.0,5.0,0.00625,0.0
1191,3601.0,-2.4542,1.0,5.0,0.00625,0.0
1192,3602.0,-2.4542,1.0,5.0,0.00625,0.0
1193,3602.0,-2.4542,1.0,5.0,0.00625,0.0
1194,3603.0,-2.4542,1.0,5.0,0.00625,0.0
1195,3603.0,-2.4542,1.0,5.0,0.00625,0.0
1196,3604.0,-2.4542,1.0,5.0,0.00625,0.0
1197,3604.0,-2.4542,1.0,5.0,0.00625,0.0
1198,3605.0,-2.4542,1.0,5.0,0.00625,0.0
1199,3605.0,-2.4542,1.0,5.0,0.00625,0.0
1200,3605.0,-5.3177,1.0,5.0,0.00625,0.0
1201,3606.0,-5.3177,1.0,5.0,0.00625,0.0
1202,3606.0,-5.3177,1.0,5.0,0.00625,0.0
1203,3606.0,-5.3177,1.0,5.0,0.00625,0.0
1204,3606.0,-5.3177,1.0,5.0,0.00625,0.0
1205,3606.0,-5.3177,1.0,5.0,0.00625,0.0
1206,3606.0,-5.3177,1.0,5.0,0.00625,0.0
1207,3606.0,-5.3177,1.0,5.0,0.00625,0.0
1208,3606.0,-5.3177,1.0,5.0,0.00625,0.0
1209,3606.0,-5.3177,1.0,5.0,0.00625,0.0
1210,3605.0,-4.3359,1.0,5.0,0.00625,0.0
1211,3605.0,-4.3359,1.0,5.0,0.00625,0.0
1212,3605.0,-4.3359,1.0,5.0,0.00625,0.0
1213,3604.0,-4.3359,1.0,5.0,0.00625,0.0
1214,3604.0,-4.3359,1.0,5.0,0.00625,0.0
1215,3603.0,-4.3359,1.0,5.0,0.00625,0.0
1216,3603.0,-4.3359,1.0,5.0,0.00625,0.0
1217,3602.0,-4.3359,1.0,5.0,0.00625,0.0
1218,3602.0,-4.3359,1.0,5.0,0.00625,0.0
1219,3601.0,-4.3359,1.0,5.0,0.00625,0.0
1220,3600.0,1.3908,1.0,5.0,0.00625,0.0
1221,3600.0,1.3908,1.0,5.0,0.00625,0.0
1222,3599.0,1.3908,1.0,5.0,0.00625,0.0
1223,3598.0,1.3908,1.0,5.0,0.00625,0.0
1224,3598.0,1.3908,1.0,5.0,0.00625,0.0
1225,3597.0,1.3908,1.0,5.0,0.00625,0.0
1226,3597.0,1.3908,1.0,5.0,0.00625,0.0
1227,3596.0,1.3908,1.0,5.0,0.00625,0.0
1228,3596.0,1.3908,1.0,5.0,0.00625,0.0
1229,3596.0,1.3908,1.0,5.0,0.00625,0.0
1230,3595.0,5.7269,1.0,5.0,0.00625,0.0
1231,3595.0,5.7269,1.0,5.0,0.00625,0.0
1232,3595.0,5.7269,1.0,5.0,0.00625,0.0
1233,3594.0,5.7269,1.0,5.0,0.00625,0.0
1234,3594.0,5.7269,1.0,5.0,0.00625,0.0
1235,3594.0,5.7269,1.0,5.0,0.00625,0.0
1236,3595.0,5.7269,1.0,5.0,0.00625,0.0
1237,3595.0,5.7269,1.0,5.0,0.00625,0.0
1238,3595.0,5.7269,1.0,5.0,0.00625,0.0
1239,3595.0,5.7269,1.0,5.0,0.00625,0.0
1240,3596.0,3.2726,1.0,5.0,0.00625,0.0
1241,3596.0,3.2726,1.0,5.0,0.00625,0.0
1242,3597.0,3.2726,1.0,5.0,0.00625,0.0
1243,3597.0,3.2726,1.0,5.0,0.00625,0.0
1244,3598.0,3.2726,1.0,5.0,0.00625,0.0
1245,3598.0,3.2726,1.0,5.0,0.00625,0.0
1246,3599.0,3.2726,1.0,5.0,0.00625,0.0
1247,3600.0,3.2726,1.0,5.0,0.00625,0.0
1248,3600.0,3.2726,1.0,5.0,0.00625,0.0
1249,3601.0,3.2726,1.0,5.0,0.00625,0.0
1250,3601.0,-3.1088,1.0,5.0,0.00625,0.0
1251,3602.0,-3.1088,1.0,5.0,0.00625,0.0
1252,3603.0,-3.1088,1.0,5.0,0.00625,0.0
1253,3603.0,-3.1088,1.0,5.0,0.00625,0.0
1254,3604.0,-3.1088,1.0,5.0,0.00625,0.0
1255,3604.0,-3.1088,1.0,5.0,0.00625,0.0
1256,3604.0,-3.1088,1.0,5.0,0.00625,0.0
1257,3605.0,-3.1088,1.0,5.0,0.00625,0.0
1258,3605.0,-3.1088,1.0,5.0,0.00625,0.0
1259,3605.0,-3.1088,1.0,5.0,0.00625,0.0
1260,3605.0,-4.9086,1.0,5.0,0.00625,0.0
1261,3606.0,-4.9086,1.0,5.0,0.00625,0.0
1262,3606.0,-4.9086,1.0,5.0,0.00625,0.0
1263,3606.0,-4.9086,1.0,5.0,0.00625,0.0
1264,3606.0,-4.9086,1.0,5.0,0.00625,0.0
1265,3606.0,-4.9086,1.0,5.0,0.00625,0.0
1266,3606.0,-4.9086,1.0,5.0,0.00625,0.0
1267,3605.0,-4.9086,1.0,5.0,0.00625,0.0
1268,3605.0,-4.9086,1.0,5.0,0.00625,0.0
1269,3605.0,-4.9086,1.0,5.0,0.00625,0.0
1270,3605.0,-3.2724,1.0,5.0,0.00625,0.0
1271,3604.0,-3.2724,1.0,5.0,0.00625,0.0
1272,3604.0,-3.2724,1.0,5.0,0.00625,0.0
1273,3603.0,-3.2724,1.0,5.0,0.00625,0.0
1274,3603.0,-3.2724,1.0,5.0,0.00625,0.0
1275,3603.0,-3.2724,1.0,5.0,0.00625,0.0
1276,3602.0,-3.2724,1.0,5.0,0.00625,0.0
1277,3602.0,-3.2724,1.0,5.0,0.00625,0.0
1278,3601.0,-3.2724,1.0,5.0,0.00625,0.0
1279,3601.0,-3.2724,1.0,5.0,0.00625,0.0
1280,3600.0,0.9818,1.0,5.0,0.00625,0.0
1281,3599.0,0.9818,1.0,5.0,0.00625,0.0
1282,3599.0,0.9818,1.0,5.0,0.00625,0.0
1283,3598.0,0.9818,1.0,5.0,0.00625,0.0
1284,3598.0,0.9818,1.0,5.0,0.00625,0.0
1285,3597.0,0.9818,1.0,5.0,0.00625,0.0
1286,3597.0,0.9818,1.0,5.0,0.00625,0.0
1287,3597.0,0.9818,1.0,5.0,0.00625,0.0
1288,3596.0,0.9818,1.0,5.0,0.00625,0.0
1289,3596.0,0.9818,1.0,5.0,0.00625,0.0
1290,3595.0,4.6634,1.0,5.0,0.00625,0.0
1291,3595.0,4.6634,1.0,5.0,0.00625,0.0
1292,3595.0,4.6634,1.0,5.0,0.00625,0.0
1293,3595.0,4.6634,1.0,5.0,0.00625,0.0
1294,3595.0,4.6634,1.0,5.0,0.00625,0.0
1295,3595.0,4.6634,1.0,5.0,0.00625,0.0
1296,3595.0,4.6634,1.0,5.0,0.00625,0.0
1297,3595.0,4.6634,1.0,5.0,0.00625,0.0
1298,3595.0,4.6634,1.0,5.0,0.00625,0.0
1299,3595.0,4.6634,1.0,5.0,0.00625,0.0
1300,3596.0,3.6816,1.0,5.0,0.00625,0.0
1301,3596.0,3.6816,1.0,5.0,0.00625,0.0
1302,3596.0,3.6816,1.0,5.0,0.00625,0.0
1303,3597.0,3.6816,1.0,5.0,0.00625,0.0
1304,3597.0,3.6816,1.0,5.0,0.00625,0.0
1305,3598.0,3.6816,1.0,5.0,0.00625,0.0
1306,3598.0,3.6816,1.0,5.0,0.00625,0.0
1307,3599.0,3.6816,1.0,5.0,0.00625,0.0
1308,3599.0,3.6816,1.0,5.0,0.00625,0.0
1309,3600.0,3.6816,1.0,5.0,0.00625,0.0
1310,3601.0,-2.0451,1.0,5.0,0.00625,0.0
1311,3601.0,-2.0451,1.0,5.0,0.00625,0.0
1312,3602.0,-2.0451,1.0,5.0,0.00625,0.0
1313,3602.0,-2.0451,1.0,5.0,0.00625,0.0
1314,3603.0,-2.0451,1.0,5.0,0.00625,0.0
1315,3603.0,-2.0451,1.0,5.0,0.00625,0.0
1316,3604.0,-2.0451,1.0,5.0,0.00625,0.0
1317,3604.0,-2.0451,1.0,5.0,0.00625,0.0
1318,3604.0,-2.0451,1.0,5.0,0.00625,0.0
1319,3605.0,-2.0451,1.0,5.0,0.00625,0.0
1320,3605.0,-5.3177,1.0,5.0,0.00625,0.0
1321,3605.0,-5.3177,1.0,5.0,0.00625,0.0
1322,3605.0,-5.3177,1.0,5.0,0.00625,0.0
1323,3605.0,-5.3177,1.0,5.0,0.00625,0.0
1324,3605.0,-5.3177,1.0,5.0,0.00625,0.0
1325,3605.0,-5.3177,1.0,5.0,0.00625,0.0
1326,3605.0,-5.3177,1.0,5.0,0.00625,0.0
1327,3605.0,-5.3177,1.0,5.0,0.00625,0.0
1328,3605.0,-5.3177,1.0,5.0,0.00625,0.0
1329,3605.0,-5.3177,1.0,5.0,0.00625,0.0
1330,3604.0,-3.2724,1.0,5.0,0.00625,0.0
1331,3604.0,-3.2724,1.0,5.0,0.00625,0.0
1332,3604.0,-3.2724,1.0,5.0,0.00625,0.0
1333,3603.0,-3.2724,1.0,5.0,0.00625,0.0
1334,3603.0,-3.2724,1.0,5.0,0.00625,0.0
1335,3603.0,-3.2724,1.0,5.0,0.00625,0.0
1336,3602.0,-3.2724,1.0,5.0,0.00625,0.0
1337,3602.0,-3.2724,1.0,5.0,0.00625,0.0
1338,3601.0,-3.2724,1.0,5.0,0.00625,0.0
1339,3601.0,-3.2724,1.0,5.0,0.00625,0.0
1340,3600.0,0.9818,1.0,5.0,0.00625,0.0
1341,3599.0,0.9818,1.0,5.0,0.00625,0.0
1342,3599.0,0.9818,1.0,5.0,0.00625,0.0
1343,3598.0,0.9818,1.0,5.0,0.00625,0.0
1344,3598.0,0.9818,1.0,5.0,0.00625,0.0
1345,3597.0,0.9818,1.0,5.0,0.00625,0.0
1346,3597.0,0.9818,1.0,5.0,0.00625,0.0
1347,3597.0,0.9818,1.0,5.0,0.00625,0.0
1348,3596.0,0.9818,1.0,5.0,0.00625,0.0
1349,3596.0,0.9818,1.0,5.0,0.00625,0.0
1350,3596.0,4.6634,1.0,5.0,0.00625,0.0
1351,3595.0,4.6634,1.0,5.0,0.00625,0.0
1352,3595.0,4.6634,1.0,5.0,0.00625,0.0
1353,3595.0,4.6634,1.0,5.0,0.00625,0.0
1354,3595.0,4.6634,1.0,5.0,0.00625,0.0
1355,3595.0,4.6634,1.0,5.0,0.00625,0.0
1356,3595.0,4.6634,1.0,5.0,0.00625,0.0
1357,3595.0,4.6634,1.0,5.0,0.00625,0.0
1358,3595.0,4.6634,1.0,5.0,0.00625,0.0
1359,3595.0,4.6634,1.0,5.0,0.00625,0.0
1360,3596.0,3.6816,1.0,5.0,0.00625,0.0
1361,3596.0,3.6816,1.0,5.0,0.00625,0.0
1362,3597.0,3.6816,1.0,5.0,0.00625,0.0
1363,3597.0,3.6816,1.0,5.0,0.00625,0.0
1364,3597.0,3.6816,1.0,5.0,0.00625,0.0
1365,3598.0,3.6816,1.0,5.0,0.00625,0.0
1366,3598.0,3.6816,1.0,5.0,0.00625,0.0
1367,3599.0,3.6816,1.0,5.0,0.00625,0.0
1368,3600.0,3.6816,1.0,5.0,0.00625,0.0
1369,3600.0,3.6816,1.0,5.0,0.00625,0.0
1370,3601.0,-2.0451,1.0,5.0,0.00625,0.0
1371,3601.0,-2.0451,1.0,5.0,0.00625,0.0
1372,3602.0,-2.0451,1.0,5.0,0.00625,0.0
1373,3602.0,-2.0451,1.0,5.0,0.00625,0.0
1374,3603.0,-2.0451,1.0,5.0,0.00625,0.0
1375,3603.0,-2.0451,1.0,5.0,0.00625,0.0
1376,3604.0,-2.0451,1.0,5.0,0.00625,0.0
1377,3604.0,-2.0451,1.0,5.0,0.00625,0.0
1378,3604.0,-2.0451,1.0,5.0,0.00625,0.0
1379,3605.0,-2.0451,1.0,5.0,0.00625,0.0
1380,3605.0,-5.3177,1.0,5.0,0.00625,0.0
1381,3605.0,-5.3177,1.0,5.0,0.00625,0.0
1382,3605.0,-5.3177,1.0,5.0,0.00625,0.0
1383,3605.0,-5.3177,1.0,5.0,0.00625,0.0
1384,3605.0,-5.3177,1.0,5.0,0.00625,0.0
1385,3605.0,-5.3177,1.0,5.0,0.00625,0.0
1386,3605.0,-5.3177,1.0,5.0,0.00625,0.0
1387,3605.0,-5.3177,1.0,5.0,0.00625,0.0
1388,3605.0,-5.3177,1.0,5.0,0.00625,0.0
1389,3605.0,-5.3177,1.0,5.0,0.00625,0.0
1390,3605.0,-3.2724,1.0,5.0,0.00625,0.0
1391,3604.0,-3.2724,1.0,5.0,0.00625,0.0
1392,3604.0,-3.2724,1.0,5.0,0.00625,0.0
1393,3603.0,-3.2724,1.0,5.0,0.00625,0.0
1394,3603.0,-3.2724,1.0,5.0,0.00625,0.0
1395,3603.0,-3.2724,1.0,5.0,0.00625,0.0
1396,3602.0,-3.2724,1.0,5.0,0.00625,0.0
1397,3602.0,-3.2724,1.0,5.0,0.00625,0.0
1398,3601.0,-3.2724,1.0,5.0,0.00625,0.0
1399,3601.0,-3.2724,1.0,5.0,0.00625,0.0
1400,3600.0,0.9818,1.0,5.0,0.00625,0.0
1401,3600.0,0.9818,1.0,5.0,0.00625,0.0
1402,3599.0,0.9818,1.0,5.0,0.00625,0.0
1403,3599.0,0.9818,1.0,5.0,0.00625,0.0
1404,3598.0,0.9818,1.0,5.0,0.00625,0.0
1405,3598.0,0.9818,1.0,5.0,0.00625,0.0
1406,3597.0,0.9818,1.0,5.0,0.00625,0.0
1407,3597.0,0.9818,1.0,5.0,0.00625,0.0
1408,3596.0,0.9818,1.0,5.0,0.00625,0.0
1409,3596.0,0.9818,1.0,5.0,0.00625,0.0
1410,3596.0,4.6634,1.0,5.0,0.00625,0.0
1411,3595.0,4.6634,1.0,5.0,0.00625,0.0
1412,3595.0,4.6634,1.0,5.0,0.00625,0.0
1413,3595.0,4.6634,1.0,5.0,0.00625,0.0
1414,3595.0,4.6634,1.0,5.0,0.00625,0.0
1415,3595.0,4.6634,1.0,5.0,0.00625,0.0
1416,3595.0,4.6634,1.0,5.0,0.00625,0.0
1417,3595.0,4.6634,1.0,5.0,0.00625,0.0
1418,3595.0,4.6634,1.0,5.0,0.00625,0.0
1419,3596.0,4.6634,1.0,5.0,0.00625,0.0
1420,3596.0,2.6181,1.0,5.0,0.00625,0.0
1421,3596.0,2.6181,1.0,5.0,0.00625,0.0
1422,3597.0,2.6181,1.0,5.0,0.00625,0.0
1423,3597.0,2.6181,1.0,5.0,0.00625,0.0
1424,3597.0,2.6181,1.0,5.0,0.00625,0.0
1425,3598.0,2.6181,1.0,5.0,0.00625,0.0
1426,3598.0,2.6181,1.0,5.0,0.00625,0.0
1427,3599.0,2.6181,1.0,5.0,0.00625,0.0
1428,3599.0,2.6181,1.0,5.0,0.00625,0.0
1429,3600.0,2.6181,1.0,5.0,0.00625,0.0
1430,3600.0,-1.6361,1.0,5.0,0.00625,0.0
1431,3601.0,-1.6361,1.0,5.0,0.00625,0.0
1432,3601.0,-1.6361,1.0,5.0,0.00625,0.0
1433,3602.0,-1.6361,1.0,5.0,0.00625,0.0
1434,3602.0,-1.6361,1.0,5.0,0.00625,0.0
1435,3602.0,-1.6361,1.0,5.0,0.00625,0.0
1436,3603.0,-1.6361,1.0,5.0,0.00625,0.0
1437,3603.0,-1.6361,1.0,5.0,0.00625,0.0
1438,3603.0,-1.6361,1.0,5.0,0.00625,0.0
1439,3603.0,-1.6361,1.0,5.0,0.00625,0.0
1440,3603.0,-3.1905,1.0,5.0,0.00625,0.0
1441,3604.0,-3.1905,1.0,5.0,0.00625,0.0
1442,3604.0,-3.1905,1.0,5.0,0.00625,0.0
1443,3604.0,-3.1905,1.0,5.0,0.00625,0.0
1444,3604.0,-3.1905,1.0,5.0,0.00625,0.0
1445,3604.0,-3.1905,1.0,5.0,0.00625,0.0
1446,3604.0,-3.1905,1.0,5.0,0.00625,0.0
1447,3604.0,-3.1905,1.0,5.0,0.00625,0.0
1448,3603.0,-3.1905,1.0,5.0,0.00625,0.0
1449,3603.0,-3.1905,1.0,5.0,0.00625,0.0
1450,3603.0,-1.9633,1.0,5.0,0.00625,0.0
1451,3603.0,-1.9633,1.0,5.0,0.00625,0.0
1452,3603.0,-1.9633,1.0,5.0,0.00625,0.0
1453,3602.0,-1.9633,1.0,5.0,0.00625,0.0
1454,3602.0,-1.9633,1.0,5.0,0.00625,0.0
1455,3602.0,-1.9633,1.0,5.0,0.00625,0.0
1456,3601.0,-1.9633,1.0,5.0,0.00625,0.0
1457,3601.0,-1.9633,1.0,5.0,0.00625,0.0
1458,3601.0,-1.9633,1.0,5.0,0.00625,0.0
1459,3600.0,-1.9633,1.0,5.0,0.00625,0.0
1460,3600.0,1.2273,1.0,5.0,0.00625,0.0
1461,3600.0,1.2273,1.0,5.0,0.00625,0.0
1462,3599.0,1.2273,1.0,5.0,0.00625,0.0
1463,3599.0,1.2273,1.0,5.0,0.00625,0.0
1464,3599.0,1.2273,1.0,5.0,0.00625,0.0
1465,3598.0,1.2273,1.0,5.0,0.00625,0.0
1466,3598.0,1.2273,1.0,5.0,0.00625,0.0
1467,3598.0,1.2273,1.0,5.0,0.00625,0.0
1468,3598.0,1.2273,1.0,5.0,0.00625,0.0
1469,3598.0,1.2273,1.0,5.0,0.00625,0.0
1470,3597.0,2.1271,1.0,5.0,0.00625,0.0
1471,3597.0,2.1271,1.0,5.0,0.00625,0.0
1472,3597.0,2.1271,1.0,5.0,0.00625,0.0
1473,3597.0,2.1271,1.0,5.0,0.00625,0.0
1474,3597.0,2.1271,1.0,5.0,0.00625,0.0
1475,3597.0,2.1271,1.0,5.0,0.00625,0.0
1476,3597.0,2.1271,1.0,5.0,0.00625,0.0
1477,3597.0,2.1271,1.0,5.0,0.00625,0.0
1478,3597.0,2.1271,1.0,5.0,0.00625,0.0
1479,3597.0,2.1271,1.0,5.0,0.00625,0.0
1480,3597.0,2.3728,1.0,5.0,0.00625,0.0
1481,3597.0,2.3728,1.0,5.0,0.00625,0.0
1482,3597.0,2.3728,1.0,5.0,0.00625,0.0
1483,3598.0,2.3728,1.0,5.0,0.00625,0.0
1484,3598.0,2.3728,1.0,5.0,0.00625,0.0
1485,3598.0,2.3728,1.0,5.0,0.00625,0.0
1486,3598.0,2.3728,1.0,5.0,0.00625,0.0
1487,3598.0,2.3728,1.0,5.0,0.00625,0.0
1488,3599.0,2.3728,1.0,5.0,0.00625,0.0
1489,3599.0,2.3728,1.0,5.0,0.00625,0.0
1490,3599.0,-0.1636,1.0,5.0,0.00625,0.0
1491,3600.0,-0.1636,1.0,5.0,0.00625,0.0
1492,3600.0,-0.1636,1.0,5.0,0.00625,0.0
1493,3600.0,-0.1636,1.0,5.0,0.00625,0.0
1494,3600.0,-0.1636,1.0,5.0,0.00625,0.0
1495,3601.0,-0.1636,1.0,5.0,0.00625,0.0
1496,3601.0,-0.1636,1.0,5.0,0.00625,0.0
1497,3601.0,-0.1636,1.0,5.0,0.00625,0.0
1498,3601.0,-0.1636,1.0,5.0,0.00625,0.0
1499,3601.0,-0.1636,1.0,5.0,0.00625,0.0
1500,3601.0,-1.4726,1.0,5.0,0.00625,0.0
1501,3602.0,-1.4726,1.0,5.0,0.00625,0.0
1502,3602.0,-1.4726,1.0,5.0,0.00625,0.0
1503,3602.0,-1.4726,1.0,5.0,0.00625,0.0
1504,3602.0,-1.4726,1.0,5.0,0.00625,0.0
1505,3602.0,-1.4726,1.0,5.0,0.00625,0.0
1506,3602.0,-1.4726,1.0,5.0,0.00625,0.0
1507,3602.0,-1.4726,1.0,5.0,0.00625,0.0
1508,3602.0,-1.4726,1.0,5.0,0.00625,0.0
1509,3602.0,-1.4726,1.0,5.0,0.00625,0.0
1510,3602.0,-1.7179,1.0,5.0,0.00625,0.0
1511,3602.0,-1.7179,1.0,5.0,0.00625,0.0
1512,3602.0,-1.7179,1.0,5.0,0.00625,0.0
1513,3602.0,-1.7179,1.0,5.0,0.00625,0.0
1514,3602.0,-1.7179,1.0,5.0,0.00625,0.0
1515,3601.0,-1.7179,1.0,5.0,0.00625,0.0
1516,3601.0,-1.7179,1.0,5.0,0.00625,0.0
1517,3601.0,-1.7179,1.0,5.0,0.00625,0.0
1518,3601.0,-1.7179,1.0,5.0,0.00625,0.0
1519,3601.0,-1.7179,1.0,5.0,0.00625,0.0
