TIME,PULSES,CONTROLLERVOLTAGE,CONTROLLER,KP,TAUD,TAUI 
0,0,-0.2454,1,2.5,0.00625,0.0
1,0,-0.2454,1,2.5,0.00625,0.0
2,0,-0.2454,1,2.5,0.00625,0.0
3,0,-0.2454,1,2.5,0.00625,0.0
4,0,-0.2454,1,2.5,0.00625,0.0
5,0,-0.2454,1,2.5,0.00625,0.0
6,0,-0.2454,1,2.5,0.00625,0.0
7,0,-0.2454,1,2.5,0.00625,0.0
8,0,-0.2454,1,2.5,0.00625,0.0
9,0,-0.2454,1,2.5,0.00625,0.0
10,0,1914.6125,1,2.5,0.00625,0.0
11,0,1914.6125,1,2.5,0.00625,0.0
12,0,1914.6125,1,2.5,0.00625,0.0
13,1,1914.6125,1,2.5,0.00625,0.0
14,1,1914.6125,1,2.5,0.00625,0.0
15,1,1914.6125,1,2.5,0.00625,0.0
16,2,1914.6125,1,2.5,0.00625,0.0
17,3,1914.6125,1,2.5,0.00625,0.0
18,4,1914.6125,1,2.5,0.00625,0.0
19,5,1914.6125,1,2.5,0.00625,0.0
20,6,1175.4384,1,2.5,0.00625,0.0
21,7,1175.4384,1,2.5,0.00625,0.0
22,9,1175.4384,1,2.5,0.00625,0.0
23,10,1175.4384,1,2.5,0.00625,0.0
24,12,1175.4384,1,2.5,0.00625,0.0
25,13,1175.4384,1,2.5,0.00625,0.0
26,15,1175.4384,1,2.5,0.00625,0.0
27,17,1175.4384,1,2.5,0.00625,0.0
28,19,1175.4384,1,2.5,0.00625,0.0
29,21,1175.4384,1,2.5,0.00625,0.0
30,23,1167.9526,1,2.5,0.00625,0.0
31,25,1167.9526,1,2.5,0.00625,0.0
32,27,1167.9526,1,2.5,0.00625,0.0
33,29,1167.9526,1,2.5,0.00625,0.0
34,32,1167.9526,1,2.5,0.00625,0.0
35,34,1167.9526,1,2.5,0.00625,0.0
36,37,1167.9526,1,2.5,0.00625,0.0
37,39,1167.9526,1,2.5,0.00625,0.0
38,42,1167.9526,1,2.5,0.00625,0.0
39,44,1167.9526,1,2.5,0.00625,0.0
40,47,1158.4624,1,2.5,0.00625,0.0
41,50,1158.4624,1,2.5,0.00625,0.0
42,53,1158.4624,1,2.5,0.00625,0.0
43,56,1158.4624,1,2.5,0.00625,0.0
44,59,1158.4624,1,2.5,0.00625,0.0
45,62,1158.4624,1,2.5,0.00625,0.0
46,65,1158.4624,1,2.5,0.00625,0.0
47,68,1158.4624,1,2.5,0.00625,0.0
48,71,1158.4624,1,2.5,0.00625,0.0
49,74,1158.4624,1,2.5,0.00625,0.0
50,77,1147.9495,1,2.5,0.00625,0.0
51,80,1147.9495,1,2.5,0.00625,0.0
52,83,1147.9495,1,2.5,0.00625,0.0
53,87,1147.9495,1,2.5,0.00625,0.0
54,90,1147.9495,1,2.5,0.00625,0.0
55,93,1147.9495,1,2.5,0.00625,0.0
56,97,1147.9495,1,2.5,0.00625,0.0
57,100,1147.9495,1,2.5,0.00625,0.0
58,104,1147.9495,1,2.5,0.00625,0.0
59,107,1147.9495,1,2.5,0.00625,0.0
60,111,1136.3322,1,2.5,0.00625,0.0
61,114,1136.3322,1,2.5,0.00625,0.0
62,118,1136.3322,1,2.5,0.00625,0.0
63,121,1136.3322,1,2.5,0.00625,0.0
64,125,1136.3322,1,2.5,0.00625,0.0
65,128,1136.3322,1,2.5,0.00625,0.0
66,132,1136.3322,1,2.5,0.00625,0.0
67,136,1136.3322,1,2.5,0.00625,0.0
68,140,1136.3322,1,2.5,0.00625,0.0
69,143,1136.3322,1,2.5,0.00625,0.0
70,147,1123.4058,1,2.5,0.00625,0.0
71,151,1123.4058,1,2.5,0.00625,0.0
72,155,1123.4058,1,2.5,0.00625,0.0
73,159,1123.4058,1,2.5,0.00625,0.0
74,162,1123.4058,1,2.5,0.00625,0.0
75,166,1123.4058,1,2.5,0.00625,0.0
76,170,1123.4058,1,2.5,0.00625,0.0
77,174,1123.4058,1,2.5,0.00625,0.0
78,178,1123.4058,1,2.5,0.00625,0.0
79,182,1123.4058,1,2.5,0.00625,0.0
80,186,1110.7657,1,2.5,0.00625,0.0
81,190,1110.7657,1,2.5,0.00625,0.0
82,194,1110.7657,1,2.5,0.00625,0.0
83,198,1110.7657,1,2.5,0.00625,0.0
84,202,1110.7657,1,2.5,0.00625,0.0
85,206,1110.7657,1,2.5,0.00625,0.0
86,210,1110.7657,1,2.5,0.00625,0.0
87,214,1110.7657,1,2.5,0.00625,0.0
88,218,1110.7657,1,2.5,0.00625,0.0
89,222,1110.7657,1,2.5,0.00625,0.0
90,226,1097.2667,1,2.5,0.00625,0.0
91,230,1097.2667,1,2.5,0.00625,0.0
92,234,1097.2667,1,2.5,0.00625,0.0
93,238,1097.2667,1,2.5,0.00625,0.0
94,242,1097.2667,1,2.5,0.00625,0.0
95,246,1097.2667,1,2.5,0.00625,0.0
96,250,1097.2667,1,2.5,0.00625,0.0
97,255,1097.2667,1,2.5,0.00625,0.0
98,259,1097.2667,1,2.5,0.00625,0.0
99,263,1097.2667,1,2.5,0.00625,0.0
100,267,1083.645,1,2.5,0.00625,0.0
101,271,1083.645,1,2.5,0.00625,0.0
102,276,1083.645,1,2.5,0.00625,0.0
103,281,1083.645,1,2.5,0.00625,0.0
104,285,1083.645,1,2.5,0.00625,0.0
105,289,1083.645,1,2.5,0.00625,0.0
106,294,1083.645,1,2.5,0.00625,0.0
107,298,1083.645,1,2.5,0.00625,0.0
108,303,1083.645,1,2.5,0.00625,0.0
109,307,1083.645,1,2.5,0.00625,0.0
110,311,1068.6323,1,2.5,0.00625,0.0
111,315,1068.6323,1,2.5,0.00625,0.0
112,319,1068.6323,1,2.5,0.00625,0.0
113,325,1068.6323,1,2.5,0.00625,0.0
114,329,1068.6323,1,2.5,0.00625,0.0
115,333,1068.6323,1,2.5,0.00625,0.0
116,338,1068.6323,1,2.5,0.00625,0.0
117,342,1068.6323,1,2.5,0.00625,0.0
118,346,1068.6323,1,2.5,0.00625,0.0
119,351,1068.6323,1,2.5,0.00625,0.0
120,356,1053.7017,1,2.5,0.00625,0.0
121,360,1053.7017,1,2.5,0.00625,0.0
122,365,1053.7017,1,2.5,0.00625,0.0
123,369,1053.7017,1,2.5,0.00625,0.0
124,374,1053.7017,1,2.5,0.00625,0.0
125,378,1053.7017,1,2.5,0.00625,0.0
126,382,1053.7017,1,2.5,0.00625,0.0
127,387,1053.7017,1,2.5,0.00625,0.0
128,391,1053.7017,1,2.5,0.00625,0.0
129,395,1053.7017,1,2.5,0.00625,0.0
130,400,1039.5072,1,2.5,0.00625,0.0
131,404,1039.5072,1,2.5,0.00625,0.0
132,408,1039.5072,1,2.5,0.00625,0.0
133,413,1039.5072,1,2.5,0.00625,0.0
134,417,1039.5072,1,2.5,0.00625,0.0
135,421,1039.5072,1,2.5,0.00625,0.0
136,426,1039.5072,1,2.5,0.00625,0.0
137,430,1039.5072,1,2.5,0.00625,0.0
138,434,1039.5072,1,2.5,0.00625,0.0
139,439,1039.5072,1,2.5,0.00625,0.0
140,443,1025.6401,1,2.5,0.00625,0.0
141,448,1025.6401,1,2.5,0.00625,0.0
142,452,1025.6401,1,2.5,0.00625,0.0
143,456,1025.6401,1,2.5,0.00625,0.0
144,461,1025.6401,1,2.5,0.00625,0.0
145,466,1025.6401,1,2.5,0.00625,0.0
146,470,1025.6401,1,2.5,0.00625,0.0
147,475,1025.6401,1,2.5,0.00625,0.0
148,479,1025.6401,1,2.5,0.00625,0.0
149,483,1025.6401,1,2.5,0.00625,0.0
150,488,1010.5049,1,2.5,0.00625,0.0
151,492,1010.5049,1,2.5,0.00625,0.0
152,497,1010.5049,1,2.5,0.00625,0.0
153,501,1010.5049,1,2.5,0.00625,0.0
154,505,1010.5049,1,2.5,0.00625,0.0
155,510,1010.5049,1,2.5,0.00625,0.0
156,514,1010.5049,1,2.5,0.00625,0.0
157,518,1010.5049,1,2.5,0.00625,0.0
158,523,1010.5049,1,2.5,0.00625,0.0
159,527,1010.5049,1,2.5,0.00625,0.0
160,532,996.8422,1,2.5,0.00625,0.0
161,537,996.8422,1,2.5,0.00625,0.0
162,541,996.8422,1,2.5,0.00625,0.0
163,546,996.8422,1,2.5,0.00625,0.0
164,550,996.8422,1,2.5,0.00625,0.0
165,555,996.8422,1,2.5,0.00625,0.0
166,559,996.8422,1,2.5,0.00625,0.0
167,563,996.8422,1,2.5,0.00625,0.0
168,568,996.8422,1,2.5,0.00625,0.0
169,572,996.8422,1,2.5,0.00625,0.0
170,576,981.7068,1,2.5,0.00625,0.0
171,581,981.7068,1,2.5,0.00625,0.0
172,585,981.7068,1,2.5,0.00625,0.0
173,590,981.7068,1,2.5,0.00625,0.0
174,595,981.7068,1,2.5,0.00625,0.0
175,600,981.7068,1,2.5,0.00625,0.0
176,604,981.7068,1,2.5,0.00625,0.0
177,608,981.7068,1,2.5,0.00625,0.0
178,613,981.7068,1,2.5,0.00625,0.0
179,618,981.7068,1,2.5,0.00625,0.0
180,622,966.4489,1,2.5,0.00625,0.0
181,627,966.4489,1,2.5,0.00625,0.0
182,631,966.4489,1,2.5,0.00625,0.0
183,636,966.4489,1,2.5,0.00625,0.0
184,640,966.4489,1,2.5,0.00625,0.0
185,645,966.4489,1,2.5,0.00625,0.0
186,649,966.4489,1,2.5,0.00625,0.0
187,653,966.4489,1,2.5,0.00625,0.0
188,659,966.4489,1,2.5,0.00625,0.0
189,663,966.4489,1,2.5,0.00625,0.0
190,668,951.3954,1,2.5,0.00625,0.0
191,672,951.3954,1,2.5,0.00625,0.0
192,676,951.3954,1,2.5,0.00625,0.0
193,681,951.3954,1,2.5,0.00625,0.0
194,685,951.3954,1,2.5,0.00625,0.0
195,690,951.3954,1,2.5,0.00625,0.0
196,694,951.3954,1,2.5,0.00625,0.0
197,699,951.3954,1,2.5,0.00625,0.0
198,703,951.3954,1,2.5,0.00625,0.0
199,707,951.3954,1,2.5,0.00625,0.0
200,712,937.4055,1,2.5,0.00625,0.0
201,716,937.4055,1,2.5,0.00625,0.0
202,721,937.4055,1,2.5,0.00625,0.0
203,725,937.4055,1,2.5,0.00625,0.0
204,730,937.4055,1,2.5,0.00625,0.0
205,735,937.4055,1,2.5,0.00625,0.0
206,740,937.4055,1,2.5,0.00625,0.0
207,745,937.4055,1,2.5,0.00625,0.0
208,749,937.4055,1,2.5,0.00625,0.0
209,754,937.4055,1,2.5,0.00625,0.0
210,759,921.943,1,2.5,0.00625,0.0
211,763,921.943,1,2.5,0.00625,0.0
212,769,921.943,1,2.5,0.00625,0.0
213,773,921.943,1,2.5,0.00625,0.0
214,778,921.943,1,2.5,0.00625,0.0
215,782,921.943,1,2.5,0.00625,0.0
216,787,921.943,1,2.5,0.00625,0.0
217,792,921.943,1,2.5,0.00625,0.0
218,796,921.943,1,2.5,0.00625,0.0
219,801,921.943,1,2.5,0.00625,0.0
220,805,906.3578,1,2.5,0.00625,0.0
221,810,906.3578,1,2.5,0.00625,0.0
222,814,906.3578,1,2.5,0.00625,0.0
223,818,906.3578,1,2.5,0.00625,0.0
224,823,906.3578,1,2.5,0.00625,0.0
225,827,906.3578,1,2.5,0.00625,0.0
226,832,906.3578,1,2.5,0.00625,0.0
227,836,906.3578,1,2.5,0.00625,0.0
228,842,906.3578,1,2.5,0.00625,0.0
229,846,906.3578,1,2.5,0.00625,0.0
230,850,892.0406,1,2.5,0.00625,0.0
231,855,892.0406,1,2.5,0.00625,0.0
232,860,892.0406,1,2.5,0.00625,0.0
233,865,892.0406,1,2.5,0.00625,0.0
234,869,892.0406,1,2.5,0.00625,0.0
235,873,892.0406,1,2.5,0.00625,0.0
236,878,892.0406,1,2.5,0.00625,0.0
237,882,892.0406,1,2.5,0.00625,0.0
238,887,892.0406,1,2.5,0.00625,0.0
239,891,892.0406,1,2.5,0.00625,0.0
240,896,876.7825,1,2.5,0.00625,0.0
241,900,876.7825,1,2.5,0.00625,0.0
242,904,876.7825,1,2.5,0.00625,0.0
243,909,876.7825,1,2.5,0.00625,0.0
244,913,876.7825,1,2.5,0.00625,0.0
245,918,876.7825,1,2.5,0.00625,0.0
246,922,876.7825,1,2.5,0.00625,0.0
247,926,876.7825,1,2.5,0.00625,0.0
248,931,876.7825,1,2.5,0.00625,0.0
249,935,876.7825,1,2.5,0.00625,0.0
250,940,862.7927,1,2.5,0.00625,0.0
251,944,862.7927,1,2.5,0.00625,0.0
252,949,862.7927,1,2.5,0.00625,0.0
253,953,862.7927,1,2.5,0.00625,0.0
254,956,862.7927,1,2.5,0.00625,0.0
255,961,862.7927,1,2.5,0.00625,0.0
256,965,862.7927,1,2.5,0.00625,0.0
257,970,862.7927,1,2.5,0.00625,0.0
258,974,862.7927,1,2.5,0.00625,0.0
259,979,862.7927,1,2.5,0.00625,0.0
260,983,848.9255,1,2.5,0.00625,0.0
261,988,848.9255,1,2.5,0.00625,0.0
262,993,848.9255,1,2.5,0.00625,0.0
263,997,848.9255,1,2.5,0.00625,0.0
264,1003,848.9255,1,2.5,0.00625,0.0
265,1007,848.9255,1,2.5,0.00625,0.0
266,1011,848.9255,1,2.5,0.00625,0.0
267,1016,848.9255,1,2.5,0.00625,0.0
268,1020,848.9255,1,2.5,0.00625,0.0
269,1025,848.9255,1,2.5,0.00625,0.0
270,1029,833.2585,1,2.5,0.00625,0.0
271,1034,833.2585,1,2.5,0.00625,0.0
272,1038,833.2585,1,2.5,0.00625,0.0
273,1042,833.2585,1,2.5,0.00625,0.0
274,1047,833.2585,1,2.5,0.00625,0.0
275,1052,833.2585,1,2.5,0.00625,0.0
276,1056,833.2585,1,2.5,0.00625,0.0
277,1062,833.2585,1,2.5,0.00625,0.0
278,1066,833.2585,1,2.5,0.00625,0.0
279,1071,833.2585,1,2.5,0.00625,0.0
280,1075,818.205,1,2.5,0.00625,0.0
281,1081,818.205,1,2.5,0.00625,0.0
282,1085,818.205,1,2.5,0.00625,0.0
283,1091,818.205,1,2.5,0.00625,0.0
284,1095,818.205,1,2.5,0.00625,0.0
285,1099,818.205,1,2.5,0.00625,0.0
286,1104,818.205,1,2.5,0.00625,0.0
287,1108,818.205,1,2.5,0.00625,0.0
288,1112,818.205,1,2.5,0.00625,0.0
289,1117,818.205,1,2.5,0.00625,0.0
290,1121,803.1516,1,2.5,0.00625,0.0
291,1126,803.1516,1,2.5,0.00625,0.0
292,1130,803.1516,1,2.5,0.00625,0.0
293,1134,803.1516,1,2.5,0.00625,0.0
294,1138,803.1516,1,2.5,0.00625,0.0
295,1142,803.1516,1,2.5,0.00625,0.0
296,1147,803.1516,1,2.5,0.00625,0.0
297,1150,803.1516,1,2.5,0.00625,0.0
298,1155,803.1516,1,2.5,0.00625,0.0
299,1159,803.1516,1,2.5,0.00625,0.0
300,1164,790.2252,1,2.5,0.00625,0.0
301,1168,790.2252,1,2.5,0.00625,0.0
302,1172,790.2252,1,2.5,0.00625,0.0
303,1177,790.2252,1,2.5,0.00625,0.0
304,1180,790.2252,1,2.5,0.00625,0.0
305,1185,790.2252,1,2.5,0.00625,0.0
306,1189,790.2252,1,2.5,0.00625,0.0
307,1193,790.2252,1,2.5,0.00625,0.0
308,1198,790.2252,1,2.5,0.00625,0.0
309,1202,790.2252,1,2.5,0.00625,0.0
310,1207,775.4171,1,2.5,0.00625,0.0
311,1211,775.4171,1,2.5,0.00625,0.0
312,1215,775.4171,1,2.5,0.00625,0.0
313,1220,775.4171,1,2.5,0.00625,0.0
314,1224,775.4171,1,2.5,0.00625,0.0
315,1228,775.4171,1,2.5,0.00625,0.0
316,1232,775.4171,1,2.5,0.00625,0.0
317,1237,775.4171,1,2.5,0.00625,0.0
318,1241,775.4171,1,2.5,0.00625,0.0
319,1246,775.4171,1,2.5,0.00625,0.0
320,1251,761.0182,1,2.5,0.00625,0.0
321,1255,761.0182,1,2.5,0.00625,0.0
322,1260,761.0182,1,2.5,0.00625,0.0
323,1264,761.0182,1,2.5,0.00625,0.0
324,1268,761.0182,1,2.5,0.00625,0.0
325,1273,761.0182,1,2.5,0.00625,0.0
326,1278,761.0182,1,2.5,0.00625,0.0
327,1283,761.0182,1,2.5,0.00625,0.0
328,1287,761.0182,1,2.5,0.00625,0.0
329,1292,761.0182,1,2.5,0.00625,0.0
330,1296,746.0874,1,2.5,0.00625,0.0
331,1301,746.0874,1,2.5,0.00625,0.0
332,1306,746.0874,1,2.5,0.00625,0.0
333,1310,746.0874,1,2.5,0.00625,0.0
334,1315,746.0874,1,2.5,0.00625,0.0
335,1319,746.0874,1,2.5,0.00625,0.0
336,1323,746.0874,1,2.5,0.00625,0.0
337,1327,746.0874,1,2.5,0.00625,0.0
338,1331,746.0874,1,2.5,0.00625,0.0
339,1336,746.0874,1,2.5,0.00625,0.0
340,1340,731.893,1,2.5,0.00625,0.0
341,1345,731.893,1,2.5,0.00625,0.0
342,1350,731.893,1,2.5,0.00625,0.0
343,1354,731.893,1,2.5,0.00625,0.0
344,1359,731.893,1,2.5,0.00625,0.0
345,1363,731.893,1,2.5,0.00625,0.0
346,1368,731.893,1,2.5,0.00625,0.0
347,1372,731.893,1,2.5,0.00625,0.0
348,1377,731.893,1,2.5,0.00625,0.0
349,1382,731.893,1,2.5,0.00625,0.0
350,1386,716.4304,1,2.5,0.00625,0.0
351,1392,716.4304,1,2.5,0.00625,0.0
352,1396,716.4304,1,2.5,0.00625,0.0
353,1400,716.4304,1,2.5,0.00625,0.0
354,1405,716.4304,1,2.5,0.00625,0.0
355,1409,716.4304,1,2.5,0.00625,0.0
356,1414,716.4304,1,2.5,0.00625,0.0
357,1418,716.4304,1,2.5,0.00625,0.0
358,1423,716.4304,1,2.5,0.00625,0.0
359,1427,716.4304,1,2.5,0.00625,0.0
360,1431,701.9088,1,2.5,0.00625,0.0
361,1436,701.9088,1,2.5,0.00625,0.0
362,1439,701.9088,1,2.5,0.00625,0.0
363,1443,701.9088,1,2.5,0.00625,0.0
364,1448,701.9088,1,2.5,0.00625,0.0
365,1452,701.9088,1,2.5,0.00625,0.0
366,1457,701.9088,1,2.5,0.00625,0.0
367,1461,701.9088,1,2.5,0.00625,0.0
368,1466,701.9088,1,2.5,0.00625,0.0
369,1470,701.9088,1,2.5,0.00625,0.0
370,1475,688.2462,1,2.5,0.00625,0.0
371,1479,688.2462,1,2.5,0.00625,0.0
372,1483,688.2462,1,2.5,0.00625,0.0
373,1488,688.2462,1,2.5,0.00625,0.0
374,1492,688.2462,1,2.5,0.00625,0.0
375,1496,688.2462,1,2.5,0.00625,0.0
376,1501,688.2462,1,2.5,0.00625,0.0
377,1505,688.2462,1,2.5,0.00625,0.0
378,1510,688.2462,1,2.5,0.00625,0.0
379,1514,688.2462,1,2.5,0.00625,0.0
380,1518,673.1109,1,2.5,0.00625,0.0
381,1522,673.1109,1,2.5,0.00625,0.0
382,1526,673.1109,1,2.5,0.00625,0.0
383,1531,673.1109,1,2.5,0.00625,0.0
384,1535,673.1109,1,2.5,0.00625,0.0
385,1540,673.1109,1,2.5,0.00625,0.0
386,1545,673.1109,1,2.5,0.00625,0.0
387,1549,673.1109,1,2.5,0.00625,0.0
388,1554,673.1109,1,2.5,0.00625,0.0
389,1559,673.1109,1,2.5,0.00625,0.0
390,1564,658.3846,1,2.5,0.00625,0.0
391,1567,658.3846,1,2.5,0.00625,0.0
392,1572,658.3846,1,2.5,0.00625,0.0
393,1576,658.3846,1,2.5,0.00625,0.0
394,1580,658.3846,1,2.5,0.00625,0.0
395,1586,658.3846,1,2.5,0.00625,0.0
396,1590,658.3846,1,2.5,0.00625,0.0
397,1596,658.3846,1,2.5,0.00625,0.0
398,1600,658.3846,1,2.5,0.00625,0.0
399,1604,658.3846,1,2.5,0.00625,0.0
400,1609,643.6584,1,2.5,0.00625,0.0
401,1613,643.6584,1,2.5,0.00625,0.0
402,1618,643.6584,1,2.5,0.00625,0.0
403,1622,643.6584,1,2.5,0.00625,0.0
404,1627,643.6584,1,2.5,0.00625,0.0
405,1631,643.6584,1,2.5,0.00625,0.0
406,1636,643.6584,1,2.5,0.00625,0.0
407,1641,643.6584,1,2.5,0.00625,0.0
408,1645,643.6584,1,2.5,0.00625,0.0
409,1650,643.6584,1,2.5,0.00625,0.0
410,1654,628.9322,1,2.5,0.00625,0.0
411,1658,628.9322,1,2.5,0.00625,0.0
412,1663,628.9322,1,2.5,0.00625,0.0
413,1667,628.9322,1,2.5,0.00625,0.0
414,1672,628.9322,1,2.5,0.00625,0.0
415,1676,628.9322,1,2.5,0.00625,0.0
416,1680,628.9322,1,2.5,0.00625,0.0
417,1685,628.9322,1,2.5,0.00625,0.0
418,1689,628.9322,1,2.5,0.00625,0.0
419,1694,628.9322,1,2.5,0.00625,0.0
420,1698,614.7378,1,2.5,0.00625,0.0
421,1702,614.7378,1,2.5,0.00625,0.0
422,1707,614.7378,1,2.5,0.00625,0.0
423,1711,614.7378,1,2.5,0.00625,0.0
424,1715,614.7378,1,2.5,0.00625,0.0
425,1719,614.7378,1,2.5,0.00625,0.0
426,1723,614.7378,1,2.5,0.00625,0.0
427,1728,614.7378,1,2.5,0.00625,0.0
428,1732,614.7378,1,2.5,0.00625,0.0
429,1737,614.7378,1,2.5,0.00625,0.0
430,1741,600.8705,1,2.5,0.00625,0.0
431,1745,600.8705,1,2.5,0.00625,0.0
432,1750,600.8705,1,2.5,0.00625,0.0
433,1754,600.8705,1,2.5,0.00625,0.0
434,1759,600.8705,1,2.5,0.00625,0.0
435,1763,600.8705,1,2.5,0.00625,0.0
436,1768,600.8705,1,2.5,0.00625,0.0
437,1772,600.8705,1,2.5,0.00625,0.0
438,1777,600.8705,1,2.5,0.00625,0.0
439,1782,600.8705,1,2.5,0.00625,0.0
440,1787,585.7353,1,2.5,0.00625,0.0
441,1791,585.7353,1,2.5,0.00625,0.0
442,1796,585.7353,1,2.5,0.00625,0.0
443,1800,585.7353,1,2.5,0.00625,0.0
444,1805,585.7353,1,2.5,0.00625,0.0
445,1809,585.7353,1,2.5,0.00625,0.0
446,1814,585.7353,1,2.5,0.00625,0.0
447,1818,585.7353,1,2.5,0.00625,0.0
448,1822,585.7353,1,2.5,0.00625,0.0
449,1827,585.7353,1,2.5,0.00625,0.0
450,1831,571.0091,1,2.5,0.00625,0.0
451,1836,571.0091,1,2.5,0.00625,0.0
452,1840,571.0091,1,2.5,0.00625,0.0
453,1844,571.0091,1,2.5,0.00625,0.0
454,1849,571.0091,1,2.5,0.00625,0.0
455,1854,571.0091,1,2.5,0.00625,0.0
456,1859,571.0091,1,2.5,0.00625,0.0
457,1864,571.0091,1,2.5,0.00625,0.0
458,1869,571.0091,1,2.5,0.00625,0.0
459,1873,571.0091,1,2.5,0.00625,0.0
460,1877,555.7511,1,2.5,0.00625,0.0
461,1882,555.7511,1,2.5,0.00625,0.0
462,1886,555.7511,1,2.5,0.00625,0.0
463,1891,555.7511,1,2.5,0.00625,0.0
464,1895,555.7511,1,2.5,0.00625,0.0
465,1899,555.7511,1,2.5,0.00625,0.0
466,1904,555.7511,1,2.5,0.00625,0.0
467,1908,555.7511,1,2.5,0.00625,0.0
468,1913,555.7511,1,2.5,0.00625,0.0
469,1917,555.7511,1,2.5,0.00625,0.0
470,1922,541.7612,1,2.5,0.00625,0.0
471,1926,541.7612,1,2.5,0.00625,0.0
472,1930,541.7612,1,2.5,0.00625,0.0
473,1935,541.7612,1,2.5,0.00625,0.0
474,1939,541.7612,1,2.5,0.00625,0.0
475,1943,541.7612,1,2.5,0.00625,0.0
476,1948,541.7612,1,2.5,0.00625,0.0
477,1953,541.7612,1,2.5,0.00625,0.0
478,1957,541.7612,1,2.5,0.00625,0.0
479,1961,541.7612,1,2.5,0.00625,0.0
480,1966,526.8304,1,2.5,0.00625,0.0
481,1970,526.8304,1,2.5,0.00625,0.0
482,1975,526.8304,1,2.5,0.00625,0.0
483,1980,526.8304,1,2.5,0.00625,0.0
484,1985,526.8304,1,2.5,0.00625,0.0
485,1990,526.8304,1,2.5,0.00625,0.0
486,1994,526.8304,1,2.5,0.00625,0.0
487,1998,526.8304,1,2.5,0.00625,0.0
488,2003,526.8304,1,2.5,0.00625,0.0
489,2006,526.8304,1,2.5,0.00625,0.0
490,2011,512.1041,1,2.5,0.00625,0.0
491,2015,512.1041,1,2.5,0.00625,0.0
492,2020,512.1041,1,2.5,0.00625,0.0
493,2024,512.1041,1,2.5,0.00625,0.0
494,2028,512.1041,1,2.5,0.00625,0.0
495,2034,512.1041,1,2.5,0.00625,0.0
496,2038,512.1041,1,2.5,0.00625,0.0
497,2042,512.1041,1,2.5,0.00625,0.0
498,2047,512.1041,1,2.5,0.00625,0.0
499,2051,512.1041,1,2.5,0.00625,0.0
500,2056,497.378,1,2.5,0.00625,0.0
501,2060,497.378,1,2.5,0.00625,0.0
502,2065,497.378,1,2.5,0.00625,0.0
503,2069,497.378,1,2.5,0.00625,0.0
504,2073,497.378,1,2.5,0.00625,0.0
505,2078,497.378,1,2.5,0.00625,0.0
506,2083,497.378,1,2.5,0.00625,0.0
507,2088,497.378,1,2.5,0.00625,0.0
508,2092,497.378,1,2.5,0.00625,0.0
509,2096,497.378,1,2.5,0.00625,0.0
510,2101,482.6519,1,2.5,0.00625,0.0
511,2105,482.6519,1,2.5,0.00625,0.0
512,2110,482.6519,1,2.5,0.00625,0.0
513,2114,482.6519,1,2.5,0.00625,0.0
514,2118,482.6519,1,2.5,0.00625,0.0
515,2123,482.6519,1,2.5,0.00625,0.0
516,2128,482.6519,1,2.5,0.00625,0.0
517,2133,482.6519,1,2.5,0.00625,0.0
518,2137,482.6519,1,2.5,0.00625,0.0
519,2142,482.6519,1,2.5,0.00625,0.0
520,2147,467.9255,1,2.5,0.00625,0.0
521,2151,467.9255,1,2.5,0.00625,0.0
522,2157,467.9255,1,2.5,0.00625,0.0
523,2161,467.9255,1,2.5,0.00625,0.0
524,2166,467.9255,1,2.5,0.00625,0.0
525,2170,467.9255,1,2.5,0.00625,0.0
526,2174,467.9255,1,2.5,0.00625,0.0
527,2179,467.9255,1,2.5,0.00625,0.0
528,2183,467.9255,1,2.5,0.00625,0.0
529,2188,467.9255,1,2.5,0.00625,0.0
530,2192,452.6675,1,2.5,0.00625,0.0
531,2198,452.6675,1,2.5,0.00625,0.0
532,2202,452.6675,1,2.5,0.00625,0.0
533,2207,452.6675,1,2.5,0.00625,0.0
534,2212,452.6675,1,2.5,0.00625,0.0
535,2216,452.6675,1,2.5,0.00625,0.0
536,2221,452.6675,1,2.5,0.00625,0.0
537,2226,452.6675,1,2.5,0.00625,0.0
538,2230,452.6675,1,2.5,0.00625,0.0
539,2235,452.6675,1,2.5,0.00625,0.0
540,2239,437.0823,1,2.5,0.00625,0.0
541,2244,437.0823,1,2.5,0.00625,0.0
542,2248,437.0823,1,2.5,0.00625,0.0
543,2252,437.0823,1,2.5,0.00625,0.0
544,2258,437.0823,1,2.5,0.00625,0.0
545,2262,437.0823,1,2.5,0.00625,0.0
546,2267,437.0823,1,2.5,0.00625,0.0
547,2272,437.0823,1,2.5,0.00625,0.0
548,2276,437.0823,1,2.5,0.00625,0.0
549,2281,437.0823,1,2.5,0.00625,0.0
550,2285,422.2334,1,2.5,0.00625,0.0
551,2290,422.2334,1,2.5,0.00625,0.0
552,2294,422.2334,1,2.5,0.00625,0.0
553,2298,422.2334,1,2.5,0.00625,0.0
554,2303,422.2334,1,2.5,0.00625,0.0
555,2308,422.2334,1,2.5,0.00625,0.0
556,2313,422.2334,1,2.5,0.00625,0.0
557,2317,422.2334,1,2.5,0.00625,0.0
558,2320,422.2334,1,2.5,0.00625,0.0
559,2325,422.2334,1,2.5,0.00625,0.0
560,2329,408.2434,1,2.5,0.00625,0.0
561,2334,408.2434,1,2.5,0.00625,0.0
562,2338,408.2434,1,2.5,0.00625,0.0
563,2342,408.2434,1,2.5,0.00625,0.0
564,2348,408.2434,1,2.5,0.00625,0.0
565,2353,408.2434,1,2.5,0.00625,0.0
566,2358,408.2434,1,2.5,0.00625,0.0
567,2362,408.2434,1,2.5,0.00625,0.0
568,2366,408.2434,1,2.5,0.00625,0.0
569,2372,408.2434,1,2.5,0.00625,0.0
570,2376,392.2492,1,2.5,0.00625,0.0
571,2381,392.2492,1,2.5,0.00625,0.0
572,2385,392.2492,1,2.5,0.00625,0.0
573,2389,392.2492,1,2.5,0.00625,0.0
574,2394,392.2492,1,2.5,0.00625,0.0
575,2399,392.2492,1,2.5,0.00625,0.0
576,2405,392.2492,1,2.5,0.00625,0.0
577,2409,392.2492,1,2.5,0.00625,0.0
578,2414,392.2492,1,2.5,0.00625,0.0
579,2418,392.2492,1,2.5,0.00625,0.0
580,2422,377.4002,1,2.5,0.00625,0.0
581,2427,377.4002,1,2.5,0.00625,0.0
582,2431,377.4002,1,2.5,0.00625,0.0
583,2436,377.4002,1,2.5,0.00625,0.0
584,2440,377.4002,1,2.5,0.00625,0.0
585,2444,377.4002,1,2.5,0.00625,0.0
586,2449,377.4002,1,2.5,0.00625,0.0
587,2453,377.4002,1,2.5,0.00625,0.0
588,2458,377.4002,1,2.5,0.00625,0.0
589,2462,377.4002,1,2.5,0.00625,0.0
590,2466,363.4103,1,2.5,0.00625,0.0
591,2471,363.4103,1,2.5,0.00625,0.0
592,2475,363.4103,1,2.5,0.00625,0.0
593,2481,363.4103,1,2.5,0.00625,0.0
594,2485,363.4103,1,2.5,0.00625,0.0
595,2489,363.4103,1,2.5,0.00625,0.0
596,2494,363.4103,1,2.5,0.00625,0.0
597,2498,363.4103,1,2.5,0.00625,0.0
598,2502,363.4103,1,2.5,0.00625,0.0
599,2506,363.4103,1,2.5,0.00625,0.0
600,2510,349.0114,1,2.5,0.00625,0.0
601,2515,349.0114,1,2.5,0.00625,0.0
602,2519,349.0114,1,2.5,0.00625,0.0
603,2524,349.0114,1,2.5,0.00625,0.0
604,2528,349.0114,1,2.5,0.00625,0.0
605,2532,349.0114,1,2.5,0.00625,0.0
606,2537,349.0114,1,2.5,0.00625,0.0
607,2541,349.0114,1,2.5,0.00625,0.0
608,2546,349.0114,1,2.5,0.00625,0.0
609,2551,349.0114,1,2.5,0.00625,0.0
610,2556,333.5488,1,2.5,0.00625,0.0
611,2560,333.5488,1,2.5,0.00625,0.0
612,2564,333.5488,1,2.5,0.00625,0.0
613,2569,333.5488,1,2.5,0.00625,0.0
614,2574,333.5488,1,2.5,0.00625,0.0
615,2578,333.5488,1,2.5,0.00625,0.0
616,2583,333.5488,1,2.5,0.00625,0.0
617,2587,333.5488,1,2.5,0.00625,0.0
618,2593,333.5488,1,2.5,0.00625,0.0
619,2597,333.5488,1,2.5,0.00625,0.0
620,2602,318.4954,1,2.5,0.00625,0.0
621,2606,318.4954,1,2.5,0.00625,0.0
622,2610,318.4954,1,2.5,0.00625,0.0
623,2615,318.4954,1,2.5,0.00625,0.0
624,2619,318.4954,1,2.5,0.00625,0.0
625,2625,318.4954,1,2.5,0.00625,0.0
626,2629,318.4954,1,2.5,0.00625,0.0
627,2633,318.4954,1,2.5,0.00625,0.0
628,2638,318.4954,1,2.5,0.00625,0.0
629,2642,318.4954,1,2.5,0.00625,0.0
630,2647,303.9736,1,2.5,0.00625,0.0
631,2652,303.9736,1,2.5,0.00625,0.0
632,2656,303.9736,1,2.5,0.00625,0.0
633,2661,303.9736,1,2.5,0.00625,0.0
634,2666,303.9736,1,2.5,0.00625,0.0
635,2671,303.9736,1,2.5,0.00625,0.0
636,2675,303.9736,1,2.5,0.00625,0.0
637,2679,303.9736,1,2.5,0.00625,0.0
638,2684,303.9736,1,2.5,0.00625,0.0
639,2688,303.9736,1,2.5,0.00625,0.0
640,2693,288.7157,1,2.5,0.00625,0.0
641,2697,288.7157,1,2.5,0.00625,0.0
642,2702,288.7157,1,2.5,0.00625,0.0
643,2706,288.7157,1,2.5,0.00625,0.0
644,2710,288.7157,1,2.5,0.00625,0.0
645,2715,288.7157,1,2.5,0.00625,0.0
646,2719,288.7157,1,2.5,0.00625,0.0
647,2725,288.7157,1,2.5,0.00625,0.0
648,2729,288.7157,1,2.5,0.00625,0.0
649,2733,288.7157,1,2.5,0.00625,0.0
650,2738,274.194,1,2.5,0.00625,0.0
651,2742,274.194,1,2.5,0.00625,0.0
652,2747,274.194,1,2.5,0.00625,0.0
653,2752,274.194,1,2.5,0.00625,0.0
654,2756,274.194,1,2.5,0.00625,0.0
655,2761,274.194,1,2.5,0.00625,0.0
656,2765,274.194,1,2.5,0.00625,0.0
657,2770,274.194,1,2.5,0.00625,0.0
658,2775,274.194,1,2.5,0.00625,0.0
659,2779,274.194,1,2.5,0.00625,0.0
660,2784,258.936,1,2.5,0.00625,0.0
661,2788,258.936,1,2.5,0.00625,0.0
662,2793,258.936,1,2.5,0.00625,0.0
663,2798,258.936,1,2.5,0.00625,0.0
664,2803,258.936,1,2.5,0.00625,0.0
665,2807,258.936,1,2.5,0.00625,0.0
666,2811,258.936,1,2.5,0.00625,0.0
667,2817,258.936,1,2.5,0.00625,0.0
668,2821,258.936,1,2.5,0.00625,0.0
669,2826,258.936,1,2.5,0.00625,0.0
670,2830,243.8825,1,2.5,0.00625,0.0
671,2834,243.8825,1,2.5,0.00625,0.0
672,2839,243.8825,1,2.5,0.00625,0.0
673,2843,243.8825,1,2.5,0.00625,0.0
674,2848,243.8825,1,2.5,0.00625,0.0
675,2852,243.8825,1,2.5,0.00625,0.0
676,2856,243.8825,1,2.5,0.00625,0.0
677,2861,243.8825,1,2.5,0.00625,0.0
678,2865,243.8825,1,2.5,0.00625,0.0
679,2870,243.8825,1,2.5,0.00625,0.0
680,2874,229.8926,1,2.5,0.00625,0.0
681,2878,229.8926,1,2.5,0.00625,0.0
682,2883,229.8926,1,2.5,0.00625,0.0
683,2887,229.8926,1,2.5,0.00625,0.0
684,2892,229.8926,1,2.5,0.00625,0.0
685,2896,229.8926,1,2.5,0.00625,0.0
686,2900,229.8926,1,2.5,0.00625,0.0
687,2905,229.8926,1,2.5,0.00625,0.0
688,2909,229.8926,1,2.5,0.00625,0.0
689,2914,229.8926,1,2.5,0.00625,0.0
690,2918,215.4937,1,2.5,0.00625,0.0
691,2922,215.4937,1,2.5,0.00625,0.0
692,2927,215.4937,1,2.5,0.00625,0.0
693,2931,215.4937,1,2.5,0.00625,0.0
694,2936,215.4937,1,2.5,0.00625,0.0
695,2940,215.4937,1,2.5,0.00625,0.0
696,2946,215.4937,1,2.5,0.00625,0.0
697,2950,215.4937,1,2.5,0.00625,0.0
698,2954,215.4937,1,2.5,0.00625,0.0
699,2959,215.4937,1,2.5,0.00625,0.0
700,2964,200.563,1,2.5,0.00625,0.0
701,2968,200.563,1,2.5,0.00625,0.0
702,2973,200.563,1,2.5,0.00625,0.0
703,2977,200.563,1,2.5,0.00625,0.0
704,2982,200.563,1,2.5,0.00625,0.0
705,2986,200.563,1,2.5,0.00625,0.0
706,2991,200.563,1,2.5,0.00625,0.0
707,2996,200.563,1,2.5,0.00625,0.0
708,3000,200.563,1,2.5,0.00625,0.0
709,3005,200.563,1,2.5,0.00625,0.0
710,3009,185.3049,1,2.5,0.00625,0.0
711,3014,185.3049,1,2.5,0.00625,0.0
712,3019,185.3049,1,2.5,0.00625,0.0
713,3023,185.3049,1,2.5,0.00625,0.0
714,3028,185.3049,1,2.5,0.00625,0.0
715,3032,185.3049,1,2.5,0.00625,0.0
716,3037,185.3049,1,2.5,0.00625,0.0
717,3041,185.3049,1,2.5,0.00625,0.0
718,3044,185.3049,1,2.5,0.00625,0.0
719,3049,185.3049,1,2.5,0.00625,0.0
720,3053,171.3151,1,2.5,0.00625,0.0
721,3058,171.3151,1,2.5,0.00625,0.0
722,3064,171.3151,1,2.5,0.00625,0.0
723,3069,171.3151,1,2.5,0.00625,0.0
724,3074,171.3151,1,2.5,0.00625,0.0
725,3078,171.3151,1,2.5,0.00625,0.0
726,3083,171.3151,1,2.5,0.00625,0.0
727,3087,171.3151,1,2.5,0.00625,0.0
728,3091,171.3151,1,2.5,0.00625,0.0
729,3096,171.3151,1,2.5,0.00625,0.0
730,3100,155.3208,1,2.5,0.00625,0.0
731,3105,155.3208,1,2.5,0.00625,0.0
732,3109,155.3208,1,2.5,0.00625,0.0
733,3113,155.3208,1,2.5,0.00625,0.0
734,3118,155.3208,1,2.5,0.00625,0.0
735,3122,155.3208,1,2.5,0.00625,0.0
736,3127,155.3208,1,2.5,0.00625,0.0
737,3131,155.3208,1,2.5,0.00625,0.0
738,3136,155.3208,1,2.5,0.00625,0.0
739,3140,155.3208,1,2.5,0.00625,0.0
740,3144,141.5354,1,2.5,0.00625,0.0
741,3149,141.5354,1,2.5,0.00625,0.0
742,3153,141.5354,1,2.5,0.00625,0.0
743,3158,141.5354,1,2.5,0.00625,0.0
744,3162,141.5354,1,2.5,0.00625,0.0
745,3166,141.5354,1,2.5,0.00625,0.0
746,3171,141.5354,1,2.5,0.00625,0.0
747,3175,141.5354,1,2.5,0.00625,0.0
748,3180,141.5354,1,2.5,0.00625,0.0
749,3184,141.5354,1,2.5,0.00625,0.0
750,3188,127.1363,1,2.5,0.00625,0.0
751,3193,127.1363,1,2.5,0.00625,0.0
752,3197,127.1363,1,2.5,0.00625,0.0
753,3202,127.1363,1,2.5,0.00625,0.0
754,3207,127.1363,1,2.5,0.00625,0.0
755,3211,127.1363,1,2.5,0.00625,0.0
756,3216,127.1363,1,2.5,0.00625,0.0
757,3220,127.1363,1,2.5,0.00625,0.0
758,3225,127.1363,1,2.5,0.00625,0.0
759,3229,127.1363,1,2.5,0.00625,0.0
760,3234,112.2057,1,2.5,0.00625,0.0
761,3238,112.2057,1,2.5,0.00625,0.0
762,3243,112.2057,1,2.5,0.00625,0.0
763,3248,112.2057,1,2.5,0.00625,0.0
764,3252,112.2057,1,2.5,0.00625,0.0
765,3255,112.2057,1,2.5,0.00625,0.0
766,3260,112.2057,1,2.5,0.00625,0.0
767,3264,112.2057,1,2.5,0.00625,0.0
768,3269,112.2057,1,2.5,0.00625,0.0
769,3273,112.2057,1,2.5,0.00625,0.0
770,3277,98.0112,1,2.5,0.00625,0.0
771,3282,98.0112,1,2.5,0.00625,0.0
772,3286,98.0112,1,2.5,0.00625,0.0
773,3291,98.0112,1,2.5,0.00625,0.0
774,3295,98.0112,1,2.5,0.00625,0.0
775,3300,98.0112,1,2.5,0.00625,0.0
776,3304,98.0112,1,2.5,0.00625,0.0
777,3308,98.0112,1,2.5,0.00625,0.0
778,3313,98.0112,1,2.5,0.00625,0.0
779,3317,98.0112,1,2.5,0.00625,0.0
780,3321,83.6123,1,2.5,0.00625,0.0
781,3326,83.6123,1,2.5,0.00625,0.0
782,3330,83.6123,1,2.5,0.00625,0.0
783,3335,83.6123,1,2.5,0.00625,0.0
784,3339,83.6123,1,2.5,0.00625,0.0
785,3344,83.6123,1,2.5,0.00625,0.0
786,3348,83.6123,1,2.5,0.00625,0.0
787,3353,83.6123,1,2.5,0.00625,0.0
788,3358,83.6123,1,2.5,0.00625,0.0
789,3362,83.6123,1,2.5,0.00625,0.0
790,3367,68.6814,1,2.5,0.00625,0.0
791,3371,68.6814,1,2.5,0.00625,0.0
792,3376,68.6814,1,2.5,0.00625,0.0
793,3381,68.6814,1,2.5,0.00625,0.0
794,3385,68.6814,1,2.5,0.00625,0.0
795,3390,68.6814,1,2.5,0.00625,0.0
796,3394,68.6814,1,2.5,0.00625,0.0
797,3398,68.6814,1,2.5,0.00625,0.0
798,3403,68.6814,1,2.5,0.00625,0.0
799,3407,68.6814,1,2.5,0.00625,0.0
800,3413,53.4235,1,2.5,0.00625,0.0
801,3417,53.4235,1,2.5,0.00625,0.0
802,3421,53.4235,1,2.5,0.00625,0.0
803,3426,53.4235,1,2.5,0.00625,0.0
804,3430,53.4235,1,2.5,0.00625,0.0
805,3436,53.4235,1,2.5,0.00625,0.0
806,3440,53.4235,1,2.5,0.00625,0.0
807,3445,53.4235,1,2.5,0.00625,0.0
808,3449,53.4235,1,2.5,0.00625,0.0
809,3453,53.4235,1,2.5,0.00625,0.0
810,3458,38.3701,1,2.5,0.00625,0.0
811,3462,38.3701,1,2.5,0.00625,0.0
812,3466,38.3701,1,2.5,0.00625,0.0
813,3471,38.3701,1,2.5,0.00625,0.0
814,3475,38.3701,1,2.5,0.00625,0.0
815,3480,38.3701,1,2.5,0.00625,0.0
816,3485,38.3701,1,2.5,0.00625,0.0
817,3490,38.3701,1,2.5,0.00625,0.0
818,3494,38.3701,1,2.5,0.00625,0.0
819,3498,38.3701,1,2.5,0.00625,0.0
820,3503,23.8483,1,2.5,0.00625,0.0
821,3507,23.8483,1,2.5,0.00625,0.0
822,3511,23.8483,1,2.5,0.00625,0.0
823,3516,23.8483,1,2.5,0.00625,0.0
824,3520,23.8483,1,2.5,0.00625,0.0
825,3526,23.8483,1,2.5,0.00625,0.0
826,3530,23.8483,1,2.5,0.00625,0.0
827,3536,23.8483,1,2.5,0.00625,0.0
828,3540,23.8483,1,2.5,0.00625,0.0
829,3544,23.8483,1,2.5,0.00625,0.0
830,3549,8.5903,1,2.5,0.00625,0.0
831,3553,8.5903,1,2.5,0.00625,0.0
832,3557,8.5903,1,2.5,0.00625,0.0
833,3562,8.5903,1,2.5,0.00625,0.0
834,3566,8.5903,1,2.5,0.00625,0.0
835,3570,8.5903,1,2.5,0.00625,0.0
836,3575,8.5903,1,2.5,0.00625,0.0
837,3579,8.5903,1,2.5,0.00625,0.0
838,3583,8.5903,1,2.5,0.00625,0.0
839,3587,8.5903,1,2.5,0.00625,0.0
840,3592,-4.8677,1,2.5,0.00625,0.0
841,3596,-4.8677,1,2.5,0.00625,0.0
842,3599,-4.8677,1,2.5,0.00625,0.0
843,3603,-4.8677,1,2.5,0.00625,0.0
844,3607,-4.8677,1,2.5,0.00625,0.0
845,3610,-4.8677,1,2.5,0.00625,0.0
846,3614,-4.8677,1,2.5,0.00625,0.0
847,3617,-4.8677,1,2.5,0.00625,0.0
848,3620,-4.8677,1,2.5,0.00625,0.0
849,3623,-4.8677,1,2.5,0.00625,0.0
850,3626,-14.6853,1,2.5,0.00625,0.0
851,3628,-14.6853,1,2.5,0.00625,0.0
852,3631,-14.6853,1,2.5,0.00625,0.0
853,3633,-14.6853,1,2.5,0.00625,0.0
854,3635,-14.6853,1,2.5,0.00625,0.0
855,3637,-14.6853,1,2.5,0.00625,0.0
856,3639,-14.6853,1,2.5,0.00625,0.0
857,3640,-14.6853,1,2.5,0.00625,0.0
858,3641,-14.6853,1,2.5,0.00625,0.0
859,3643,-14.6853,1,2.5,0.00625,0.0
860,3644,-18.1623,1,2.5,0.00625,0.0
861,3644,-18.1623,1,2.5,0.00625,0.0
862,3645,-18.1623,1,2.5,0.00625,0.0
863,3645,-18.1623,1,2.5,0.00625,0.0
864,3646,-18.1623,1,2.5,0.00625,0.0
865,3646,-18.1623,1,2.5,0.00625,0.0
866,3646,-18.1623,1,2.5,0.00625,0.0
867,3646,-18.1623,1,2.5,0.00625,0.0
868,3646,-18.1623,1,2.5,0.00625,0.0
869,3646,-18.1623,1,2.5,0.00625,0.0
870,3646,-15.667,1,2.5,0.00625,0.0
871,3645,-15.667,1,2.5,0.00625,0.0
872,3645,-15.667,1,2.5,0.00625,0.0
873,3644,-15.667,1,2.5,0.00625,0.0
874,3643,-15.667,1,2.5,0.00625,0.0
875,3642,-15.667,1,2.5,0.00625,0.0
876,3641,-15.667,1,2.5,0.00625,0.0
877,3640,-15.667,1,2.5,0.00625,0.0
878,3639,-15.667,1,2.5,0.00625,0.0
879,3638,-15.667,1,2.5,0.00625,0.0
880,3636,-10.7991,1,2.5,0.00625,0.0
881,3635,-10.7991,1,2.5,0.00625,0.0
882,3633,-10.7991,1,2.5,0.00625,0.0
883,3632,-10.7991,1,2.5,0.00625,0.0
884,3630,-10.7991,1,2.5,0.00625,0.0
885,3628,-10.7991,1,2.5,0.00625,0.0
886,3626,-10.7991,1,2.5,0.00625,0.0
887,3624,-10.7991,1,2.5,0.00625,0.0
888,3622,-10.7991,1,2.5,0.00625,0.0
889,3620,-10.7991,1,2.5,0.00625,0.0
890,3618,-2.8634,1,2.5,0.00625,0.0
891,3616,-2.8634,1,2.5,0.00625,0.0
892,3614,-2.8634,1,2.5,0.00625,0.0
893,3611,-2.8634,1,2.5,0.00625,0.0
894,3609,-2.8634,1,2.5,0.00625,0.0
895,3607,-2.8634,1,2.5,0.00625,0.0
896,3605,-2.8634,1,2.5,0.00625,0.0
897,3603,-2.8634,1,2.5,0.00625,0.0
898,3601,-2.8634,1,2.5,0.00625,0.0
899,3599,-2.8634,1,2.5,0.00625,0.0
900,3597,4.6225,1,2.5,0.00625,0.0
901,3596,4.6225,1,2.5,0.00625,0.0
902,3594,4.6225,1,2.5,0.00625,0.0
903,3592,4.6225,1,2.5,0.00625,0.0
904,3591,4.6225,1,2.5,0.00625,0.0
905,3589,4.6225,1,2.5,0.00625,0.0
906,3588,4.6225,1,2.5,0.00625,0.0
907,3587,4.6225,1,2.5,0.00625,0.0
908,3586,4.6225,1,2.5,0.00625,0.0
909,3585,4.6225,1,2.5,0.00625,0.0
910,3584,7.7723,1,2.5,0.00625,0.0
911,3583,7.7723,1,2.5,0.00625,0.0
912,3582,7.7723,1,2.5,0.00625,0.0
913,3582,7.7723,1,2.5,0.00625,0.0
914,3581,7.7723,1,2.5,0.00625,0.0
915,3581,7.7723,1,2.5,0.00625,0.0
916,3581,7.7723,1,2.5,0.00625,0.0
917,3581,7.7723,1,2.5,0.00625,0.0
918,3581,7.7723,1,2.5,0.00625,0.0
919,3581,7.7723,1,2.5,0.00625,0.0
920,3581,7.0359,1,2.5,0.00625,0.0
921,3581,7.0359,1,2.5,0.00625,0.0
922,3581,7.0359,1,2.5,0.00625,0.0
923,3581,7.0359,1,2.5,0.00625,0.0
924,3582,7.0359,1,2.5,0.00625,0.0
925,3582,7.0359,1,2.5,0.00625,0.0
926,3583,7.0359,1,2.5,0.00625,0.0
927,3583,7.0359,1,2.5,0.00625,0.0
928,3584,7.0359,1,2.5,0.00625,0.0
929,3585,7.0359,1,2.5,0.00625,0.0
930,3585,4.0907,1,2.5,0.00625,0.0
931,3586,4.0907,1,2.5,0.00625,0.0
932,3587,4.0907,1,2.5,0.00625,0.0
933,3588,4.0907,1,2.5,0.00625,0.0
934,3589,4.0907,1,2.5,0.00625,0.0
935,3590,4.0907,1,2.5,0.00625,0.0
936,3591,4.0907,1,2.5,0.00625,0.0
937,3592,4.0907,1,2.5,0.00625,0.0
938,3593,4.0907,1,2.5,0.00625,0.0
939,3594,4.0907,1,2.5,0.00625,0.0
940,3595,0.1228,1,2.5,0.00625,0.0
941,3596,0.1228,1,2.5,0.00625,0.0
942,3597,0.1228,1,2.5,0.00625,0.0
943,3598,0.1228,1,2.5,0.00625,0.0
944,3599,0.1228,1,2.5,0.00625,0.0
945,3600,0.1228,1,2.5,0.00625,0.0
946,3601,0.1228,1,2.5,0.00625,0.0
947,3601,0.1228,1,2.5,0.00625,0.0
948,3602,0.1228,1,2.5,0.00625,0.0
949,3603,0.1228,1,2.5,0.00625,0.0
950,3604,-2.8225,1,2.5,0.00625,0.0
951,3604,-2.8225,1,2.5,0.00625,0.0
952,3605,-2.8225,1,2.5,0.00625,0.0
953,3606,-2.8225,1,2.5,0.00625,0.0
954,3606,-2.8225,1,2.5,0.00625,0.0
955,3607,-2.8225,1,2.5,0.00625,0.0
956,3607,-2.8225,1,2.5,0.00625,0.0
957,3608,-2.8225,1,2.5,0.00625,0.0
958,3608,-2.8225,1,2.5,0.00625,0.0
959,3608,-2.8225,1,2.5,0.00625,0.0
960,3608,-3.6406,1,2.5,0.00625,0.0
961,3608,-3.6406,1,2.5,0.00625,0.0
962,3609,-3.6406,1,2.5,0.00625,0.0
963,3609,-3.6406,1,2.5,0.00625,0.0
964,3609,-3.6406,1,2.5,0.00625,0.0
965,3609,-3.6406,1,2.5,0.00625,0.0
966,3608,-3.6406,1,2.5,0.00625,0.0
967,3608,-3.6406,1,2.5,0.00625,0.0
968,3608,-3.6406,1,2.5,0.00625,0.0
969,3608,-3.6406,1,2.5,0.00625,0.0
970,3607,-2.618,1,2.5,0.00625,0.0
971,3607,-2.618,1,2.5,0.00625,0.0
972,3607,-2.618,1,2.5,0.00625,0.0
973,3606,-2.618,1,2.5,0.00625,0.0
974,3606,-2.618,1,2.5,0.00625,0.0
975,3605,-2.618,1,2.5,0.00625,0.0
976,3605,-2.618,1,2.5,0.00625,0.0
977,3604,-2.618,1,2.5,0.00625,0.0
978,3604,-2.618,1,2.5,0.00625,0.0
979,3603,-2.618,1,2.5,0.00625,0.0
980,3603,0.041,1,2.5,0.00625,0.0
981,3602,0.041,1,2.5,0.00625,0.0
982,3602,0.041,1,2.5,0.00625,0.0
983,3601,0.041,1,2.5,0.00625,0.0
984,3601,0.041,1,2.5,0.00625,0.0
985,3601,0.041,1,2.5,0.00625,0.0
986,3600,0.041,1,2.5,0.00625,0.0
987,3600,0.041,1,2.5,0.00625,0.0
988,3600,0.041,1,2.5,0.00625,0.0
989,3599,0.041,1,2.5,0.00625,0.0
990,3599,1.1454,1,2.5,0.00625,0.0
991,3598,1.1454,1,2.5,0.00625,0.0
992,3598,1.1454,1,2.5,0.00625,0.0
993,3598,1.1454,1,2.5,0.00625,0.0
994,3598,1.1454,1,2.5,0.00625,0.0
995,3597,1.1454,1,2.5,0.00625,0.0
996,3597,1.1454,1,2.5,0.00625,0.0
997,3597,1.1454,1,2.5,0.00625,0.0
998,3597,1.1454,1,2.5,0.00625,0.0
999,3597,1.1454,1,2.5,0.00625,0.0
1000,3596,1.3909,1,2.5,0.00625,0.0
1001,3596,1.3909,1,2.5,0.00625,0.0
1002,3596,1.3909,1,2.5,0.00625,0.0
1003,3596,1.3909,1,2.5,0.00625,0.0
1004,3596,1.3909,1,2.5,0.00625,0.0
1005,3596,1.3909,1,2.5,0.00625,0.0
1006,3596,1.3909,1,2.5,0.00625,0.0
1007,3596,1.3909,1,2.5,0.00625,0.0
1008,3596,1.3909,1,2.5,0.00625,0.0
1009,3596,1.3909,1,2.5,0.00625,0.0
1010,3596,1.5136,1,2.5,0.00625,0.0
1011,3597,1.5136,1,2.5,0.00625,0.0
1012,3597,1.5136,1,2.5,0.00625,0.0
1013,3597,1.5136,1,2.5,0.00625,0.0
1014,3597,1.5136,1,2.5,0.00625,0.0
1015,3597,1.5136,1,2.5,0.00625,0.0
1016,3597,1.5136,1,2.5,0.00625,0.0
1017,3598,1.5136,1,2.5,0.00625,0.0
1018,3598,1.5136,1,2.5,0.00625,0.0
1019,3598,1.5136,1,2.5,0.00625,0.0
1020,3598,0.2454,1,2.5,0.00625,0.0
1021,3598,0.2454,1,2.5,0.00625,0.0
1022,3599,0.2454,1,2.5,0.00625,0.0
1023,3599,0.2454,1,2.5,0.00625,0.0
1024,3599,0.2454,1,2.5,0.00625,0.0
1025,3599,0.2454,1,2.5,0.00625,0.0
1026,3599,0.2454,1,2.5,0.00625,0.0
1027,3599,0.2454,1,2.5,0.00625,0.0
1028,3599,0.2454,1,2.5,0.00625,0.0
1029,3600,0.2454,1,2.5,0.00625,0.0
