TIME,PULSES,CONTROLLERVOLTAGE,CONTROLLER,KP,TAUD,TAUI 
0,0,0.0818,1,1.25,0.003125,0.0
1,0,0.0818,1,1.25,0.003125,0.0
2,0,0.0818,1,1.25,0.003125,0.0
3,0,0.0818,1,1.25,0.003125,0.0
4,0,0.0818,1,1.25,0.003125,0.0
5,0,0.0818,1,1.25,0.003125,0.0
6,0,0.0818,1,1.25,0.003125,0.0
7,0,0.0818,1,1.25,0.003125,0.0
8,0,0.0818,1,1.25,0.003125,0.0
9,0,0.0818,1,1.25,0.003125,0.0
10,0,773.1775,1,1.25,0.003125,0.0
11,0,773.1775,1,1.25,0.003125,0.0
12,0,773.1775,1,1.25,0.003125,0.0
13,1,773.1775,1,1.25,0.003125,0.0
14,1,773.1775,1,1.25,0.003125,0.0
15,2,773.1775,1,1.25,0.003125,0.0
16,2,773.1775,1,1.25,0.003125,0.0
17,3,773.1775,1,1.25,0.003125,0.0
18,4,773.1775,1,1.25,0.003125,0.0
19,5,773.1775,1,1.25,0.003125,0.0
20,6,587.9749,1,1.25,0.003125,0.0
21,7,587.9749,1,1.25,0.003125,0.0
22,8,587.9749,1,1.25,0.003125,0.0
23,10,587.9749,1,1.25,0.003125,0.0
24,11,587.9749,1,1.25,0.003125,0.0
25,13,587.9749,1,1.25,0.003125,0.0
26,15,587.9749,1,1.25,0.003125,0.0
27,17,587.9749,1,1.25,0.003125,0.0
28,19,587.9749,1,1.25,0.003125,0.0
29,20,587.9749,1,1.25,0.003125,0.0
30,23,584.7944,1,1.25,0.003125,0.0
31,25,584.7944,1,1.25,0.003125,0.0
32,27,584.7944,1,1.25,0.003125,0.0
33,29,584.7944,1,1.25,0.003125,0.0
34,32,584.7944,1,1.25,0.003125,0.0
35,34,584.7944,1,1.25,0.003125,0.0
36,36,584.7944,1,1.25,0.003125,0.0
37,39,584.7944,1,1.25,0.003125,0.0
38,42,584.7944,1,1.25,0.003125,0.0
39,44,584.7944,1,1.25,0.003125,0.0
40,47,580.6732,1,1.25,0.003125,0.0
41,50,580.6732,1,1.25,0.003125,0.0
42,52,580.6732,1,1.25,0.003125,0.0
43,55,580.6732,1,1.25,0.003125,0.0
44,58,580.6732,1,1.25,0.003125,0.0
45,61,580.6732,1,1.25,0.003125,0.0
46,64,580.6732,1,1.25,0.003125,0.0
47,67,580.6732,1,1.25,0.003125,0.0
48,70,580.6732,1,1.25,0.003125,0.0
49,73,580.6732,1,1.25,0.003125,0.0
50,77,575.4064,1,1.25,0.003125,0.0
51,80,575.4064,1,1.25,0.003125,0.0
52,83,575.4064,1,1.25,0.003125,0.0
53,86,575.4064,1,1.25,0.003125,0.0
54,90,575.4064,1,1.25,0.003125,0.0
55,93,575.4064,1,1.25,0.003125,0.0
56,96,575.4064,1,1.25,0.003125,0.0
57,100,575.4064,1,1.25,0.003125,0.0
58,103,575.4064,1,1.25,0.003125,0.0
59,107,575.4064,1,1.25,0.003125,0.0
60,110,569.8535,1,1.25,0.003125,0.0
61,114,569.8535,1,1.25,0.003125,0.0
62,117,569.8535,1,1.25,0.003125,0.0
63,121,569.8535,1,1.25,0.003125,0.0
64,124,569.8535,1,1.25,0.003125,0.0
65,128,569.8535,1,1.25,0.003125,0.0
66,132,569.8535,1,1.25,0.003125,0.0
67,135,569.8535,1,1.25,0.003125,0.0
68,139,569.8535,1,1.25,0.003125,0.0
69,143,569.8535,1,1.25,0.003125,0.0
70,146,563.8096,1,1.25,0.003125,0.0
71,150,563.8096,1,1.25,0.003125,0.0
72,154,563.8096,1,1.25,0.003125,0.0
73,158,563.8096,1,1.25,0.003125,0.0
74,162,563.8096,1,1.25,0.003125,0.0
75,165,563.8096,1,1.25,0.003125,0.0
76,169,563.8096,1,1.25,0.003125,0.0
77,173,563.8096,1,1.25,0.003125,0.0
78,177,563.8096,1,1.25,0.003125,0.0
79,181,563.8096,1,1.25,0.003125,0.0
80,185,557.4896,1,1.25,0.003125,0.0
81,189,557.4896,1,1.25,0.003125,0.0
82,194,557.4896,1,1.25,0.003125,0.0
83,198,557.4896,1,1.25,0.003125,0.0
84,202,557.4896,1,1.25,0.003125,0.0
85,206,557.4896,1,1.25,0.003125,0.0
86,210,557.4896,1,1.25,0.003125,0.0
87,214,557.4896,1,1.25,0.003125,0.0
88,218,557.4896,1,1.25,0.003125,0.0
89,222,557.4896,1,1.25,0.003125,0.0
90,226,550.6276,1,1.25,0.003125,0.0
91,230,550.6276,1,1.25,0.003125,0.0
92,234,550.6276,1,1.25,0.003125,0.0
93,238,550.6276,1,1.25,0.003125,0.0
94,242,550.6276,1,1.25,0.003125,0.0
95,246,550.6276,1,1.25,0.003125,0.0
96,250,550.6276,1,1.25,0.003125,0.0
97,254,550.6276,1,1.25,0.003125,0.0
98,259,550.6276,1,1.25,0.003125,0.0
99,263,550.6276,1,1.25,0.003125,0.0
100,267,543.9189,1,1.25,0.003125,0.0
101,271,543.9189,1,1.25,0.003125,0.0
102,275,543.9189,1,1.25,0.003125,0.0
103,279,543.9189,1,1.25,0.003125,0.0
104,284,543.9189,1,1.25,0.003125,0.0
105,288,543.9189,1,1.25,0.003125,0.0
106,292,543.9189,1,1.25,0.003125,0.0
107,296,543.9189,1,1.25,0.003125,0.0
108,300,543.9189,1,1.25,0.003125,0.0
109,305,543.9189,1,1.25,0.003125,0.0
110,309,536.9955,1,1.25,0.003125,0.0
111,313,536.9955,1,1.25,0.003125,0.0
112,317,536.9955,1,1.25,0.003125,0.0
113,322,536.9955,1,1.25,0.003125,0.0
114,326,536.9955,1,1.25,0.003125,0.0
115,330,536.9955,1,1.25,0.003125,0.0
116,334,536.9955,1,1.25,0.003125,0.0
117,339,536.9955,1,1.25,0.003125,0.0
118,343,536.9955,1,1.25,0.003125,0.0
119,347,536.9955,1,1.25,0.003125,0.0
120,351,530.1233,1,1.25,0.003125,0.0
121,356,530.1233,1,1.25,0.003125,0.0
122,360,530.1233,1,1.25,0.003125,0.0
123,364,530.1233,1,1.25,0.003125,0.0
124,369,530.1233,1,1.25,0.003125,0.0
125,373,530.1233,1,1.25,0.003125,0.0
126,377,530.1233,1,1.25,0.003125,0.0
127,383,530.1233,1,1.25,0.003125,0.0
128,387,530.1233,1,1.25,0.003125,0.0
129,391,530.1233,1,1.25,0.003125,0.0
130,395,522.8216,1,1.25,0.003125,0.0
131,400,522.8216,1,1.25,0.003125,0.0
132,404,522.8216,1,1.25,0.003125,0.0
133,408,522.8216,1,1.25,0.003125,0.0
134,413,522.8216,1,1.25,0.003125,0.0
135,417,522.8216,1,1.25,0.003125,0.0
136,422,522.8216,1,1.25,0.003125,0.0
137,426,522.8216,1,1.25,0.003125,0.0
138,430,522.8216,1,1.25,0.003125,0.0
139,434,522.8216,1,1.25,0.003125,0.0
140,439,515.6221,1,1.25,0.003125,0.0
141,443,515.6221,1,1.25,0.003125,0.0
142,447,515.6221,1,1.25,0.003125,0.0
143,452,515.6221,1,1.25,0.003125,0.0
144,456,515.6221,1,1.25,0.003125,0.0
145,461,515.6221,1,1.25,0.003125,0.0
146,465,515.6221,1,1.25,0.003125,0.0
147,469,515.6221,1,1.25,0.003125,0.0
148,474,515.6221,1,1.25,0.003125,0.0
149,478,515.6221,1,1.25,0.003125,0.0
150,482,508.6374,1,1.25,0.003125,0.0
151,487,508.6374,1,1.25,0.003125,0.0
152,491,508.6374,1,1.25,0.003125,0.0
153,496,508.6374,1,1.25,0.003125,0.0
154,500,508.6374,1,1.25,0.003125,0.0
155,504,508.6374,1,1.25,0.003125,0.0
156,509,508.6374,1,1.25,0.003125,0.0
157,513,508.6374,1,1.25,0.003125,0.0
158,518,508.6374,1,1.25,0.003125,0.0
159,522,508.6374,1,1.25,0.003125,0.0
160,526,501.3867,1,1.25,0.003125,0.0
161,532,501.3867,1,1.25,0.003125,0.0
162,536,501.3867,1,1.25,0.003125,0.0
163,540,501.3867,1,1.25,0.003125,0.0
164,545,501.3867,1,1.25,0.003125,0.0
165,549,501.3867,1,1.25,0.003125,0.0
166,554,501.3867,1,1.25,0.003125,0.0
167,558,501.3867,1,1.25,0.003125,0.0
168,563,501.3867,1,1.25,0.003125,0.0
169,567,501.3867,1,1.25,0.003125,0.0
170,571,493.9725,1,1.25,0.003125,0.0
171,576,493.9725,1,1.25,0.003125,0.0
172,581,493.9725,1,1.25,0.003125,0.0
173,585,493.9725,1,1.25,0.003125,0.0
174,590,493.9725,1,1.25,0.003125,0.0
175,594,493.9725,1,1.25,0.003125,0.0
176,599,493.9725,1,1.25,0.003125,0.0
177,603,493.9725,1,1.25,0.003125,0.0
178,608,493.9725,1,1.25,0.003125,0.0
179,612,493.9725,1,1.25,0.003125,0.0
180,616,486.6094,1,1.25,0.003125,0.0
181,621,486.6094,1,1.25,0.003125,0.0
182,625,486.6094,1,1.25,0.003125,0.0
183,629,486.6094,1,1.25,0.003125,0.0
184,633,486.6094,1,1.25,0.003125,0.0
185,637,486.6094,1,1.25,0.003125,0.0
186,642,486.6094,1,1.25,0.003125,0.0
187,646,486.6094,1,1.25,0.003125,0.0
188,651,486.6094,1,1.25,0.003125,0.0
189,655,486.6094,1,1.25,0.003125,0.0
190,660,479.6758,1,1.25,0.003125,0.0
191,664,479.6758,1,1.25,0.003125,0.0
192,668,479.6758,1,1.25,0.003125,0.0
193,673,479.6758,1,1.25,0.003125,0.0
194,678,479.6758,1,1.25,0.003125,0.0
195,682,479.6758,1,1.25,0.003125,0.0
196,687,479.6758,1,1.25,0.003125,0.0
197,691,479.6758,1,1.25,0.003125,0.0
198,696,479.6758,1,1.25,0.003125,0.0
199,700,479.6758,1,1.25,0.003125,0.0
200,705,471.9957,1,1.25,0.003125,0.0
201,709,471.9957,1,1.25,0.003125,0.0
202,713,471.9957,1,1.25,0.003125,0.0
203,718,471.9957,1,1.25,0.003125,0.0
204,722,471.9957,1,1.25,0.003125,0.0
205,727,471.9957,1,1.25,0.003125,0.0
206,731,471.9957,1,1.25,0.003125,0.0
207,736,471.9957,1,1.25,0.003125,0.0
208,740,471.9957,1,1.25,0.003125,0.0
209,744,471.9957,1,1.25,0.003125,0.0
210,749,464.8985,1,1.25,0.003125,0.0
211,753,464.8985,1,1.25,0.003125,0.0
212,758,464.8985,1,1.25,0.003125,0.0
213,762,464.8985,1,1.25,0.003125,0.0
214,767,464.8985,1,1.25,0.003125,0.0
215,771,464.8985,1,1.25,0.003125,0.0
216,775,464.8985,1,1.25,0.003125,0.0
217,780,464.8985,1,1.25,0.003125,0.0
218,784,464.8985,1,1.25,0.003125,0.0
219,789,464.8985,1,1.25,0.003125,0.0
220,793,457.6989,1,1.25,0.003125,0.0
221,798,457.6989,1,1.25,0.003125,0.0
222,802,457.6989,1,1.25,0.003125,0.0
223,806,457.6989,1,1.25,0.003125,0.0
224,811,457.6989,1,1.25,0.003125,0.0
225,815,457.6989,1,1.25,0.003125,0.0
226,820,457.6989,1,1.25,0.003125,0.0
227,825,457.6989,1,1.25,0.003125,0.0
228,829,457.6989,1,1.25,0.003125,0.0
229,834,457.6989,1,1.25,0.003125,0.0
230,838,450.2848,1,1.25,0.003125,0.0
231,843,450.2848,1,1.25,0.003125,0.0
232,847,450.2848,1,1.25,0.003125,0.0
233,852,450.2848,1,1.25,0.003125,0.0
234,856,450.2848,1,1.25,0.003125,0.0
235,860,450.2848,1,1.25,0.003125,0.0
236,865,450.2848,1,1.25,0.003125,0.0
237,869,450.2848,1,1.25,0.003125,0.0
238,874,450.2848,1,1.25,0.003125,0.0
239,878,450.2848,1,1.25,0.003125,0.0
240,883,443.1364,1,1.25,0.003125,0.0
241,887,443.1364,1,1.25,0.003125,0.0
242,891,443.1364,1,1.25,0.003125,0.0
243,896,443.1364,1,1.25,0.003125,0.0
244,900,443.1364,1,1.25,0.003125,0.0
245,905,443.1364,1,1.25,0.003125,0.0
246,909,443.1364,1,1.25,0.003125,0.0
247,914,443.1364,1,1.25,0.003125,0.0
248,918,443.1364,1,1.25,0.003125,0.0
249,922,443.1364,1,1.25,0.003125,0.0
250,928,435.7222,1,1.25,0.003125,0.0
251,932,435.7222,1,1.25,0.003125,0.0
252,937,435.7222,1,1.25,0.003125,0.0
253,941,435.7222,1,1.25,0.003125,0.0
254,946,435.7222,1,1.25,0.003125,0.0
255,950,435.7222,1,1.25,0.003125,0.0
256,955,435.7222,1,1.25,0.003125,0.0
257,959,435.7222,1,1.25,0.003125,0.0
258,963,435.7222,1,1.25,0.003125,0.0
259,968,435.7222,1,1.25,0.003125,0.0
260,972,428.3591,1,1.25,0.003125,0.0
261,978,428.3591,1,1.25,0.003125,0.0
262,982,428.3591,1,1.25,0.003125,0.0
263,986,428.3591,1,1.25,0.003125,0.0
264,991,428.3591,1,1.25,0.003125,0.0
265,995,428.3591,1,1.25,0.003125,0.0
266,1000,428.3591,1,1.25,0.003125,0.0
267,1004,428.3591,1,1.25,0.003125,0.0
268,1009,428.3591,1,1.25,0.003125,0.0
269,1013,428.3591,1,1.25,0.003125,0.0
270,1018,420.9959,1,1.25,0.003125,0.0
271,1022,420.9959,1,1.25,0.003125,0.0
272,1026,420.9959,1,1.25,0.003125,0.0
273,1031,420.9959,1,1.25,0.003125,0.0
274,1035,420.9959,1,1.25,0.003125,0.0
275,1040,420.9959,1,1.25,0.003125,0.0
276,1044,420.9959,1,1.25,0.003125,0.0
277,1049,420.9959,1,1.25,0.003125,0.0
278,1053,420.9959,1,1.25,0.003125,0.0
279,1057,420.9959,1,1.25,0.003125,0.0
280,1062,413.6328,1,1.25,0.003125,0.0
281,1066,413.6328,1,1.25,0.003125,0.0
282,1071,413.6328,1,1.25,0.003125,0.0
283,1076,413.6328,1,1.25,0.003125,0.0
284,1081,413.6328,1,1.25,0.003125,0.0
285,1085,413.6328,1,1.25,0.003125,0.0
286,1089,413.6328,1,1.25,0.003125,0.0
287,1094,413.6328,1,1.25,0.003125,0.0
288,1098,413.6328,1,1.25,0.003125,0.0
289,1103,413.6328,1,1.25,0.003125,0.0
290,1107,406.2697,1,1.25,0.003125,0.0
291,1112,406.2697,1,1.25,0.003125,0.0
292,1116,406.2697,1,1.25,0.003125,0.0
293,1121,406.2697,1,1.25,0.003125,0.0
294,1126,406.2697,1,1.25,0.003125,0.0
295,1130,406.2697,1,1.25,0.003125,0.0
296,1135,406.2697,1,1.25,0.003125,0.0
297,1139,406.2697,1,1.25,0.003125,0.0
298,1144,406.2697,1,1.25,0.003125,0.0
299,1148,406.2697,1,1.25,0.003125,0.0
300,1152,398.9066,1,1.25,0.003125,0.0
301,1157,398.9066,1,1.25,0.003125,0.0
302,1161,398.9066,1,1.25,0.003125,0.0
303,1166,398.9066,1,1.25,0.003125,0.0
304,1171,398.9066,1,1.25,0.003125,0.0
305,1175,398.9066,1,1.25,0.003125,0.0
306,1180,398.9066,1,1.25,0.003125,0.0
307,1184,398.9066,1,1.25,0.003125,0.0
308,1189,398.9066,1,1.25,0.003125,0.0
309,1193,398.9066,1,1.25,0.003125,0.0
310,1198,391.3288,1,1.25,0.003125,0.0
311,1202,391.3288,1,1.25,0.003125,0.0
312,1207,391.3288,1,1.25,0.003125,0.0
313,1211,391.3288,1,1.25,0.003125,0.0
314,1215,391.3288,1,1.25,0.003125,0.0
315,1220,391.3288,1,1.25,0.003125,0.0
316,1224,391.3288,1,1.25,0.003125,0.0
317,1229,391.3288,1,1.25,0.003125,0.0
318,1233,391.3288,1,1.25,0.003125,0.0
319,1238,391.3288,1,1.25,0.003125,0.0
320,1242,384.2315,1,1.25,0.003125,0.0
321,1247,384.2315,1,1.25,0.003125,0.0
322,1251,384.2315,1,1.25,0.003125,0.0
323,1255,384.2315,1,1.25,0.003125,0.0
324,1261,384.2315,1,1.25,0.003125,0.0
325,1265,384.2315,1,1.25,0.003125,0.0
326,1270,384.2315,1,1.25,0.003125,0.0
327,1274,384.2315,1,1.25,0.003125,0.0
328,1278,384.2315,1,1.25,0.003125,0.0
329,1283,384.2315,1,1.25,0.003125,0.0
330,1287,376.8173,1,1.25,0.003125,0.0
331,1292,376.8173,1,1.25,0.003125,0.0
332,1296,376.8173,1,1.25,0.003125,0.0
333,1301,376.8173,1,1.25,0.003125,0.0
334,1305,376.8173,1,1.25,0.003125,0.0
335,1312,376.8173,1,1.25,0.003125,0.0
336,1316,376.8173,1,1.25,0.003125,0.0
337,1320,376.8173,1,1.25,0.003125,0.0
338,1325,376.8173,1,1.25,0.003125,0.0
339,1330,376.8173,1,1.25,0.003125,0.0
340,1335,369.0247,1,1.25,0.003125,0.0
341,1339,369.0247,1,1.25,0.003125,0.0
342,1344,369.0247,1,1.25,0.003125,0.0
343,1348,369.0247,1,1.25,0.003125,0.0
344,1352,369.0247,1,1.25,0.003125,0.0
345,1357,369.0247,1,1.25,0.003125,0.0
346,1361,369.0247,1,1.25,0.003125,0.0
347,1366,369.0247,1,1.25,0.003125,0.0
348,1370,369.0247,1,1.25,0.003125,0.0
349,1375,369.0247,1,1.25,0.003125,0.0
350,1379,361.7638,1,1.25,0.003125,0.0
351,1384,361.7638,1,1.25,0.003125,0.0
352,1388,361.7638,1,1.25,0.003125,0.0
353,1392,361.7638,1,1.25,0.003125,0.0
354,1397,361.7638,1,1.25,0.003125,0.0
355,1401,361.7638,1,1.25,0.003125,0.0
356,1406,361.7638,1,1.25,0.003125,0.0
357,1411,361.7638,1,1.25,0.003125,0.0
358,1415,361.7638,1,1.25,0.003125,0.0
359,1420,361.7638,1,1.25,0.003125,0.0
360,1424,354.4007,1,1.25,0.003125,0.0
361,1429,354.4007,1,1.25,0.003125,0.0
362,1433,354.4007,1,1.25,0.003125,0.0
363,1438,354.4007,1,1.25,0.003125,0.0
364,1442,354.4007,1,1.25,0.003125,0.0
365,1447,354.4007,1,1.25,0.003125,0.0
366,1451,354.4007,1,1.25,0.003125,0.0
367,1455,354.4007,1,1.25,0.003125,0.0
368,1460,354.4007,1,1.25,0.003125,0.0
369,1464,354.4007,1,1.25,0.003125,0.0
370,1469,347.0377,1,1.25,0.003125,0.0
371,1473,347.0377,1,1.25,0.003125,0.0
372,1478,347.0377,1,1.25,0.003125,0.0
373,1482,347.0377,1,1.25,0.003125,0.0
374,1487,347.0377,1,1.25,0.003125,0.0
375,1491,347.0377,1,1.25,0.003125,0.0
376,1495,347.0377,1,1.25,0.003125,0.0
377,1500,347.0377,1,1.25,0.003125,0.0
378,1504,347.0377,1,1.25,0.003125,0.0
379,1509,347.0377,1,1.25,0.003125,0.0
380,1513,339.8893,1,1.25,0.003125,0.0
381,1517,339.8893,1,1.25,0.003125,0.0
382,1522,339.8893,1,1.25,0.003125,0.0
383,1526,339.8893,1,1.25,0.003125,0.0
384,1531,339.8893,1,1.25,0.003125,0.0
385,1535,339.8893,1,1.25,0.003125,0.0
386,1540,339.8893,1,1.25,0.003125,0.0
387,1544,339.8893,1,1.25,0.003125,0.0
388,1549,339.8893,1,1.25,0.003125,0.0
389,1554,339.8893,1,1.25,0.003125,0.0
390,1558,332.475,1,1.25,0.003125,0.0
391,1563,332.475,1,1.25,0.003125,0.0
392,1567,332.475,1,1.25,0.003125,0.0
393,1572,332.475,1,1.25,0.003125,0.0
394,1576,332.475,1,1.25,0.003125,0.0
395,1581,332.475,1,1.25,0.003125,0.0
396,1585,332.475,1,1.25,0.003125,0.0
397,1589,332.475,1,1.25,0.003125,0.0
398,1594,332.475,1,1.25,0.003125,0.0
399,1598,332.475,1,1.25,0.003125,0.0
400,1603,325.1119,1,1.25,0.003125,0.0
401,1607,325.1119,1,1.25,0.003125,0.0
402,1612,325.1119,1,1.25,0.003125,0.0
403,1616,325.1119,1,1.25,0.003125,0.0
404,1620,325.1119,1,1.25,0.003125,0.0
405,1625,325.1119,1,1.25,0.003125,0.0
406,1629,325.1119,1,1.25,0.003125,0.0
407,1634,325.1119,1,1.25,0.003125,0.0
408,1638,325.1119,1,1.25,0.003125,0.0
409,1643,325.1119,1,1.25,0.003125,0.0
410,1647,317.9635,1,1.25,0.003125,0.0
411,1651,317.9635,1,1.25,0.003125,0.0
412,1656,317.9635,1,1.25,0.003125,0.0
413,1660,317.9635,1,1.25,0.003125,0.0
414,1665,317.9635,1,1.25,0.003125,0.0
415,1669,317.9635,1,1.25,0.003125,0.0
416,1674,317.9635,1,1.25,0.003125,0.0
417,1678,317.9635,1,1.25,0.003125,0.0
418,1682,317.9635,1,1.25,0.003125,0.0
419,1687,317.9635,1,1.25,0.003125,0.0
420,1691,310.7641,1,1.25,0.003125,0.0
421,1696,310.7641,1,1.25,0.003125,0.0
422,1700,310.7641,1,1.25,0.003125,0.0
423,1705,310.7641,1,1.25,0.003125,0.0
424,1710,310.7641,1,1.25,0.003125,0.0
425,1714,310.7641,1,1.25,0.003125,0.0
426,1719,310.7641,1,1.25,0.003125,0.0
427,1723,310.7641,1,1.25,0.003125,0.0
428,1728,310.7641,1,1.25,0.003125,0.0
429,1732,310.7641,1,1.25,0.003125,0.0
430,1737,303.1351,1,1.25,0.003125,0.0
431,1741,303.1351,1,1.25,0.003125,0.0
432,1745,303.1351,1,1.25,0.003125,0.0
433,1750,303.1351,1,1.25,0.003125,0.0
434,1754,303.1351,1,1.25,0.003125,0.0
435,1759,303.1351,1,1.25,0.003125,0.0
436,1763,303.1351,1,1.25,0.003125,0.0
437,1768,303.1351,1,1.25,0.003125,0.0
438,1772,303.1351,1,1.25,0.003125,0.0
439,1777,303.1351,1,1.25,0.003125,0.0
440,1781,296.0379,1,1.25,0.003125,0.0
441,1785,296.0379,1,1.25,0.003125,0.0
442,1790,296.0379,1,1.25,0.003125,0.0
443,1795,296.0379,1,1.25,0.003125,0.0
444,1800,296.0379,1,1.25,0.003125,0.0
445,1804,296.0379,1,1.25,0.003125,0.0
446,1808,296.0379,1,1.25,0.003125,0.0
447,1813,296.0379,1,1.25,0.003125,0.0
448,1817,296.0379,1,1.25,0.003125,0.0
449,1822,296.0379,1,1.25,0.003125,0.0
450,1826,288.6237,1,1.25,0.003125,0.0
451,1831,288.6237,1,1.25,0.003125,0.0
452,1835,288.6237,1,1.25,0.003125,0.0
453,1839,288.6237,1,1.25,0.003125,0.0
454,1844,288.6237,1,1.25,0.003125,0.0
455,1848,288.6237,1,1.25,0.003125,0.0
456,1853,288.6237,1,1.25,0.003125,0.0
457,1857,288.6237,1,1.25,0.003125,0.0
458,1862,288.6237,1,1.25,0.003125,0.0
459,1866,288.6237,1,1.25,0.003125,0.0
460,1871,281.4753,1,1.25,0.003125,0.0
461,1875,281.4753,1,1.25,0.003125,0.0
462,1879,281.4753,1,1.25,0.003125,0.0
463,1884,281.4753,1,1.25,0.003125,0.0
464,1888,281.4753,1,1.25,0.003125,0.0
465,1893,281.4753,1,1.25,0.003125,0.0
466,1897,281.4753,1,1.25,0.003125,0.0
467,1901,281.4753,1,1.25,0.003125,0.0
468,1906,281.4753,1,1.25,0.003125,0.0
469,1910,281.4753,1,1.25,0.003125,0.0
470,1915,274.061,1,1.25,0.003125,0.0
471,1919,274.061,1,1.25,0.003125,0.0
472,1924,274.061,1,1.25,0.003125,0.0
473,1928,274.061,1,1.25,0.003125,0.0
474,1933,274.061,1,1.25,0.003125,0.0
475,1937,274.061,1,1.25,0.003125,0.0
476,1942,274.061,1,1.25,0.003125,0.0
477,1947,274.061,1,1.25,0.003125,0.0
478,1951,274.061,1,1.25,0.003125,0.0
479,1956,274.061,1,1.25,0.003125,0.0
480,1960,266.6979,1,1.25,0.003125,0.0
481,1965,266.6979,1,1.25,0.003125,0.0
482,1969,266.6979,1,1.25,0.003125,0.0
483,1973,266.6979,1,1.25,0.003125,0.0
484,1978,266.6979,1,1.25,0.003125,0.0
485,1982,266.6979,1,1.25,0.003125,0.0
486,1987,266.6979,1,1.25,0.003125,0.0
487,1991,266.6979,1,1.25,0.003125,0.0
488,1995,266.6979,1,1.25,0.003125,0.0
489,2000,266.6979,1,1.25,0.003125,0.0
490,2004,259.5496,1,1.25,0.003125,0.0
491,2009,259.5496,1,1.25,0.003125,0.0
492,2013,259.5496,1,1.25,0.003125,0.0
493,2018,259.5496,1,1.25,0.003125,0.0
494,2022,259.5496,1,1.25,0.003125,0.0
495,2027,259.5496,1,1.25,0.003125,0.0
496,2031,259.5496,1,1.25,0.003125,0.0
497,2034,259.5496,1,1.25,0.003125,0.0
498,2039,259.5496,1,1.25,0.003125,0.0
499,2043,259.5496,1,1.25,0.003125,0.0
500,2048,252.3501,1,1.25,0.003125,0.0
501,2052,252.3501,1,1.25,0.003125,0.0
502,2057,252.3501,1,1.25,0.003125,0.0
503,2061,252.3501,1,1.25,0.003125,0.0
504,2066,252.3501,1,1.25,0.003125,0.0
505,2070,252.3501,1,1.25,0.003125,0.0
506,2074,252.3501,1,1.25,0.003125,0.0
507,2079,252.3501,1,1.25,0.003125,0.0
508,2084,252.3501,1,1.25,0.003125,0.0
509,2089,252.3501,1,1.25,0.003125,0.0
510,2094,244.9358,1,1.25,0.003125,0.0
511,2098,244.9358,1,1.25,0.003125,0.0
512,2103,244.9358,1,1.25,0.003125,0.0
513,2107,244.9358,1,1.25,0.003125,0.0
514,2112,244.9358,1,1.25,0.003125,0.0
515,2116,244.9358,1,1.25,0.003125,0.0
516,2121,244.9358,1,1.25,0.003125,0.0
517,2125,244.9358,1,1.25,0.003125,0.0
518,2130,244.9358,1,1.25,0.003125,0.0
519,2135,244.9358,1,1.25,0.003125,0.0
520,2139,237.358,1,1.25,0.003125,0.0
521,2144,237.358,1,1.25,0.003125,0.0
522,2148,237.358,1,1.25,0.003125,0.0
523,2153,237.358,1,1.25,0.003125,0.0
524,2157,237.358,1,1.25,0.003125,0.0
525,2162,237.358,1,1.25,0.003125,0.0
526,2166,237.358,1,1.25,0.003125,0.0
527,2170,237.358,1,1.25,0.003125,0.0
528,2175,237.358,1,1.25,0.003125,0.0
529,2179,237.358,1,1.25,0.003125,0.0
530,2183,230.046,1,1.25,0.003125,0.0
531,2187,230.046,1,1.25,0.003125,0.0
532,2191,230.046,1,1.25,0.003125,0.0
533,2196,230.046,1,1.25,0.003125,0.0
534,2201,230.046,1,1.25,0.003125,0.0
535,2206,230.046,1,1.25,0.003125,0.0
536,2210,230.046,1,1.25,0.003125,0.0
537,2215,230.046,1,1.25,0.003125,0.0
538,2219,230.046,1,1.25,0.003125,0.0
539,2224,230.046,1,1.25,0.003125,0.0
540,2228,222.8977,1,1.25,0.003125,0.0
541,2233,222.8977,1,1.25,0.003125,0.0
542,2238,222.8977,1,1.25,0.003125,0.0
543,2242,222.8977,1,1.25,0.003125,0.0
544,2248,222.8977,1,1.25,0.003125,0.0
545,2252,222.8977,1,1.25,0.003125,0.0
546,2257,222.8977,1,1.25,0.003125,0.0
547,2261,222.8977,1,1.25,0.003125,0.0
548,2265,222.8977,1,1.25,0.003125,0.0
549,2270,222.8977,1,1.25,0.003125,0.0
550,2274,215.2687,1,1.25,0.003125,0.0
551,2279,215.2687,1,1.25,0.003125,0.0
552,2283,215.2687,1,1.25,0.003125,0.0
553,2288,215.2687,1,1.25,0.003125,0.0
554,2293,215.2687,1,1.25,0.003125,0.0
555,2297,215.2687,1,1.25,0.003125,0.0
556,2302,215.2687,1,1.25,0.003125,0.0
557,2306,215.2687,1,1.25,0.003125,0.0
558,2311,215.2687,1,1.25,0.003125,0.0
559,2315,215.2687,1,1.25,0.003125,0.0
560,2320,207.7419,1,1.25,0.003125,0.0
561,2324,207.7419,1,1.25,0.003125,0.0
562,2330,207.7419,1,1.25,0.003125,0.0
563,2335,207.7419,1,1.25,0.003125,0.0
564,2339,207.7419,1,1.25,0.003125,0.0
565,2344,207.7419,1,1.25,0.003125,0.0
566,2348,207.7419,1,1.25,0.003125,0.0
567,2353,207.7419,1,1.25,0.003125,0.0
568,2357,207.7419,1,1.25,0.003125,0.0
569,2361,207.7419,1,1.25,0.003125,0.0
570,2366,200.2152,1,1.25,0.003125,0.0
571,2370,200.2152,1,1.25,0.003125,0.0
572,2375,200.2152,1,1.25,0.003125,0.0
573,2380,200.2152,1,1.25,0.003125,0.0
574,2384,200.2152,1,1.25,0.003125,0.0
575,2389,200.2152,1,1.25,0.003125,0.0
576,2393,200.2152,1,1.25,0.003125,0.0
577,2398,200.2152,1,1.25,0.003125,0.0
578,2402,200.2152,1,1.25,0.003125,0.0
579,2407,200.2152,1,1.25,0.003125,0.0
580,2411,192.9032,1,1.25,0.003125,0.0
581,2416,192.9032,1,1.25,0.003125,0.0
582,2420,192.9032,1,1.25,0.003125,0.0
583,2424,192.9032,1,1.25,0.003125,0.0
584,2429,192.9032,1,1.25,0.003125,0.0
585,2433,192.9032,1,1.25,0.003125,0.0
586,2438,192.9032,1,1.25,0.003125,0.0
587,2442,192.9032,1,1.25,0.003125,0.0
588,2447,192.9032,1,1.25,0.003125,0.0
589,2451,192.9032,1,1.25,0.003125,0.0
590,2456,185.7549,1,1.25,0.003125,0.0
591,2460,185.7549,1,1.25,0.003125,0.0
592,2464,185.7549,1,1.25,0.003125,0.0
593,2469,185.7549,1,1.25,0.003125,0.0
594,2473,185.7549,1,1.25,0.003125,0.0
595,2478,185.7549,1,1.25,0.003125,0.0
596,2482,185.7549,1,1.25,0.003125,0.0
597,2486,185.7549,1,1.25,0.003125,0.0
598,2491,185.7549,1,1.25,0.003125,0.0
599,2495,185.7549,1,1.25,0.003125,0.0
600,2500,178.3406,1,1.25,0.003125,0.0
601,2504,178.3406,1,1.25,0.003125,0.0
602,2509,178.3406,1,1.25,0.003125,0.0
603,2513,178.3406,1,1.25,0.003125,0.0
604,2518,178.3406,1,1.25,0.003125,0.0
605,2522,178.3406,1,1.25,0.003125,0.0
606,2527,178.3406,1,1.25,0.003125,0.0
607,2532,178.3406,1,1.25,0.003125,0.0
608,2536,178.3406,1,1.25,0.003125,0.0
609,2541,178.3406,1,1.25,0.003125,0.0
610,2545,170.9775,1,1.25,0.003125,0.0
611,2550,170.9775,1,1.25,0.003125,0.0
612,2554,170.9775,1,1.25,0.003125,0.0
613,2558,170.9775,1,1.25,0.003125,0.0
614,2563,170.9775,1,1.25,0.003125,0.0
615,2567,170.9775,1,1.25,0.003125,0.0
616,2572,170.9775,1,1.25,0.003125,0.0
617,2576,170.9775,1,1.25,0.003125,0.0
618,2580,170.9775,1,1.25,0.003125,0.0
619,2585,170.9775,1,1.25,0.003125,0.0
620,2590,163.8292,1,1.25,0.003125,0.0
621,2595,163.8292,1,1.25,0.003125,0.0
622,2599,163.8292,1,1.25,0.003125,0.0
623,2604,163.8292,1,1.25,0.003125,0.0
624,2608,163.8292,1,1.25,0.003125,0.0
625,2613,163.8292,1,1.25,0.003125,0.0
626,2617,163.8292,1,1.25,0.003125,0.0
627,2621,163.8292,1,1.25,0.003125,0.0
628,2626,163.8292,1,1.25,0.003125,0.0
629,2630,163.8292,1,1.25,0.003125,0.0
630,2635,156.2002,1,1.25,0.003125,0.0
631,2639,156.2002,1,1.25,0.003125,0.0
632,2644,156.2002,1,1.25,0.003125,0.0
633,2648,156.2002,1,1.25,0.003125,0.0
634,2653,156.2002,1,1.25,0.003125,0.0
635,2657,156.2002,1,1.25,0.003125,0.0
636,2661,156.2002,1,1.25,0.003125,0.0
637,2666,156.2002,1,1.25,0.003125,0.0
638,2670,156.2002,1,1.25,0.003125,0.0
639,2675,156.2002,1,1.25,0.003125,0.0
640,2679,149.103,1,1.25,0.003125,0.0
641,2683,149.103,1,1.25,0.003125,0.0
642,2688,149.103,1,1.25,0.003125,0.0
643,2692,149.103,1,1.25,0.003125,0.0
644,2697,149.103,1,1.25,0.003125,0.0
645,2701,149.103,1,1.25,0.003125,0.0
646,2706,149.103,1,1.25,0.003125,0.0
647,2710,149.103,1,1.25,0.003125,0.0
648,2715,149.103,1,1.25,0.003125,0.0
649,2720,149.103,1,1.25,0.003125,0.0
650,2724,141.6887,1,1.25,0.003125,0.0
651,2729,141.6887,1,1.25,0.003125,0.0
652,2733,141.6887,1,1.25,0.003125,0.0
653,2738,141.6887,1,1.25,0.003125,0.0
654,2742,141.6887,1,1.25,0.003125,0.0
655,2747,141.6887,1,1.25,0.003125,0.0
656,2751,141.6887,1,1.25,0.003125,0.0
657,2755,141.6887,1,1.25,0.003125,0.0
658,2760,141.6887,1,1.25,0.003125,0.0
659,2764,141.6887,1,1.25,0.003125,0.0
660,2769,134.3256,1,1.25,0.003125,0.0
661,2773,134.3256,1,1.25,0.003125,0.0
662,2777,134.3256,1,1.25,0.003125,0.0
663,2782,134.3256,1,1.25,0.003125,0.0
664,2786,134.3256,1,1.25,0.003125,0.0
665,2791,134.3256,1,1.25,0.003125,0.0
666,2795,134.3256,1,1.25,0.003125,0.0
667,2800,134.3256,1,1.25,0.003125,0.0
668,2804,134.3256,1,1.25,0.003125,0.0
669,2809,134.3256,1,1.25,0.003125,0.0
670,2813,127.1773,1,1.25,0.003125,0.0
671,2818,127.1773,1,1.25,0.003125,0.0
672,2823,127.1773,1,1.25,0.003125,0.0
673,2827,127.1773,1,1.25,0.003125,0.0
674,2832,127.1773,1,1.25,0.003125,0.0
675,2836,127.1773,1,1.25,0.003125,0.0
676,2841,127.1773,1,1.25,0.003125,0.0
677,2845,127.1773,1,1.25,0.003125,0.0
678,2849,127.1773,1,1.25,0.003125,0.0
679,2854,127.1773,1,1.25,0.003125,0.0
680,2858,119.763,1,1.25,0.003125,0.0
681,2863,119.763,1,1.25,0.003125,0.0
682,2867,119.763,1,1.25,0.003125,0.0
683,2871,119.763,1,1.25,0.003125,0.0
684,2876,119.763,1,1.25,0.003125,0.0
685,2880,119.763,1,1.25,0.003125,0.0
686,2885,119.763,1,1.25,0.003125,0.0
687,2889,119.763,1,1.25,0.003125,0.0
688,2894,119.763,1,1.25,0.003125,0.0
689,2898,119.763,1,1.25,0.003125,0.0
690,2902,112.6147,1,1.25,0.003125,0.0
691,2907,112.6147,1,1.25,0.003125,0.0
692,2912,112.6147,1,1.25,0.003125,0.0
693,2917,112.6147,1,1.25,0.003125,0.0
694,2921,112.6147,1,1.25,0.003125,0.0
695,2926,112.6147,1,1.25,0.003125,0.0
696,2930,112.6147,1,1.25,0.003125,0.0
697,2934,112.6147,1,1.25,0.003125,0.0
698,2939,112.6147,1,1.25,0.003125,0.0
699,2943,112.6147,1,1.25,0.003125,0.0
700,2948,104.9857,1,1.25,0.003125,0.0
701,2952,104.9857,1,1.25,0.003125,0.0
702,2957,104.9857,1,1.25,0.003125,0.0
703,2961,104.9857,1,1.25,0.003125,0.0
704,2965,104.9857,1,1.25,0.003125,0.0
705,2970,104.9857,1,1.25,0.003125,0.0
706,2974,104.9857,1,1.25,0.003125,0.0
707,2979,104.9857,1,1.25,0.003125,0.0
708,2983,104.9857,1,1.25,0.003125,0.0
709,2988,104.9857,1,1.25,0.003125,0.0
710,2992,97.8884,1,1.25,0.003125,0.0
711,2997,97.8884,1,1.25,0.003125,0.0
712,3001,97.8884,1,1.25,0.003125,0.0
713,3005,97.8884,1,1.25,0.003125,0.0
714,3011,97.8884,1,1.25,0.003125,0.0
715,3015,97.8884,1,1.25,0.003125,0.0
716,3020,97.8884,1,1.25,0.003125,0.0
717,3024,97.8884,1,1.25,0.003125,0.0
718,3028,97.8884,1,1.25,0.003125,0.0
719,3033,97.8884,1,1.25,0.003125,0.0
720,3037,90.4742,1,1.25,0.003125,0.0
721,3042,90.4742,1,1.25,0.003125,0.0
722,3046,90.4742,1,1.25,0.003125,0.0
723,3051,90.4742,1,1.25,0.003125,0.0
724,3055,90.4742,1,1.25,0.003125,0.0
725,3060,90.4742,1,1.25,0.003125,0.0
726,3064,90.4742,1,1.25,0.003125,0.0
727,3069,90.4742,1,1.25,0.003125,0.0
728,3074,90.4742,1,1.25,0.003125,0.0
729,3078,90.4742,1,1.25,0.003125,0.0
730,3083,83.1111,1,1.25,0.003125,0.0
731,3087,83.1111,1,1.25,0.003125,0.0
732,3092,83.1111,1,1.25,0.003125,0.0
733,3096,83.1111,1,1.25,0.003125,0.0
734,3100,83.1111,1,1.25,0.003125,0.0
735,3105,83.1111,1,1.25,0.003125,0.0
736,3109,83.1111,1,1.25,0.003125,0.0
737,3114,83.1111,1,1.25,0.003125,0.0
738,3118,83.1111,1,1.25,0.003125,0.0
739,3123,83.1111,1,1.25,0.003125,0.0
740,3127,75.748,1,1.25,0.003125,0.0
741,3131,75.748,1,1.25,0.003125,0.0
742,3136,75.748,1,1.25,0.003125,0.0
743,3140,75.748,1,1.25,0.003125,0.0
744,3145,75.748,1,1.25,0.003125,0.0
745,3149,75.748,1,1.25,0.003125,0.0
746,3153,75.748,1,1.25,0.003125,0.0
747,3158,75.748,1,1.25,0.003125,0.0
748,3162,75.748,1,1.25,0.003125,0.0
749,3167,75.748,1,1.25,0.003125,0.0
750,3171,68.5997,1,1.25,0.003125,0.0
751,3176,68.5997,1,1.25,0.003125,0.0
752,3180,68.5997,1,1.25,0.003125,0.0
753,3185,68.5997,1,1.25,0.003125,0.0
754,3189,68.5997,1,1.25,0.003125,0.0
755,3193,68.5997,1,1.25,0.003125,0.0
756,3198,68.5997,1,1.25,0.003125,0.0
757,3202,68.5997,1,1.25,0.003125,0.0
758,3208,68.5997,1,1.25,0.003125,0.0
759,3212,68.5997,1,1.25,0.003125,0.0
760,3216,61.1854,1,1.25,0.003125,0.0
761,3222,61.1854,1,1.25,0.003125,0.0
762,3226,61.1854,1,1.25,0.003125,0.0
763,3231,61.1854,1,1.25,0.003125,0.0
764,3235,61.1854,1,1.25,0.003125,0.0
765,3240,61.1854,1,1.25,0.003125,0.0
766,3244,61.1854,1,1.25,0.003125,0.0
767,3249,61.1854,1,1.25,0.003125,0.0
768,3253,61.1854,1,1.25,0.003125,0.0
769,3257,61.1854,1,1.25,0.003125,0.0
770,3262,53.6076,1,1.25,0.003125,0.0
771,3266,53.6076,1,1.25,0.003125,0.0
772,3271,53.6076,1,1.25,0.003125,0.0
773,3275,53.6076,1,1.25,0.003125,0.0
774,3280,53.6076,1,1.25,0.003125,0.0
775,3284,53.6076,1,1.25,0.003125,0.0
776,3288,53.6076,1,1.25,0.003125,0.0
777,3293,53.6076,1,1.25,0.003125,0.0
778,3297,53.6076,1,1.25,0.003125,0.0
779,3302,53.6076,1,1.25,0.003125,0.0
780,3306,46.5103,1,1.25,0.003125,0.0
781,3310,46.5103,1,1.25,0.003125,0.0
782,3315,46.5103,1,1.25,0.003125,0.0
783,3319,46.5103,1,1.25,0.003125,0.0
784,3324,46.5103,1,1.25,0.003125,0.0
785,3328,46.5103,1,1.25,0.003125,0.0
786,3333,46.5103,1,1.25,0.003125,0.0
787,3337,46.5103,1,1.25,0.003125,0.0
788,3342,46.5103,1,1.25,0.003125,0.0
789,3346,46.5103,1,1.25,0.003125,0.0
790,3350,39.3108,1,1.25,0.003125,0.0
791,3355,39.3108,1,1.25,0.003125,0.0
792,3359,39.3108,1,1.25,0.003125,0.0
793,3364,39.3108,1,1.25,0.003125,0.0
794,3368,39.3108,1,1.25,0.003125,0.0
795,3373,39.3108,1,1.25,0.003125,0.0
796,3377,39.3108,1,1.25,0.003125,0.0
797,3381,39.3108,1,1.25,0.003125,0.0
798,3386,39.3108,1,1.25,0.003125,0.0
799,3390,39.3108,1,1.25,0.003125,0.0
800,3395,31.8966,1,1.25,0.003125,0.0
801,3399,31.8966,1,1.25,0.003125,0.0
802,3403,31.8966,1,1.25,0.003125,0.0
803,3408,31.8966,1,1.25,0.003125,0.0
804,3412,31.8966,1,1.25,0.003125,0.0
805,3417,31.8966,1,1.25,0.003125,0.0
806,3421,31.8966,1,1.25,0.003125,0.0
807,3426,31.8966,1,1.25,0.003125,0.0
808,3430,31.8966,1,1.25,0.003125,0.0
809,3435,31.8966,1,1.25,0.003125,0.0
810,3439,24.7483,1,1.25,0.003125,0.0
811,3443,24.7483,1,1.25,0.003125,0.0
812,3449,24.7483,1,1.25,0.003125,0.0
813,3454,24.7483,1,1.25,0.003125,0.0
814,3459,24.7483,1,1.25,0.003125,0.0
815,3463,24.7483,1,1.25,0.003125,0.0
816,3467,24.7483,1,1.25,0.003125,0.0
817,3472,24.7483,1,1.25,0.003125,0.0
818,3476,24.7483,1,1.25,0.003125,0.0
819,3481,24.7483,1,1.25,0.003125,0.0
820,3485,17.1193,1,1.25,0.003125,0.0
821,3490,17.1193,1,1.25,0.003125,0.0
822,3494,17.1193,1,1.25,0.003125,0.0
823,3498,17.1193,1,1.25,0.003125,0.0
824,3503,17.1193,1,1.25,0.003125,0.0
825,3507,17.1193,1,1.25,0.003125,0.0
826,3512,17.1193,1,1.25,0.003125,0.0
827,3516,17.1193,1,1.25,0.003125,0.0
828,3521,17.1193,1,1.25,0.003125,0.0
829,3525,17.1193,1,1.25,0.003125,0.0
830,3530,10.022,1,1.25,0.003125,0.0
831,3534,10.022,1,1.25,0.003125,0.0
832,3538,10.022,1,1.25,0.003125,0.0
833,3543,10.022,1,1.25,0.003125,0.0
834,3547,10.022,1,1.25,0.003125,0.0
835,3551,10.022,1,1.25,0.003125,0.0
836,3556,10.022,1,1.25,0.003125,0.0
837,3560,10.022,1,1.25,0.003125,0.0
838,3564,10.022,1,1.25,0.003125,0.0
839,3569,10.022,1,1.25,0.003125,0.0
840,3573,2.8226,1,1.25,0.003125,0.0
841,3577,2.8226,1,1.25,0.003125,0.0
842,3581,2.8226,1,1.25,0.003125,0.0
843,3585,2.8226,1,1.25,0.003125,0.0
844,3589,2.8226,1,1.25,0.003125,0.0
845,3593,2.8226,1,1.25,0.003125,0.0
846,3597,2.8226,1,1.25,0.003125,0.0
847,3601,2.8226,1,1.25,0.003125,0.0
848,3604,2.8226,1,1.25,0.003125,0.0
849,3608,2.8226,1,1.25,0.003125,0.0
850,3612,-3.3032,1,1.25,0.003125,0.0
851,3615,-3.3032,1,1.25,0.003125,0.0
852,3619,-3.3032,1,1.25,0.003125,0.0
853,3622,-3.3032,1,1.25,0.003125,0.0
854,3625,-3.3032,1,1.25,0.003125,0.0
855,3628,-3.3032,1,1.25,0.003125,0.0
856,3631,-3.3032,1,1.25,0.003125,0.0
857,3633,-3.3032,1,1.25,0.003125,0.0
858,3636,-3.3032,1,1.25,0.003125,0.0
859,3638,-3.3032,1,1.25,0.003125,0.0
860,3641,-7.9665,1,1.25,0.003125,0.0
861,3643,-7.9665,1,1.25,0.003125,0.0
862,3645,-7.9665,1,1.25,0.003125,0.0
863,3647,-7.9665,1,1.25,0.003125,0.0
864,3649,-7.9665,1,1.25,0.003125,0.0
865,3651,-7.9665,1,1.25,0.003125,0.0
866,3652,-7.9665,1,1.25,0.003125,0.0
867,3653,-7.9665,1,1.25,0.003125,0.0
868,3655,-7.9665,1,1.25,0.003125,0.0
869,3656,-7.9665,1,1.25,0.003125,0.0
870,3657,-10.0322,1,1.25,0.003125,0.0
871,3658,-10.0322,1,1.25,0.003125,0.0
872,3658,-10.0322,1,1.25,0.003125,0.0
873,3659,-10.0322,1,1.25,0.003125,0.0
874,3659,-10.0322,1,1.25,0.003125,0.0
875,3659,-10.0322,1,1.25,0.003125,0.0
876,3659,-10.0322,1,1.25,0.003125,0.0
877,3659,-10.0322,1,1.25,0.003125,0.0
878,3659,-10.0322,1,1.25,0.003125,0.0
879,3659,-10.0322,1,1.25,0.003125,0.0
880,3658,-9.8072,1,1.25,0.003125,0.0
881,3658,-9.8072,1,1.25,0.003125,0.0
882,3657,-9.8072,1,1.25,0.003125,0.0
883,3656,-9.8072,1,1.25,0.003125,0.0
884,3655,-9.8072,1,1.25,0.003125,0.0
885,3654,-9.8072,1,1.25,0.003125,0.0
886,3653,-9.8072,1,1.25,0.003125,0.0
887,3652,-9.8072,1,1.25,0.003125,0.0
888,3651,-9.8072,1,1.25,0.003125,0.0
889,3649,-9.8072,1,1.25,0.003125,0.0
890,3648,-7.5063,1,1.25,0.003125,0.0
891,3646,-7.5063,1,1.25,0.003125,0.0
892,3645,-7.5063,1,1.25,0.003125,0.0
893,3643,-7.5063,1,1.25,0.003125,0.0
894,3642,-7.5063,1,1.25,0.003125,0.0
895,3640,-7.5063,1,1.25,0.003125,0.0
896,3638,-7.5063,1,1.25,0.003125,0.0
897,3637,-7.5063,1,1.25,0.003125,0.0
898,3635,-7.5063,1,1.25,0.003125,0.0
899,3633,-7.5063,1,1.25,0.003125,0.0
900,3631,-4.5815,1,1.25,0.003125,0.0
901,3629,-4.5815,1,1.25,0.003125,0.0
902,3628,-4.5815,1,1.25,0.003125,0.0
903,3626,-4.5815,1,1.25,0.003125,0.0
904,3624,-4.5815,1,1.25,0.003125,0.0
905,3622,-4.5815,1,1.25,0.003125,0.0
906,3620,-4.5815,1,1.25,0.003125,0.0
907,3619,-4.5815,1,1.25,0.003125,0.0
908,3617,-4.5815,1,1.25,0.003125,0.0
909,3615,-4.5815,1,1.25,0.003125,0.0
910,3613,-1.5339,1,1.25,0.003125,0.0
911,3611,-1.5339,1,1.25,0.003125,0.0
912,3610,-1.5339,1,1.25,0.003125,0.0
913,3608,-1.5339,1,1.25,0.003125,0.0
914,3606,-1.5339,1,1.25,0.003125,0.0
915,3605,-1.5339,1,1.25,0.003125,0.0
916,3603,-1.5339,1,1.25,0.003125,0.0
917,3601,-1.5339,1,1.25,0.003125,0.0
918,3600,-1.5339,1,1.25,0.003125,0.0
919,3598,-1.5339,1,1.25,0.003125,0.0
920,3597,1.1965,1,1.25,0.003125,0.0
921,3596,1.1965,1,1.25,0.003125,0.0
922,3594,1.1965,1,1.25,0.003125,0.0
923,3593,1.1965,1,1.25,0.003125,0.0
924,3592,1.1965,1,1.25,0.003125,0.0
925,3591,1.1965,1,1.25,0.003125,0.0
926,3590,1.1965,1,1.25,0.003125,0.0
927,3589,1.1965,1,1.25,0.003125,0.0
928,3588,1.1965,1,1.25,0.003125,0.0
929,3586,1.1965,1,1.25,0.003125,0.0
930,3586,2.9044,1,1.25,0.003125,0.0
931,3585,2.9044,1,1.25,0.003125,0.0
932,3584,2.9044,1,1.25,0.003125,0.0
933,3583,2.9044,1,1.25,0.003125,0.0
934,3583,2.9044,1,1.25,0.003125,0.0
935,3582,2.9044,1,1.25,0.003125,0.0
936,3582,2.9044,1,1.25,0.003125,0.0
937,3581,2.9044,1,1.25,0.003125,0.0
938,3581,2.9044,1,1.25,0.003125,0.0
939,3580,2.9044,1,1.25,0.003125,0.0
940,3580,3.5793,1,1.25,0.003125,0.0
941,3580,3.5793,1,1.25,0.003125,0.0
942,3580,3.5793,1,1.25,0.003125,0.0
943,3579,3.5793,1,1.25,0.003125,0.0
944,3579,3.5793,1,1.25,0.003125,0.0
945,3579,3.5793,1,1.25,0.003125,0.0
946,3579,3.5793,1,1.25,0.003125,0.0
947,3579,3.5793,1,1.25,0.003125,0.0
948,3580,3.5793,1,1.25,0.003125,0.0
949,3580,3.5793,1,1.25,0.003125,0.0
950,3580,3.2725,1,1.25,0.003125,0.0
951,3580,3.2725,1,1.25,0.003125,0.0
952,3581,3.2725,1,1.25,0.003125,0.0
953,3581,3.2725,1,1.25,0.003125,0.0
954,3581,3.2725,1,1.25,0.003125,0.0
955,3582,3.2725,1,1.25,0.003125,0.0
956,3582,3.2725,1,1.25,0.003125,0.0
957,3583,3.2725,1,1.25,0.003125,0.0
958,3583,3.2725,1,1.25,0.003125,0.0
959,3584,3.2725,1,1.25,0.003125,0.0
960,3584,2.4135,1,1.25,0.003125,0.0
961,3585,2.4135,1,1.25,0.003125,0.0
962,3585,2.4135,1,1.25,0.003125,0.0
963,3586,2.4135,1,1.25,0.003125,0.0
964,3586,2.4135,1,1.25,0.003125,0.0
965,3587,2.4135,1,1.25,0.003125,0.0
966,3588,2.4135,1,1.25,0.003125,0.0
967,3588,2.4135,1,1.25,0.003125,0.0
968,3589,2.4135,1,1.25,0.003125,0.0
969,3589,2.4135,1,1.25,0.003125,0.0
970,3590,1.5442,1,1.25,0.003125,0.0
971,3591,1.5442,1,1.25,0.003125,0.0
972,3591,1.5442,1,1.25,0.003125,0.0
973,3592,1.5442,1,1.25,0.003125,0.0
974,3593,1.5442,1,1.25,0.003125,0.0
975,3593,1.5442,1,1.25,0.003125,0.0
976,3594,1.5442,1,1.25,0.003125,0.0
977,3594,1.5442,1,1.25,0.003125,0.0
978,3595,1.5442,1,1.25,0.003125,0.0
979,3595,1.5442,1,1.25,0.003125,0.0
980,3596,0.5113,1,1.25,0.003125,0.0
981,3597,0.5113,1,1.25,0.003125,0.0
982,3597,0.5113,1,1.25,0.003125,0.0
983,3598,0.5113,1,1.25,0.003125,0.0
984,3598,0.5113,1,1.25,0.003125,0.0
985,3599,0.5113,1,1.25,0.003125,0.0
986,3599,0.5113,1,1.25,0.003125,0.0
987,3600,0.5113,1,1.25,0.003125,0.0
988,3600,0.5113,1,1.25,0.003125,0.0
989,3601,0.5113,1,1.25,0.003125,0.0
990,3601,-0.4704,1,1.25,0.003125,0.0
991,3602,-0.4704,1,1.25,0.003125,0.0
992,3602,-0.4704,1,1.25,0.003125,0.0
993,3602,-0.4704,1,1.25,0.003125,0.0
994,3603,-0.4704,1,1.25,0.003125,0.0
995,3603,-0.4704,1,1.25,0.003125,0.0
996,3603,-0.4704,1,1.25,0.003125,0.0
997,3604,-0.4704,1,1.25,0.003125,0.0
998,3604,-0.4704,1,1.25,0.003125,0.0
999,3604,-0.4704,1,1.25,0.003125,0.0
1000,3604,-0.8078,1,1.25,0.003125,0.0
1001,3605,-0.8078,1,1.25,0.003125,0.0
1002,3605,-0.8078,1,1.25,0.003125,0.0
1003,3605,-0.8078,1,1.25,0.003125,0.0
1004,3605,-0.8078,1,1.25,0.003125,0.0
1005,3605,-0.8078,1,1.25,0.003125,0.0
1006,3605,-0.8078,1,1.25,0.003125,0.0
1007,3606,-0.8078,1,1.25,0.003125,0.0
1008,3606,-0.8078,1,1.25,0.003125,0.0
1009,3606,-0.8078,1,1.25,0.003125,0.0
1010,3606,-1.084,1,1.25,0.003125,0.0
1011,3606,-1.084,1,1.25,0.003125,0.0
1012,3606,-1.084,1,1.25,0.003125,0.0
1013,3606,-1.084,1,1.25,0.003125,0.0
1014,3606,-1.084,1,1.25,0.003125,0.0
1015,3606,-1.084,1,1.25,0.003125,0.0
1016,3606,-1.084,1,1.25,0.003125,0.0
1017,3606,-1.084,1,1.25,0.003125,0.0
1018,3606,-1.084,1,1.25,0.003125,0.0
1019,3606,-1.084,1,1.25,0.003125,0.0
1020,3606,-0.9817,1,1.25,0.003125,0.0
1021,3606,-0.9817,1,1.25,0.003125,0.0
1022,3606,-0.9817,1,1.25,0.003125,0.0
1023,3606,-0.9817,1,1.25,0.003125,0.0
1024,3606,-0.9817,1,1.25,0.003125,0.0
1025,3606,-0.9817,1,1.25,0.003125,0.0
1026,3606,-0.9817,1,1.25,0.003125,0.0
1027,3606,-0.9817,1,1.25,0.003125,0.0
1028,3605,-0.9817,1,1.25,0.003125,0.0
1029,3605,-0.9817,1,1.25,0.003125,0.0
1030,3605,-0.767,1,1.25,0.003125,0.0
1031,3605,-0.767,1,1.25,0.003125,0.0
1032,3605,-0.767,1,1.25,0.003125,0.0
1033,3605,-0.767,1,1.25,0.003125,0.0
1034,3605,-0.767,1,1.25,0.003125,0.0
1035,3605,-0.767,1,1.25,0.003125,0.0
1036,3605,-0.767,1,1.25,0.003125,0.0
1037,3604,-0.767,1,1.25,0.003125,0.0
1038,3604,-0.767,1,1.25,0.003125,0.0
1039,3604,-0.767,1,1.25,0.003125,0.0
1040,3604,-0.6033,1,1.25,0.003125,0.0
1041,3604,-0.6033,1,1.25,0.003125,0.0
1042,3604,-0.6033,1,1.25,0.003125,0.0
1043,3604,-0.6033,1,1.25,0.003125,0.0
1044,3604,-0.6033,1,1.25,0.003125,0.0
1045,3604,-0.6033,1,1.25,0.003125,0.0
1046,3604,-0.6033,1,1.25,0.003125,0.0
1047,3604,-0.6033,1,1.25,0.003125,0.0
1048,3603,-0.6033,1,1.25,0.003125,0.0
1049,3603,-0.6033,1,1.25,0.003125,0.0
1050,3603,-0.4397,1,1.25,0.003125,0.0
1051,3603,-0.4397,1,1.25,0.003125,0.0
1052,3603,-0.4397,1,1.25,0.003125,0.0
1053,3603,-0.4397,1,1.25,0.003125,0.0
1054,3603,-0.4397,1,1.25,0.003125,0.0
1055,3603,-0.4397,1,1.25,0.003125,0.0
1056,3603,-0.4397,1,1.25,0.003125,0.0
1057,3603,-0.4397,1,1.25,0.003125,0.0
1058,3603,-0.4397,1,1.25,0.003125,0.0
1059,3603,-0.4397,1,1.25,0.003125,0.0
1060,3603,-0.4908,1,1.25,0.003125,0.0
1061,3603,-0.4908,1,1.25,0.003125,0.0
1062,3603,-0.4908,1,1.25,0.003125,0.0
1063,3602,-0.4908,1,1.25,0.003125,0.0
1064,3602,-0.4908,1,1.25,0.003125,0.0
1065,3602,-0.4908,1,1.25,0.003125,0.0
1066,3602,-0.4908,1,1.25,0.003125,0.0
1067,3602,-0.4908,1,1.25,0.003125,0.0
1068,3602,-0.4908,1,1.25,0.003125,0.0
1069,3602,-0.4908,1,1.25,0.003125,0.0
1070,3602,-0.2761,1,1.25,0.003125,0.0
1071,3602,-0.2761,1,1.25,0.003125,0.0
1072,3602,-0.2761,1,1.25,0.003125,0.0
1073,3602,-0.2761,1,1.25,0.003125,0.0
1074,3602,-0.2761,1,1.25,0.003125,0.0
1075,3602,-0.2761,1,1.25,0.003125,0.0
1076,3602,-0.2761,1,1.25,0.003125,0.0
1077,3602,-0.2761,1,1.25,0.003125,0.0
1078,3602,-0.2761,1,1.25,0.003125,0.0
1079,3602,-0.2761,1,1.25,0.003125,0.0
1080,3602,-0.3272,1,1.25,0.003125,0.0
1081,3602,-0.3272,1,1.25,0.003125,0.0
1082,3602,-0.3272,1,1.25,0.003125,0.0
1083,3602,-0.3272,1,1.25,0.003125,0.0
1084,3602,-0.3272,1,1.25,0.003125,0.0
1085,3601,-0.3272,1,1.25,0.003125,0.0
1086,3601,-0.3272,1,1.25,0.003125,0.0
1087,3601,-0.3272,1,1.25,0.003125,0.0
1088,3601,-0.3272,1,1.25,0.003125,0.0
1089,3601,-0.3272,1,1.25,0.003125,0.0
