TIME,PULSES,CONTROLLERVOLTAGE,CONTROLLER,KP,TAUD,TAUI 
NEXT EXPERIMENT0,1.0,7.0768,1.0,2.5,0.003125,0.0
1,4.0,7.0768,1.0,2.5,0.003125,0.0
2,7.0,7.0768,1.0,2.5,0.003125,0.0
3,9.0,7.0768,1.0,2.5,0.003125,0.0
4,12.0,7.0768,1.0,2.5,0.003125,0.0
5,14.0,7.0768,1.0,2.5,0.003125,0.0
6,17.0,7.0768,1.0,2.5,0.003125,0.0
7,20.0,7.0768,1.0,2.5,0.003125,0.0
8,22.0,7.0768,1.0,2.5,0.003125,0.0
9,25.0,7.0768,1.0,2.5,0.003125,0.0
10,28.0,1534.6967,1.0,2.5,0.003125,0.0
11,30.0,1534.6967,1.0,2.5,0.003125,0.0
12,33.0,1534.6967,1.0,2.5,0.003125,0.0
13,36.0,1534.6967,1.0,2.5,0.003125,0.0
14,38.0,1534.6967,1.0,2.5,0.003125,0.0
15,41.0,1534.6967,1.0,2.5,0.003125,0.0
16,44.0,1534.6967,1.0,2.5,0.003125,0.0
17,47.0,1534.6967,1.0,2.5,0.003125,0.0
18,50.0,1534.6967,1.0,2.5,0.003125,0.0
19,53.0,1534.6967,1.0,2.5,0.003125,0.0
20,56.0,1157.8896,1.0,2.5,0.003125,0.0
21,59.0,1157.8896,1.0,2.5,0.003125,0.0
22,62.0,1157.8896,1.0,2.5,0.003125,0.0
23,65.0,1157.8896,1.0,2.5,0.003125,0.0
24,68.0,1157.8896,1.0,2.5,0.003125,0.0
25,72.0,1157.8896,1.0,2.5,0.003125,0.0
26,75.0,1157.8896,1.0,2.5,0.003125,0.0
27,78.0,1157.8896,1.0,2.5,0.003125,0.0
28,82.0,1157.8896,1.0,2.5,0.003125,0.0
29,85.0,1157.8896,1.0,2.5,0.003125,0.0
30,88.0,1147.0087,1.0,2.5,0.003125,0.0
31,92.0,1147.0087,1.0,2.5,0.003125,0.0
32,95.0,1147.0087,1.0,2.5,0.003125,0.0
33,99.0,1147.0087,1.0,2.5,0.003125,0.0
34,102.0,1147.0087,1.0,2.5,0.003125,0.0
35,106.0,1147.0087,1.0,2.5,0.003125,0.0
36,110.0,1147.0087,1.0,2.5,0.003125,0.0
37,113.0,1147.0087,1.0,2.5,0.003125,0.0
38,117.0,1147.0087,1.0,2.5,0.003125,0.0
39,120.0,1147.0087,1.0,2.5,0.003125,0.0
40,124.0,1134.8186,1.0,2.5,0.003125,0.0
41,128.0,1134.8186,1.0,2.5,0.003125,0.0
42,132.0,1134.8186,1.0,2.5,0.003125,0.0
43,135.0,1134.8186,1.0,2.5,0.003125,0.0
44,139.0,1134.8186,1.0,2.5,0.003125,0.0
45,143.0,1134.8186,1.0,2.5,0.003125,0.0
46,148.0,1134.8186,1.0,2.5,0.003125,0.0
47,151.0,1134.8186,1.0,2.5,0.003125,0.0
48,155.0,1134.8186,1.0,2.5,0.003125,0.0
49,159.0,1134.8186,1.0,2.5,0.003125,0.0
50,163.0,1122.1786,1.0,2.5,0.003125,0.0
51,167.0,1122.1786,1.0,2.5,0.003125,0.0
52,171.0,1122.1786,1.0,2.5,0.003125,0.0
53,175.0,1122.1786,1.0,2.5,0.003125,0.0
54,179.0,1122.1786,1.0,2.5,0.003125,0.0
55,183.0,1122.1786,1.0,2.5,0.003125,0.0
56,186.0,1122.1786,1.0,2.5,0.003125,0.0
57,190.0,1122.1786,1.0,2.5,0.003125,0.0
58,197.0,1122.1786,1.0,2.5,0.003125,0.0
59,201.0,1122.1786,1.0,2.5,0.003125,0.0
60,205.0,1107.5955,1.0,2.5,0.003125,0.0
61,209.0,1107.5955,1.0,2.5,0.003125,0.0
62,213.0,1107.5955,1.0,2.5,0.003125,0.0
63,217.0,1107.5955,1.0,2.5,0.003125,0.0
64,222.0,1107.5955,1.0,2.5,0.003125,0.0
65,226.0,1107.5955,1.0,2.5,0.003125,0.0
66,230.0,1107.5955,1.0,2.5,0.003125,0.0
67,234.0,1107.5955,1.0,2.5,0.003125,0.0
68,238.0,1107.5955,1.0,2.5,0.003125,0.0
69,242.0,1107.5955,1.0,2.5,0.003125,0.0
70,246.0,1094.8124,1.0,2.5,0.003125,0.0
71,250.0,1094.8124,1.0,2.5,0.003125,0.0
72,254.0,1094.8124,1.0,2.5,0.003125,0.0
73,258.0,1094.8124,1.0,2.5,0.003125,0.0
74,262.0,1094.8124,1.0,2.5,0.003125,0.0
75,267.0,1094.8124,1.0,2.5,0.003125,0.0
76,271.0,1094.8124,1.0,2.5,0.003125,0.0
77,275.0,1094.8124,1.0,2.5,0.003125,0.0
78,279.0,1094.8124,1.0,2.5,0.003125,0.0
79,283.0,1094.8124,1.0,2.5,0.003125,0.0
80,288.0,1080.8634,1.0,2.5,0.003125,0.0
81,292.0,1080.8634,1.0,2.5,0.003125,0.0
82,296.0,1080.8634,1.0,2.5,0.003125,0.0
83,300.0,1080.8634,1.0,2.5,0.003125,0.0
84,304.0,1080.8634,1.0,2.5,0.003125,0.0
85,309.0,1080.8634,1.0,2.5,0.003125,0.0
86,313.0,1080.8634,1.0,2.5,0.003125,0.0
87,317.0,1080.8634,1.0,2.5,0.003125,0.0
88,321.0,1080.8634,1.0,2.5,0.003125,0.0
89,326.0,1080.8634,1.0,2.5,0.003125,0.0
90,330.0,1067.1189,1.0,2.5,0.003125,0.0
91,335.0,1067.1189,1.0,2.5,0.003125,0.0
92,339.0,1067.1189,1.0,2.5,0.003125,0.0
93,344.0,1067.1189,1.0,2.5,0.003125,0.0
94,348.0,1067.1189,1.0,2.5,0.003125,0.0
95,352.0,1067.1189,1.0,2.5,0.003125,0.0
96,356.0,1067.1189,1.0,2.5,0.003125,0.0
97,361.0,1067.1189,1.0,2.5,0.003125,0.0
98,365.0,1067.1189,1.0,2.5,0.003125,0.0
99,369.0,1067.1189,1.0,2.5,0.003125,0.0
100,374.0,1052.5155,1.0,2.5,0.003125,0.0
101,378.0,1052.5155,1.0,2.5,0.003125,0.0
102,382.0,1052.5155,1.0,2.5,0.003125,0.0
103,386.0,1052.5155,1.0,2.5,0.003125,0.0
104,392.0,1052.5155,1.0,2.5,0.003125,0.0
105,396.0,1052.5155,1.0,2.5,0.003125,0.0
106,400.0,1052.5155,1.0,2.5,0.003125,0.0
107,405.0,1052.5155,1.0,2.5,0.003125,0.0
108,409.0,1052.5155,1.0,2.5,0.003125,0.0
109,413.0,1052.5155,1.0,2.5,0.003125,0.0
110,418.0,1038.1165,1.0,2.5,0.003125,0.0
111,422.0,1038.1165,1.0,2.5,0.003125,0.0
112,426.0,1038.1165,1.0,2.5,0.003125,0.0
113,431.0,1038.1165,1.0,2.5,0.003125,0.0
114,436.0,1038.1165,1.0,2.5,0.003125,0.0
115,440.0,1038.1165,1.0,2.5,0.003125,0.0
116,445.0,1038.1165,1.0,2.5,0.003125,0.0
117,449.0,1038.1165,1.0,2.5,0.003125,0.0
118,453.0,1038.1165,1.0,2.5,0.003125,0.0
119,458.0,1038.1165,1.0,2.5,0.003125,0.0
120,462.0,1023.7175,1.0,2.5,0.003125,0.0
121,467.0,1023.7175,1.0,2.5,0.003125,0.0
122,471.0,1023.7175,1.0,2.5,0.003125,0.0
123,475.0,1023.7175,1.0,2.5,0.003125,0.0
124,480.0,1023.7175,1.0,2.5,0.003125,0.0
125,485.0,1023.7175,1.0,2.5,0.003125,0.0
126,490.0,1023.7175,1.0,2.5,0.003125,0.0
127,495.0,1023.7175,1.0,2.5,0.003125,0.0
128,499.0,1023.7175,1.0,2.5,0.003125,0.0
129,503.0,1023.7175,1.0,2.5,0.003125,0.0
130,508.0,1008.4595,1.0,2.5,0.003125,0.0
131,512.0,1008.4595,1.0,2.5,0.003125,0.0
132,517.0,1008.4595,1.0,2.5,0.003125,0.0
133,521.0,1008.4595,1.0,2.5,0.003125,0.0
134,525.0,1008.4595,1.0,2.5,0.003125,0.0
135,530.0,1008.4595,1.0,2.5,0.003125,0.0
136,534.0,1008.4595,1.0,2.5,0.003125,0.0
137,539.0,1008.4595,1.0,2.5,0.003125,0.0
138,544.0,1008.4595,1.0,2.5,0.003125,0.0
139,548.0,1008.4595,1.0,2.5,0.003125,0.0
140,552.0,994.265,1.0,2.5,0.003125,0.0
141,558.0,994.265,1.0,2.5,0.003125,0.0
142,562.0,994.265,1.0,2.5,0.003125,0.0
143,567.0,994.265,1.0,2.5,0.003125,0.0
144,571.0,994.265,1.0,2.5,0.003125,0.0
145,576.0,994.265,1.0,2.5,0.003125,0.0
146,580.0,994.265,1.0,2.5,0.003125,0.0
147,585.0,994.265,1.0,2.5,0.003125,0.0
148,591.0,994.265,1.0,2.5,0.003125,0.0
149,595.0,994.265,1.0,2.5,0.003125,0.0
150,599.0,978.5776,1.0,2.5,0.003125,0.0
151,604.0,978.5776,1.0,2.5,0.003125,0.0
152,608.0,978.5776,1.0,2.5,0.003125,0.0
153,613.0,978.5776,1.0,2.5,0.003125,0.0
154,617.0,978.5776,1.0,2.5,0.003125,0.0
155,622.0,978.5776,1.0,2.5,0.003125,0.0
156,626.0,978.5776,1.0,2.5,0.003125,0.0
157,631.0,978.5776,1.0,2.5,0.003125,0.0
158,636.0,978.5776,1.0,2.5,0.003125,0.0
159,640.0,978.5776,1.0,2.5,0.003125,0.0
160,644.0,964.0559,1.0,2.5,0.003125,0.0
161,649.0,964.0559,1.0,2.5,0.003125,0.0
162,653.0,964.0559,1.0,2.5,0.003125,0.0
163,658.0,964.0559,1.0,2.5,0.003125,0.0
164,662.0,964.0559,1.0,2.5,0.003125,0.0
165,667.0,964.0559,1.0,2.5,0.003125,0.0
166,671.0,964.0559,1.0,2.5,0.003125,0.0
167,675.0,964.0559,1.0,2.5,0.003125,0.0
168,680.0,964.0559,1.0,2.5,0.003125,0.0
169,684.0,964.0559,1.0,2.5,0.003125,0.0
170,689.0,949.3297,1.0,2.5,0.003125,0.0
171,693.0,949.3297,1.0,2.5,0.003125,0.0
172,697.0,949.3297,1.0,2.5,0.003125,0.0
173,702.0,949.3297,1.0,2.5,0.003125,0.0
174,706.0,949.3297,1.0,2.5,0.003125,0.0
175,711.0,949.3297,1.0,2.5,0.003125,0.0
176,715.0,949.3297,1.0,2.5,0.003125,0.0
177,720.0,949.3297,1.0,2.5,0.003125,0.0
178,724.0,949.3297,1.0,2.5,0.003125,0.0
179,728.0,949.3297,1.0,2.5,0.003125,0.0
180,733.0,935.0329,1.0,2.5,0.003125,0.0
181,737.0,935.0329,1.0,2.5,0.003125,0.0
182,742.0,935.0329,1.0,2.5,0.003125,0.0
183,746.0,935.0329,1.0,2.5,0.003125,0.0
184,750.0,935.0329,1.0,2.5,0.003125,0.0
185,755.0,935.0329,1.0,2.5,0.003125,0.0
186,759.0,935.0329,1.0,2.5,0.003125,0.0
187,764.0,935.0329,1.0,2.5,0.003125,0.0
188,768.0,935.0329,1.0,2.5,0.003125,0.0
189,773.0,935.0329,1.0,2.5,0.003125,0.0
190,778.0,920.634,1.0,2.5,0.003125,0.0
191,782.0,920.634,1.0,2.5,0.003125,0.0
192,787.0,920.634,1.0,2.5,0.003125,0.0
193,791.0,920.634,1.0,2.5,0.003125,0.0
194,796.0,920.634,1.0,2.5,0.003125,0.0
195,800.0,920.634,1.0,2.5,0.003125,0.0
196,804.0,920.634,1.0,2.5,0.003125,0.0
197,809.0,920.634,1.0,2.5,0.003125,0.0
198,813.0,920.634,1.0,2.5,0.003125,0.0
199,818.0,920.634,1.0,2.5,0.003125,0.0
200,822.0,905.8055,1.0,2.5,0.003125,0.0
201,828.0,905.8055,1.0,2.5,0.003125,0.0
202,832.0,905.8055,1.0,2.5,0.003125,0.0
203,836.0,905.8055,1.0,2.5,0.003125,0.0
204,841.0,905.8055,1.0,2.5,0.003125,0.0
205,846.0,905.8055,1.0,2.5,0.003125,0.0
206,851.0,905.8055,1.0,2.5,0.003125,0.0
207,855.0,905.8055,1.0,2.5,0.003125,0.0
208,860.0,905.8055,1.0,2.5,0.003125,0.0
209,864.0,905.8055,1.0,2.5,0.003125,0.0
210,869.0,890.6498,1.0,2.5,0.003125,0.0
211,873.0,890.6498,1.0,2.5,0.003125,0.0
212,877.0,890.6498,1.0,2.5,0.003125,0.0
213,882.0,890.6498,1.0,2.5,0.003125,0.0
214,888.0,890.6498,1.0,2.5,0.003125,0.0
215,893.0,890.6498,1.0,2.5,0.003125,0.0
216,897.0,890.6498,1.0,2.5,0.003125,0.0
217,901.0,890.6498,1.0,2.5,0.003125,0.0
218,906.0,890.6498,1.0,2.5,0.003125,0.0
219,910.0,890.6498,1.0,2.5,0.003125,0.0
220,915.0,875.1668,1.0,2.5,0.003125,0.0
221,919.0,875.1668,1.0,2.5,0.003125,0.0
222,924.0,875.1668,1.0,2.5,0.003125,0.0
223,928.0,875.1668,1.0,2.5,0.003125,0.0
224,933.0,875.1668,1.0,2.5,0.003125,0.0
225,938.0,875.1668,1.0,2.5,0.003125,0.0
226,942.0,875.1668,1.0,2.5,0.003125,0.0
227,947.0,875.1668,1.0,2.5,0.003125,0.0
228,951.0,875.1668,1.0,2.5,0.003125,0.0
229,956.0,875.1668,1.0,2.5,0.003125,0.0
230,960.0,860.6451,1.0,2.5,0.003125,0.0
231,965.0,860.6451,1.0,2.5,0.003125,0.0
232,969.0,860.6451,1.0,2.5,0.003125,0.0
233,973.0,860.6451,1.0,2.5,0.003125,0.0
234,978.0,860.6451,1.0,2.5,0.003125,0.0
235,982.0,860.6451,1.0,2.5,0.003125,0.0
236,986.0,860.6451,1.0,2.5,0.003125,0.0
237,991.0,860.6451,1.0,2.5,0.003125,0.0
238,995.0,860.6451,1.0,2.5,0.003125,0.0
239,1000.0,860.6451,1.0,2.5,0.003125,0.0
240,1004.0,846.3484,1.0,2.5,0.003125,0.0
241,1009.0,846.3484,1.0,2.5,0.003125,0.0
242,1013.0,846.3484,1.0,2.5,0.003125,0.0
243,1018.0,846.3484,1.0,2.5,0.003125,0.0
244,1022.0,846.3484,1.0,2.5,0.003125,0.0
245,1026.0,846.3484,1.0,2.5,0.003125,0.0
246,1032.0,846.3484,1.0,2.5,0.003125,0.0
247,1036.0,846.3484,1.0,2.5,0.003125,0.0
248,1041.0,846.3484,1.0,2.5,0.003125,0.0
249,1045.0,846.3484,1.0,2.5,0.003125,0.0
250,1049.0,831.5199,1.0,2.5,0.003125,0.0
251,1054.0,831.5199,1.0,2.5,0.003125,0.0
252,1058.0,831.5199,1.0,2.5,0.003125,0.0
253,1063.0,831.5199,1.0,2.5,0.003125,0.0
254,1067.0,831.5199,1.0,2.5,0.003125,0.0
255,1072.0,831.5199,1.0,2.5,0.003125,0.0
256,1076.0,831.5199,1.0,2.5,0.003125,0.0
257,1081.0,831.5199,1.0,2.5,0.003125,0.0
258,1086.0,831.5199,1.0,2.5,0.003125,0.0
259,1091.0,831.5199,1.0,2.5,0.003125,0.0
260,1096.0,815.9346,1.0,2.5,0.003125,0.0
261,1100.0,815.9346,1.0,2.5,0.003125,0.0
262,1105.0,815.9346,1.0,2.5,0.003125,0.0
263,1109.0,815.9346,1.0,2.5,0.003125,0.0
264,1113.0,815.9346,1.0,2.5,0.003125,0.0
265,1118.0,815.9346,1.0,2.5,0.003125,0.0
266,1122.0,815.9346,1.0,2.5,0.003125,0.0
267,1127.0,815.9346,1.0,2.5,0.003125,0.0
268,1132.0,815.9346,1.0,2.5,0.003125,0.0
269,1136.0,815.9346,1.0,2.5,0.003125,0.0
270,1141.0,801.413,1.0,2.5,0.003125,0.0
271,1145.0,801.413,1.0,2.5,0.003125,0.0
272,1150.0,801.413,1.0,2.5,0.003125,0.0
273,1154.0,801.413,1.0,2.5,0.003125,0.0
274,1159.0,801.413,1.0,2.5,0.003125,0.0
275,1163.0,801.413,1.0,2.5,0.003125,0.0
276,1167.0,801.413,1.0,2.5,0.003125,0.0
277,1172.0,801.413,1.0,2.5,0.003125,0.0
278,1176.0,801.413,1.0,2.5,0.003125,0.0
279,1181.0,801.413,1.0,2.5,0.003125,0.0
280,1185.0,787.1162,1.0,2.5,0.003125,0.0
281,1189.0,787.1162,1.0,2.5,0.003125,0.0
282,1195.0,787.1162,1.0,2.5,0.003125,0.0
283,1199.0,787.1162,1.0,2.5,0.003125,0.0
284,1204.0,787.1162,1.0,2.5,0.003125,0.0
285,1208.0,787.1162,1.0,2.5,0.003125,0.0
286,1213.0,787.1162,1.0,2.5,0.003125,0.0
287,1217.0,787.1162,1.0,2.5,0.003125,0.0
288,1221.0,787.1162,1.0,2.5,0.003125,0.0
289,1226.0,787.1162,1.0,2.5,0.003125,0.0
290,1231.0,772.2878,1.0,2.5,0.003125,0.0
291,1236.0,772.2878,1.0,2.5,0.003125,0.0
292,1240.0,772.2878,1.0,2.5,0.003125,0.0
293,1244.0,772.2878,1.0,2.5,0.003125,0.0
294,1249.0,772.2878,1.0,2.5,0.003125,0.0
295,1253.0,772.2878,1.0,2.5,0.003125,0.0
296,1258.0,772.2878,1.0,2.5,0.003125,0.0
297,1262.0,772.2878,1.0,2.5,0.003125,0.0
298,1267.0,772.2878,1.0,2.5,0.003125,0.0
299,1271.0,772.2878,1.0,2.5,0.003125,0.0
300,1276.0,757.5616,1.0,2.5,0.003125,0.0
301,1281.0,757.5616,1.0,2.5,0.003125,0.0
302,1286.0,757.5616,1.0,2.5,0.003125,0.0
303,1291.0,757.5616,1.0,2.5,0.003125,0.0
304,1295.0,757.5616,1.0,2.5,0.003125,0.0
305,1300.0,757.5616,1.0,2.5,0.003125,0.0
306,1304.0,757.5616,1.0,2.5,0.003125,0.0
307,1309.0,757.5616,1.0,2.5,0.003125,0.0
308,1313.0,757.5616,1.0,2.5,0.003125,0.0
309,1318.0,757.5616,1.0,2.5,0.003125,0.0
310,1323.0,741.5468,1.0,2.5,0.003125,0.0
311,1327.0,741.5468,1.0,2.5,0.003125,0.0
312,1331.0,741.5468,1.0,2.5,0.003125,0.0
313,1336.0,741.5468,1.0,2.5,0.003125,0.0
314,1340.0,741.5468,1.0,2.5,0.003125,0.0
315,1345.0,741.5468,1.0,2.5,0.003125,0.0
316,1349.0,741.5468,1.0,2.5,0.003125,0.0
317,1354.0,741.5468,1.0,2.5,0.003125,0.0
318,1358.0,741.5468,1.0,2.5,0.003125,0.0
319,1363.0,741.5468,1.0,2.5,0.003125,0.0
320,1367.0,727.5569,1.0,2.5,0.003125,0.0
321,1371.0,727.5569,1.0,2.5,0.003125,0.0
322,1376.0,727.5569,1.0,2.5,0.003125,0.0
323,1380.0,727.5569,1.0,2.5,0.003125,0.0
324,1386.0,727.5569,1.0,2.5,0.003125,0.0
325,1390.0,727.5569,1.0,2.5,0.003125,0.0
326,1395.0,727.5569,1.0,2.5,0.003125,0.0
327,1400.0,727.5569,1.0,2.5,0.003125,0.0
328,1404.0,727.5569,1.0,2.5,0.003125,0.0
329,1409.0,727.5569,1.0,2.5,0.003125,0.0
330,1413.0,712.299,1.0,2.5,0.003125,0.0
331,1418.0,712.299,1.0,2.5,0.003125,0.0
332,1422.0,712.299,1.0,2.5,0.003125,0.0
333,1426.0,712.299,1.0,2.5,0.003125,0.0
334,1431.0,712.299,1.0,2.5,0.003125,0.0
335,1435.0,712.299,1.0,2.5,0.003125,0.0
336,1440.0,712.299,1.0,2.5,0.003125,0.0
337,1444.0,712.299,1.0,2.5,0.003125,0.0
338,1448.0,712.299,1.0,2.5,0.003125,0.0
339,1453.0,712.299,1.0,2.5,0.003125,0.0
340,1457.0,698.1046,1.0,2.5,0.003125,0.0
341,1462.0,698.1046,1.0,2.5,0.003125,0.0
342,1466.0,698.1046,1.0,2.5,0.003125,0.0
343,1471.0,698.1046,1.0,2.5,0.003125,0.0
344,1475.0,698.1046,1.0,2.5,0.003125,0.0
345,1479.0,698.1046,1.0,2.5,0.003125,0.0
346,1484.0,698.1046,1.0,2.5,0.003125,0.0
347,1488.0,698.1046,1.0,2.5,0.003125,0.0
348,1493.0,698.1046,1.0,2.5,0.003125,0.0
349,1497.0,698.1046,1.0,2.5,0.003125,0.0
350,1501.0,683.7055,1.0,2.5,0.003125,0.0
351,1506.0,683.7055,1.0,2.5,0.003125,0.0
352,1510.0,683.7055,1.0,2.5,0.003125,0.0
353,1515.0,683.7055,1.0,2.5,0.003125,0.0
354,1519.0,683.7055,1.0,2.5,0.003125,0.0
355,1523.0,683.7055,1.0,2.5,0.003125,0.0
356,1528.0,683.7055,1.0,2.5,0.003125,0.0
357,1532.0,683.7055,1.0,2.5,0.003125,0.0
358,1537.0,683.7055,1.0,2.5,0.003125,0.0
359,1541.0,683.7055,1.0,2.5,0.003125,0.0
360,1546.0,668.8771,1.0,2.5,0.003125,0.0
361,1550.0,668.8771,1.0,2.5,0.003125,0.0
362,1555.0,668.8771,1.0,2.5,0.003125,0.0
363,1559.0,668.8771,1.0,2.5,0.003125,0.0
364,1563.0,668.8771,1.0,2.5,0.003125,0.0
365,1568.0,668.8771,1.0,2.5,0.003125,0.0
366,1573.0,668.8771,1.0,2.5,0.003125,0.0
367,1578.0,668.8771,1.0,2.5,0.003125,0.0
368,1582.0,668.8771,1.0,2.5,0.003125,0.0
369,1586.0,668.8771,1.0,2.5,0.003125,0.0
370,1591.0,654.1508,1.0,2.5,0.003125,0.0
371,1595.0,654.1508,1.0,2.5,0.003125,0.0
372,1600.0,654.1508,1.0,2.5,0.003125,0.0
373,1605.0,654.1508,1.0,2.5,0.003125,0.0
374,1610.0,654.1508,1.0,2.5,0.003125,0.0
375,1614.0,654.1508,1.0,2.5,0.003125,0.0
376,1619.0,654.1508,1.0,2.5,0.003125,0.0
377,1624.0,654.1508,1.0,2.5,0.003125,0.0
378,1628.0,654.1508,1.0,2.5,0.003125,0.0
379,1633.0,654.1508,1.0,2.5,0.003125,0.0
380,1637.0,638.9951,1.0,2.5,0.003125,0.0
381,1642.0,638.9951,1.0,2.5,0.003125,0.0
382,1646.0,638.9951,1.0,2.5,0.003125,0.0
383,1650.0,638.9951,1.0,2.5,0.003125,0.0
384,1655.0,638.9951,1.0,2.5,0.003125,0.0
385,1659.0,638.9951,1.0,2.5,0.003125,0.0
386,1664.0,638.9951,1.0,2.5,0.003125,0.0
387,1668.0,638.9951,1.0,2.5,0.003125,0.0
388,1672.0,638.9951,1.0,2.5,0.003125,0.0
389,1677.0,638.9951,1.0,2.5,0.003125,0.0
390,1681.0,624.8007,1.0,2.5,0.003125,0.0
391,1685.0,624.8007,1.0,2.5,0.003125,0.0
392,1689.0,624.8007,1.0,2.5,0.003125,0.0
393,1694.0,624.8007,1.0,2.5,0.003125,0.0
394,1698.0,624.8007,1.0,2.5,0.003125,0.0
395,1703.0,624.8007,1.0,2.5,0.003125,0.0
396,1708.0,624.8007,1.0,2.5,0.003125,0.0
397,1712.0,624.8007,1.0,2.5,0.003125,0.0
398,1717.0,624.8007,1.0,2.5,0.003125,0.0
399,1721.0,624.8007,1.0,2.5,0.003125,0.0
400,1726.0,610.4017,1.0,2.5,0.003125,0.0
401,1730.0,610.4017,1.0,2.5,0.003125,0.0
402,1734.0,610.4017,1.0,2.5,0.003125,0.0
403,1739.0,610.4017,1.0,2.5,0.003125,0.0
404,1743.0,610.4017,1.0,2.5,0.003125,0.0
405,1748.0,610.4017,1.0,2.5,0.003125,0.0
406,1752.0,610.4017,1.0,2.5,0.003125,0.0
407,1757.0,610.4017,1.0,2.5,0.003125,0.0
408,1761.0,610.4017,1.0,2.5,0.003125,0.0
409,1766.0,610.4017,1.0,2.5,0.003125,0.0
410,1771.0,595.1437,1.0,2.5,0.003125,0.0
411,1775.0,595.1437,1.0,2.5,0.003125,0.0
412,1780.0,595.1437,1.0,2.5,0.003125,0.0
413,1784.0,595.1437,1.0,2.5,0.003125,0.0
414,1789.0,595.1437,1.0,2.5,0.003125,0.0
415,1793.0,595.1437,1.0,2.5,0.003125,0.0
416,1797.0,595.1437,1.0,2.5,0.003125,0.0
417,1802.0,595.1437,1.0,2.5,0.003125,0.0
418,1807.0,595.1437,1.0,2.5,0.003125,0.0
419,1812.0,595.1437,1.0,2.5,0.003125,0.0
420,1816.0,580.5198,1.0,2.5,0.003125,0.0
421,1821.0,580.5198,1.0,2.5,0.003125,0.0
422,1825.0,580.5198,1.0,2.5,0.003125,0.0
423,1829.0,580.5198,1.0,2.5,0.003125,0.0
424,1834.0,580.5198,1.0,2.5,0.003125,0.0
425,1838.0,580.5198,1.0,2.5,0.003125,0.0
426,1843.0,580.5198,1.0,2.5,0.003125,0.0
427,1847.0,580.5198,1.0,2.5,0.003125,0.0
428,1852.0,580.5198,1.0,2.5,0.003125,0.0
429,1856.0,580.5198,1.0,2.5,0.003125,0.0
430,1860.0,566.223,1.0,2.5,0.003125,0.0
431,1865.0,566.223,1.0,2.5,0.003125,0.0
432,1869.0,566.223,1.0,2.5,0.003125,0.0
433,1874.0,566.223,1.0,2.5,0.003125,0.0
434,1878.0,566.223,1.0,2.5,0.003125,0.0
435,1883.0,566.223,1.0,2.5,0.003125,0.0
436,1887.0,566.223,1.0,2.5,0.003125,0.0
437,1891.0,566.223,1.0,2.5,0.003125,0.0
438,1896.0,566.223,1.0,2.5,0.003125,0.0
439,1900.0,566.223,1.0,2.5,0.003125,0.0
440,1906.0,551.3946,1.0,2.5,0.003125,0.0
441,1910.0,551.3946,1.0,2.5,0.003125,0.0
442,1916.0,551.3946,1.0,2.5,0.003125,0.0
443,1920.0,551.3946,1.0,2.5,0.003125,0.0
444,1924.0,551.3946,1.0,2.5,0.003125,0.0
445,1929.0,551.3946,1.0,2.5,0.003125,0.0
446,1933.0,551.3946,1.0,2.5,0.003125,0.0
447,1938.0,551.3946,1.0,2.5,0.003125,0.0
448,1942.0,551.3946,1.0,2.5,0.003125,0.0
449,1947.0,551.3946,1.0,2.5,0.003125,0.0
450,1951.0,536.2388,1.0,2.5,0.003125,0.0
451,1956.0,536.2388,1.0,2.5,0.003125,0.0
452,1961.0,536.2388,1.0,2.5,0.003125,0.0
453,1965.0,536.2388,1.0,2.5,0.003125,0.0
454,1970.0,536.2388,1.0,2.5,0.003125,0.0
455,1974.0,536.2388,1.0,2.5,0.003125,0.0
456,1979.0,536.2388,1.0,2.5,0.003125,0.0
457,1983.0,536.2388,1.0,2.5,0.003125,0.0
458,1988.0,536.2388,1.0,2.5,0.003125,0.0
459,1992.0,536.2388,1.0,2.5,0.003125,0.0
460,1997.0,521.1854,1.0,2.5,0.003125,0.0
461,2002.0,521.1854,1.0,2.5,0.003125,0.0
462,2006.0,521.1854,1.0,2.5,0.003125,0.0
463,2011.0,521.1854,1.0,2.5,0.003125,0.0
464,2015.0,521.1854,1.0,2.5,0.003125,0.0
465,2019.0,521.1854,1.0,2.5,0.003125,0.0
466,2024.0,521.1854,1.0,2.5,0.003125,0.0
467,2028.0,521.1854,1.0,2.5,0.003125,0.0
468,2033.0,521.1854,1.0,2.5,0.003125,0.0
469,2037.0,521.1854,1.0,2.5,0.003125,0.0
470,2042.0,506.5614,1.0,2.5,0.003125,0.0
471,2046.0,506.5614,1.0,2.5,0.003125,0.0
472,2051.0,506.5614,1.0,2.5,0.003125,0.0
473,2055.0,506.5614,1.0,2.5,0.003125,0.0
474,2060.0,506.5614,1.0,2.5,0.003125,0.0
475,2065.0,506.5614,1.0,2.5,0.003125,0.0
476,2069.0,506.5614,1.0,2.5,0.003125,0.0
477,2074.0,506.5614,1.0,2.5,0.003125,0.0
478,2078.0,506.5614,1.0,2.5,0.003125,0.0
479,2083.0,506.5614,1.0,2.5,0.003125,0.0
480,2087.0,491.8352,1.0,2.5,0.003125,0.0
481,2091.0,491.8352,1.0,2.5,0.003125,0.0
482,2096.0,491.8352,1.0,2.5,0.003125,0.0
483,2101.0,491.8352,1.0,2.5,0.003125,0.0
484,2106.0,491.8352,1.0,2.5,0.003125,0.0
485,2110.0,491.8352,1.0,2.5,0.003125,0.0
486,2114.0,491.8352,1.0,2.5,0.003125,0.0
487,2119.0,491.8352,1.0,2.5,0.003125,0.0
488,2123.0,491.8352,1.0,2.5,0.003125,0.0
489,2128.0,491.8352,1.0,2.5,0.003125,0.0
490,2132.0,477.109,1.0,2.5,0.003125,0.0
491,2137.0,477.109,1.0,2.5,0.003125,0.0
492,2141.0,477.109,1.0,2.5,0.003125,0.0
493,2146.0,477.109,1.0,2.5,0.003125,0.0
494,2150.0,477.109,1.0,2.5,0.003125,0.0
495,2154.0,477.109,1.0,2.5,0.003125,0.0
496,2161.0,477.109,1.0,2.5,0.003125,0.0
497,2165.0,477.109,1.0,2.5,0.003125,0.0
498,2170.0,477.109,1.0,2.5,0.003125,0.0
499,2175.0,477.109,1.0,2.5,0.003125,0.0
500,2180.0,461.5237,1.0,2.5,0.003125,0.0
501,2184.0,461.5237,1.0,2.5,0.003125,0.0
502,2188.0,461.5237,1.0,2.5,0.003125,0.0
503,2193.0,461.5237,1.0,2.5,0.003125,0.0
504,2197.0,461.5237,1.0,2.5,0.003125,0.0
505,2203.0,461.5237,1.0,2.5,0.003125,0.0
506,2207.0,461.5237,1.0,2.5,0.003125,0.0
507,2213.0,461.5237,1.0,2.5,0.003125,0.0
508,2217.0,461.5237,1.0,2.5,0.003125,0.0
509,2221.0,461.5237,1.0,2.5,0.003125,0.0
510,2227.0,446.143,1.0,2.5,0.003125,0.0
511,2231.0,446.143,1.0,2.5,0.003125,0.0
512,2236.0,446.143,1.0,2.5,0.003125,0.0
513,2240.0,446.143,1.0,2.5,0.003125,0.0
514,2245.0,446.143,1.0,2.5,0.003125,0.0
515,2249.0,446.143,1.0,2.5,0.003125,0.0
516,2254.0,446.143,1.0,2.5,0.003125,0.0
517,2260.0,446.143,1.0,2.5,0.003125,0.0
518,2264.0,446.143,1.0,2.5,0.003125,0.0
519,2269.0,446.143,1.0,2.5,0.003125,0.0
520,2273.0,430.7623,1.0,2.5,0.003125,0.0
521,2278.0,430.7623,1.0,2.5,0.003125,0.0
522,2282.0,430.7623,1.0,2.5,0.003125,0.0
523,2287.0,430.7623,1.0,2.5,0.003125,0.0
524,2291.0,430.7623,1.0,2.5,0.003125,0.0
525,2295.0,430.7623,1.0,2.5,0.003125,0.0
526,2300.0,430.7623,1.0,2.5,0.003125,0.0
527,2304.0,430.7623,1.0,2.5,0.003125,0.0
528,2309.0,430.7623,1.0,2.5,0.003125,0.0
529,2313.0,430.7623,1.0,2.5,0.003125,0.0
530,2318.0,416.6701,1.0,2.5,0.003125,0.0
531,2322.0,416.6701,1.0,2.5,0.003125,0.0
532,2326.0,416.6701,1.0,2.5,0.003125,0.0
533,2331.0,416.6701,1.0,2.5,0.003125,0.0
534,2335.0,416.6701,1.0,2.5,0.003125,0.0
535,2340.0,416.6701,1.0,2.5,0.003125,0.0
536,2344.0,416.6701,1.0,2.5,0.003125,0.0
537,2349.0,416.6701,1.0,2.5,0.003125,0.0
538,2353.0,416.6701,1.0,2.5,0.003125,0.0
539,2358.0,416.6701,1.0,2.5,0.003125,0.0
540,2363.0,401.4121,1.0,2.5,0.003125,0.0
541,2367.0,401.4121,1.0,2.5,0.003125,0.0
542,2372.0,401.4121,1.0,2.5,0.003125,0.0
543,2376.0,401.4121,1.0,2.5,0.003125,0.0
544,2381.0,401.4121,1.0,2.5,0.003125,0.0
545,2385.0,401.4121,1.0,2.5,0.003125,0.0
546,2390.0,401.4121,1.0,2.5,0.003125,0.0
547,2394.0,401.4121,1.0,2.5,0.003125,0.0
548,2398.0,401.4121,1.0,2.5,0.003125,0.0
549,2403.0,401.4121,1.0,2.5,0.003125,0.0
550,2408.0,387.2177,1.0,2.5,0.003125,0.0
551,2413.0,387.2177,1.0,2.5,0.003125,0.0
552,2417.0,387.2177,1.0,2.5,0.003125,0.0
553,2421.0,387.2177,1.0,2.5,0.003125,0.0
554,2426.0,387.2177,1.0,2.5,0.003125,0.0
555,2430.0,387.2177,1.0,2.5,0.003125,0.0
556,2435.0,387.2177,1.0,2.5,0.003125,0.0
557,2440.0,387.2177,1.0,2.5,0.003125,0.0
558,2445.0,387.2177,1.0,2.5,0.003125,0.0
559,2450.0,387.2177,1.0,2.5,0.003125,0.0
560,2454.0,371.5302,1.0,2.5,0.003125,0.0
561,2460.0,371.5302,1.0,2.5,0.003125,0.0
562,2464.0,371.5302,1.0,2.5,0.003125,0.0
563,2469.0,371.5302,1.0,2.5,0.003125,0.0
564,2473.0,371.5302,1.0,2.5,0.003125,0.0
565,2478.0,371.5302,1.0,2.5,0.003125,0.0
566,2482.0,371.5302,1.0,2.5,0.003125,0.0
567,2487.0,371.5302,1.0,2.5,0.003125,0.0
568,2491.0,371.5302,1.0,2.5,0.003125,0.0
569,2495.0,371.5302,1.0,2.5,0.003125,0.0
570,2500.0,356.579,1.0,2.5,0.003125,0.0
571,2506.0,356.579,1.0,2.5,0.003125,0.0
572,2511.0,356.579,1.0,2.5,0.003125,0.0
573,2515.0,356.579,1.0,2.5,0.003125,0.0
574,2519.0,356.579,1.0,2.5,0.003125,0.0
575,2524.0,356.579,1.0,2.5,0.003125,0.0
576,2528.0,356.579,1.0,2.5,0.003125,0.0
577,2533.0,356.579,1.0,2.5,0.003125,0.0
578,2537.0,356.579,1.0,2.5,0.003125,0.0
579,2543.0,356.579,1.0,2.5,0.003125,0.0
580,2547.0,341.096,1.0,2.5,0.003125,0.0
581,2552.0,341.096,1.0,2.5,0.003125,0.0
582,2557.0,341.096,1.0,2.5,0.003125,0.0
583,2561.0,341.096,1.0,2.5,0.003125,0.0
584,2566.0,341.096,1.0,2.5,0.003125,0.0
585,2570.0,341.096,1.0,2.5,0.003125,0.0
586,2575.0,341.096,1.0,2.5,0.003125,0.0
587,2579.0,341.096,1.0,2.5,0.003125,0.0
588,2584.0,341.096,1.0,2.5,0.003125,0.0
589,2588.0,341.096,1.0,2.5,0.003125,0.0
590,2592.0,326.5744,1.0,2.5,0.003125,0.0
591,2598.0,326.5744,1.0,2.5,0.003125,0.0
592,2602.0,326.5744,1.0,2.5,0.003125,0.0
593,2609.0,326.5744,1.0,2.5,0.003125,0.0
594,2613.0,326.5744,1.0,2.5,0.003125,0.0
595,2618.0,326.5744,1.0,2.5,0.003125,0.0
596,2622.0,326.5744,1.0,2.5,0.003125,0.0
597,2626.0,326.5744,1.0,2.5,0.003125,0.0
598,2631.0,326.5744,1.0,2.5,0.003125,0.0
599,2635.0,326.5744,1.0,2.5,0.003125,0.0
600,2641.0,310.5595,1.0,2.5,0.003125,0.0
601,2645.0,310.5595,1.0,2.5,0.003125,0.0
602,2650.0,310.5595,1.0,2.5,0.003125,0.0
603,2654.0,310.5595,1.0,2.5,0.003125,0.0
604,2659.0,310.5595,1.0,2.5,0.003125,0.0
605,2664.0,310.5595,1.0,2.5,0.003125,0.0
606,2668.0,310.5595,1.0,2.5,0.003125,0.0
607,2673.0,310.5595,1.0,2.5,0.003125,0.0
608,2677.0,310.5595,1.0,2.5,0.003125,0.0
609,2682.0,310.5595,1.0,2.5,0.003125,0.0
610,2686.0,295.7107,1.0,2.5,0.003125,0.0
611,2691.0,295.7107,1.0,2.5,0.003125,0.0
612,2695.0,295.7107,1.0,2.5,0.003125,0.0
613,2699.0,295.7107,1.0,2.5,0.003125,0.0
614,2704.0,295.7107,1.0,2.5,0.003125,0.0
615,2709.0,295.7107,1.0,2.5,0.003125,0.0
616,2714.0,295.7107,1.0,2.5,0.003125,0.0
617,2718.0,295.7107,1.0,2.5,0.003125,0.0
618,2723.0,295.7107,1.0,2.5,0.003125,0.0
619,2727.0,295.7107,1.0,2.5,0.003125,0.0
620,2731.0,281.0867,1.0,2.5,0.003125,0.0
621,2736.0,281.0867,1.0,2.5,0.003125,0.0
622,2740.0,281.0867,1.0,2.5,0.003125,0.0
623,2745.0,281.0867,1.0,2.5,0.003125,0.0
624,2750.0,281.0867,1.0,2.5,0.003125,0.0
625,2755.0,281.0867,1.0,2.5,0.003125,0.0
626,2759.0,281.0867,1.0,2.5,0.003125,0.0
627,2763.0,281.0867,1.0,2.5,0.003125,0.0
628,2768.0,281.0867,1.0,2.5,0.003125,0.0
629,2772.0,281.0867,1.0,2.5,0.003125,0.0
630,2777.0,265.9309,1.0,2.5,0.003125,0.0
631,2781.0,265.9309,1.0,2.5,0.003125,0.0
632,2786.0,265.9309,1.0,2.5,0.003125,0.0
633,2790.0,265.9309,1.0,2.5,0.003125,0.0
634,2795.0,265.9309,1.0,2.5,0.003125,0.0
635,2799.0,265.9309,1.0,2.5,0.003125,0.0
636,2803.0,265.9309,1.0,2.5,0.003125,0.0
637,2808.0,265.9309,1.0,2.5,0.003125,0.0
638,2812.0,265.9309,1.0,2.5,0.003125,0.0
639,2817.0,265.9309,1.0,2.5,0.003125,0.0
640,2822.0,251.7365,1.0,2.5,0.003125,0.0
641,2827.0,251.7365,1.0,2.5,0.003125,0.0
642,2831.0,251.7365,1.0,2.5,0.003125,0.0
643,2836.0,251.7365,1.0,2.5,0.003125,0.0
644,2841.0,251.7365,1.0,2.5,0.003125,0.0
645,2846.0,251.7365,1.0,2.5,0.003125,0.0
646,2851.0,251.7365,1.0,2.5,0.003125,0.0
647,2855.0,251.7365,1.0,2.5,0.003125,0.0
648,2860.0,251.7365,1.0,2.5,0.003125,0.0
649,2864.0,251.7365,1.0,2.5,0.003125,0.0
650,2868.0,236.049,1.0,2.5,0.003125,0.0
651,2873.0,236.049,1.0,2.5,0.003125,0.0
652,2877.0,236.049,1.0,2.5,0.003125,0.0
653,2882.0,236.049,1.0,2.5,0.003125,0.0
654,2887.0,236.049,1.0,2.5,0.003125,0.0
655,2892.0,236.049,1.0,2.5,0.003125,0.0
656,2897.0,236.049,1.0,2.5,0.003125,0.0
657,2902.0,236.049,1.0,2.5,0.003125,0.0
658,2907.0,236.049,1.0,2.5,0.003125,0.0
659,2911.0,236.049,1.0,2.5,0.003125,0.0
660,2916.0,220.2388,1.0,2.5,0.003125,0.0
661,2920.0,220.2388,1.0,2.5,0.003125,0.0
662,2925.0,220.2388,1.0,2.5,0.003125,0.0
663,2929.0,220.2388,1.0,2.5,0.003125,0.0
664,2934.0,220.2388,1.0,2.5,0.003125,0.0
665,2938.0,220.2388,1.0,2.5,0.003125,0.0
666,2942.0,220.2388,1.0,2.5,0.003125,0.0
667,2947.0,220.2388,1.0,2.5,0.003125,0.0
668,2951.0,220.2388,1.0,2.5,0.003125,0.0
669,2957.0,220.2388,1.0,2.5,0.003125,0.0
670,2961.0,205.8193,1.0,2.5,0.003125,0.0
671,2966.0,205.8193,1.0,2.5,0.003125,0.0
672,2970.0,205.8193,1.0,2.5,0.003125,0.0
673,2975.0,205.8193,1.0,2.5,0.003125,0.0
674,2980.0,205.8193,1.0,2.5,0.003125,0.0
675,2984.0,205.8193,1.0,2.5,0.003125,0.0
676,2989.0,205.8193,1.0,2.5,0.003125,0.0
677,2993.0,205.8193,1.0,2.5,0.003125,0.0
678,2998.0,205.8193,1.0,2.5,0.003125,0.0
679,3002.0,205.8193,1.0,2.5,0.003125,0.0
680,3007.0,191.0932,1.0,2.5,0.003125,0.0
681,3012.0,191.0932,1.0,2.5,0.003125,0.0
682,3017.0,191.0932,1.0,2.5,0.003125,0.0
683,3022.0,191.0932,1.0,2.5,0.003125,0.0
684,3026.0,191.0932,1.0,2.5,0.003125,0.0
685,3031.0,191.0932,1.0,2.5,0.003125,0.0
686,3035.0,191.0932,1.0,2.5,0.003125,0.0
687,3040.0,191.0932,1.0,2.5,0.003125,0.0
688,3044.0,191.0932,1.0,2.5,0.003125,0.0
689,3048.0,191.0932,1.0,2.5,0.003125,0.0
690,3053.0,175.5079,1.0,2.5,0.003125,0.0
691,3058.0,175.5079,1.0,2.5,0.003125,0.0
692,3063.0,175.5079,1.0,2.5,0.003125,0.0
693,3067.0,175.5079,1.0,2.5,0.003125,0.0
694,3072.0,175.5079,1.0,2.5,0.003125,0.0
695,3076.0,175.5079,1.0,2.5,0.003125,0.0
696,3081.0,175.5079,1.0,2.5,0.003125,0.0
697,3085.0,175.5079,1.0,2.5,0.003125,0.0
698,3089.0,175.5079,1.0,2.5,0.003125,0.0
699,3094.0,175.5079,1.0,2.5,0.003125,0.0
700,3098.0,160.9862,1.0,2.5,0.003125,0.0
701,3103.0,160.9862,1.0,2.5,0.003125,0.0
702,3107.0,160.9862,1.0,2.5,0.003125,0.0
703,3111.0,160.9862,1.0,2.5,0.003125,0.0
704,3116.0,160.9862,1.0,2.5,0.003125,0.0
705,3120.0,160.9862,1.0,2.5,0.003125,0.0
706,3125.0,160.9862,1.0,2.5,0.003125,0.0
707,3129.0,160.9862,1.0,2.5,0.003125,0.0
708,3134.0,160.9862,1.0,2.5,0.003125,0.0
709,3138.0,160.9862,1.0,2.5,0.003125,0.0
710,3144.0,146.26,1.0,2.5,0.003125,0.0
711,3148.0,146.26,1.0,2.5,0.003125,0.0
712,3153.0,146.26,1.0,2.5,0.003125,0.0
713,3158.0,146.26,1.0,2.5,0.003125,0.0
714,3162.0,146.26,1.0,2.5,0.003125,0.0
715,3167.0,146.26,1.0,2.5,0.003125,0.0
716,3172.0,146.26,1.0,2.5,0.003125,0.0
717,3177.0,146.26,1.0,2.5,0.003125,0.0
718,3181.0,146.26,1.0,2.5,0.003125,0.0
719,3186.0,146.26,1.0,2.5,0.003125,0.0
720,3190.0,130.6748,1.0,2.5,0.003125,0.0
721,3194.0,130.6748,1.0,2.5,0.003125,0.0
722,3199.0,130.6748,1.0,2.5,0.003125,0.0
723,3204.0,130.6748,1.0,2.5,0.003125,0.0
724,3209.0,130.6748,1.0,2.5,0.003125,0.0
725,3213.0,130.6748,1.0,2.5,0.003125,0.0
726,3218.0,130.6748,1.0,2.5,0.003125,0.0
727,3222.0,130.6748,1.0,2.5,0.003125,0.0
728,3226.0,130.6748,1.0,2.5,0.003125,0.0
729,3231.0,130.6748,1.0,2.5,0.003125,0.0
730,3235.0,116.153,1.0,2.5,0.003125,0.0
731,3240.0,116.153,1.0,2.5,0.003125,0.0
732,3245.0,116.153,1.0,2.5,0.003125,0.0
733,3250.0,116.153,1.0,2.5,0.003125,0.0
734,3254.0,116.153,1.0,2.5,0.003125,0.0
735,3258.0,116.153,1.0,2.5,0.003125,0.0
736,3263.0,116.153,1.0,2.5,0.003125,0.0
737,3267.0,116.153,1.0,2.5,0.003125,0.0
738,3272.0,116.153,1.0,2.5,0.003125,0.0
739,3276.0,116.153,1.0,2.5,0.003125,0.0
740,3281.0,101.4269,1.0,2.5,0.003125,0.0
741,3285.0,101.4269,1.0,2.5,0.003125,0.0
742,3289.0,101.4269,1.0,2.5,0.003125,0.0
743,3294.0,101.4269,1.0,2.5,0.003125,0.0
744,3298.0,101.4269,1.0,2.5,0.003125,0.0
745,3303.0,101.4269,1.0,2.5,0.003125,0.0
746,3307.0,101.4269,1.0,2.5,0.003125,0.0
747,3312.0,101.4269,1.0,2.5,0.003125,0.0
748,3316.0,101.4269,1.0,2.5,0.003125,0.0
749,3320.0,101.4269,1.0,2.5,0.003125,0.0
750,3325.0,86.7006,1.0,2.5,0.003125,0.0
751,3329.0,86.7006,1.0,2.5,0.003125,0.0
752,3334.0,86.7006,1.0,2.5,0.003125,0.0
753,3338.0,86.7006,1.0,2.5,0.003125,0.0
754,3343.0,86.7006,1.0,2.5,0.003125,0.0
755,3347.0,86.7006,1.0,2.5,0.003125,0.0
756,3351.0,86.7006,1.0,2.5,0.003125,0.0
757,3356.0,86.7006,1.0,2.5,0.003125,0.0
758,3360.0,86.7006,1.0,2.5,0.003125,0.0
759,3365.0,86.7006,1.0,2.5,0.003125,0.0
760,3369.0,72.4039,1.0,2.5,0.003125,0.0
761,3374.0,72.4039,1.0,2.5,0.003125,0.0
762,3378.0,72.4039,1.0,2.5,0.003125,0.0
763,3383.0,72.4039,1.0,2.5,0.003125,0.0
764,3387.0,72.4039,1.0,2.5,0.003125,0.0
765,3391.0,72.4039,1.0,2.5,0.003125,0.0
766,3397.0,72.4039,1.0,2.5,0.003125,0.0
767,3401.0,72.4039,1.0,2.5,0.003125,0.0
768,3407.0,72.4039,1.0,2.5,0.003125,0.0
769,3411.0,72.4039,1.0,2.5,0.003125,0.0
770,3415.0,57.1459,1.0,2.5,0.003125,0.0
771,3420.0,57.1459,1.0,2.5,0.003125,0.0
772,3424.0,57.1459,1.0,2.5,0.003125,0.0
773,3429.0,57.1459,1.0,2.5,0.003125,0.0
774,3433.0,57.1459,1.0,2.5,0.003125,0.0
775,3439.0,57.1459,1.0,2.5,0.003125,0.0
776,3443.0,57.1459,1.0,2.5,0.003125,0.0
777,3448.0,57.1459,1.0,2.5,0.003125,0.0
778,3453.0,57.1459,1.0,2.5,0.003125,0.0
779,3457.0,57.1459,1.0,2.5,0.003125,0.0
780,3462.0,41.6629,1.0,2.5,0.003125,0.0
781,3466.0,41.6629,1.0,2.5,0.003125,0.0
782,3471.0,41.6629,1.0,2.5,0.003125,0.0
783,3475.0,41.6629,1.0,2.5,0.003125,0.0
784,3480.0,41.6629,1.0,2.5,0.003125,0.0
785,3484.0,41.6629,1.0,2.5,0.003125,0.0
786,3489.0,41.6629,1.0,2.5,0.003125,0.0
787,3494.0,41.6629,1.0,2.5,0.003125,0.0
788,3499.0,41.6629,1.0,2.5,0.003125,0.0
789,3504.0,41.6629,1.0,2.5,0.003125,0.0
790,3509.0,26.7118,1.0,2.5,0.003125,0.0
791,3514.0,26.7118,1.0,2.5,0.003125,0.0
792,3518.0,26.7118,1.0,2.5,0.003125,0.0
793,3522.0,26.7118,1.0,2.5,0.003125,0.0
794,3527.0,26.7118,1.0,2.5,0.003125,0.0
795,3532.0,26.7118,1.0,2.5,0.003125,0.0
796,3537.0,26.7118,1.0,2.5,0.003125,0.0
797,3542.0,26.7118,1.0,2.5,0.003125,0.0
798,3547.0,26.7118,1.0,2.5,0.003125,0.0
799,3552.0,26.7118,1.0,2.5,0.003125,0.0
800,3556.0,10.7993,1.0,2.5,0.003125,0.0
801,3561.0,10.7993,1.0,2.5,0.003125,0.0
802,3565.0,10.7993,1.0,2.5,0.003125,0.0
803,3570.0,10.7993,1.0,2.5,0.003125,0.0
804,3574.0,10.7993,1.0,2.5,0.003125,0.0
805,3578.0,10.7993,1.0,2.5,0.003125,0.0
806,3583.0,10.7993,1.0,2.5,0.003125,0.0
807,3587.0,10.7993,1.0,2.5,0.003125,0.0
808,3592.0,10.7993,1.0,2.5,0.003125,0.0
809,3596.0,10.7993,1.0,2.5,0.003125,0.0
810,3600.0,-3.1906,1.0,2.5,0.003125,0.0
811,3604.0,-3.1906,1.0,2.5,0.003125,0.0
812,3609.0,-3.1906,1.0,2.5,0.003125,0.0
813,3613.0,-3.1906,1.0,2.5,0.003125,0.0
814,3616.0,-3.1906,1.0,2.5,0.003125,0.0
815,3620.0,-3.1906,1.0,2.5,0.003125,0.0
816,3624.0,-3.1906,1.0,2.5,0.003125,0.0
817,3627.0,-3.1906,1.0,2.5,0.003125,0.0
818,3631.0,-3.1906,1.0,2.5,0.003125,0.0
819,3634.0,-3.1906,1.0,2.5,0.003125,0.0
820,3637.0,-15.0125,1.0,2.5,0.003125,0.0
821,3640.0,-15.0125,1.0,2.5,0.003125,0.0
822,3643.0,-15.0125,1.0,2.5,0.003125,0.0
823,3645.0,-15.0125,1.0,2.5,0.003125,0.0
824,3648.0,-15.0125,1.0,2.5,0.003125,0.0
825,3650.0,-15.0125,1.0,2.5,0.003125,0.0
826,3652.0,-15.0125,1.0,2.5,0.003125,0.0
827,3653.0,-15.0125,1.0,2.5,0.003125,0.0
828,3655.0,-15.0125,1.0,2.5,0.003125,0.0
829,3657.0,-15.0125,1.0,2.5,0.003125,0.0
830,3658.0,-21.0053,1.0,2.5,0.003125,0.0
831,3659.0,-21.0053,1.0,2.5,0.003125,0.0
832,3660.0,-21.0053,1.0,2.5,0.003125,0.0
833,3661.0,-21.0053,1.0,2.5,0.003125,0.0
834,3661.0,-21.0053,1.0,2.5,0.003125,0.0
835,3662.0,-21.0053,1.0,2.5,0.003125,0.0
836,3662.0,-21.0053,1.0,2.5,0.003125,0.0
837,3662.0,-21.0053,1.0,2.5,0.003125,0.0
838,3662.0,-21.0053,1.0,2.5,0.003125,0.0
839,3662.0,-21.0053,1.0,2.5,0.003125,0.0
840,3662.0,-20.8007,1.0,2.5,0.003125,0.0
841,3662.0,-20.8007,1.0,2.5,0.003125,0.0
842,3661.0,-20.8007,1.0,2.5,0.003125,0.0
843,3661.0,-20.8007,1.0,2.5,0.003125,0.0
844,3660.0,-20.8007,1.0,2.5,0.003125,0.0
845,3660.0,-20.8007,1.0,2.5,0.003125,0.0
846,3659.0,-20.8007,1.0,2.5,0.003125,0.0
847,3658.0,-20.8007,1.0,2.5,0.003125,0.0
848,3657.0,-20.8007,1.0,2.5,0.003125,0.0
849,3656.0,-20.8007,1.0,2.5,0.003125,0.0
850,3654.0,-17.2828,1.0,2.5,0.003125,0.0
851,3653.0,-17.2828,1.0,2.5,0.003125,0.0
852,3651.0,-17.2828,1.0,2.5,0.003125,0.0
853,3650.0,-17.2828,1.0,2.5,0.003125,0.0
854,3648.0,-17.2828,1.0,2.5,0.003125,0.0
855,3646.0,-17.2828,1.0,2.5,0.003125,0.0
856,3645.0,-17.2828,1.0,2.5,0.003125,0.0
857,3643.0,-17.2828,1.0,2.5,0.003125,0.0
858,3641.0,-17.2828,1.0,2.5,0.003125,0.0
859,3639.0,-17.2828,1.0,2.5,0.003125,0.0
860,3636.0,-10.6969,1.0,2.5,0.003125,0.0
861,3634.0,-10.6969,1.0,2.5,0.003125,0.0
862,3632.0,-10.6969,1.0,2.5,0.003125,0.0
863,3630.0,-10.6969,1.0,2.5,0.003125,0.0
864,3627.0,-10.6969,1.0,2.5,0.003125,0.0
865,3625.0,-10.6969,1.0,2.5,0.003125,0.0
866,3622.0,-10.6969,1.0,2.5,0.003125,0.0
867,3620.0,-10.6969,1.0,2.5,0.003125,0.0
868,3617.0,-10.6969,1.0,2.5,0.003125,0.0
869,3615.0,-10.6969,1.0,2.5,0.003125,0.0
870,3612.0,-2.1271,1.0,2.5,0.003125,0.0
871,3609.0,-2.1271,1.0,2.5,0.003125,0.0
872,3607.0,-2.1271,1.0,2.5,0.003125,0.0
873,3604.0,-2.1271,1.0,2.5,0.003125,0.0
874,3602.0,-2.1271,1.0,2.5,0.003125,0.0
875,3599.0,-2.1271,1.0,2.5,0.003125,0.0
876,3597.0,-2.1271,1.0,2.5,0.003125,0.0
877,3595.0,-2.1271,1.0,2.5,0.003125,0.0
878,3592.0,-2.1271,1.0,2.5,0.003125,0.0
879,3590.0,-2.1271,1.0,2.5,0.003125,0.0
880,3588.0,5.7269,1.0,2.5,0.003125,0.0
881,3586.0,5.7269,1.0,2.5,0.003125,0.0
882,3584.0,5.7269,1.0,2.5,0.003125,0.0
883,3582.0,5.7269,1.0,2.5,0.003125,0.0
884,3580.0,5.7269,1.0,2.5,0.003125,0.0
885,3578.0,5.7269,1.0,2.5,0.003125,0.0
886,3577.0,5.7269,1.0,2.5,0.003125,0.0
887,3576.0,5.7269,1.0,2.5,0.003125,0.0
888,3574.0,5.7269,1.0,2.5,0.003125,0.0
889,3573.0,5.7269,1.0,2.5,0.003125,0.0
890,3572.0,10.5743,1.0,2.5,0.003125,0.0
891,3571.0,10.5743,1.0,2.5,0.003125,0.0
892,3570.0,10.5743,1.0,2.5,0.003125,0.0
893,3570.0,10.5743,1.0,2.5,0.003125,0.0
894,3569.0,10.5743,1.0,2.5,0.003125,0.0
895,3569.0,10.5743,1.0,2.5,0.003125,0.0
896,3569.0,10.5743,1.0,2.5,0.003125,0.0
897,3569.0,10.5743,1.0,2.5,0.003125,0.0
898,3569.0,10.5743,1.0,2.5,0.003125,0.0
899,3569.0,10.5743,1.0,2.5,0.003125,0.0
900,3570.0,10.5539,1.0,2.5,0.003125,0.0
901,3570.0,10.5539,1.0,2.5,0.003125,0.0
902,3571.0,10.5539,1.0,2.5,0.003125,0.0
903,3572.0,10.5539,1.0,2.5,0.003125,0.0
904,3573.0,10.5539,1.0,2.5,0.003125,0.0
905,3574.0,10.5539,1.0,2.5,0.003125,0.0
906,3575.0,10.5539,1.0,2.5,0.003125,0.0
907,3576.0,10.5539,1.0,2.5,0.003125,0.0
908,3578.0,10.5539,1.0,2.5,0.003125,0.0
909,3579.0,10.5539,1.0,2.5,0.003125,0.0
910,3580.0,5.8497,1.0,2.5,0.003125,0.0
911,3582.0,5.8497,1.0,2.5,0.003125,0.0
912,3583.0,5.8497,1.0,2.5,0.003125,0.0
913,3585.0,5.8497,1.0,2.5,0.003125,0.0
914,3587.0,5.8497,1.0,2.5,0.003125,0.0
915,3588.0,5.8497,1.0,2.5,0.003125,0.0
916,3590.0,5.8497,1.0,2.5,0.003125,0.0
917,3592.0,5.8497,1.0,2.5,0.003125,0.0
918,3593.0,5.8497,1.0,2.5,0.003125,0.0
919,3595.0,5.8497,1.0,2.5,0.003125,0.0
920,3596.0,0.0,1.0,2.5,0.003125,0.0
921,3598.0,0.0,1.0,2.5,0.003125,0.0
922,3600.0,0.0,1.0,2.5,0.003125,0.0
923,3601.0,0.0,1.0,2.5,0.003125,0.0
924,3603.0,0.0,1.0,2.5,0.003125,0.0
925,3604.0,0.0,1.0,2.5,0.003125,0.0
926,3606.0,0.0,1.0,2.5,0.003125,0.0
927,3607.0,0.0,1.0,2.5,0.003125,0.0
928,3609.0,0.0,1.0,2.5,0.003125,0.0
929,3610.0,0.0,1.0,2.5,0.003125,0.0
930,3611.0,-4.8064,1.0,2.5,0.003125,0.0
931,3612.0,-4.8064,1.0,2.5,0.003125,0.0
932,3613.0,-4.8064,1.0,2.5,0.003125,0.0
933,3614.0,-4.8064,1.0,2.5,0.003125,0.0
934,3615.0,-4.8064,1.0,2.5,0.003125,0.0
935,3616.0,-4.8064,1.0,2.5,0.003125,0.0
936,3617.0,-4.8064,1.0,2.5,0.003125,0.0
937,3618.0,-4.8064,1.0,2.5,0.003125,0.0
938,3618.0,-4.8064,1.0,2.5,0.003125,0.0
939,3619.0,-4.8064,1.0,2.5,0.003125,0.0
940,3619.0,-7.138,1.0,2.5,0.003125,0.0
941,3619.0,-7.138,1.0,2.5,0.003125,0.0
942,3619.0,-7.138,1.0,2.5,0.003125,0.0
943,3619.0,-7.138,1.0,2.5,0.003125,0.0
944,3619.0,-7.138,1.0,2.5,0.003125,0.0
945,3619.0,-7.138,1.0,2.5,0.003125,0.0
946,3619.0,-7.138,1.0,2.5,0.003125,0.0
947,3619.0,-7.138,1.0,2.5,0.003125,0.0
948,3618.0,-7.138,1.0,2.5,0.003125,0.0
949,3618.0,-7.138,1.0,2.5,0.003125,0.0
950,3617.0,-5.7882,1.0,2.5,0.003125,0.0
951,3617.0,-5.7882,1.0,2.5,0.003125,0.0
952,3616.0,-5.7882,1.0,2.5,0.003125,0.0
953,3615.0,-5.7882,1.0,2.5,0.003125,0.0
954,3614.0,-5.7882,1.0,2.5,0.003125,0.0
955,3614.0,-5.7882,1.0,2.5,0.003125,0.0
956,3613.0,-5.7882,1.0,2.5,0.003125,0.0
957,3612.0,-5.7882,1.0,2.5,0.003125,0.0
958,3611.0,-5.7882,1.0,2.5,0.003125,0.0
959,3610.0,-5.7882,1.0,2.5,0.003125,0.0
960,3609.0,-2.4543,1.0,2.5,0.003125,0.0
961,3608.0,-2.4543,1.0,2.5,0.003125,0.0
962,3607.0,-2.4543,1.0,2.5,0.003125,0.0
963,3606.0,-2.4543,1.0,2.5,0.003125,0.0
964,3605.0,-2.4543,1.0,2.5,0.003125,0.0
965,3603.0,-2.4543,1.0,2.5,0.003125,0.0
966,3602.0,-2.4543,1.0,2.5,0.003125,0.0
967,3601.0,-2.4543,1.0,2.5,0.003125,0.0
968,3600.0,-2.4543,1.0,2.5,0.003125,0.0
969,3599.0,-2.4543,1.0,2.5,0.003125,0.0
970,3598.0,1.4522,1.0,2.5,0.003125,0.0
971,3597.0,1.4522,1.0,2.5,0.003125,0.0
972,3596.0,1.4522,1.0,2.5,0.003125,0.0
973,3596.0,1.4522,1.0,2.5,0.003125,0.0
974,3595.0,1.4522,1.0,2.5,0.003125,0.0
975,3594.0,1.4522,1.0,2.5,0.003125,0.0
976,3593.0,1.4522,1.0,2.5,0.003125,0.0
977,3592.0,1.4522,1.0,2.5,0.003125,0.0
978,3592.0,1.4522,1.0,2.5,0.003125,0.0
979,3591.0,1.4522,1.0,2.5,0.003125,0.0
980,3591.0,3.7635,1.0,2.5,0.003125,0.0
981,3590.0,3.7635,1.0,2.5,0.003125,0.0
982,3590.0,3.7635,1.0,2.5,0.003125,0.0
983,3589.0,3.7635,1.0,2.5,0.003125,0.0
984,3589.0,3.7635,1.0,2.5,0.003125,0.0
985,3589.0,3.7635,1.0,2.5,0.003125,0.0
986,3588.0,3.7635,1.0,2.5,0.003125,0.0
987,3588.0,3.7635,1.0,2.5,0.003125,0.0
988,3588.0,3.7635,1.0,2.5,0.003125,0.0
989,3588.0,3.7635,1.0,2.5,0.003125,0.0
990,3588.0,4.2339,1.0,2.5,0.003125,0.0
991,3588.0,4.2339,1.0,2.5,0.003125,0.0
992,3588.0,4.2339,1.0,2.5,0.003125,0.0
993,3588.0,4.2339,1.0,2.5,0.003125,0.0
994,3588.0,4.2339,1.0,2.5,0.003125,0.0
995,3589.0,4.2339,1.0,2.5,0.003125,0.0
996,3589.0,4.2339,1.0,2.5,0.003125,0.0
997,3589.0,4.2339,1.0,2.5,0.003125,0.0
998,3590.0,4.2339,1.0,2.5,0.003125,0.0
999,3590.0,4.2339,1.0,2.5,0.003125,0.0
1000,3590.0,3.068,1.0,2.5,0.003125,0.0
1001,3591.0,3.068,1.0,2.5,0.003125,0.0
1002,3591.0,3.068,1.0,2.5,0.003125,0.0
1003,3592.0,3.068,1.0,2.5,0.003125,0.0
1004,3592.0,3.068,1.0,2.5,0.003125,0.0
1005,3593.0,3.068,1.0,2.5,0.003125,0.0
1006,3593.0,3.068,1.0,2.5,0.003125,0.0
1007,3594.0,3.068,1.0,2.5,0.003125,0.0
1008,3595.0,3.068,1.0,2.5,0.003125,0.0
1009,3595.0,3.068,1.0,2.5,0.003125,0.0
1010,3596.0,1.1249,1.0,2.5,0.003125,0.0
1011,3596.0,1.1249,1.0,2.5,0.003125,0.0
1012,3597.0,1.1249,1.0,2.5,0.003125,0.0
1013,3598.0,1.1249,1.0,2.5,0.003125,0.0
1014,3598.0,1.1249,1.0,2.5,0.003125,0.0
1015,3599.0,1.1249,1.0,2.5,0.003125,0.0
1016,3600.0,1.1249,1.0,2.5,0.003125,0.0
1017,3600.0,1.1249,1.0,2.5,0.003125,0.0
1018,3601.0,1.1249,1.0,2.5,0.003125,0.0
1019,3601.0,1.1249,1.0,2.5,0.003125,0.0
1020,3602.0,-0.9408,1.0,2.5,0.003125,0.0
1021,3602.0,-0.9408,1.0,2.5,0.003125,0.0
1022,3603.0,-0.9408,1.0,2.5,0.003125,0.0
1023,3603.0,-0.9408,1.0,2.5,0.003125,0.0
1024,3604.0,-0.9408,1.0,2.5,0.003125,0.0
1025,3604.0,-0.9408,1.0,2.5,0.003125,0.0
1026,3605.0,-0.9408,1.0,2.5,0.003125,0.0
1027,3605.0,-0.9408,1.0,2.5,0.003125,0.0
1028,3605.0,-0.9408,1.0,2.5,0.003125,0.0
1029,3606.0,-0.9408,1.0,2.5,0.003125,0.0
1030,3606.0,-2.4747,1.0,2.5,0.003125,0.0
1031,3606.0,-2.4747,1.0,2.5,0.003125,0.0
1032,3606.0,-2.4747,1.0,2.5,0.003125,0.0
1033,3607.0,-2.4747,1.0,2.5,0.003125,0.0
1034,3607.0,-2.4747,1.0,2.5,0.003125,0.0
1035,3607.0,-2.4747,1.0,2.5,0.003125,0.0
1036,3607.0,-2.4747,1.0,2.5,0.003125,0.0
1037,3607.0,-2.4747,1.0,2.5,0.003125,0.0
1038,3607.0,-2.4747,1.0,2.5,0.003125,0.0
1039,3607.0,-2.4747,1.0,2.5,0.003125,0.0
1040,3607.0,-2.3929,1.0,2.5,0.003125,0.0
1041,3607.0,-2.3929,1.0,2.5,0.003125,0.0
1042,3606.0,-2.3929,1.0,2.5,0.003125,0.0
1043,3606.0,-2.3929,1.0,2.5,0.003125,0.0
1044,3606.0,-2.3929,1.0,2.5,0.003125,0.0
1045,3606.0,-2.3929,1.0,2.5,0.003125,0.0
1046,3606.0,-2.3929,1.0,2.5,0.003125,0.0
1047,3605.0,-2.3929,1.0,2.5,0.003125,0.0
1048,3605.0,-2.3929,1.0,2.5,0.003125,0.0
1049,3605.0,-2.3929,1.0,2.5,0.003125,0.0
1050,3604.0,-1.4317,1.0,2.5,0.003125,0.0
1051,3604.0,-1.4317,1.0,2.5,0.003125,0.0
1052,3604.0,-1.4317,1.0,2.5,0.003125,0.0
1053,3603.0,-1.4317,1.0,2.5,0.003125,0.0
1054,3603.0,-1.4317,1.0,2.5,0.003125,0.0
1055,3603.0,-1.4317,1.0,2.5,0.003125,0.0
1056,3602.0,-1.4317,1.0,2.5,0.003125,0.0
1057,3602.0,-1.4317,1.0,2.5,0.003125,0.0
1058,3602.0,-1.4317,1.0,2.5,0.003125,0.0
1059,3601.0,-1.4317,1.0,2.5,0.003125,0.0
