TIME,PULSES,CONTROLLERVOLTAGE,CONTROLLER,KP,TAUD,TAUI 
0,0,0.0,0,1.0,0.0,0.0
1,0,0.0,0,1.0,0.0,0.0
2,0,0.0,0,1.0,0.0,0.0
3,0,0.0,0,1.0,0.0,0.0
4,0,0.0,0,1.0,0.0,0.0
5,0,0.0,0,1.0,0.0,0.0
6,0,0.0,0,1.0,0.0,0.0
7,0,0.0,0,1.0,0.0,0.0
8,0,0.0,0,1.0,0.0,0.0
9,0,0.0,0,1.0,0.0,0.0
10,0,471.24,0,1.0,0.0,0.0
11,0,471.24,0,1.0,0.0,0.0
12,0,471.24,0,1.0,0.0,0.0
13,1,471.24,0,1.0,0.0,0.0
14,1,471.24,0,1.0,0.0,0.0
15,2,471.24,0,1.0,0.0,0.0
16,2,471.24,0,1.0,0.0,0.0
17,3,471.24,0,1.0,0.0,0.0
18,4,471.24,0,1.0,0.0,0.0
19,5,471.24,0,1.0,0.0,0.0
20,6,470.58,0,1.0,0.0,0.0
21,8,470.58,0,1.0,0.0,0.0
22,9,470.58,0,1.0,0.0,0.0
23,10,470.58,0,1.0,0.0,0.0
24,12,470.58,0,1.0,0.0,0.0
25,14,470.58,0,1.0,0.0,0.0
26,16,470.58,0,1.0,0.0,0.0
27,17,470.58,0,1.0,0.0,0.0
28,19,470.58,0,1.0,0.0,0.0
29,21,470.58,0,1.0,0.0,0.0
30,23,468.49,0,1.0,0.0,0.0
31,26,468.49,0,1.0,0.0,0.0
32,28,468.49,0,1.0,0.0,0.0
33,30,468.49,0,1.0,0.0,0.0
34,33,468.49,0,1.0,0.0,0.0
35,36,468.49,0,1.0,0.0,0.0
36,38,468.49,0,1.0,0.0,0.0
37,41,468.49,0,1.0,0.0,0.0
38,44,468.49,0,1.0,0.0,0.0
39,46,468.49,0,1.0,0.0,0.0
40,49,465.22,0,1.0,0.0,0.0
41,52,465.22,0,1.0,0.0,0.0
42,55,465.22,0,1.0,0.0,0.0
43,58,465.22,0,1.0,0.0,0.0
44,61,465.22,0,1.0,0.0,0.0
45,64,465.22,0,1.0,0.0,0.0
46,67,465.22,0,1.0,0.0,0.0
47,70,465.22,0,1.0,0.0,0.0
48,73,465.22,0,1.0,0.0,0.0
49,76,465.22,0,1.0,0.0,0.0
50,79,461.29,0,1.0,0.0,0.0
51,82,461.29,0,1.0,0.0,0.0
52,86,461.29,0,1.0,0.0,0.0
53,89,461.29,0,1.0,0.0,0.0
54,92,461.29,0,1.0,0.0,0.0
55,96,461.29,0,1.0,0.0,0.0
56,99,461.29,0,1.0,0.0,0.0
57,102,461.29,0,1.0,0.0,0.0
58,106,461.29,0,1.0,0.0,0.0
59,109,461.29,0,1.0,0.0,0.0
60,113,456.84,0,1.0,0.0,0.0
61,117,456.84,0,1.0,0.0,0.0
62,120,456.84,0,1.0,0.0,0.0
63,125,456.84,0,1.0,0.0,0.0
64,128,456.84,0,1.0,0.0,0.0
65,132,456.84,0,1.0,0.0,0.0
66,136,456.84,0,1.0,0.0,0.0
67,139,456.84,0,1.0,0.0,0.0
68,143,456.84,0,1.0,0.0,0.0
69,147,456.84,0,1.0,0.0,0.0
70,150,452.0,0,1.0,0.0,0.0
71,154,452.0,0,1.0,0.0,0.0
72,158,452.0,0,1.0,0.0,0.0
73,162,452.0,0,1.0,0.0,0.0
74,166,452.0,0,1.0,0.0,0.0
75,170,452.0,0,1.0,0.0,0.0
76,174,452.0,0,1.0,0.0,0.0
77,178,452.0,0,1.0,0.0,0.0
78,182,452.0,0,1.0,0.0,0.0
79,186,452.0,0,1.0,0.0,0.0
80,190,446.89,0,1.0,0.0,0.0
81,194,446.89,0,1.0,0.0,0.0
82,198,446.89,0,1.0,0.0,0.0
83,202,446.89,0,1.0,0.0,0.0
84,206,446.89,0,1.0,0.0,0.0
85,210,446.89,0,1.0,0.0,0.0
86,214,446.89,0,1.0,0.0,0.0
87,218,446.89,0,1.0,0.0,0.0
88,223,446.89,0,1.0,0.0,0.0
89,227,446.89,0,1.0,0.0,0.0
90,231,441.52,0,1.0,0.0,0.0
91,235,441.52,0,1.0,0.0,0.0
92,239,441.52,0,1.0,0.0,0.0
93,243,441.52,0,1.0,0.0,0.0
94,249,441.52,0,1.0,0.0,0.0
95,253,441.52,0,1.0,0.0,0.0
96,257,441.52,0,1.0,0.0,0.0
97,262,441.52,0,1.0,0.0,0.0
98,266,441.52,0,1.0,0.0,0.0
99,270,441.52,0,1.0,0.0,0.0
100,274,435.9,0,1.0,0.0,0.0
101,278,435.9,0,1.0,0.0,0.0
102,282,435.9,0,1.0,0.0,0.0
103,287,435.9,0,1.0,0.0,0.0
104,291,435.9,0,1.0,0.0,0.0
105,296,435.9,0,1.0,0.0,0.0
106,301,435.9,0,1.0,0.0,0.0
107,305,435.9,0,1.0,0.0,0.0
108,309,435.9,0,1.0,0.0,0.0
109,313,435.9,0,1.0,0.0,0.0
110,317,430.14,0,1.0,0.0,0.0
111,322,430.14,0,1.0,0.0,0.0
112,326,430.14,0,1.0,0.0,0.0
113,330,430.14,0,1.0,0.0,0.0
114,334,430.14,0,1.0,0.0,0.0
115,339,430.14,0,1.0,0.0,0.0
116,343,430.14,0,1.0,0.0,0.0
117,347,430.14,0,1.0,0.0,0.0
118,351,430.14,0,1.0,0.0,0.0
119,356,430.14,0,1.0,0.0,0.0
120,361,424.51,0,1.0,0.0,0.0
121,365,424.51,0,1.0,0.0,0.0
122,369,424.51,0,1.0,0.0,0.0
123,373,424.51,0,1.0,0.0,0.0
124,377,424.51,0,1.0,0.0,0.0
125,382,424.51,0,1.0,0.0,0.0
126,386,424.51,0,1.0,0.0,0.0
127,390,424.51,0,1.0,0.0,0.0
128,395,424.51,0,1.0,0.0,0.0
129,400,424.51,0,1.0,0.0,0.0
130,404,418.88,0,1.0,0.0,0.0
131,408,418.88,0,1.0,0.0,0.0
132,413,418.88,0,1.0,0.0,0.0
133,417,418.88,0,1.0,0.0,0.0
134,421,418.88,0,1.0,0.0,0.0
135,425,418.88,0,1.0,0.0,0.0
136,430,418.88,0,1.0,0.0,0.0
137,434,418.88,0,1.0,0.0,0.0
138,438,418.88,0,1.0,0.0,0.0
139,444,418.88,0,1.0,0.0,0.0
140,448,413.12,0,1.0,0.0,0.0
141,453,413.12,0,1.0,0.0,0.0
142,457,413.12,0,1.0,0.0,0.0
143,462,413.12,0,1.0,0.0,0.0
144,466,413.12,0,1.0,0.0,0.0
145,470,413.12,0,1.0,0.0,0.0
146,475,413.12,0,1.0,0.0,0.0
147,479,413.12,0,1.0,0.0,0.0
148,483,413.12,0,1.0,0.0,0.0
149,487,413.12,0,1.0,0.0,0.0
150,492,407.36,0,1.0,0.0,0.0
151,496,407.36,0,1.0,0.0,0.0
152,501,407.36,0,1.0,0.0,0.0
153,506,407.36,0,1.0,0.0,0.0
154,510,407.36,0,1.0,0.0,0.0
155,514,407.36,0,1.0,0.0,0.0
156,519,407.36,0,1.0,0.0,0.0
157,523,407.36,0,1.0,0.0,0.0
158,527,407.36,0,1.0,0.0,0.0
159,532,407.36,0,1.0,0.0,0.0
160,536,401.6,0,1.0,0.0,0.0
161,540,401.6,0,1.0,0.0,0.0
162,545,401.6,0,1.0,0.0,0.0
163,549,401.6,0,1.0,0.0,0.0
164,553,401.6,0,1.0,0.0,0.0
165,558,401.6,0,1.0,0.0,0.0
166,562,401.6,0,1.0,0.0,0.0
167,566,401.6,0,1.0,0.0,0.0
168,571,401.6,0,1.0,0.0,0.0
169,575,401.6,0,1.0,0.0,0.0
170,579,395.97,0,1.0,0.0,0.0
171,584,395.97,0,1.0,0.0,0.0
172,588,395.97,0,1.0,0.0,0.0
173,592,395.97,0,1.0,0.0,0.0
174,597,395.97,0,1.0,0.0,0.0
175,601,395.97,0,1.0,0.0,0.0
176,605,395.97,0,1.0,0.0,0.0
177,610,395.97,0,1.0,0.0,0.0
178,615,395.97,0,1.0,0.0,0.0
179,619,395.97,0,1.0,0.0,0.0
180,624,390.08,0,1.0,0.0,0.0
181,628,390.08,0,1.0,0.0,0.0
182,632,390.08,0,1.0,0.0,0.0
183,636,390.08,0,1.0,0.0,0.0
184,642,390.08,0,1.0,0.0,0.0
185,646,390.08,0,1.0,0.0,0.0
186,651,390.08,0,1.0,0.0,0.0
187,655,390.08,0,1.0,0.0,0.0
188,659,390.08,0,1.0,0.0,0.0
189,665,390.08,0,1.0,0.0,0.0
190,669,384.19,0,1.0,0.0,0.0
191,673,384.19,0,1.0,0.0,0.0
192,678,384.19,0,1.0,0.0,0.0
193,682,384.19,0,1.0,0.0,0.0
194,686,384.19,0,1.0,0.0,0.0
195,691,384.19,0,1.0,0.0,0.0
196,695,384.19,0,1.0,0.0,0.0
197,699,384.19,0,1.0,0.0,0.0
198,702,384.19,0,1.0,0.0,0.0
199,706,384.19,0,1.0,0.0,0.0
200,710,378.82,0,1.0,0.0,0.0
201,715,378.82,0,1.0,0.0,0.0
202,719,378.82,0,1.0,0.0,0.0
203,723,378.82,0,1.0,0.0,0.0
204,728,378.82,0,1.0,0.0,0.0
205,732,378.82,0,1.0,0.0,0.0
206,736,378.82,0,1.0,0.0,0.0
207,741,378.82,0,1.0,0.0,0.0
208,745,378.82,0,1.0,0.0,0.0
209,750,378.82,0,1.0,0.0,0.0
210,749,373.06,0,1.0,0.0,0.0
211,749,373.06,0,1.0,0.0,0.0
212,750,373.06,0,1.0,0.0,0.0
213,755,373.06,0,1.0,0.0,0.0
214,759,373.06,0,1.0,0.0,0.0
215,763,373.06,0,1.0,0.0,0.0
216,768,373.06,0,1.0,0.0,0.0
217,771,373.06,0,1.0,0.0,0.0
218,775,373.06,0,1.0,0.0,0.0
219,780,373.06,0,1.0,0.0,0.0
220,784,369.14,0,1.0,0.0,0.0
221,789,369.14,0,1.0,0.0,0.0
222,793,369.14,0,1.0,0.0,0.0
223,797,369.14,0,1.0,0.0,0.0
224,801,369.14,0,1.0,0.0,0.0
225,806,369.14,0,1.0,0.0,0.0
226,810,369.14,0,1.0,0.0,0.0
227,814,369.14,0,1.0,0.0,0.0
228,820,369.14,0,1.0,0.0,0.0
229,824,369.14,0,1.0,0.0,0.0
230,829,363.25,0,1.0,0.0,0.0
231,833,363.25,0,1.0,0.0,0.0
232,837,363.25,0,1.0,0.0,0.0
233,842,363.25,0,1.0,0.0,0.0
234,847,363.25,0,1.0,0.0,0.0
235,851,363.25,0,1.0,0.0,0.0
236,855,363.25,0,1.0,0.0,0.0
237,860,363.25,0,1.0,0.0,0.0
238,864,363.25,0,1.0,0.0,0.0
239,869,363.25,0,1.0,0.0,0.0
240,874,357.36,0,1.0,0.0,0.0
241,878,357.36,0,1.0,0.0,0.0
242,883,357.36,0,1.0,0.0,0.0
243,887,357.36,0,1.0,0.0,0.0
244,891,357.36,0,1.0,0.0,0.0
245,896,357.36,0,1.0,0.0,0.0
246,900,357.36,0,1.0,0.0,0.0
247,904,357.36,0,1.0,0.0,0.0
248,908,357.36,0,1.0,0.0,0.0
249,913,357.36,0,1.0,0.0,0.0
250,917,351.73,0,1.0,0.0,0.0
251,922,351.73,0,1.0,0.0,0.0
252,926,351.73,0,1.0,0.0,0.0
253,930,351.73,0,1.0,0.0,0.0
254,935,351.73,0,1.0,0.0,0.0
255,939,351.73,0,1.0,0.0,0.0
256,943,351.73,0,1.0,0.0,0.0
257,948,351.73,0,1.0,0.0,0.0
258,953,351.73,0,1.0,0.0,0.0
259,957,351.73,0,1.0,0.0,0.0
260,962,345.97,0,1.0,0.0,0.0
261,967,345.97,0,1.0,0.0,0.0
262,971,345.97,0,1.0,0.0,0.0
263,977,345.97,0,1.0,0.0,0.0
264,981,345.97,0,1.0,0.0,0.0
265,985,345.97,0,1.0,0.0,0.0
266,990,345.97,0,1.0,0.0,0.0
267,994,345.97,0,1.0,0.0,0.0
268,998,345.97,0,1.0,0.0,0.0
269,1005,345.97,0,1.0,0.0,0.0
270,1009,339.68,0,1.0,0.0,0.0
271,1013,339.68,0,1.0,0.0,0.0
272,1018,339.68,0,1.0,0.0,0.0
273,1022,339.68,0,1.0,0.0,0.0
274,1026,339.68,0,1.0,0.0,0.0
275,1031,339.68,0,1.0,0.0,0.0
276,1035,339.68,0,1.0,0.0,0.0
277,1039,339.68,0,1.0,0.0,0.0
278,1044,339.68,0,1.0,0.0,0.0
279,1048,339.68,0,1.0,0.0,0.0
280,1052,334.06,0,1.0,0.0,0.0
281,1057,334.06,0,1.0,0.0,0.0
282,1061,334.06,0,1.0,0.0,0.0
283,1065,334.06,0,1.0,0.0,0.0
284,1070,334.06,0,1.0,0.0,0.0
285,1074,334.06,0,1.0,0.0,0.0
286,1078,334.06,0,1.0,0.0,0.0
287,1083,334.06,0,1.0,0.0,0.0
288,1087,334.06,0,1.0,0.0,0.0
289,1093,334.06,0,1.0,0.0,0.0
290,1097,328.17,0,1.0,0.0,0.0
291,1101,328.17,0,1.0,0.0,0.0
292,1105,328.17,0,1.0,0.0,0.0
293,1110,328.17,0,1.0,0.0,0.0
294,1114,328.17,0,1.0,0.0,0.0
295,1118,328.17,0,1.0,0.0,0.0
296,1123,328.17,0,1.0,0.0,0.0
297,1127,328.17,0,1.0,0.0,0.0
298,1132,328.17,0,1.0,0.0,0.0
299,1136,328.17,0,1.0,0.0,0.0
300,1140,322.54,0,1.0,0.0,0.0
301,1145,322.54,0,1.0,0.0,0.0
302,1149,322.54,0,1.0,0.0,0.0
303,1153,322.54,0,1.0,0.0,0.0
304,1158,322.54,0,1.0,0.0,0.0
305,1162,322.54,0,1.0,0.0,0.0
306,1166,322.54,0,1.0,0.0,0.0
307,1171,322.54,0,1.0,0.0,0.0
308,1175,322.54,0,1.0,0.0,0.0
309,1179,322.54,0,1.0,0.0,0.0
310,1184,316.78,0,1.0,0.0,0.0
311,1188,316.78,0,1.0,0.0,0.0
312,1192,316.78,0,1.0,0.0,0.0
313,1198,316.78,0,1.0,0.0,0.0
314,1202,316.78,0,1.0,0.0,0.0
315,1206,316.78,0,1.0,0.0,0.0
316,1211,316.78,0,1.0,0.0,0.0
317,1214,316.78,0,1.0,0.0,0.0
318,1218,316.78,0,1.0,0.0,0.0
319,1223,316.78,0,1.0,0.0,0.0
320,1227,311.15,0,1.0,0.0,0.0
321,1231,311.15,0,1.0,0.0,0.0
322,1237,311.15,0,1.0,0.0,0.0
323,1241,311.15,0,1.0,0.0,0.0
324,1245,311.15,0,1.0,0.0,0.0
325,1250,311.15,0,1.0,0.0,0.0
326,1254,311.15,0,1.0,0.0,0.0
327,1258,311.15,0,1.0,0.0,0.0
328,1263,311.15,0,1.0,0.0,0.0
329,1267,311.15,0,1.0,0.0,0.0
330,1272,305.26,0,1.0,0.0,0.0
331,1276,305.26,0,1.0,0.0,0.0
332,1280,305.26,0,1.0,0.0,0.0
333,1285,305.26,0,1.0,0.0,0.0
334,1289,305.26,0,1.0,0.0,0.0
335,1294,305.26,0,1.0,0.0,0.0
336,1298,305.26,0,1.0,0.0,0.0
337,1303,305.26,0,1.0,0.0,0.0
338,1307,305.26,0,1.0,0.0,0.0
339,1311,305.26,0,1.0,0.0,0.0
340,1316,299.5,0,1.0,0.0,0.0
341,1321,299.5,0,1.0,0.0,0.0
342,1326,299.5,0,1.0,0.0,0.0
343,1330,299.5,0,1.0,0.0,0.0
344,1334,299.5,0,1.0,0.0,0.0
345,1339,299.5,0,1.0,0.0,0.0
346,1344,299.5,0,1.0,0.0,0.0
347,1348,299.5,0,1.0,0.0,0.0
348,1353,299.5,0,1.0,0.0,0.0
349,1357,299.5,0,1.0,0.0,0.0
350,1362,293.61,0,1.0,0.0,0.0
351,1367,293.61,0,1.0,0.0,0.0
352,1371,293.61,0,1.0,0.0,0.0
353,1375,293.61,0,1.0,0.0,0.0
354,1380,293.61,0,1.0,0.0,0.0
355,1384,293.61,0,1.0,0.0,0.0
356,1388,293.61,0,1.0,0.0,0.0
357,1393,293.61,0,1.0,0.0,0.0
358,1397,293.61,0,1.0,0.0,0.0
359,1401,293.61,0,1.0,0.0,0.0
360,1406,287.72,0,1.0,0.0,0.0
361,1410,287.72,0,1.0,0.0,0.0
362,1414,287.72,0,1.0,0.0,0.0
363,1419,287.72,0,1.0,0.0,0.0
364,1423,287.72,0,1.0,0.0,0.0
365,1428,287.72,0,1.0,0.0,0.0
366,1433,287.72,0,1.0,0.0,0.0
367,1437,287.72,0,1.0,0.0,0.0
368,1441,287.72,0,1.0,0.0,0.0
369,1446,287.72,0,1.0,0.0,0.0
370,1450,281.96,0,1.0,0.0,0.0
371,1454,281.96,0,1.0,0.0,0.0
372,1460,281.96,0,1.0,0.0,0.0
373,1464,281.96,0,1.0,0.0,0.0
374,1469,281.96,0,1.0,0.0,0.0
375,1473,281.96,0,1.0,0.0,0.0
376,1477,281.96,0,1.0,0.0,0.0
377,1482,281.96,0,1.0,0.0,0.0
378,1486,281.96,0,1.0,0.0,0.0
379,1490,281.96,0,1.0,0.0,0.0
380,1495,276.07,0,1.0,0.0,0.0
381,1499,276.07,0,1.0,0.0,0.0
382,1503,276.07,0,1.0,0.0,0.0
383,1507,276.07,0,1.0,0.0,0.0
384,1511,276.07,0,1.0,0.0,0.0
385,1516,276.07,0,1.0,0.0,0.0
386,1521,276.07,0,1.0,0.0,0.0
387,1525,276.07,0,1.0,0.0,0.0
388,1529,276.07,0,1.0,0.0,0.0
389,1534,276.07,0,1.0,0.0,0.0
390,1538,270.44,0,1.0,0.0,0.0
391,1542,270.44,0,1.0,0.0,0.0
392,1547,270.44,0,1.0,0.0,0.0
393,1551,270.44,0,1.0,0.0,0.0
394,1556,270.44,0,1.0,0.0,0.0
395,1561,270.44,0,1.0,0.0,0.0
396,1565,270.44,0,1.0,0.0,0.0
397,1569,270.44,0,1.0,0.0,0.0
398,1574,270.44,0,1.0,0.0,0.0
399,1578,270.44,0,1.0,0.0,0.0
400,1583,264.68,0,1.0,0.0,0.0
401,1588,264.68,0,1.0,0.0,0.0
402,1592,264.68,0,1.0,0.0,0.0
403,1596,264.68,0,1.0,0.0,0.0
404,1601,264.68,0,1.0,0.0,0.0
405,1605,264.68,0,1.0,0.0,0.0
406,1609,264.68,0,1.0,0.0,0.0
407,1615,264.68,0,1.0,0.0,0.0
408,1619,264.68,0,1.0,0.0,0.0
409,1623,264.68,0,1.0,0.0,0.0
410,1628,258.66,0,1.0,0.0,0.0
411,1633,258.66,0,1.0,0.0,0.0
412,1638,258.66,0,1.0,0.0,0.0
413,1643,258.66,0,1.0,0.0,0.0
414,1647,258.66,0,1.0,0.0,0.0
415,1651,258.66,0,1.0,0.0,0.0
416,1657,258.66,0,1.0,0.0,0.0
417,1661,258.66,0,1.0,0.0,0.0
418,1665,258.66,0,1.0,0.0,0.0
419,1670,258.66,0,1.0,0.0,0.0
420,1674,252.64,0,1.0,0.0,0.0
421,1678,252.64,0,1.0,0.0,0.0
422,1683,252.64,0,1.0,0.0,0.0
423,1687,252.64,0,1.0,0.0,0.0
424,1692,252.64,0,1.0,0.0,0.0
425,1697,252.64,0,1.0,0.0,0.0
426,1701,252.64,0,1.0,0.0,0.0
427,1705,252.64,0,1.0,0.0,0.0
428,1710,252.64,0,1.0,0.0,0.0
429,1714,252.64,0,1.0,0.0,0.0
430,1718,246.88,0,1.0,0.0,0.0
431,1723,246.88,0,1.0,0.0,0.0
432,1727,246.88,0,1.0,0.0,0.0
433,1732,246.88,0,1.0,0.0,0.0
434,1737,246.88,0,1.0,0.0,0.0
435,1741,246.88,0,1.0,0.0,0.0
436,1745,246.88,0,1.0,0.0,0.0
437,1750,246.88,0,1.0,0.0,0.0
438,1754,246.88,0,1.0,0.0,0.0
439,1758,246.88,0,1.0,0.0,0.0
440,1764,240.99,0,1.0,0.0,0.0
441,1768,240.99,0,1.0,0.0,0.0
442,1773,240.99,0,1.0,0.0,0.0
443,1777,240.99,0,1.0,0.0,0.0
444,1781,240.99,0,1.0,0.0,0.0
445,1785,240.99,0,1.0,0.0,0.0
446,1790,240.99,0,1.0,0.0,0.0
447,1794,240.99,0,1.0,0.0,0.0
448,1798,240.99,0,1.0,0.0,0.0
449,1804,240.99,0,1.0,0.0,0.0
450,1808,235.1,0,1.0,0.0,0.0
451,1814,235.1,0,1.0,0.0,0.0
452,1819,235.1,0,1.0,0.0,0.0
453,1823,235.1,0,1.0,0.0,0.0
454,1827,235.1,0,1.0,0.0,0.0
455,1832,235.1,0,1.0,0.0,0.0
456,1836,235.1,0,1.0,0.0,0.0
457,1840,235.1,0,1.0,0.0,0.0
458,1845,235.1,0,1.0,0.0,0.0
459,1849,235.1,0,1.0,0.0,0.0
460,1853,229.21,0,1.0,0.0,0.0
461,1858,229.21,0,1.0,0.0,0.0
462,1862,229.21,0,1.0,0.0,0.0
463,1866,229.21,0,1.0,0.0,0.0
464,1871,229.21,0,1.0,0.0,0.0
465,1875,229.21,0,1.0,0.0,0.0
466,1881,229.21,0,1.0,0.0,0.0
467,1885,229.21,0,1.0,0.0,0.0
468,1889,229.21,0,1.0,0.0,0.0
469,1893,229.21,0,1.0,0.0,0.0
470,1898,223.31,0,1.0,0.0,0.0
471,1902,223.31,0,1.0,0.0,0.0
472,1907,223.31,0,1.0,0.0,0.0
473,1912,223.31,0,1.0,0.0,0.0
474,1916,223.31,0,1.0,0.0,0.0
475,1921,223.31,0,1.0,0.0,0.0
476,1925,223.31,0,1.0,0.0,0.0
477,1929,223.31,0,1.0,0.0,0.0
478,1934,223.31,0,1.0,0.0,0.0
479,1938,223.31,0,1.0,0.0,0.0
480,1942,217.56,0,1.0,0.0,0.0
481,1946,217.56,0,1.0,0.0,0.0
482,1951,217.56,0,1.0,0.0,0.0
483,1954,217.56,0,1.0,0.0,0.0
484,1959,217.56,0,1.0,0.0,0.0
485,1963,217.56,0,1.0,0.0,0.0
486,1967,217.56,0,1.0,0.0,0.0
487,1972,217.56,0,1.0,0.0,0.0
488,1977,217.56,0,1.0,0.0,0.0
489,1981,217.56,0,1.0,0.0,0.0
490,1987,211.8,0,1.0,0.0,0.0
491,1991,211.8,0,1.0,0.0,0.0
492,1995,211.8,0,1.0,0.0,0.0
493,2000,211.8,0,1.0,0.0,0.0
494,2004,211.8,0,1.0,0.0,0.0
495,2008,211.8,0,1.0,0.0,0.0
496,2013,211.8,0,1.0,0.0,0.0
497,2017,211.8,0,1.0,0.0,0.0
498,2021,211.8,0,1.0,0.0,0.0
499,2027,211.8,0,1.0,0.0,0.0
500,2031,205.91,0,1.0,0.0,0.0
501,2035,205.91,0,1.0,0.0,0.0
502,2039,205.91,0,1.0,0.0,0.0
503,2044,205.91,0,1.0,0.0,0.0
504,2048,205.91,0,1.0,0.0,0.0
505,2052,205.91,0,1.0,0.0,0.0
506,2057,205.91,0,1.0,0.0,0.0
507,2062,205.91,0,1.0,0.0,0.0
508,2067,205.91,0,1.0,0.0,0.0
509,2071,205.91,0,1.0,0.0,0.0
510,2075,200.15,0,1.0,0.0,0.0
511,2080,200.15,0,1.0,0.0,0.0
512,2083,200.15,0,1.0,0.0,0.0
513,2087,200.15,0,1.0,0.0,0.0
514,2091,200.15,0,1.0,0.0,0.0
515,2096,200.15,0,1.0,0.0,0.0
516,2101,200.15,0,1.0,0.0,0.0
517,2106,200.15,0,1.0,0.0,0.0
518,2110,200.15,0,1.0,0.0,0.0
519,2114,200.15,0,1.0,0.0,0.0
520,2119,194.39,0,1.0,0.0,0.0
521,2124,194.39,0,1.0,0.0,0.0
522,2128,194.39,0,1.0,0.0,0.0
523,2133,194.39,0,1.0,0.0,0.0
524,2138,194.39,0,1.0,0.0,0.0
525,2142,194.39,0,1.0,0.0,0.0
526,2146,194.39,0,1.0,0.0,0.0
527,2151,194.39,0,1.0,0.0,0.0
528,2155,194.39,0,1.0,0.0,0.0
529,2160,194.39,0,1.0,0.0,0.0
530,2164,188.5,0,1.0,0.0,0.0
531,2168,188.5,0,1.0,0.0,0.0
532,2173,188.5,0,1.0,0.0,0.0
533,2178,188.5,0,1.0,0.0,0.0
534,2183,188.5,0,1.0,0.0,0.0
535,2187,188.5,0,1.0,0.0,0.0
536,2192,188.5,0,1.0,0.0,0.0
537,2196,188.5,0,1.0,0.0,0.0
538,2200,188.5,0,1.0,0.0,0.0
539,2205,188.5,0,1.0,0.0,0.0
540,2211,182.61,0,1.0,0.0,0.0
541,2216,182.61,0,1.0,0.0,0.0
542,2220,182.61,0,1.0,0.0,0.0
543,2224,182.61,0,1.0,0.0,0.0
544,2230,182.61,0,1.0,0.0,0.0
545,2234,182.61,0,1.0,0.0,0.0
546,2238,182.61,0,1.0,0.0,0.0
547,2242,182.61,0,1.0,0.0,0.0
548,2247,182.61,0,1.0,0.0,0.0
549,2251,182.61,0,1.0,0.0,0.0
550,2256,176.58,0,1.0,0.0,0.0
551,2260,176.58,0,1.0,0.0,0.0
552,2264,176.58,0,1.0,0.0,0.0
553,2269,176.58,0,1.0,0.0,0.0
554,2273,176.58,0,1.0,0.0,0.0
555,2278,176.58,0,1.0,0.0,0.0
556,2283,176.58,0,1.0,0.0,0.0
557,2287,176.58,0,1.0,0.0,0.0
558,2291,176.58,0,1.0,0.0,0.0
559,2295,176.58,0,1.0,0.0,0.0
560,2300,170.69,0,1.0,0.0,0.0
561,2304,170.69,0,1.0,0.0,0.0
562,2309,170.69,0,1.0,0.0,0.0
563,2313,170.69,0,1.0,0.0,0.0
564,2317,170.69,0,1.0,0.0,0.0
565,2322,170.69,0,1.0,0.0,0.0
566,2327,170.69,0,1.0,0.0,0.0
567,2331,170.69,0,1.0,0.0,0.0
568,2336,170.69,0,1.0,0.0,0.0
569,2340,170.69,0,1.0,0.0,0.0
570,2344,164.93,0,1.0,0.0,0.0
571,2350,164.93,0,1.0,0.0,0.0
572,2354,164.93,0,1.0,0.0,0.0
573,2358,164.93,0,1.0,0.0,0.0
574,2363,164.93,0,1.0,0.0,0.0
575,2367,164.93,0,1.0,0.0,0.0
576,2371,164.93,0,1.0,0.0,0.0
577,2376,164.93,0,1.0,0.0,0.0
578,2380,164.93,0,1.0,0.0,0.0
579,2384,164.93,0,1.0,0.0,0.0
580,2389,159.04,0,1.0,0.0,0.0
581,2393,159.04,0,1.0,0.0,0.0
582,2398,159.04,0,1.0,0.0,0.0
583,2403,159.04,0,1.0,0.0,0.0
584,2407,159.04,0,1.0,0.0,0.0
585,2411,159.04,0,1.0,0.0,0.0
586,2416,159.04,0,1.0,0.0,0.0
587,2420,159.04,0,1.0,0.0,0.0
588,2425,159.04,0,1.0,0.0,0.0
589,2430,159.04,0,1.0,0.0,0.0
590,2434,153.15,0,1.0,0.0,0.0
591,2438,153.15,0,1.0,0.0,0.0
592,2443,153.15,0,1.0,0.0,0.0
593,2448,153.15,0,1.0,0.0,0.0
594,2452,153.15,0,1.0,0.0,0.0
595,2457,153.15,0,1.0,0.0,0.0
596,2461,153.15,0,1.0,0.0,0.0
597,2465,153.15,0,1.0,0.0,0.0
598,2470,153.15,0,1.0,0.0,0.0
599,2475,153.15,0,1.0,0.0,0.0
600,2479,147.26,0,1.0,0.0,0.0
601,2485,147.26,0,1.0,0.0,0.0
602,2489,147.26,0,1.0,0.0,0.0
603,2493,147.26,0,1.0,0.0,0.0
604,2499,147.26,0,1.0,0.0,0.0
605,2503,147.26,0,1.0,0.0,0.0
606,2507,147.26,0,1.0,0.0,0.0
607,2512,147.26,0,1.0,0.0,0.0
608,2516,147.26,0,1.0,0.0,0.0
609,2521,147.26,0,1.0,0.0,0.0
610,2525,141.24,0,1.0,0.0,0.0
611,2529,141.24,0,1.0,0.0,0.0
612,2533,141.24,0,1.0,0.0,0.0
613,2538,141.24,0,1.0,0.0,0.0
614,2542,141.24,0,1.0,0.0,0.0
615,2547,141.24,0,1.0,0.0,0.0
616,2552,141.24,0,1.0,0.0,0.0
617,2556,141.24,0,1.0,0.0,0.0
618,2561,141.24,0,1.0,0.0,0.0
619,2565,141.24,0,1.0,0.0,0.0
620,2569,135.48,0,1.0,0.0,0.0
621,2574,135.48,0,1.0,0.0,0.0
622,2578,135.48,0,1.0,0.0,0.0
623,2582,135.48,0,1.0,0.0,0.0
624,2586,135.48,0,1.0,0.0,0.0
625,2591,135.48,0,1.0,0.0,0.0
626,2595,135.48,0,1.0,0.0,0.0
627,2599,135.48,0,1.0,0.0,0.0
628,2605,135.48,0,1.0,0.0,0.0
629,2609,135.48,0,1.0,0.0,0.0
630,2614,129.72,0,1.0,0.0,0.0
631,2618,129.72,0,1.0,0.0,0.0
632,2622,129.72,0,1.0,0.0,0.0
633,2627,129.72,0,1.0,0.0,0.0
634,2632,129.72,0,1.0,0.0,0.0
635,2636,129.72,0,1.0,0.0,0.0
636,2640,129.72,0,1.0,0.0,0.0
637,2645,129.72,0,1.0,0.0,0.0
638,2649,129.72,0,1.0,0.0,0.0
639,2654,129.72,0,1.0,0.0,0.0
640,2658,123.83,0,1.0,0.0,0.0
641,2662,123.83,0,1.0,0.0,0.0
642,2667,123.83,0,1.0,0.0,0.0
643,2672,123.83,0,1.0,0.0,0.0
644,2676,123.83,0,1.0,0.0,0.0
645,2680,123.83,0,1.0,0.0,0.0
646,2685,123.83,0,1.0,0.0,0.0
647,2689,123.83,0,1.0,0.0,0.0
648,2694,123.83,0,1.0,0.0,0.0
649,2699,123.83,0,1.0,0.0,0.0
650,2703,117.94,0,1.0,0.0,0.0
651,2708,117.94,0,1.0,0.0,0.0
652,2712,117.94,0,1.0,0.0,0.0
653,2716,117.94,0,1.0,0.0,0.0
654,2721,117.94,0,1.0,0.0,0.0
655,2725,117.94,0,1.0,0.0,0.0
656,2730,117.94,0,1.0,0.0,0.0
657,2734,117.94,0,1.0,0.0,0.0
658,2739,117.94,0,1.0,0.0,0.0
659,2743,117.94,0,1.0,0.0,0.0
660,2747,112.05,0,1.0,0.0,0.0
661,2752,112.05,0,1.0,0.0,0.0
662,2756,112.05,0,1.0,0.0,0.0
663,2761,112.05,0,1.0,0.0,0.0
664,2765,112.05,0,1.0,0.0,0.0
665,2769,112.05,0,1.0,0.0,0.0
666,2774,112.05,0,1.0,0.0,0.0
667,2778,112.05,0,1.0,0.0,0.0
668,2782,112.05,0,1.0,0.0,0.0
669,2786,112.05,0,1.0,0.0,0.0
670,2791,106.42,0,1.0,0.0,0.0
671,2796,106.42,0,1.0,0.0,0.0
672,2801,106.42,0,1.0,0.0,0.0
673,2805,106.42,0,1.0,0.0,0.0
674,2809,106.42,0,1.0,0.0,0.0
675,2814,106.42,0,1.0,0.0,0.0
676,2818,106.42,0,1.0,0.0,0.0
677,2822,106.42,0,1.0,0.0,0.0
678,2826,106.42,0,1.0,0.0,0.0
679,2831,106.42,0,1.0,0.0,0.0
680,2835,100.66,0,1.0,0.0,0.0
681,2839,100.66,0,1.0,0.0,0.0
682,2845,100.66,0,1.0,0.0,0.0
683,2849,100.66,0,1.0,0.0,0.0
684,2854,100.66,0,1.0,0.0,0.0
685,2858,100.66,0,1.0,0.0,0.0
686,2862,100.66,0,1.0,0.0,0.0
687,2867,100.66,0,1.0,0.0,0.0
688,2871,100.66,0,1.0,0.0,0.0
689,2875,100.66,0,1.0,0.0,0.0
690,2879,94.77,0,1.0,0.0,0.0
691,2884,94.77,0,1.0,0.0,0.0
692,2888,94.77,0,1.0,0.0,0.0
693,2894,94.77,0,1.0,0.0,0.0
694,2899,94.77,0,1.0,0.0,0.0
695,2903,94.77,0,1.0,0.0,0.0
696,2908,94.77,0,1.0,0.0,0.0
697,2912,94.77,0,1.0,0.0,0.0
698,2916,94.77,0,1.0,0.0,0.0
699,2922,94.77,0,1.0,0.0,0.0
700,2926,88.75,0,1.0,0.0,0.0
701,2930,88.75,0,1.0,0.0,0.0
702,2934,88.75,0,1.0,0.0,0.0
703,2939,88.75,0,1.0,0.0,0.0
704,2944,88.75,0,1.0,0.0,0.0
705,2949,88.75,0,1.0,0.0,0.0
706,2953,88.75,0,1.0,0.0,0.0
707,2957,88.75,0,1.0,0.0,0.0
708,2962,88.75,0,1.0,0.0,0.0
709,2966,88.75,0,1.0,0.0,0.0
710,2970,82.99,0,1.0,0.0,0.0
711,2975,82.99,0,1.0,0.0,0.0
712,2980,82.99,0,1.0,0.0,0.0
713,2984,82.99,0,1.0,0.0,0.0
714,2988,82.99,0,1.0,0.0,0.0
715,2994,82.99,0,1.0,0.0,0.0
716,2998,82.99,0,1.0,0.0,0.0
717,3003,82.99,0,1.0,0.0,0.0
718,3007,82.99,0,1.0,0.0,0.0
719,3011,82.99,0,1.0,0.0,0.0
720,3015,76.97,0,1.0,0.0,0.0
721,3020,76.97,0,1.0,0.0,0.0
722,3024,76.97,0,1.0,0.0,0.0
723,3029,76.97,0,1.0,0.0,0.0
724,3034,76.97,0,1.0,0.0,0.0
725,3038,76.97,0,1.0,0.0,0.0
726,3041,76.97,0,1.0,0.0,0.0
727,3046,76.97,0,1.0,0.0,0.0
728,3050,76.97,0,1.0,0.0,0.0
729,3054,76.97,0,1.0,0.0,0.0
730,3059,71.34,0,1.0,0.0,0.0
731,3063,71.34,0,1.0,0.0,0.0
732,3068,71.34,0,1.0,0.0,0.0
733,3073,71.34,0,1.0,0.0,0.0
734,3077,71.34,0,1.0,0.0,0.0
735,3081,71.34,0,1.0,0.0,0.0
736,3086,71.34,0,1.0,0.0,0.0
737,3092,71.34,0,1.0,0.0,0.0
738,3096,71.34,0,1.0,0.0,0.0
739,3101,71.34,0,1.0,0.0,0.0
740,3105,65.32,0,1.0,0.0,0.0
741,3109,65.32,0,1.0,0.0,0.0
742,3114,65.32,0,1.0,0.0,0.0
743,3119,65.32,0,1.0,0.0,0.0
744,3123,65.32,0,1.0,0.0,0.0
745,3129,65.32,0,1.0,0.0,0.0
746,3133,65.32,0,1.0,0.0,0.0
747,3137,65.32,0,1.0,0.0,0.0
748,3142,65.32,0,1.0,0.0,0.0
749,3146,65.32,0,1.0,0.0,0.0
750,3150,59.43,0,1.0,0.0,0.0
751,3155,59.43,0,1.0,0.0,0.0
752,3159,59.43,0,1.0,0.0,0.0
753,3163,59.43,0,1.0,0.0,0.0
754,3168,59.43,0,1.0,0.0,0.0
755,3172,59.43,0,1.0,0.0,0.0
756,3177,59.43,0,1.0,0.0,0.0
757,3182,59.43,0,1.0,0.0,0.0
758,3186,59.43,0,1.0,0.0,0.0
759,3190,59.43,0,1.0,0.0,0.0
760,3195,53.54,0,1.0,0.0,0.0
761,3199,53.54,0,1.0,0.0,0.0
762,3203,53.54,0,1.0,0.0,0.0
763,3208,53.54,0,1.0,0.0,0.0
764,3212,53.54,0,1.0,0.0,0.0
765,3217,53.54,0,1.0,0.0,0.0
766,3222,53.54,0,1.0,0.0,0.0
767,3227,53.54,0,1.0,0.0,0.0
768,3231,53.54,0,1.0,0.0,0.0
769,3236,53.54,0,1.0,0.0,0.0
770,3240,47.65,0,1.0,0.0,0.0
771,3244,47.65,0,1.0,0.0,0.0
772,3249,47.65,0,1.0,0.0,0.0
773,3253,47.65,0,1.0,0.0,0.0
774,3257,47.65,0,1.0,0.0,0.0
775,3262,47.65,0,1.0,0.0,0.0
776,3266,47.65,0,1.0,0.0,0.0
777,3270,47.65,0,1.0,0.0,0.0
778,3275,47.65,0,1.0,0.0,0.0
779,3279,47.65,0,1.0,0.0,0.0
780,3283,42.02,0,1.0,0.0,0.0
781,3288,42.02,0,1.0,0.0,0.0
782,3293,42.02,0,1.0,0.0,0.0
783,3297,42.02,0,1.0,0.0,0.0
784,3302,42.02,0,1.0,0.0,0.0
785,3306,42.02,0,1.0,0.0,0.0
786,3310,42.02,0,1.0,0.0,0.0
787,3315,42.02,0,1.0,0.0,0.0
788,3319,42.02,0,1.0,0.0,0.0
789,3324,42.02,0,1.0,0.0,0.0
790,3329,36.0,0,1.0,0.0,0.0
791,3333,36.0,0,1.0,0.0,0.0
792,3337,36.0,0,1.0,0.0,0.0
793,3342,36.0,0,1.0,0.0,0.0
794,3347,36.0,0,1.0,0.0,0.0
795,3351,36.0,0,1.0,0.0,0.0
796,3356,36.0,0,1.0,0.0,0.0
797,3360,36.0,0,1.0,0.0,0.0
798,3364,36.0,0,1.0,0.0,0.0
799,3369,36.0,0,1.0,0.0,0.0
800,3374,30.24,0,1.0,0.0,0.0
801,3378,30.24,0,1.0,0.0,0.0
802,3382,30.24,0,1.0,0.0,0.0
803,3387,30.24,0,1.0,0.0,0.0
804,3391,30.24,0,1.0,0.0,0.0
805,3396,30.24,0,1.0,0.0,0.0
806,3400,30.24,0,1.0,0.0,0.0
807,3404,30.24,0,1.0,0.0,0.0
808,3409,30.24,0,1.0,0.0,0.0
809,3414,30.24,0,1.0,0.0,0.0
810,3418,24.35,0,1.0,0.0,0.0
811,3422,24.35,0,1.0,0.0,0.0
812,3427,24.35,0,1.0,0.0,0.0
813,3431,24.35,0,1.0,0.0,0.0
814,3435,24.35,0,1.0,0.0,0.0
815,3440,24.35,0,1.0,0.0,0.0
816,3444,24.35,0,1.0,0.0,0.0
817,3450,24.35,0,1.0,0.0,0.0
818,3454,24.35,0,1.0,0.0,0.0
819,3458,24.35,0,1.0,0.0,0.0
820,3462,18.46,0,1.0,0.0,0.0
821,3467,18.46,0,1.0,0.0,0.0
822,3473,18.46,0,1.0,0.0,0.0
823,3477,18.46,0,1.0,0.0,0.0
824,3482,18.46,0,1.0,0.0,0.0
825,3486,18.46,0,1.0,0.0,0.0
826,3489,18.46,0,1.0,0.0,0.0
827,3494,18.46,0,1.0,0.0,0.0
828,3498,18.46,0,1.0,0.0,0.0
829,3503,18.46,0,1.0,0.0,0.0
830,3507,12.7,0,1.0,0.0,0.0
831,3511,12.7,0,1.0,0.0,0.0
832,3515,12.7,0,1.0,0.0,0.0
833,3521,12.7,0,1.0,0.0,0.0
834,3525,12.7,0,1.0,0.0,0.0
835,3529,12.7,0,1.0,0.0,0.0
836,3534,12.7,0,1.0,0.0,0.0
837,3537,12.7,0,1.0,0.0,0.0
838,3541,12.7,0,1.0,0.0,0.0
839,3546,12.7,0,1.0,0.0,0.0
840,3550,7.07,0,1.0,0.0,0.0
841,3554,7.07,0,1.0,0.0,0.0
842,3559,7.07,0,1.0,0.0,0.0
843,3563,7.07,0,1.0,0.0,0.0
844,3567,7.07,0,1.0,0.0,0.0
845,3571,7.07,0,1.0,0.0,0.0
846,3575,7.07,0,1.0,0.0,0.0
847,3579,7.07,0,1.0,0.0,0.0
848,3583,7.07,0,1.0,0.0,0.0
849,3587,7.07,0,1.0,0.0,0.0
850,3591,1.7,0,1.0,0.0,0.0
851,3595,1.7,0,1.0,0.0,0.0
852,3599,1.7,0,1.0,0.0,0.0
853,3603,1.7,0,1.0,0.0,0.0
854,3606,1.7,0,1.0,0.0,0.0
855,3610,1.7,0,1.0,0.0,0.0
856,3613,1.7,0,1.0,0.0,0.0
857,3616,1.7,0,1.0,0.0,0.0
858,3620,1.7,0,1.0,0.0,0.0
859,3623,1.7,0,1.0,0.0,0.0
860,3626,-3.01,0,1.0,0.0,0.0
861,3629,-3.01,0,1.0,0.0,0.0
862,3632,-3.01,0,1.0,0.0,0.0
863,3635,-3.01,0,1.0,0.0,0.0
864,3638,-3.01,0,1.0,0.0,0.0
865,3640,-3.01,0,1.0,0.0,0.0
866,3643,-3.01,0,1.0,0.0,0.0
867,3645,-3.01,0,1.0,0.0,0.0
868,3647,-3.01,0,1.0,0.0,0.0
869,3649,-3.01,0,1.0,0.0,0.0
870,3651,-6.54,0,1.0,0.0,0.0
871,3653,-6.54,0,1.0,0.0,0.0
872,3655,-6.54,0,1.0,0.0,0.0
873,3657,-6.54,0,1.0,0.0,0.0
874,3658,-6.54,0,1.0,0.0,0.0
875,3660,-6.54,0,1.0,0.0,0.0
876,3661,-6.54,0,1.0,0.0,0.0
877,3662,-6.54,0,1.0,0.0,0.0
878,3663,-6.54,0,1.0,0.0,0.0
879,3664,-6.54,0,1.0,0.0,0.0
880,3665,-8.38,0,1.0,0.0,0.0
881,3665,-8.38,0,1.0,0.0,0.0
882,3666,-8.38,0,1.0,0.0,0.0
883,3666,-8.38,0,1.0,0.0,0.0
884,3667,-8.38,0,1.0,0.0,0.0
885,3667,-8.38,0,1.0,0.0,0.0
886,3667,-8.38,0,1.0,0.0,0.0
887,3667,-8.38,0,1.0,0.0,0.0
888,3667,-8.38,0,1.0,0.0,0.0
889,3666,-8.38,0,1.0,0.0,0.0
890,3666,-8.64,0,1.0,0.0,0.0
891,3665,-8.64,0,1.0,0.0,0.0
892,3664,-8.64,0,1.0,0.0,0.0
893,3664,-8.64,0,1.0,0.0,0.0
894,3663,-8.64,0,1.0,0.0,0.0
895,3662,-8.64,0,1.0,0.0,0.0
896,3661,-8.64,0,1.0,0.0,0.0
897,3660,-8.64,0,1.0,0.0,0.0
898,3659,-8.64,0,1.0,0.0,0.0
899,3658,-8.64,0,1.0,0.0,0.0
900,3656,-7.59,0,1.0,0.0,0.0
901,3655,-7.59,0,1.0,0.0,0.0
902,3654,-7.59,0,1.0,0.0,0.0
903,3652,-7.59,0,1.0,0.0,0.0
904,3651,-7.59,0,1.0,0.0,0.0
905,3649,-7.59,0,1.0,0.0,0.0
906,3648,-7.59,0,1.0,0.0,0.0
907,3646,-7.59,0,1.0,0.0,0.0
908,3644,-7.59,0,1.0,0.0,0.0
909,3643,-7.59,0,1.0,0.0,0.0
910,3641,-5.63,0,1.0,0.0,0.0
911,3639,-5.63,0,1.0,0.0,0.0
912,3638,-5.63,0,1.0,0.0,0.0
913,3636,-5.63,0,1.0,0.0,0.0
914,3634,-5.63,0,1.0,0.0,0.0
915,3632,-5.63,0,1.0,0.0,0.0
916,3630,-5.63,0,1.0,0.0,0.0
917,3628,-5.63,0,1.0,0.0,0.0
918,3627,-5.63,0,1.0,0.0,0.0
919,3625,-5.63,0,1.0,0.0,0.0
920,3623,-3.27,0,1.0,0.0,0.0
921,3621,-3.27,0,1.0,0.0,0.0
922,3619,-3.27,0,1.0,0.0,0.0
923,3618,-3.27,0,1.0,0.0,0.0
924,3616,-3.27,0,1.0,0.0,0.0
925,3614,-3.27,0,1.0,0.0,0.0
926,3613,-3.27,0,1.0,0.0,0.0
927,3611,-3.27,0,1.0,0.0,0.0
928,3609,-3.27,0,1.0,0.0,0.0
929,3607,-3.27,0,1.0,0.0,0.0
930,3606,-0.92,0,1.0,0.0,0.0
931,3604,-0.92,0,1.0,0.0,0.0
932,3603,-0.92,0,1.0,0.0,0.0
933,3601,-0.92,0,1.0,0.0,0.0
934,3600,-0.92,0,1.0,0.0,0.0
935,3598,-0.92,0,1.0,0.0,0.0
936,3597,-0.92,0,1.0,0.0,0.0
937,3595,-0.92,0,1.0,0.0,0.0
938,3594,-0.92,0,1.0,0.0,0.0
939,3593,-0.92,0,1.0,0.0,0.0
940,3592,0.92,0,1.0,0.0,0.0
941,3590,0.92,0,1.0,0.0,0.0
942,3589,0.92,0,1.0,0.0,0.0
943,3588,0.92,0,1.0,0.0,0.0
944,3587,0.92,0,1.0,0.0,0.0
945,3586,0.92,0,1.0,0.0,0.0
946,3585,0.92,0,1.0,0.0,0.0
947,3584,0.92,0,1.0,0.0,0.0
948,3583,0.92,0,1.0,0.0,0.0
949,3583,0.92,0,1.0,0.0,0.0
950,3582,2.23,0,1.0,0.0,0.0
951,3581,2.23,0,1.0,0.0,0.0
952,3580,2.23,0,1.0,0.0,0.0
953,3580,2.23,0,1.0,0.0,0.0
954,3579,2.23,0,1.0,0.0,0.0
955,3579,2.23,0,1.0,0.0,0.0
956,3578,2.23,0,1.0,0.0,0.0
957,3578,2.23,0,1.0,0.0,0.0
958,3578,2.23,0,1.0,0.0,0.0
959,3577,2.23,0,1.0,0.0,0.0
960,3577,3.01,0,1.0,0.0,0.0
961,3577,3.01,0,1.0,0.0,0.0
962,3577,3.01,0,1.0,0.0,0.0
963,3577,3.01,0,1.0,0.0,0.0
964,3577,3.01,0,1.0,0.0,0.0
965,3577,3.01,0,1.0,0.0,0.0
966,3577,3.01,0,1.0,0.0,0.0
967,3577,3.01,0,1.0,0.0,0.0
968,3577,3.01,0,1.0,0.0,0.0
969,3577,3.01,0,1.0,0.0,0.0
970,3577,3.01,0,1.0,0.0,0.0
971,3578,3.01,0,1.0,0.0,0.0
972,3578,3.01,0,1.0,0.0,0.0
973,3578,3.01,0,1.0,0.0,0.0
974,3578,3.01,0,1.0,0.0,0.0
975,3579,3.01,0,1.0,0.0,0.0
976,3579,3.01,0,1.0,0.0,0.0
977,3579,3.01,0,1.0,0.0,0.0
978,3580,3.01,0,1.0,0.0,0.0
979,3580,3.01,0,1.0,0.0,0.0
980,3581,2.62,0,1.0,0.0,0.0
981,3581,2.62,0,1.0,0.0,0.0
982,3582,2.62,0,1.0,0.0,0.0
983,3583,2.62,0,1.0,0.0,0.0
984,3583,2.62,0,1.0,0.0,0.0
985,3584,2.62,0,1.0,0.0,0.0
986,3584,2.62,0,1.0,0.0,0.0
987,3585,2.62,0,1.0,0.0,0.0
988,3585,2.62,0,1.0,0.0,0.0
989,3586,2.62,0,1.0,0.0,0.0
990,3587,1.83,0,1.0,0.0,0.0
991,3587,1.83,0,1.0,0.0,0.0
992,3588,1.83,0,1.0,0.0,0.0
993,3588,1.83,0,1.0,0.0,0.0
994,3589,1.83,0,1.0,0.0,0.0
995,3590,1.83,0,1.0,0.0,0.0
996,3590,1.83,0,1.0,0.0,0.0
997,3591,1.83,0,1.0,0.0,0.0
998,3592,1.83,0,1.0,0.0,0.0
999,3592,1.83,0,1.0,0.0,0.0
1000,3593,1.05,0,1.0,0.0,0.0
1001,3593,1.05,0,1.0,0.0,0.0
1002,3594,1.05,0,1.0,0.0,0.0
1003,3595,1.05,0,1.0,0.0,0.0
1004,3595,1.05,0,1.0,0.0,0.0
1005,3596,1.05,0,1.0,0.0,0.0
1006,3596,1.05,0,1.0,0.0,0.0
1007,3597,1.05,0,1.0,0.0,0.0
1008,3597,1.05,0,1.0,0.0,0.0
1009,3598,1.05,0,1.0,0.0,0.0
1010,3598,0.26,0,1.0,0.0,0.0
1011,3599,0.26,0,1.0,0.0,0.0
1012,3599,0.26,0,1.0,0.0,0.0
1013,3600,0.26,0,1.0,0.0,0.0
1014,3600,0.26,0,1.0,0.0,0.0
1015,3601,0.26,0,1.0,0.0,0.0
1016,3601,0.26,0,1.0,0.0,0.0
1017,3602,0.26,0,1.0,0.0,0.0
1018,3602,0.26,0,1.0,0.0,0.0
1019,3602,0.26,0,1.0,0.0,0.0
1020,3603,-0.26,0,1.0,0.0,0.0
1021,3603,-0.26,0,1.0,0.0,0.0
1022,3603,-0.26,0,1.0,0.0,0.0
1023,3604,-0.26,0,1.0,0.0,0.0
1024,3604,-0.26,0,1.0,0.0,0.0
1025,3604,-0.26,0,1.0,0.0,0.0
1026,3604,-0.26,0,1.0,0.0,0.0
1027,3605,-0.26,0,1.0,0.0,0.0
1028,3605,-0.26,0,1.0,0.0,0.0
1029,3605,-0.26,0,1.0,0.0,0.0
1030,3605,-0.65,0,1.0,0.0,0.0
1031,3605,-0.65,0,1.0,0.0,0.0
1032,3605,-0.65,0,1.0,0.0,0.0
1033,3606,-0.65,0,1.0,0.0,0.0
1034,3606,-0.65,0,1.0,0.0,0.0
1035,3606,-0.65,0,1.0,0.0,0.0
1036,3606,-0.65,0,1.0,0.0,0.0
1037,3606,-0.65,0,1.0,0.0,0.0
1038,3606,-0.65,0,1.0,0.0,0.0
1039,3606,-0.65,0,1.0,0.0,0.0
1040,3606,-0.79,0,1.0,0.0,0.0
1041,3606,-0.79,0,1.0,0.0,0.0
1042,3606,-0.79,0,1.0,0.0,0.0
1043,3606,-0.79,0,1.0,0.0,0.0
1044,3606,-0.79,0,1.0,0.0,0.0
1045,3606,-0.79,0,1.0,0.0,0.0
1046,3606,-0.79,0,1.0,0.0,0.0
1047,3606,-0.79,0,1.0,0.0,0.0
1048,3606,-0.79,0,1.0,0.0,0.0
1049,3606,-0.79,0,1.0,0.0,0.0
1050,3606,-0.79,0,1.0,0.0,0.0
1051,3606,-0.79,0,1.0,0.0,0.0
1052,3606,-0.79,0,1.0,0.0,0.0
1053,3606,-0.79,0,1.0,0.0,0.0
1054,3606,-0.79,0,1.0,0.0,0.0
1055,3606,-0.79,0,1.0,0.0,0.0
1056,3606,-0.79,0,1.0,0.0,0.0
1057,3606,-0.79,0,1.0,0.0,0.0
1058,3606,-0.79,0,1.0,0.0,0.0
1059,3606,-0.79,0,1.0,0.0,0.0
1060,3606,-0.79,0,1.0,0.0,0.0
1061,3606,-0.79,0,1.0,0.0,0.0
1062,3606,-0.79,0,1.0,0.0,0.0
1063,3606,-0.79,0,1.0,0.0,0.0
1064,3606,-0.79,0,1.0,0.0,0.0
1065,3606,-0.79,0,1.0,0.0,0.0
1066,3606,-0.79,0,1.0,0.0,0.0
1067,3606,-0.79,0,1.0,0.0,0.0
1068,3606,-0.79,0,1.0,0.0,0.0
1069,3606,-0.79,0,1.0,0.0,0.0
1070,3606,-0.79,0,1.0,0.0,0.0
1071,3606,-0.79,0,1.0,0.0,0.0
1072,3606,-0.79,0,1.0,0.0,0.0
1073,3606,-0.79,0,1.0,0.0,0.0
1074,3605,-0.79,0,1.0,0.0,0.0
1075,3605,-0.79,0,1.0,0.0,0.0
1076,3605,-0.79,0,1.0,0.0,0.0
1077,3605,-0.79,0,1.0,0.0,0.0
1078,3605,-0.79,0,1.0,0.0,0.0
1079,3605,-0.79,0,1.0,0.0,0.0
1080,3605,-0.65,0,1.0,0.0,0.0
1081,3605,-0.65,0,1.0,0.0,0.0
1082,3605,-0.65,0,1.0,0.0,0.0
1083,3605,-0.65,0,1.0,0.0,0.0
1084,3605,-0.65,0,1.0,0.0,0.0
1085,3605,-0.65,0,1.0,0.0,0.0
1086,3605,-0.65,0,1.0,0.0,0.0
1087,3605,-0.65,0,1.0,0.0,0.0
1088,3605,-0.65,0,1.0,0.0,0.0
1089,3604,-0.65,0,1.0,0.0,0.0
1090,3604,-0.52,0,1.0,0.0,0.0
1091,3604,-0.52,0,1.0,0.0,0.0
1092,3604,-0.52,0,1.0,0.0,0.0
1093,3604,-0.52,0,1.0,0.0,0.0
1094,3604,-0.52,0,1.0,0.0,0.0
1095,3604,-0.52,0,1.0,0.0,0.0
1096,3604,-0.52,0,1.0,0.0,0.0
1097,3604,-0.52,0,1.0,0.0,0.0
1098,3604,-0.52,0,1.0,0.0,0.0
1099,3604,-0.52,0,1.0,0.0,0.0
1100,3604,-0.52,0,1.0,0.0,0.0
1101,3604,-0.52,0,1.0,0.0,0.0
1102,3604,-0.52,0,1.0,0.0,0.0
1103,3604,-0.52,0,1.0,0.0,0.0
1104,3603,-0.52,0,1.0,0.0,0.0
1105,3603,-0.52,0,1.0,0.0,0.0
1106,3603,-0.52,0,1.0,0.0,0.0
1107,3603,-0.52,0,1.0,0.0,0.0
1108,3603,-0.52,0,1.0,0.0,0.0
1109,3603,-0.52,0,1.0,0.0,0.0
1110,3603,-0.39,0,1.0,0.0,0.0
1111,3603,-0.39,0,1.0,0.0,0.0
1112,3603,-0.39,0,1.0,0.0,0.0
1113,3603,-0.39,0,1.0,0.0,0.0
1114,3603,-0.39,0,1.0,0.0,0.0
1115,3603,-0.39,0,1.0,0.0,0.0
1116,3603,-0.39,0,1.0,0.0,0.0
1117,3603,-0.39,0,1.0,0.0,0.0
1118,3603,-0.39,0,1.0,0.0,0.0
1119,3602,-0.39,0,1.0,0.0,0.0
1120,3602,-0.26,0,1.0,0.0,0.0
1121,3602,-0.26,0,1.0,0.0,0.0
1122,3602,-0.26,0,1.0,0.0,0.0
1123,3602,-0.26,0,1.0,0.0,0.0
1124,3602,-0.26,0,1.0,0.0,0.0
1125,3602,-0.26,0,1.0,0.0,0.0
1126,3602,-0.26,0,1.0,0.0,0.0
1127,3602,-0.26,0,1.0,0.0,0.0
1128,3602,-0.26,0,1.0,0.0,0.0
1129,3602,-0.26,0,1.0,0.0,0.0
1130,3602,-0.26,0,1.0,0.0,0.0
1131,3602,-0.26,0,1.0,0.0,0.0
1132,3602,-0.26,0,1.0,0.0,0.0
1133,3602,-0.26,0,1.0,0.0,0.0
1134,3602,-0.26,0,1.0,0.0,0.0
1135,3602,-0.26,0,1.0,0.0,0.0
1136,3602,-0.26,0,1.0,0.0,0.0
1137,3602,-0.26,0,1.0,0.0,0.0
1138,3602,-0.26,0,1.0,0.0,0.0
1139,3602,-0.26,0,1.0,0.0,0.0
1140,3602,-0.26,0,1.0,0.0,0.0
1141,3602,-0.26,0,1.0,0.0,0.0
1142,3602,-0.26,0,1.0,0.0,0.0
1143,3602,-0.26,0,1.0,0.0,0.0
1144,3602,-0.26,0,1.0,0.0,0.0
1145,3602,-0.26,0,1.0,0.0,0.0
1146,3602,-0.26,0,1.0,0.0,0.0
1147,3602,-0.26,0,1.0,0.0,0.0
1148,3602,-0.26,0,1.0,0.0,0.0
1149,3602,-0.26,0,1.0,0.0,0.0
1150,3602,-0.26,0,1.0,0.0,0.0
1151,3602,-0.26,0,1.0,0.0,0.0
1152,3602,-0.26,0,1.0,0.0,0.0
1153,3602,-0.26,0,1.0,0.0,0.0
1154,3601,-0.26,0,1.0,0.0,0.0
1155,3601,-0.26,0,1.0,0.0,0.0
1156,3601,-0.26,0,1.0,0.0,0.0
1157,3601,-0.26,0,1.0,0.0,0.0
1158,3601,-0.26,0,1.0,0.0,0.0
1159,3601,-0.26,0,1.0,0.0,0.0
