TIME,PULSES,CONTROLLERVOLTAGE,CONTROLLER,KP,TAUD,TAUI 
0,0,0.0,0,2.0,0.0,0.0
1,0,0.0,0,2.0,0.0,0.0
2,0,0.0,0,2.0,0.0,0.0
3,0,0.0,0,2.0,0.0,0.0
4,0,0.0,0,2.0,0.0,0.0
5,0,0.0,0,2.0,0.0,0.0
6,0,0.0,0,2.0,0.0,0.0
7,0,0.0,0,2.0,0.0,0.0
8,0,0.0,0,2.0,0.0,0.0
9,0,0.0,0,2.0,0.0,0.0
10,0,942.48,0,2.0,0.0,0.0
11,0,942.48,0,2.0,0.0,0.0
12,0,942.48,0,2.0,0.0,0.0
13,1,942.48,0,2.0,0.0,0.0
14,1,942.48,0,2.0,0.0,0.0
15,2,942.48,0,2.0,0.0,0.0
16,3,942.48,0,2.0,0.0,0.0
17,4,942.48,0,2.0,0.0,0.0
18,4,942.48,0,2.0,0.0,0.0
19,6,942.48,0,2.0,0.0,0.0
20,7,940.91,0,2.0,0.0,0.0
21,8,940.91,0,2.0,0.0,0.0
22,9,940.91,0,2.0,0.0,0.0
23,11,940.91,0,2.0,0.0,0.0
24,13,940.91,0,2.0,0.0,0.0
25,14,940.91,0,2.0,0.0,0.0
26,16,940.91,0,2.0,0.0,0.0
27,18,940.91,0,2.0,0.0,0.0
28,20,940.91,0,2.0,0.0,0.0
29,22,940.91,0,2.0,0.0,0.0
30,24,936.72,0,2.0,0.0,0.0
31,26,936.72,0,2.0,0.0,0.0
32,28,936.72,0,2.0,0.0,0.0
33,31,936.72,0,2.0,0.0,0.0
34,33,936.72,0,2.0,0.0,0.0
35,35,936.72,0,2.0,0.0,0.0
36,38,936.72,0,2.0,0.0,0.0
37,40,936.72,0,2.0,0.0,0.0
38,43,936.72,0,2.0,0.0,0.0
39,46,936.72,0,2.0,0.0,0.0
40,48,930.44,0,2.0,0.0,0.0
41,51,930.44,0,2.0,0.0,0.0
42,54,930.44,0,2.0,0.0,0.0
43,57,930.44,0,2.0,0.0,0.0
44,60,930.44,0,2.0,0.0,0.0
45,63,930.44,0,2.0,0.0,0.0
46,66,930.44,0,2.0,0.0,0.0
47,69,930.44,0,2.0,0.0,0.0
48,72,930.44,0,2.0,0.0,0.0
49,75,930.44,0,2.0,0.0,0.0
50,78,922.84,0,2.0,0.0,0.0
51,81,922.84,0,2.0,0.0,0.0
52,85,922.84,0,2.0,0.0,0.0
53,88,922.84,0,2.0,0.0,0.0
54,91,922.84,0,2.0,0.0,0.0
55,95,922.84,0,2.0,0.0,0.0
56,98,922.84,0,2.0,0.0,0.0
57,101,922.84,0,2.0,0.0,0.0
58,105,922.84,0,2.0,0.0,0.0
59,108,922.84,0,2.0,0.0,0.0
60,112,913.94,0,2.0,0.0,0.0
61,115,913.94,0,2.0,0.0,0.0
62,119,913.94,0,2.0,0.0,0.0
63,122,913.94,0,2.0,0.0,0.0
64,126,913.94,0,2.0,0.0,0.0
65,130,913.94,0,2.0,0.0,0.0
66,133,913.94,0,2.0,0.0,0.0
67,137,913.94,0,2.0,0.0,0.0
68,141,913.94,0,2.0,0.0,0.0
69,144,913.94,0,2.0,0.0,0.0
70,147,904.52,0,2.0,0.0,0.0
71,151,904.52,0,2.0,0.0,0.0
72,155,904.52,0,2.0,0.0,0.0
73,159,904.52,0,2.0,0.0,0.0
74,162,904.52,0,2.0,0.0,0.0
75,166,904.52,0,2.0,0.0,0.0
76,170,904.52,0,2.0,0.0,0.0
77,174,904.52,0,2.0,0.0,0.0
78,178,904.52,0,2.0,0.0,0.0
79,181,904.52,0,2.0,0.0,0.0
80,184,895.09,0,2.0,0.0,0.0
81,188,895.09,0,2.0,0.0,0.0
82,192,895.09,0,2.0,0.0,0.0
83,196,895.09,0,2.0,0.0,0.0
84,200,895.09,0,2.0,0.0,0.0
85,206,895.09,0,2.0,0.0,0.0
86,210,895.09,0,2.0,0.0,0.0
87,214,895.09,0,2.0,0.0,0.0
88,218,895.09,0,2.0,0.0,0.0
89,223,895.09,0,2.0,0.0,0.0
90,227,883.83,0,2.0,0.0,0.0
91,231,883.83,0,2.0,0.0,0.0
92,235,883.83,0,2.0,0.0,0.0
93,239,883.83,0,2.0,0.0,0.0
94,244,883.83,0,2.0,0.0,0.0
95,249,883.83,0,2.0,0.0,0.0
96,254,883.83,0,2.0,0.0,0.0
97,259,883.83,0,2.0,0.0,0.0
98,263,883.83,0,2.0,0.0,0.0
99,267,883.83,0,2.0,0.0,0.0
100,271,872.58,0,2.0,0.0,0.0
101,276,872.58,0,2.0,0.0,0.0
102,281,872.58,0,2.0,0.0,0.0
103,285,872.58,0,2.0,0.0,0.0
104,290,872.58,0,2.0,0.0,0.0
105,294,872.58,0,2.0,0.0,0.0
106,298,872.58,0,2.0,0.0,0.0
107,302,872.58,0,2.0,0.0,0.0
108,306,872.58,0,2.0,0.0,0.0
109,310,872.58,0,2.0,0.0,0.0
110,315,861.06,0,2.0,0.0,0.0
111,319,861.06,0,2.0,0.0,0.0
112,323,861.06,0,2.0,0.0,0.0
113,327,861.06,0,2.0,0.0,0.0
114,332,861.06,0,2.0,0.0,0.0
115,336,861.06,0,2.0,0.0,0.0
116,341,861.06,0,2.0,0.0,0.0
117,345,861.06,0,2.0,0.0,0.0
118,350,861.06,0,2.0,0.0,0.0
119,354,861.06,0,2.0,0.0,0.0
120,359,849.54,0,2.0,0.0,0.0
121,363,849.54,0,2.0,0.0,0.0
122,367,849.54,0,2.0,0.0,0.0
123,371,849.54,0,2.0,0.0,0.0
124,375,849.54,0,2.0,0.0,0.0
125,380,849.54,0,2.0,0.0,0.0
126,384,849.54,0,2.0,0.0,0.0
127,389,849.54,0,2.0,0.0,0.0
128,393,849.54,0,2.0,0.0,0.0
129,399,849.54,0,2.0,0.0,0.0
130,403,838.02,0,2.0,0.0,0.0
131,407,838.02,0,2.0,0.0,0.0
132,411,838.02,0,2.0,0.0,0.0
133,416,838.02,0,2.0,0.0,0.0
134,420,838.02,0,2.0,0.0,0.0
135,425,838.02,0,2.0,0.0,0.0
136,429,838.02,0,2.0,0.0,0.0
137,434,838.02,0,2.0,0.0,0.0
138,438,838.02,0,2.0,0.0,0.0
139,442,838.02,0,2.0,0.0,0.0
140,445,826.76,0,2.0,0.0,0.0
141,450,826.76,0,2.0,0.0,0.0
142,455,826.76,0,2.0,0.0,0.0
143,459,826.76,0,2.0,0.0,0.0
144,464,826.76,0,2.0,0.0,0.0
145,468,826.76,0,2.0,0.0,0.0
146,473,826.76,0,2.0,0.0,0.0
147,477,826.76,0,2.0,0.0,0.0
148,482,826.76,0,2.0,0.0,0.0
149,486,826.76,0,2.0,0.0,0.0
150,490,815.24,0,2.0,0.0,0.0
151,495,815.24,0,2.0,0.0,0.0
152,499,815.24,0,2.0,0.0,0.0
153,503,815.24,0,2.0,0.0,0.0
154,507,815.24,0,2.0,0.0,0.0
155,512,815.24,0,2.0,0.0,0.0
156,516,815.24,0,2.0,0.0,0.0
157,521,815.24,0,2.0,0.0,0.0
158,526,815.24,0,2.0,0.0,0.0
159,530,815.24,0,2.0,0.0,0.0
160,534,803.72,0,2.0,0.0,0.0
161,538,803.72,0,2.0,0.0,0.0
162,543,803.72,0,2.0,0.0,0.0
163,547,803.72,0,2.0,0.0,0.0
164,551,803.72,0,2.0,0.0,0.0
165,556,803.72,0,2.0,0.0,0.0
166,560,803.72,0,2.0,0.0,0.0
167,564,803.72,0,2.0,0.0,0.0
168,568,803.72,0,2.0,0.0,0.0
169,573,803.72,0,2.0,0.0,0.0
170,578,792.47,0,2.0,0.0,0.0
171,582,792.47,0,2.0,0.0,0.0
172,588,792.47,0,2.0,0.0,0.0
173,592,792.47,0,2.0,0.0,0.0
174,597,792.47,0,2.0,0.0,0.0
175,602,792.47,0,2.0,0.0,0.0
176,607,792.47,0,2.0,0.0,0.0
177,611,792.47,0,2.0,0.0,0.0
178,616,792.47,0,2.0,0.0,0.0
179,620,792.47,0,2.0,0.0,0.0
180,624,780.16,0,2.0,0.0,0.0
181,629,780.16,0,2.0,0.0,0.0
182,634,780.16,0,2.0,0.0,0.0
183,638,780.16,0,2.0,0.0,0.0
184,642,780.16,0,2.0,0.0,0.0
185,647,780.16,0,2.0,0.0,0.0
186,651,780.16,0,2.0,0.0,0.0
187,656,780.16,0,2.0,0.0,0.0
188,661,780.16,0,2.0,0.0,0.0
189,665,780.16,0,2.0,0.0,0.0
190,669,768.38,0,2.0,0.0,0.0
191,675,768.38,0,2.0,0.0,0.0
192,679,768.38,0,2.0,0.0,0.0
193,684,768.38,0,2.0,0.0,0.0
194,688,768.38,0,2.0,0.0,0.0
195,693,768.38,0,2.0,0.0,0.0
196,697,768.38,0,2.0,0.0,0.0
197,702,768.38,0,2.0,0.0,0.0
198,707,768.38,0,2.0,0.0,0.0
199,711,768.38,0,2.0,0.0,0.0
200,716,756.08,0,2.0,0.0,0.0
201,720,756.08,0,2.0,0.0,0.0
202,724,756.08,0,2.0,0.0,0.0
203,728,756.08,0,2.0,0.0,0.0
204,733,756.08,0,2.0,0.0,0.0
205,737,756.08,0,2.0,0.0,0.0
206,742,756.08,0,2.0,0.0,0.0
207,748,756.08,0,2.0,0.0,0.0
208,752,756.08,0,2.0,0.0,0.0
209,757,756.08,0,2.0,0.0,0.0
210,762,744.03,0,2.0,0.0,0.0
211,766,744.03,0,2.0,0.0,0.0
212,770,744.03,0,2.0,0.0,0.0
213,775,744.03,0,2.0,0.0,0.0
214,779,744.03,0,2.0,0.0,0.0
215,783,744.03,0,2.0,0.0,0.0
216,788,744.03,0,2.0,0.0,0.0
217,792,744.03,0,2.0,0.0,0.0
218,796,744.03,0,2.0,0.0,0.0
219,801,744.03,0,2.0,0.0,0.0
220,805,732.78,0,2.0,0.0,0.0
221,809,732.78,0,2.0,0.0,0.0
222,814,732.78,0,2.0,0.0,0.0
223,818,732.78,0,2.0,0.0,0.0
224,823,732.78,0,2.0,0.0,0.0
225,828,732.78,0,2.0,0.0,0.0
226,832,732.78,0,2.0,0.0,0.0
227,836,732.78,0,2.0,0.0,0.0
228,841,732.78,0,2.0,0.0,0.0
229,845,732.78,0,2.0,0.0,0.0
230,849,721.26,0,2.0,0.0,0.0
231,854,721.26,0,2.0,0.0,0.0
232,858,721.26,0,2.0,0.0,0.0
233,862,721.26,0,2.0,0.0,0.0
234,867,721.26,0,2.0,0.0,0.0
235,871,721.26,0,2.0,0.0,0.0
236,875,721.26,0,2.0,0.0,0.0
237,880,721.26,0,2.0,0.0,0.0
238,884,721.26,0,2.0,0.0,0.0
239,888,721.26,0,2.0,0.0,0.0
240,893,709.74,0,2.0,0.0,0.0
241,897,709.74,0,2.0,0.0,0.0
242,901,709.74,0,2.0,0.0,0.0
243,906,709.74,0,2.0,0.0,0.0
244,910,709.74,0,2.0,0.0,0.0
245,914,709.74,0,2.0,0.0,0.0
246,919,709.74,0,2.0,0.0,0.0
247,923,709.74,0,2.0,0.0,0.0
248,928,709.74,0,2.0,0.0,0.0
249,933,709.74,0,2.0,0.0,0.0
250,937,698.22,0,2.0,0.0,0.0
251,941,698.22,0,2.0,0.0,0.0
252,946,698.22,0,2.0,0.0,0.0
253,950,698.22,0,2.0,0.0,0.0
254,954,698.22,0,2.0,0.0,0.0
255,959,698.22,0,2.0,0.0,0.0
256,963,698.22,0,2.0,0.0,0.0
257,967,698.22,0,2.0,0.0,0.0
258,972,698.22,0,2.0,0.0,0.0
259,976,698.22,0,2.0,0.0,0.0
260,980,686.96,0,2.0,0.0,0.0
261,985,686.96,0,2.0,0.0,0.0
262,989,686.96,0,2.0,0.0,0.0
263,994,686.96,0,2.0,0.0,0.0
264,999,686.96,0,2.0,0.0,0.0
265,1003,686.96,0,2.0,0.0,0.0
266,1007,686.96,0,2.0,0.0,0.0
267,1012,686.96,0,2.0,0.0,0.0
268,1016,686.96,0,2.0,0.0,0.0
269,1020,686.96,0,2.0,0.0,0.0
270,1025,675.18,0,2.0,0.0,0.0
271,1029,675.18,0,2.0,0.0,0.0
272,1034,675.18,0,2.0,0.0,0.0
273,1039,675.18,0,2.0,0.0,0.0
274,1043,675.18,0,2.0,0.0,0.0
275,1047,675.18,0,2.0,0.0,0.0
276,1052,675.18,0,2.0,0.0,0.0
277,1056,675.18,0,2.0,0.0,0.0
278,1060,675.18,0,2.0,0.0,0.0
279,1065,675.18,0,2.0,0.0,0.0
280,1069,663.66,0,2.0,0.0,0.0
281,1073,663.66,0,2.0,0.0,0.0
282,1078,663.66,0,2.0,0.0,0.0
283,1082,663.66,0,2.0,0.0,0.0
284,1086,663.66,0,2.0,0.0,0.0
285,1091,663.66,0,2.0,0.0,0.0
286,1095,663.66,0,2.0,0.0,0.0
287,1099,663.66,0,2.0,0.0,0.0
288,1104,663.66,0,2.0,0.0,0.0
289,1108,663.66,0,2.0,0.0,0.0
290,1112,652.4,0,2.0,0.0,0.0
291,1117,652.4,0,2.0,0.0,0.0
292,1121,652.4,0,2.0,0.0,0.0
293,1125,652.4,0,2.0,0.0,0.0
294,1131,652.4,0,2.0,0.0,0.0
295,1135,652.4,0,2.0,0.0,0.0
296,1139,652.4,0,2.0,0.0,0.0
297,1144,652.4,0,2.0,0.0,0.0
298,1148,652.4,0,2.0,0.0,0.0
299,1153,652.4,0,2.0,0.0,0.0
300,1157,640.62,0,2.0,0.0,0.0
301,1161,640.62,0,2.0,0.0,0.0
302,1167,640.62,0,2.0,0.0,0.0
303,1171,640.62,0,2.0,0.0,0.0
304,1175,640.62,0,2.0,0.0,0.0
305,1181,640.62,0,2.0,0.0,0.0
306,1185,640.62,0,2.0,0.0,0.0
307,1189,640.62,0,2.0,0.0,0.0
308,1194,640.62,0,2.0,0.0,0.0
309,1200,640.62,0,2.0,0.0,0.0
310,1204,628.32,0,2.0,0.0,0.0
311,1209,628.32,0,2.0,0.0,0.0
312,1213,628.32,0,2.0,0.0,0.0
313,1217,628.32,0,2.0,0.0,0.0
314,1222,628.32,0,2.0,0.0,0.0
315,1226,628.32,0,2.0,0.0,0.0
316,1230,628.32,0,2.0,0.0,0.0
317,1235,628.32,0,2.0,0.0,0.0
318,1239,628.32,0,2.0,0.0,0.0
319,1244,628.32,0,2.0,0.0,0.0
320,1249,616.8,0,2.0,0.0,0.0
321,1253,616.8,0,2.0,0.0,0.0
322,1258,616.8,0,2.0,0.0,0.0
323,1262,616.8,0,2.0,0.0,0.0
324,1266,616.8,0,2.0,0.0,0.0
325,1272,616.8,0,2.0,0.0,0.0
326,1276,616.8,0,2.0,0.0,0.0
327,1280,616.8,0,2.0,0.0,0.0
328,1285,616.8,0,2.0,0.0,0.0
329,1289,616.8,0,2.0,0.0,0.0
330,1293,605.02,0,2.0,0.0,0.0
331,1298,605.02,0,2.0,0.0,0.0
332,1302,605.02,0,2.0,0.0,0.0
333,1306,605.02,0,2.0,0.0,0.0
334,1311,605.02,0,2.0,0.0,0.0
335,1315,605.02,0,2.0,0.0,0.0
336,1319,605.02,0,2.0,0.0,0.0
337,1324,605.02,0,2.0,0.0,0.0
338,1328,605.02,0,2.0,0.0,0.0
339,1332,605.02,0,2.0,0.0,0.0
340,1338,593.5,0,2.0,0.0,0.0
341,1342,593.5,0,2.0,0.0,0.0
342,1348,593.5,0,2.0,0.0,0.0
343,1352,593.5,0,2.0,0.0,0.0
344,1356,593.5,0,2.0,0.0,0.0
345,1361,593.5,0,2.0,0.0,0.0
346,1365,593.5,0,2.0,0.0,0.0
347,1369,593.5,0,2.0,0.0,0.0
348,1373,593.5,0,2.0,0.0,0.0
349,1378,593.5,0,2.0,0.0,0.0
350,1382,581.72,0,2.0,0.0,0.0
351,1388,581.72,0,2.0,0.0,0.0
352,1392,581.72,0,2.0,0.0,0.0
353,1396,581.72,0,2.0,0.0,0.0
354,1401,581.72,0,2.0,0.0,0.0
355,1405,581.72,0,2.0,0.0,0.0
356,1409,581.72,0,2.0,0.0,0.0
357,1414,581.72,0,2.0,0.0,0.0
358,1418,581.72,0,2.0,0.0,0.0
359,1423,581.72,0,2.0,0.0,0.0
360,1428,569.68,0,2.0,0.0,0.0
361,1432,569.68,0,2.0,0.0,0.0
362,1436,569.68,0,2.0,0.0,0.0
363,1441,569.68,0,2.0,0.0,0.0
364,1446,569.68,0,2.0,0.0,0.0
365,1450,569.68,0,2.0,0.0,0.0
366,1455,569.68,0,2.0,0.0,0.0
367,1459,569.68,0,2.0,0.0,0.0
368,1463,569.68,0,2.0,0.0,0.0
369,1468,569.68,0,2.0,0.0,0.0
370,1472,558.16,0,2.0,0.0,0.0
371,1476,558.16,0,2.0,0.0,0.0
372,1481,558.16,0,2.0,0.0,0.0
373,1486,558.16,0,2.0,0.0,0.0
374,1490,558.16,0,2.0,0.0,0.0
375,1496,558.16,0,2.0,0.0,0.0
376,1500,558.16,0,2.0,0.0,0.0
377,1505,558.16,0,2.0,0.0,0.0
378,1509,558.16,0,2.0,0.0,0.0
379,1513,558.16,0,2.0,0.0,0.0
380,1517,546.11,0,2.0,0.0,0.0
381,1522,546.11,0,2.0,0.0,0.0
382,1526,546.11,0,2.0,0.0,0.0
383,1530,546.11,0,2.0,0.0,0.0
384,1536,546.11,0,2.0,0.0,0.0
385,1540,546.11,0,2.0,0.0,0.0
386,1545,546.11,0,2.0,0.0,0.0
387,1549,546.11,0,2.0,0.0,0.0
388,1553,546.11,0,2.0,0.0,0.0
389,1558,546.11,0,2.0,0.0,0.0
390,1562,534.59,0,2.0,0.0,0.0
391,1566,534.59,0,2.0,0.0,0.0
392,1570,534.59,0,2.0,0.0,0.0
393,1575,534.59,0,2.0,0.0,0.0
394,1579,534.59,0,2.0,0.0,0.0
395,1585,534.59,0,2.0,0.0,0.0
396,1589,534.59,0,2.0,0.0,0.0
397,1593,534.59,0,2.0,0.0,0.0
398,1598,534.59,0,2.0,0.0,0.0
399,1602,534.59,0,2.0,0.0,0.0
400,1606,523.08,0,2.0,0.0,0.0
401,1611,523.08,0,2.0,0.0,0.0
402,1615,523.08,0,2.0,0.0,0.0
403,1619,523.08,0,2.0,0.0,0.0
404,1624,523.08,0,2.0,0.0,0.0
405,1629,523.08,0,2.0,0.0,0.0
406,1633,523.08,0,2.0,0.0,0.0
407,1639,523.08,0,2.0,0.0,0.0
408,1643,523.08,0,2.0,0.0,0.0
409,1647,523.08,0,2.0,0.0,0.0
410,1652,511.03,0,2.0,0.0,0.0
411,1656,511.03,0,2.0,0.0,0.0
412,1660,511.03,0,2.0,0.0,0.0
413,1665,511.03,0,2.0,0.0,0.0
414,1669,511.03,0,2.0,0.0,0.0
415,1673,511.03,0,2.0,0.0,0.0
416,1678,511.03,0,2.0,0.0,0.0
417,1682,511.03,0,2.0,0.0,0.0
418,1685,511.03,0,2.0,0.0,0.0
419,1690,511.03,0,2.0,0.0,0.0
420,1694,500.04,0,2.0,0.0,0.0
421,1699,500.04,0,2.0,0.0,0.0
422,1703,500.04,0,2.0,0.0,0.0
423,1707,500.04,0,2.0,0.0,0.0
424,1712,500.04,0,2.0,0.0,0.0
425,1717,500.04,0,2.0,0.0,0.0
426,1721,500.04,0,2.0,0.0,0.0
427,1725,500.04,0,2.0,0.0,0.0
428,1730,500.04,0,2.0,0.0,0.0
429,1734,500.04,0,2.0,0.0,0.0
430,1740,488.52,0,2.0,0.0,0.0
431,1744,488.52,0,2.0,0.0,0.0
432,1748,488.52,0,2.0,0.0,0.0
433,1753,488.52,0,2.0,0.0,0.0
434,1757,488.52,0,2.0,0.0,0.0
435,1761,488.52,0,2.0,0.0,0.0
436,1767,488.52,0,2.0,0.0,0.0
437,1771,488.52,0,2.0,0.0,0.0
438,1775,488.52,0,2.0,0.0,0.0
439,1780,488.52,0,2.0,0.0,0.0
440,1785,476.47,0,2.0,0.0,0.0
441,1789,476.47,0,2.0,0.0,0.0
442,1794,476.47,0,2.0,0.0,0.0
443,1798,476.47,0,2.0,0.0,0.0
444,1802,476.47,0,2.0,0.0,0.0
445,1807,476.47,0,2.0,0.0,0.0
446,1811,476.47,0,2.0,0.0,0.0
447,1815,476.47,0,2.0,0.0,0.0
448,1820,476.47,0,2.0,0.0,0.0
449,1825,476.47,0,2.0,0.0,0.0
450,1829,464.69,0,2.0,0.0,0.0
451,1834,464.69,0,2.0,0.0,0.0
452,1838,464.69,0,2.0,0.0,0.0
453,1843,464.69,0,2.0,0.0,0.0
454,1847,464.69,0,2.0,0.0,0.0
455,1851,464.69,0,2.0,0.0,0.0
456,1856,464.69,0,2.0,0.0,0.0
457,1860,464.69,0,2.0,0.0,0.0
458,1865,464.69,0,2.0,0.0,0.0
459,1869,464.69,0,2.0,0.0,0.0
460,1874,452.91,0,2.0,0.0,0.0
461,1878,452.91,0,2.0,0.0,0.0
462,1882,452.91,0,2.0,0.0,0.0
463,1887,452.91,0,2.0,0.0,0.0
464,1891,452.91,0,2.0,0.0,0.0
465,1896,452.91,0,2.0,0.0,0.0
466,1900,452.91,0,2.0,0.0,0.0
467,1905,452.91,0,2.0,0.0,0.0
468,1910,452.91,0,2.0,0.0,0.0
469,1915,452.91,0,2.0,0.0,0.0
470,1919,441.13,0,2.0,0.0,0.0
471,1924,441.13,0,2.0,0.0,0.0
472,1928,441.13,0,2.0,0.0,0.0
473,1932,441.13,0,2.0,0.0,0.0
474,1937,441.13,0,2.0,0.0,0.0
475,1941,441.13,0,2.0,0.0,0.0
476,1945,441.13,0,2.0,0.0,0.0
477,1950,441.13,0,2.0,0.0,0.0
478,1954,441.13,0,2.0,0.0,0.0
479,1958,441.13,0,2.0,0.0,0.0
480,1963,429.61,0,2.0,0.0,0.0
481,1967,429.61,0,2.0,0.0,0.0
482,1972,429.61,0,2.0,0.0,0.0
483,1977,429.61,0,2.0,0.0,0.0
484,1981,429.61,0,2.0,0.0,0.0
485,1986,429.61,0,2.0,0.0,0.0
486,1991,429.61,0,2.0,0.0,0.0
487,1995,429.61,0,2.0,0.0,0.0
488,2000,429.61,0,2.0,0.0,0.0
489,2004,429.61,0,2.0,0.0,0.0
490,2008,417.83,0,2.0,0.0,0.0
491,2014,417.83,0,2.0,0.0,0.0
492,2018,417.83,0,2.0,0.0,0.0
493,2023,417.83,0,2.0,0.0,0.0
494,2028,417.83,0,2.0,0.0,0.0
495,2032,417.83,0,2.0,0.0,0.0
496,2036,417.83,0,2.0,0.0,0.0
497,2041,417.83,0,2.0,0.0,0.0
498,2045,417.83,0,2.0,0.0,0.0
499,2049,417.83,0,2.0,0.0,0.0
500,2054,405.79,0,2.0,0.0,0.0
501,2058,405.79,0,2.0,0.0,0.0
502,2062,405.79,0,2.0,0.0,0.0
503,2067,405.79,0,2.0,0.0,0.0
504,2071,405.79,0,2.0,0.0,0.0
505,2075,405.79,0,2.0,0.0,0.0
506,2081,405.79,0,2.0,0.0,0.0
507,2085,405.79,0,2.0,0.0,0.0
508,2089,405.79,0,2.0,0.0,0.0
509,2094,405.79,0,2.0,0.0,0.0
510,2098,394.27,0,2.0,0.0,0.0
511,2102,394.27,0,2.0,0.0,0.0
512,2107,394.27,0,2.0,0.0,0.0
513,2113,394.27,0,2.0,0.0,0.0
514,2117,394.27,0,2.0,0.0,0.0
515,2122,394.27,0,2.0,0.0,0.0
516,2126,394.27,0,2.0,0.0,0.0
517,2130,394.27,0,2.0,0.0,0.0
518,2135,394.27,0,2.0,0.0,0.0
519,2140,394.27,0,2.0,0.0,0.0
520,2145,381.97,0,2.0,0.0,0.0
521,2149,381.97,0,2.0,0.0,0.0
522,2153,381.97,0,2.0,0.0,0.0
523,2157,381.97,0,2.0,0.0,0.0
524,2162,381.97,0,2.0,0.0,0.0
525,2166,381.97,0,2.0,0.0,0.0
526,2171,381.97,0,2.0,0.0,0.0
527,2176,381.97,0,2.0,0.0,0.0
528,2180,381.97,0,2.0,0.0,0.0
529,2185,381.97,0,2.0,0.0,0.0
530,2190,370.45,0,2.0,0.0,0.0
531,2194,370.45,0,2.0,0.0,0.0
532,2199,370.45,0,2.0,0.0,0.0
533,2203,370.45,0,2.0,0.0,0.0
534,2208,370.45,0,2.0,0.0,0.0
535,2214,370.45,0,2.0,0.0,0.0
536,2218,370.45,0,2.0,0.0,0.0
537,2222,370.45,0,2.0,0.0,0.0
538,2226,370.45,0,2.0,0.0,0.0
539,2231,370.45,0,2.0,0.0,0.0
540,2235,358.4,0,2.0,0.0,0.0
541,2240,358.4,0,2.0,0.0,0.0
542,2244,358.4,0,2.0,0.0,0.0
543,2248,358.4,0,2.0,0.0,0.0
544,2253,358.4,0,2.0,0.0,0.0
545,2257,358.4,0,2.0,0.0,0.0
546,2262,358.4,0,2.0,0.0,0.0
547,2267,358.4,0,2.0,0.0,0.0
548,2271,358.4,0,2.0,0.0,0.0
549,2275,358.4,0,2.0,0.0,0.0
550,2280,346.62,0,2.0,0.0,0.0
551,2284,346.62,0,2.0,0.0,0.0
552,2288,346.62,0,2.0,0.0,0.0
553,2293,346.62,0,2.0,0.0,0.0
554,2297,346.62,0,2.0,0.0,0.0
555,2301,346.62,0,2.0,0.0,0.0
556,2306,346.62,0,2.0,0.0,0.0
557,2310,346.62,0,2.0,0.0,0.0
558,2315,346.62,0,2.0,0.0,0.0
559,2320,346.62,0,2.0,0.0,0.0
560,2324,335.1,0,2.0,0.0,0.0
561,2328,335.1,0,2.0,0.0,0.0
562,2333,335.1,0,2.0,0.0,0.0
563,2338,335.1,0,2.0,0.0,0.0
564,2342,335.1,0,2.0,0.0,0.0
565,2347,335.1,0,2.0,0.0,0.0
566,2351,335.1,0,2.0,0.0,0.0
567,2355,335.1,0,2.0,0.0,0.0
568,2360,335.1,0,2.0,0.0,0.0
569,2365,335.1,0,2.0,0.0,0.0
570,2369,323.32,0,2.0,0.0,0.0
571,2374,323.32,0,2.0,0.0,0.0
572,2378,323.32,0,2.0,0.0,0.0
573,2382,323.32,0,2.0,0.0,0.0
574,2387,323.32,0,2.0,0.0,0.0
575,2391,323.32,0,2.0,0.0,0.0
576,2396,323.32,0,2.0,0.0,0.0
577,2400,323.32,0,2.0,0.0,0.0
578,2405,323.32,0,2.0,0.0,0.0
579,2409,323.32,0,2.0,0.0,0.0
580,2415,311.54,0,2.0,0.0,0.0
581,2419,311.54,0,2.0,0.0,0.0
582,2423,311.54,0,2.0,0.0,0.0
583,2428,311.54,0,2.0,0.0,0.0
584,2432,311.54,0,2.0,0.0,0.0
585,2439,311.54,0,2.0,0.0,0.0
586,2443,311.54,0,2.0,0.0,0.0
587,2447,311.54,0,2.0,0.0,0.0
588,2452,311.54,0,2.0,0.0,0.0
589,2456,311.54,0,2.0,0.0,0.0
590,2460,299.5,0,2.0,0.0,0.0
591,2465,299.5,0,2.0,0.0,0.0
592,2469,299.5,0,2.0,0.0,0.0
593,2473,299.5,0,2.0,0.0,0.0
594,2478,299.5,0,2.0,0.0,0.0
595,2482,299.5,0,2.0,0.0,0.0
596,2487,299.5,0,2.0,0.0,0.0
597,2492,299.5,0,2.0,0.0,0.0
598,2496,299.5,0,2.0,0.0,0.0
599,2500,299.5,0,2.0,0.0,0.0
600,2505,287.72,0,2.0,0.0,0.0
601,2509,287.72,0,2.0,0.0,0.0
602,2512,287.72,0,2.0,0.0,0.0
603,2517,287.72,0,2.0,0.0,0.0
604,2521,287.72,0,2.0,0.0,0.0
605,2525,287.72,0,2.0,0.0,0.0
606,2530,287.72,0,2.0,0.0,0.0
607,2535,287.72,0,2.0,0.0,0.0
608,2539,287.72,0,2.0,0.0,0.0
609,2544,287.72,0,2.0,0.0,0.0
610,2548,276.46,0,2.0,0.0,0.0
611,2553,276.46,0,2.0,0.0,0.0
612,2558,276.46,0,2.0,0.0,0.0
613,2563,276.46,0,2.0,0.0,0.0
614,2567,276.46,0,2.0,0.0,0.0
615,2572,276.46,0,2.0,0.0,0.0
616,2576,276.46,0,2.0,0.0,0.0
617,2580,276.46,0,2.0,0.0,0.0
618,2585,276.46,0,2.0,0.0,0.0
619,2589,276.46,0,2.0,0.0,0.0
620,2593,264.68,0,2.0,0.0,0.0
621,2598,264.68,0,2.0,0.0,0.0
622,2603,264.68,0,2.0,0.0,0.0
623,2607,264.68,0,2.0,0.0,0.0
624,2613,264.68,0,2.0,0.0,0.0
625,2617,264.68,0,2.0,0.0,0.0
626,2621,264.68,0,2.0,0.0,0.0
627,2626,264.68,0,2.0,0.0,0.0
628,2630,264.68,0,2.0,0.0,0.0
629,2635,264.68,0,2.0,0.0,0.0
630,2640,252.37,0,2.0,0.0,0.0
631,2644,252.37,0,2.0,0.0,0.0
632,2648,252.37,0,2.0,0.0,0.0
633,2654,252.37,0,2.0,0.0,0.0
634,2658,252.37,0,2.0,0.0,0.0
635,2662,252.37,0,2.0,0.0,0.0
636,2667,252.37,0,2.0,0.0,0.0
637,2671,252.37,0,2.0,0.0,0.0
638,2676,252.37,0,2.0,0.0,0.0
639,2680,252.37,0,2.0,0.0,0.0
640,2684,240.86,0,2.0,0.0,0.0
641,2690,240.86,0,2.0,0.0,0.0
642,2694,240.86,0,2.0,0.0,0.0
643,2698,240.86,0,2.0,0.0,0.0
644,2703,240.86,0,2.0,0.0,0.0
645,2707,240.86,0,2.0,0.0,0.0
646,2712,240.86,0,2.0,0.0,0.0
647,2716,240.86,0,2.0,0.0,0.0
648,2721,240.86,0,2.0,0.0,0.0
649,2725,240.86,0,2.0,0.0,0.0
650,2730,228.81,0,2.0,0.0,0.0
651,2734,228.81,0,2.0,0.0,0.0
652,2739,228.81,0,2.0,0.0,0.0
653,2744,228.81,0,2.0,0.0,0.0
654,2748,228.81,0,2.0,0.0,0.0
655,2752,228.81,0,2.0,0.0,0.0
656,2757,228.81,0,2.0,0.0,0.0
657,2762,228.81,0,2.0,0.0,0.0
658,2766,228.81,0,2.0,0.0,0.0
659,2771,228.81,0,2.0,0.0,0.0
660,2775,217.03,0,2.0,0.0,0.0
661,2779,217.03,0,2.0,0.0,0.0
662,2784,217.03,0,2.0,0.0,0.0
663,2788,217.03,0,2.0,0.0,0.0
664,2792,217.03,0,2.0,0.0,0.0
665,2797,217.03,0,2.0,0.0,0.0
666,2801,217.03,0,2.0,0.0,0.0
667,2805,217.03,0,2.0,0.0,0.0
668,2811,217.03,0,2.0,0.0,0.0
669,2815,217.03,0,2.0,0.0,0.0
670,2819,205.51,0,2.0,0.0,0.0
671,2824,205.51,0,2.0,0.0,0.0
672,2828,205.51,0,2.0,0.0,0.0
673,2833,205.51,0,2.0,0.0,0.0
674,2839,205.51,0,2.0,0.0,0.0
675,2843,205.51,0,2.0,0.0,0.0
676,2848,205.51,0,2.0,0.0,0.0
677,2852,205.51,0,2.0,0.0,0.0
678,2856,205.51,0,2.0,0.0,0.0
679,2861,205.51,0,2.0,0.0,0.0
680,2865,193.47,0,2.0,0.0,0.0
681,2869,193.47,0,2.0,0.0,0.0
682,2873,193.47,0,2.0,0.0,0.0
683,2878,193.47,0,2.0,0.0,0.0
684,2882,193.47,0,2.0,0.0,0.0
685,2888,193.47,0,2.0,0.0,0.0
686,2892,193.47,0,2.0,0.0,0.0
687,2896,193.47,0,2.0,0.0,0.0
688,2901,193.47,0,2.0,0.0,0.0
689,2905,193.47,0,2.0,0.0,0.0
690,2909,181.95,0,2.0,0.0,0.0
691,2914,181.95,0,2.0,0.0,0.0
692,2918,181.95,0,2.0,0.0,0.0
693,2922,181.95,0,2.0,0.0,0.0
694,2927,181.95,0,2.0,0.0,0.0
695,2931,181.95,0,2.0,0.0,0.0
696,2935,181.95,0,2.0,0.0,0.0
697,2940,181.95,0,2.0,0.0,0.0
698,2944,181.95,0,2.0,0.0,0.0
699,2948,181.95,0,2.0,0.0,0.0
700,2953,170.43,0,2.0,0.0,0.0
701,2958,170.43,0,2.0,0.0,0.0
702,2962,170.43,0,2.0,0.0,0.0
703,2967,170.43,0,2.0,0.0,0.0
704,2971,170.43,0,2.0,0.0,0.0
705,2975,170.43,0,2.0,0.0,0.0
706,2980,170.43,0,2.0,0.0,0.0
707,2984,170.43,0,2.0,0.0,0.0
708,2989,170.43,0,2.0,0.0,0.0
709,2993,170.43,0,2.0,0.0,0.0
710,2997,158.91,0,2.0,0.0,0.0
711,3002,158.91,0,2.0,0.0,0.0
712,3006,158.91,0,2.0,0.0,0.0
713,3010,158.91,0,2.0,0.0,0.0
714,3014,158.91,0,2.0,0.0,0.0
715,3019,158.91,0,2.0,0.0,0.0
716,3023,158.91,0,2.0,0.0,0.0
717,3028,158.91,0,2.0,0.0,0.0
718,3033,158.91,0,2.0,0.0,0.0
719,3037,158.91,0,2.0,0.0,0.0
720,3042,147.13,0,2.0,0.0,0.0
721,3046,147.13,0,2.0,0.0,0.0
722,3051,147.13,0,2.0,0.0,0.0
723,3056,147.13,0,2.0,0.0,0.0
724,3060,147.13,0,2.0,0.0,0.0
725,3064,147.13,0,2.0,0.0,0.0
726,3069,147.13,0,2.0,0.0,0.0
727,3073,147.13,0,2.0,0.0,0.0
728,3077,147.13,0,2.0,0.0,0.0
729,3083,147.13,0,2.0,0.0,0.0
730,3087,135.35,0,2.0,0.0,0.0
731,3091,135.35,0,2.0,0.0,0.0
732,3096,135.35,0,2.0,0.0,0.0
733,3100,135.35,0,2.0,0.0,0.0
734,3105,135.35,0,2.0,0.0,0.0
735,3110,135.35,0,2.0,0.0,0.0
736,3114,135.35,0,2.0,0.0,0.0
737,3118,135.35,0,2.0,0.0,0.0
738,3123,135.35,0,2.0,0.0,0.0
739,3127,135.35,0,2.0,0.0,0.0
740,3134,123.57,0,2.0,0.0,0.0
741,3138,123.57,0,2.0,0.0,0.0
742,3142,123.57,0,2.0,0.0,0.0
743,3147,123.57,0,2.0,0.0,0.0
744,3151,123.57,0,2.0,0.0,0.0
745,3157,123.57,0,2.0,0.0,0.0
746,3162,123.57,0,2.0,0.0,0.0
747,3166,123.57,0,2.0,0.0,0.0
748,3170,123.57,0,2.0,0.0,0.0
749,3175,123.57,0,2.0,0.0,0.0
750,3179,111.26,0,2.0,0.0,0.0
751,3185,111.26,0,2.0,0.0,0.0
752,3190,111.26,0,2.0,0.0,0.0
753,3194,111.26,0,2.0,0.0,0.0
754,3198,111.26,0,2.0,0.0,0.0
755,3204,111.26,0,2.0,0.0,0.0
756,3208,111.26,0,2.0,0.0,0.0
757,3212,111.26,0,2.0,0.0,0.0
758,3217,111.26,0,2.0,0.0,0.0
759,3221,111.26,0,2.0,0.0,0.0
760,3225,99.22,0,2.0,0.0,0.0
761,3230,99.22,0,2.0,0.0,0.0
762,3235,99.22,0,2.0,0.0,0.0
763,3240,99.22,0,2.0,0.0,0.0
764,3244,99.22,0,2.0,0.0,0.0
765,3248,99.22,0,2.0,0.0,0.0
766,3253,99.22,0,2.0,0.0,0.0
767,3257,99.22,0,2.0,0.0,0.0
768,3262,99.22,0,2.0,0.0,0.0
769,3267,99.22,0,2.0,0.0,0.0
770,3271,87.18,0,2.0,0.0,0.0
771,3275,87.18,0,2.0,0.0,0.0
772,3280,87.18,0,2.0,0.0,0.0
773,3284,87.18,0,2.0,0.0,0.0
774,3288,87.18,0,2.0,0.0,0.0
775,3293,87.18,0,2.0,0.0,0.0
776,3297,87.18,0,2.0,0.0,0.0
777,3302,87.18,0,2.0,0.0,0.0
778,3307,87.18,0,2.0,0.0,0.0
779,3312,87.18,0,2.0,0.0,0.0
780,3316,75.4,0,2.0,0.0,0.0
781,3321,75.4,0,2.0,0.0,0.0
782,3325,75.4,0,2.0,0.0,0.0
783,3329,75.4,0,2.0,0.0,0.0
784,3334,75.4,0,2.0,0.0,0.0
785,3338,75.4,0,2.0,0.0,0.0
786,3343,75.4,0,2.0,0.0,0.0
787,3347,75.4,0,2.0,0.0,0.0
788,3351,75.4,0,2.0,0.0,0.0
789,3355,75.4,0,2.0,0.0,0.0
790,3360,63.88,0,2.0,0.0,0.0
791,3364,63.88,0,2.0,0.0,0.0
792,3368,63.88,0,2.0,0.0,0.0
793,3373,63.88,0,2.0,0.0,0.0
794,3377,63.88,0,2.0,0.0,0.0
795,3383,63.88,0,2.0,0.0,0.0
796,3387,63.88,0,2.0,0.0,0.0
797,3391,63.88,0,2.0,0.0,0.0
798,3396,63.88,0,2.0,0.0,0.0
799,3400,63.88,0,2.0,0.0,0.0
800,3404,52.36,0,2.0,0.0,0.0
801,3409,52.36,0,2.0,0.0,0.0
802,3413,52.36,0,2.0,0.0,0.0
803,3417,52.36,0,2.0,0.0,0.0
804,3422,52.36,0,2.0,0.0,0.0
805,3426,52.36,0,2.0,0.0,0.0
806,3430,52.36,0,2.0,0.0,0.0
807,3435,52.36,0,2.0,0.0,0.0
808,3439,52.36,0,2.0,0.0,0.0
809,3443,52.36,0,2.0,0.0,0.0
810,3448,40.84,0,2.0,0.0,0.0
811,3452,40.84,0,2.0,0.0,0.0
812,3457,40.84,0,2.0,0.0,0.0
813,3462,40.84,0,2.0,0.0,0.0
814,3466,40.84,0,2.0,0.0,0.0
815,3470,40.84,0,2.0,0.0,0.0
816,3475,40.84,0,2.0,0.0,0.0
817,3479,40.84,0,2.0,0.0,0.0
818,3484,40.84,0,2.0,0.0,0.0
819,3488,40.84,0,2.0,0.0,0.0
820,3492,29.32,0,2.0,0.0,0.0
821,3497,29.32,0,2.0,0.0,0.0
822,3501,29.32,0,2.0,0.0,0.0
823,3505,29.32,0,2.0,0.0,0.0
824,3509,29.32,0,2.0,0.0,0.0
825,3514,29.32,0,2.0,0.0,0.0
826,3518,29.32,0,2.0,0.0,0.0
827,3522,29.32,0,2.0,0.0,0.0
828,3527,29.32,0,2.0,0.0,0.0
829,3531,29.32,0,2.0,0.0,0.0
830,3536,17.8,0,2.0,0.0,0.0
831,3540,17.8,0,2.0,0.0,0.0
832,3544,17.8,0,2.0,0.0,0.0
833,3549,17.8,0,2.0,0.0,0.0
834,3553,17.8,0,2.0,0.0,0.0
835,3557,17.8,0,2.0,0.0,0.0
836,3562,17.8,0,2.0,0.0,0.0
837,3566,17.8,0,2.0,0.0,0.0
838,3570,17.8,0,2.0,0.0,0.0
839,3575,17.8,0,2.0,0.0,0.0
840,3579,6.55,0,2.0,0.0,0.0
841,3583,6.55,0,2.0,0.0,0.0
842,3588,6.55,0,2.0,0.0,0.0
843,3592,6.55,0,2.0,0.0,0.0
844,3596,6.55,0,2.0,0.0,0.0
845,3600,6.55,0,2.0,0.0,0.0
846,3604,6.55,0,2.0,0.0,0.0
847,3608,6.55,0,2.0,0.0,0.0
848,3612,6.55,0,2.0,0.0,0.0
849,3617,6.55,0,2.0,0.0,0.0
850,3621,-4.45,0,2.0,0.0,0.0
851,3625,-4.45,0,2.0,0.0,0.0
852,3629,-4.45,0,2.0,0.0,0.0
853,3632,-4.45,0,2.0,0.0,0.0
854,3636,-4.45,0,2.0,0.0,0.0
855,3639,-4.45,0,2.0,0.0,0.0
856,3642,-4.45,0,2.0,0.0,0.0
857,3645,-4.45,0,2.0,0.0,0.0
858,3648,-4.45,0,2.0,0.0,0.0
859,3650,-4.45,0,2.0,0.0,0.0
860,3653,-13.09,0,2.0,0.0,0.0
861,3655,-13.09,0,2.0,0.0,0.0
862,3657,-13.09,0,2.0,0.0,0.0
863,3659,-13.09,0,2.0,0.0,0.0
864,3661,-13.09,0,2.0,0.0,0.0
865,3663,-13.09,0,2.0,0.0,0.0
866,3664,-13.09,0,2.0,0.0,0.0
867,3666,-13.09,0,2.0,0.0,0.0
868,3667,-13.09,0,2.0,0.0,0.0
869,3668,-13.09,0,2.0,0.0,0.0
870,3668,-17.8,0,2.0,0.0,0.0
871,3669,-17.8,0,2.0,0.0,0.0
872,3669,-17.8,0,2.0,0.0,0.0
873,3669,-17.8,0,2.0,0.0,0.0
874,3669,-17.8,0,2.0,0.0,0.0
875,3669,-17.8,0,2.0,0.0,0.0
876,3669,-17.8,0,2.0,0.0,0.0
877,3669,-17.8,0,2.0,0.0,0.0
878,3668,-17.8,0,2.0,0.0,0.0
879,3667,-17.8,0,2.0,0.0,0.0
880,3666,-17.54,0,2.0,0.0,0.0
881,3665,-17.54,0,2.0,0.0,0.0
882,3664,-17.54,0,2.0,0.0,0.0
883,3663,-17.54,0,2.0,0.0,0.0
884,3661,-17.54,0,2.0,0.0,0.0
885,3660,-17.54,0,2.0,0.0,0.0
886,3658,-17.54,0,2.0,0.0,0.0
887,3656,-17.54,0,2.0,0.0,0.0
888,3655,-17.54,0,2.0,0.0,0.0
889,3653,-17.54,0,2.0,0.0,0.0
890,3651,-13.88,0,2.0,0.0,0.0
891,3649,-13.88,0,2.0,0.0,0.0
892,3647,-13.88,0,2.0,0.0,0.0
893,3645,-13.88,0,2.0,0.0,0.0
894,3642,-13.88,0,2.0,0.0,0.0
895,3640,-13.88,0,2.0,0.0,0.0
896,3638,-13.88,0,2.0,0.0,0.0
897,3635,-13.88,0,2.0,0.0,0.0
898,3633,-13.88,0,2.0,0.0,0.0
899,3630,-13.88,0,2.0,0.0,0.0
900,3627,-7.85,0,2.0,0.0,0.0
901,3625,-7.85,0,2.0,0.0,0.0
902,3622,-7.85,0,2.0,0.0,0.0
903,3619,-7.85,0,2.0,0.0,0.0
904,3617,-7.85,0,2.0,0.0,0.0
905,3614,-7.85,0,2.0,0.0,0.0
906,3611,-7.85,0,2.0,0.0,0.0
907,3609,-7.85,0,2.0,0.0,0.0
908,3606,-7.85,0,2.0,0.0,0.0
909,3603,-7.85,0,2.0,0.0,0.0
910,3600,-0.79,0,2.0,0.0,0.0
911,3598,-0.79,0,2.0,0.0,0.0
912,3595,-0.79,0,2.0,0.0,0.0
913,3593,-0.79,0,2.0,0.0,0.0
914,3590,-0.79,0,2.0,0.0,0.0
915,3588,-0.79,0,2.0,0.0,0.0
916,3585,-0.79,0,2.0,0.0,0.0
917,3583,-0.79,0,2.0,0.0,0.0
918,3581,-0.79,0,2.0,0.0,0.0
919,3579,-0.79,0,2.0,0.0,0.0
920,3577,5.5,0,2.0,0.0,0.0
921,3575,5.5,0,2.0,0.0,0.0
922,3573,5.5,0,2.0,0.0,0.0
923,3571,5.5,0,2.0,0.0,0.0
924,3569,5.5,0,2.0,0.0,0.0
925,3568,5.5,0,2.0,0.0,0.0
926,3566,5.5,0,2.0,0.0,0.0
927,3565,5.5,0,2.0,0.0,0.0
928,3564,5.5,0,2.0,0.0,0.0
929,3563,5.5,0,2.0,0.0,0.0
930,3562,9.69,0,2.0,0.0,0.0
931,3561,9.69,0,2.0,0.0,0.0
932,3560,9.69,0,2.0,0.0,0.0
933,3560,9.69,0,2.0,0.0,0.0
934,3559,9.69,0,2.0,0.0,0.0
935,3559,9.69,0,2.0,0.0,0.0
936,3559,9.69,0,2.0,0.0,0.0
937,3559,9.69,0,2.0,0.0,0.0
938,3559,9.69,0,2.0,0.0,0.0
939,3559,9.69,0,2.0,0.0,0.0
940,3560,10.73,0,2.0,0.0,0.0
941,3560,10.73,0,2.0,0.0,0.0
942,3561,10.73,0,2.0,0.0,0.0
943,3561,10.73,0,2.0,0.0,0.0
944,3562,10.73,0,2.0,0.0,0.0
945,3563,10.73,0,2.0,0.0,0.0
946,3564,10.73,0,2.0,0.0,0.0
947,3565,10.73,0,2.0,0.0,0.0
948,3567,10.73,0,2.0,0.0,0.0
949,3568,10.73,0,2.0,0.0,0.0
950,3569,8.38,0,2.0,0.0,0.0
951,3571,8.38,0,2.0,0.0,0.0
952,3573,8.38,0,2.0,0.0,0.0
953,3574,8.38,0,2.0,0.0,0.0
954,3576,8.38,0,2.0,0.0,0.0
955,3578,8.38,0,2.0,0.0,0.0
956,3579,8.38,0,2.0,0.0,0.0
957,3581,8.38,0,2.0,0.0,0.0
958,3583,8.38,0,2.0,0.0,0.0
959,3585,8.38,0,2.0,0.0,0.0
960,3587,3.93,0,2.0,0.0,0.0
961,3589,3.93,0,2.0,0.0,0.0
962,3591,3.93,0,2.0,0.0,0.0
963,3593,3.93,0,2.0,0.0,0.0
964,3594,3.93,0,2.0,0.0,0.0
965,3596,3.93,0,2.0,0.0,0.0
966,3598,3.93,0,2.0,0.0,0.0
967,3600,3.93,0,2.0,0.0,0.0
968,3602,3.93,0,2.0,0.0,0.0
969,3604,3.93,0,2.0,0.0,0.0
970,3606,-1.05,0,2.0,0.0,0.0
971,3607,-1.05,0,2.0,0.0,0.0
972,3609,-1.05,0,2.0,0.0,0.0
973,3611,-1.05,0,2.0,0.0,0.0
974,3612,-1.05,0,2.0,0.0,0.0
975,3614,-1.05,0,2.0,0.0,0.0
976,3615,-1.05,0,2.0,0.0,0.0
977,3617,-1.05,0,2.0,0.0,0.0
978,3618,-1.05,0,2.0,0.0,0.0
979,3619,-1.05,0,2.0,0.0,0.0
980,3620,-4.97,0,2.0,0.0,0.0
981,3622,-4.97,0,2.0,0.0,0.0
982,3623,-4.97,0,2.0,0.0,0.0
983,3623,-4.97,0,2.0,0.0,0.0
984,3624,-4.97,0,2.0,0.0,0.0
985,3625,-4.97,0,2.0,0.0,0.0
986,3626,-4.97,0,2.0,0.0,0.0
987,3626,-4.97,0,2.0,0.0,0.0
988,3627,-4.97,0,2.0,0.0,0.0
989,3627,-4.97,0,2.0,0.0,0.0
990,3627,-7.07,0,2.0,0.0,0.0
991,3628,-7.07,0,2.0,0.0,0.0
992,3628,-7.07,0,2.0,0.0,0.0
993,3628,-7.07,0,2.0,0.0,0.0
994,3628,-7.07,0,2.0,0.0,0.0
995,3627,-7.07,0,2.0,0.0,0.0
996,3627,-7.07,0,2.0,0.0,0.0
997,3626,-7.07,0,2.0,0.0,0.0
998,3626,-7.07,0,2.0,0.0,0.0
999,3625,-7.07,0,2.0,0.0,0.0
1000,3625,-6.54,0,2.0,0.0,0.0
1001,3624,-6.54,0,2.0,0.0,0.0
1002,3623,-6.54,0,2.0,0.0,0.0
1003,3622,-6.54,0,2.0,0.0,0.0
1004,3621,-6.54,0,2.0,0.0,0.0
1005,3620,-6.54,0,2.0,0.0,0.0
1006,3619,-6.54,0,2.0,0.0,0.0
1007,3618,-6.54,0,2.0,0.0,0.0
1008,3617,-6.54,0,2.0,0.0,0.0
1009,3616,-6.54,0,2.0,0.0,0.0
1010,3615,-4.19,0,2.0,0.0,0.0
1011,3613,-4.19,0,2.0,0.0,0.0
1012,3612,-4.19,0,2.0,0.0,0.0
1013,3611,-4.19,0,2.0,0.0,0.0
1014,3610,-4.19,0,2.0,0.0,0.0
1015,3608,-4.19,0,2.0,0.0,0.0
1016,3607,-4.19,0,2.0,0.0,0.0
1017,3606,-4.19,0,2.0,0.0,0.0
1018,3605,-4.19,0,2.0,0.0,0.0
1019,3603,-4.19,0,2.0,0.0,0.0
1020,3602,-0.79,0,2.0,0.0,0.0
1021,3601,-0.79,0,2.0,0.0,0.0
1022,3599,-0.79,0,2.0,0.0,0.0
1023,3598,-0.79,0,2.0,0.0,0.0
1024,3597,-0.79,0,2.0,0.0,0.0
1025,3596,-0.79,0,2.0,0.0,0.0
1026,3595,-0.79,0,2.0,0.0,0.0
1027,3594,-0.79,0,2.0,0.0,0.0
1028,3593,-0.79,0,2.0,0.0,0.0
1029,3592,-0.79,0,2.0,0.0,0.0
1030,3591,2.36,0,2.0,0.0,0.0
1031,3590,2.36,0,2.0,0.0,0.0
1032,3589,2.36,0,2.0,0.0,0.0
1033,3588,2.36,0,2.0,0.0,0.0
1034,3587,2.36,0,2.0,0.0,0.0
1035,3586,2.36,0,2.0,0.0,0.0
1036,3586,2.36,0,2.0,0.0,0.0
1037,3585,2.36,0,2.0,0.0,0.0
1038,3585,2.36,0,2.0,0.0,0.0
1039,3584,2.36,0,2.0,0.0,0.0
1040,3584,4.19,0,2.0,0.0,0.0
1041,3584,4.19,0,2.0,0.0,0.0
1042,3583,4.19,0,2.0,0.0,0.0
1043,3583,4.19,0,2.0,0.0,0.0
1044,3583,4.19,0,2.0,0.0,0.0
1045,3583,4.19,0,2.0,0.0,0.0
1046,3583,4.19,0,2.0,0.0,0.0
1047,3583,4.19,0,2.0,0.0,0.0
1048,3583,4.19,0,2.0,0.0,0.0
1049,3583,4.19,0,2.0,0.0,0.0
1050,3583,4.45,0,2.0,0.0,0.0
1051,3583,4.45,0,2.0,0.0,0.0
1052,3583,4.45,0,2.0,0.0,0.0
1053,3583,4.45,0,2.0,0.0,0.0
1054,3584,4.45,0,2.0,0.0,0.0
1055,3584,4.45,0,2.0,0.0,0.0
1056,3584,4.45,0,2.0,0.0,0.0
1057,3585,4.45,0,2.0,0.0,0.0
1058,3585,4.45,0,2.0,0.0,0.0
1059,3586,4.45,0,2.0,0.0,0.0
1060,3586,3.67,0,2.0,0.0,0.0
1061,3587,3.67,0,2.0,0.0,0.0
1062,3587,3.67,0,2.0,0.0,0.0
1063,3588,3.67,0,2.0,0.0,0.0
1064,3589,3.67,0,2.0,0.0,0.0
1065,3589,3.67,0,2.0,0.0,0.0
1066,3590,3.67,0,2.0,0.0,0.0
1067,3591,3.67,0,2.0,0.0,0.0
1068,3592,3.67,0,2.0,0.0,0.0
1069,3592,3.67,0,2.0,0.0,0.0
1070,3593,2.09,0,2.0,0.0,0.0
1071,3594,2.09,0,2.0,0.0,0.0
1072,3595,2.09,0,2.0,0.0,0.0
1073,3595,2.09,0,2.0,0.0,0.0
1074,3596,2.09,0,2.0,0.0,0.0
1075,3597,2.09,0,2.0,0.0,0.0
1076,3598,2.09,0,2.0,0.0,0.0
1077,3598,2.09,0,2.0,0.0,0.0
1078,3599,2.09,0,2.0,0.0,0.0
1079,3600,2.09,0,2.0,0.0,0.0
