TIME,PULSES,CONTROLLERVOLTAGE,CONTROLLER,KP,TAUD,TAUI 
NEXT EXPERIMENT0,0.0,0.0,0.0,1.0,0.0,0.0
1,0.0,0.0,0.0,1.0,0.0,0.0
2,0.0,0.0,0.0,1.0,0.0,0.0
3,0.0,0.0,0.0,1.0,0.0,0.0
4,0.0,0.0,0.0,1.0,0.0,0.0
5,0.0,0.0,0.0,1.0,0.0,0.0
6,0.0,0.0,0.0,1.0,0.0,0.0
7,0.0,0.0,0.0,1.0,0.0,0.0
8,0.0,0.0,0.0,1.0,0.0,0.0
9,0.0,0.0,0.0,1.0,0.0,0.0
10,0.0,471.24,0.0,1.0,0.0,0.0
11,0.0,471.24,0.0,1.0,0.0,0.0
12,0.0,471.24,0.0,1.0,0.0,0.0
13,1.0,471.24,0.0,1.0,0.0,0.0
14,1.0,471.24,0.0,1.0,0.0,0.0
15,2.0,471.24,0.0,1.0,0.0,0.0
16,2.0,471.24,0.0,1.0,0.0,0.0
17,3.0,471.24,0.0,1.0,0.0,0.0
18,4.0,471.24,0.0,1.0,0.0,0.0
19,5.0,471.24,0.0,1.0,0.0,0.0
20,6.0,470.58,0.0,1.0,0.0,0.0
21,8.0,470.58,0.0,1.0,0.0,0.0
22,9.0,470.58,0.0,1.0,0.0,0.0
23,10.0,470.58,0.0,1.0,0.0,0.0
24,12.0,470.58,0.0,1.0,0.0,0.0
25,14.0,470.58,0.0,1.0,0.0,0.0
26,16.0,470.58,0.0,1.0,0.0,0.0
27,17.0,470.58,0.0,1.0,0.0,0.0
28,19.0,470.58,0.0,1.0,0.0,0.0
29,21.0,470.58,0.0,1.0,0.0,0.0
30,23.0,468.49,0.0,1.0,0.0,0.0
31,26.0,468.49,0.0,1.0,0.0,0.0
32,28.0,468.49,0.0,1.0,0.0,0.0
33,30.0,468.49,0.0,1.0,0.0,0.0
34,33.0,468.49,0.0,1.0,0.0,0.0
35,36.0,468.49,0.0,1.0,0.0,0.0
36,38.0,468.49,0.0,1.0,0.0,0.0
37,41.0,468.49,0.0,1.0,0.0,0.0
38,44.0,468.49,0.0,1.0,0.0,0.0
39,46.0,468.49,0.0,1.0,0.0,0.0
40,49.0,465.22,0.0,1.0,0.0,0.0
41,52.0,465.22,0.0,1.0,0.0,0.0
42,55.0,465.22,0.0,1.0,0.0,0.0
43,58.0,465.22,0.0,1.0,0.0,0.0
44,61.0,465.22,0.0,1.0,0.0,0.0
45,64.0,465.22,0.0,1.0,0.0,0.0
46,67.0,465.22,0.0,1.0,0.0,0.0
47,70.0,465.22,0.0,1.0,0.0,0.0
48,73.0,465.22,0.0,1.0,0.0,0.0
49,76.0,465.22,0.0,1.0,0.0,0.0
50,79.0,461.29,0.0,1.0,0.0,0.0
51,82.0,461.29,0.0,1.0,0.0,0.0
52,86.0,461.29,0.0,1.0,0.0,0.0
53,89.0,461.29,0.0,1.0,0.0,0.0
54,92.0,461.29,0.0,1.0,0.0,0.0
55,96.0,461.29,0.0,1.0,0.0,0.0
56,99.0,461.29,0.0,1.0,0.0,0.0
57,102.0,461.29,0.0,1.0,0.0,0.0
58,106.0,461.29,0.0,1.0,0.0,0.0
59,109.0,461.29,0.0,1.0,0.0,0.0
60,113.0,456.84,0.0,1.0,0.0,0.0
61,117.0,456.84,0.0,1.0,0.0,0.0
62,120.0,456.84,0.0,1.0,0.0,0.0
63,125.0,456.84,0.0,1.0,0.0,0.0
64,128.0,456.84,0.0,1.0,0.0,0.0
65,132.0,456.84,0.0,1.0,0.0,0.0
66,136.0,456.84,0.0,1.0,0.0,0.0
67,139.0,456.84,0.0,1.0,0.0,0.0
68,143.0,456.84,0.0,1.0,0.0,0.0
69,147.0,456.84,0.0,1.0,0.0,0.0
70,150.0,452.0,0.0,1.0,0.0,0.0
71,154.0,452.0,0.0,1.0,0.0,0.0
72,158.0,452.0,0.0,1.0,0.0,0.0
73,162.0,452.0,0.0,1.0,0.0,0.0
74,166.0,452.0,0.0,1.0,0.0,0.0
75,170.0,452.0,0.0,1.0,0.0,0.0
76,174.0,452.0,0.0,1.0,0.0,0.0
77,178.0,452.0,0.0,1.0,0.0,0.0
78,182.0,452.0,0.0,1.0,0.0,0.0
79,186.0,452.0,0.0,1.0,0.0,0.0
80,190.0,446.89,0.0,1.0,0.0,0.0
81,194.0,446.89,0.0,1.0,0.0,0.0
82,198.0,446.89,0.0,1.0,0.0,0.0
83,202.0,446.89,0.0,1.0,0.0,0.0
84,206.0,446.89,0.0,1.0,0.0,0.0
85,210.0,446.89,0.0,1.0,0.0,0.0
86,214.0,446.89,0.0,1.0,0.0,0.0
87,218.0,446.89,0.0,1.0,0.0,0.0
88,223.0,446.89,0.0,1.0,0.0,0.0
89,227.0,446.89,0.0,1.0,0.0,0.0
90,231.0,441.52,0.0,1.0,0.0,0.0
91,235.0,441.52,0.0,1.0,0.0,0.0
92,239.0,441.52,0.0,1.0,0.0,0.0
93,243.0,441.52,0.0,1.0,0.0,0.0
94,249.0,441.52,0.0,1.0,0.0,0.0
95,253.0,441.52,0.0,1.0,0.0,0.0
96,257.0,441.52,0.0,1.0,0.0,0.0
97,262.0,441.52,0.0,1.0,0.0,0.0
98,266.0,441.52,0.0,1.0,0.0,0.0
99,270.0,441.52,0.0,1.0,0.0,0.0
100,274.0,435.9,0.0,1.0,0.0,0.0
101,278.0,435.9,0.0,1.0,0.0,0.0
102,282.0,435.9,0.0,1.0,0.0,0.0
103,287.0,435.9,0.0,1.0,0.0,0.0
104,291.0,435.9,0.0,1.0,0.0,0.0
105,296.0,435.9,0.0,1.0,0.0,0.0
106,301.0,435.9,0.0,1.0,0.0,0.0
107,305.0,435.9,0.0,1.0,0.0,0.0
108,309.0,435.9,0.0,1.0,0.0,0.0
109,313.0,435.9,0.0,1.0,0.0,0.0
110,317.0,430.14,0.0,1.0,0.0,0.0
111,322.0,430.14,0.0,1.0,0.0,0.0
112,326.0,430.14,0.0,1.0,0.0,0.0
113,330.0,430.14,0.0,1.0,0.0,0.0
114,334.0,430.14,0.0,1.0,0.0,0.0
115,339.0,430.14,0.0,1.0,0.0,0.0
116,343.0,430.14,0.0,1.0,0.0,0.0
117,347.0,430.14,0.0,1.0,0.0,0.0
118,351.0,430.14,0.0,1.0,0.0,0.0
119,356.0,430.14,0.0,1.0,0.0,0.0
120,361.0,424.51,0.0,1.0,0.0,0.0
121,365.0,424.51,0.0,1.0,0.0,0.0
122,369.0,424.51,0.0,1.0,0.0,0.0
123,373.0,424.51,0.0,1.0,0.0,0.0
124,377.0,424.51,0.0,1.0,0.0,0.0
125,382.0,424.51,0.0,1.0,0.0,0.0
126,386.0,424.51,0.0,1.0,0.0,0.0
127,390.0,424.51,0.0,1.0,0.0,0.0
128,395.0,424.51,0.0,1.0,0.0,0.0
129,400.0,424.51,0.0,1.0,0.0,0.0
130,404.0,418.88,0.0,1.0,0.0,0.0
131,408.0,418.88,0.0,1.0,0.0,0.0
132,413.0,418.88,0.0,1.0,0.0,0.0
133,417.0,418.88,0.0,1.0,0.0,0.0
134,421.0,418.88,0.0,1.0,0.0,0.0
135,425.0,418.88,0.0,1.0,0.0,0.0
136,430.0,418.88,0.0,1.0,0.0,0.0
137,434.0,418.88,0.0,1.0,0.0,0.0
138,438.0,418.88,0.0,1.0,0.0,0.0
139,444.0,418.88,0.0,1.0,0.0,0.0
140,448.0,413.12,0.0,1.0,0.0,0.0
141,453.0,413.12,0.0,1.0,0.0,0.0
142,457.0,413.12,0.0,1.0,0.0,0.0
143,462.0,413.12,0.0,1.0,0.0,0.0
144,466.0,413.12,0.0,1.0,0.0,0.0
145,470.0,413.12,0.0,1.0,0.0,0.0
146,475.0,413.12,0.0,1.0,0.0,0.0
147,479.0,413.12,0.0,1.0,0.0,0.0
148,483.0,413.12,0.0,1.0,0.0,0.0
149,487.0,413.12,0.0,1.0,0.0,0.0
150,492.0,407.36,0.0,1.0,0.0,0.0
151,496.0,407.36,0.0,1.0,0.0,0.0
152,501.0,407.36,0.0,1.0,0.0,0.0
153,506.0,407.36,0.0,1.0,0.0,0.0
154,510.0,407.36,0.0,1.0,0.0,0.0
155,514.0,407.36,0.0,1.0,0.0,0.0
156,519.0,407.36,0.0,1.0,0.0,0.0
157,523.0,407.36,0.0,1.0,0.0,0.0
158,527.0,407.36,0.0,1.0,0.0,0.0
159,532.0,407.36,0.0,1.0,0.0,0.0
160,536.0,401.6,0.0,1.0,0.0,0.0
161,540.0,401.6,0.0,1.0,0.0,0.0
162,545.0,401.6,0.0,1.0,0.0,0.0
163,549.0,401.6,0.0,1.0,0.0,0.0
164,553.0,401.6,0.0,1.0,0.0,0.0
165,558.0,401.6,0.0,1.0,0.0,0.0
166,562.0,401.6,0.0,1.0,0.0,0.0
167,566.0,401.6,0.0,1.0,0.0,0.0
168,571.0,401.6,0.0,1.0,0.0,0.0
169,575.0,401.6,0.0,1.0,0.0,0.0
170,579.0,395.97,0.0,1.0,0.0,0.0
171,584.0,395.97,0.0,1.0,0.0,0.0
172,588.0,395.97,0.0,1.0,0.0,0.0
173,592.0,395.97,0.0,1.0,0.0,0.0
174,597.0,395.97,0.0,1.0,0.0,0.0
175,601.0,395.97,0.0,1.0,0.0,0.0
176,605.0,395.97,0.0,1.0,0.0,0.0
177,610.0,395.97,0.0,1.0,0.0,0.0
178,615.0,395.97,0.0,1.0,0.0,0.0
179,619.0,395.97,0.0,1.0,0.0,0.0
180,624.0,390.08,0.0,1.0,0.0,0.0
181,628.0,390.08,0.0,1.0,0.0,0.0
182,632.0,390.08,0.0,1.0,0.0,0.0
183,636.0,390.08,0.0,1.0,0.0,0.0
184,642.0,390.08,0.0,1.0,0.0,0.0
185,646.0,390.08,0.0,1.0,0.0,0.0
186,651.0,390.08,0.0,1.0,0.0,0.0
187,655.0,390.08,0.0,1.0,0.0,0.0
188,659.0,390.08,0.0,1.0,0.0,0.0
189,665.0,390.08,0.0,1.0,0.0,0.0
190,669.0,384.19,0.0,1.0,0.0,0.0
191,673.0,384.19,0.0,1.0,0.0,0.0
192,678.0,384.19,0.0,1.0,0.0,0.0
193,682.0,384.19,0.0,1.0,0.0,0.0
194,686.0,384.19,0.0,1.0,0.0,0.0
195,691.0,384.19,0.0,1.0,0.0,0.0
196,695.0,384.19,0.0,1.0,0.0,0.0
197,699.0,384.19,0.0,1.0,0.0,0.0
198,702.0,384.19,0.0,1.0,0.0,0.0
199,706.0,384.19,0.0,1.0,0.0,0.0
200,710.0,378.82,0.0,1.0,0.0,0.0
201,715.0,378.82,0.0,1.0,0.0,0.0
202,719.0,378.82,0.0,1.0,0.0,0.0
203,723.0,378.82,0.0,1.0,0.0,0.0
204,728.0,378.82,0.0,1.0,0.0,0.0
205,732.0,378.82,0.0,1.0,0.0,0.0
206,736.0,378.82,0.0,1.0,0.0,0.0
207,741.0,378.82,0.0,1.0,0.0,0.0
208,745.0,378.82,0.0,1.0,0.0,0.0
209,750.0,378.82,0.0,1.0,0.0,0.0
210,749.0,373.06,0.0,1.0,0.0,0.0
211,749.0,373.06,0.0,1.0,0.0,0.0
212,750.0,373.06,0.0,1.0,0.0,0.0
213,755.0,373.06,0.0,1.0,0.0,0.0
214,759.0,373.06,0.0,1.0,0.0,0.0
215,763.0,373.06,0.0,1.0,0.0,0.0
216,768.0,373.06,0.0,1.0,0.0,0.0
217,771.0,373.06,0.0,1.0,0.0,0.0
218,775.0,373.06,0.0,1.0,0.0,0.0
219,780.0,373.06,0.0,1.0,0.0,0.0
220,784.0,369.14,0.0,1.0,0.0,0.0
221,789.0,369.14,0.0,1.0,0.0,0.0
222,793.0,369.14,0.0,1.0,0.0,0.0
223,797.0,369.14,0.0,1.0,0.0,0.0
224,801.0,369.14,0.0,1.0,0.0,0.0
225,806.0,369.14,0.0,1.0,0.0,0.0
226,810.0,369.14,0.0,1.0,0.0,0.0
227,814.0,369.14,0.0,1.0,0.0,0.0
228,820.0,369.14,0.0,1.0,0.0,0.0
229,824.0,369.14,0.0,1.0,0.0,0.0
230,829.0,363.25,0.0,1.0,0.0,0.0
231,833.0,363.25,0.0,1.0,0.0,0.0
232,837.0,363.25,0.0,1.0,0.0,0.0
233,842.0,363.25,0.0,1.0,0.0,0.0
234,847.0,363.25,0.0,1.0,0.0,0.0
235,851.0,363.25,0.0,1.0,0.0,0.0
236,855.0,363.25,0.0,1.0,0.0,0.0
237,860.0,363.25,0.0,1.0,0.0,0.0
238,864.0,363.25,0.0,1.0,0.0,0.0
239,869.0,363.25,0.0,1.0,0.0,0.0
240,874.0,357.36,0.0,1.0,0.0,0.0
241,878.0,357.36,0.0,1.0,0.0,0.0
242,883.0,357.36,0.0,1.0,0.0,0.0
243,887.0,357.36,0.0,1.0,0.0,0.0
244,891.0,357.36,0.0,1.0,0.0,0.0
245,896.0,357.36,0.0,1.0,0.0,0.0
246,900.0,357.36,0.0,1.0,0.0,0.0
247,904.0,357.36,0.0,1.0,0.0,0.0
248,908.0,357.36,0.0,1.0,0.0,0.0
249,913.0,357.36,0.0,1.0,0.0,0.0
250,917.0,351.73,0.0,1.0,0.0,0.0
251,922.0,351.73,0.0,1.0,0.0,0.0
252,926.0,351.73,0.0,1.0,0.0,0.0
253,930.0,351.73,0.0,1.0,0.0,0.0
254,935.0,351.73,0.0,1.0,0.0,0.0
255,939.0,351.73,0.0,1.0,0.0,0.0
256,943.0,351.73,0.0,1.0,0.0,0.0
257,948.0,351.73,0.0,1.0,0.0,0.0
258,953.0,351.73,0.0,1.0,0.0,0.0
259,957.0,351.73,0.0,1.0,0.0,0.0
260,962.0,345.97,0.0,1.0,0.0,0.0
261,967.0,345.97,0.0,1.0,0.0,0.0
262,971.0,345.97,0.0,1.0,0.0,0.0
263,977.0,345.97,0.0,1.0,0.0,0.0
264,981.0,345.97,0.0,1.0,0.0,0.0
265,985.0,345.97,0.0,1.0,0.0,0.0
266,990.0,345.97,0.0,1.0,0.0,0.0
267,994.0,345.97,0.0,1.0,0.0,0.0
268,998.0,345.97,0.0,1.0,0.0,0.0
269,1005.0,345.97,0.0,1.0,0.0,0.0
270,1009.0,339.68,0.0,1.0,0.0,0.0
271,1013.0,339.68,0.0,1.0,0.0,0.0
272,1018.0,339.68,0.0,1.0,0.0,0.0
273,1022.0,339.68,0.0,1.0,0.0,0.0
274,1026.0,339.68,0.0,1.0,0.0,0.0
275,1031.0,339.68,0.0,1.0,0.0,0.0
276,1035.0,339.68,0.0,1.0,0.0,0.0
277,1039.0,339.68,0.0,1.0,0.0,0.0
278,1044.0,339.68,0.0,1.0,0.0,0.0
279,1048.0,339.68,0.0,1.0,0.0,0.0
280,1052.0,334.06,0.0,1.0,0.0,0.0
281,1057.0,334.06,0.0,1.0,0.0,0.0
282,1061.0,334.06,0.0,1.0,0.0,0.0
283,1065.0,334.06,0.0,1.0,0.0,0.0
284,1070.0,334.06,0.0,1.0,0.0,0.0
285,1074.0,334.06,0.0,1.0,0.0,0.0
286,1078.0,334.06,0.0,1.0,0.0,0.0
287,1083.0,334.06,0.0,1.0,0.0,0.0
288,1087.0,334.06,0.0,1.0,0.0,0.0
289,1093.0,334.06,0.0,1.0,0.0,0.0
290,1097.0,328.17,0.0,1.0,0.0,0.0
291,1101.0,328.17,0.0,1.0,0.0,0.0
292,1105.0,328.17,0.0,1.0,0.0,0.0
293,1110.0,328.17,0.0,1.0,0.0,0.0
294,1114.0,328.17,0.0,1.0,0.0,0.0
295,1118.0,328.17,0.0,1.0,0.0,0.0
296,1123.0,328.17,0.0,1.0,0.0,0.0
297,1127.0,328.17,0.0,1.0,0.0,0.0
298,1132.0,328.17,0.0,1.0,0.0,0.0
299,1136.0,328.17,0.0,1.0,0.0,0.0
300,1140.0,322.54,0.0,1.0,0.0,0.0
301,1145.0,322.54,0.0,1.0,0.0,0.0
302,1149.0,322.54,0.0,1.0,0.0,0.0
303,1153.0,322.54,0.0,1.0,0.0,0.0
304,1158.0,322.54,0.0,1.0,0.0,0.0
305,1162.0,322.54,0.0,1.0,0.0,0.0
306,1166.0,322.54,0.0,1.0,0.0,0.0
307,1171.0,322.54,0.0,1.0,0.0,0.0
308,1175.0,322.54,0.0,1.0,0.0,0.0
309,1179.0,322.54,0.0,1.0,0.0,0.0
310,1184.0,316.78,0.0,1.0,0.0,0.0
311,1188.0,316.78,0.0,1.0,0.0,0.0
312,1192.0,316.78,0.0,1.0,0.0,0.0
313,1198.0,316.78,0.0,1.0,0.0,0.0
314,1202.0,316.78,0.0,1.0,0.0,0.0
315,1206.0,316.78,0.0,1.0,0.0,0.0
316,1211.0,316.78,0.0,1.0,0.0,0.0
317,1214.0,316.78,0.0,1.0,0.0,0.0
318,1218.0,316.78,0.0,1.0,0.0,0.0
319,1223.0,316.78,0.0,1.0,0.0,0.0
320,1227.0,311.15,0.0,1.0,0.0,0.0
321,1231.0,311.15,0.0,1.0,0.0,0.0
322,1237.0,311.15,0.0,1.0,0.0,0.0
323,1241.0,311.15,0.0,1.0,0.0,0.0
324,1245.0,311.15,0.0,1.0,0.0,0.0
325,1250.0,311.15,0.0,1.0,0.0,0.0
326,1254.0,311.15,0.0,1.0,0.0,0.0
327,1258.0,311.15,0.0,1.0,0.0,0.0
328,1263.0,311.15,0.0,1.0,0.0,0.0
329,1267.0,311.15,0.0,1.0,0.0,0.0
330,1272.0,305.26,0.0,1.0,0.0,0.0
331,1276.0,305.26,0.0,1.0,0.0,0.0
332,1280.0,305.26,0.0,1.0,0.0,0.0
333,1285.0,305.26,0.0,1.0,0.0,0.0
334,1289.0,305.26,0.0,1.0,0.0,0.0
335,1294.0,305.26,0.0,1.0,0.0,0.0
336,1298.0,305.26,0.0,1.0,0.0,0.0
337,1303.0,305.26,0.0,1.0,0.0,0.0
338,1307.0,305.26,0.0,1.0,0.0,0.0
339,1311.0,305.26,0.0,1.0,0.0,0.0
340,1316.0,299.5,0.0,1.0,0.0,0.0
341,1321.0,299.5,0.0,1.0,0.0,0.0
342,1326.0,299.5,0.0,1.0,0.0,0.0
343,1330.0,299.5,0.0,1.0,0.0,0.0
344,1334.0,299.5,0.0,1.0,0.0,0.0
345,1339.0,299.5,0.0,1.0,0.0,0.0
346,1344.0,299.5,0.0,1.0,0.0,0.0
347,1348.0,299.5,0.0,1.0,0.0,0.0
348,1353.0,299.5,0.0,1.0,0.0,0.0
349,1357.0,299.5,0.0,1.0,0.0,0.0
350,1362.0,293.61,0.0,1.0,0.0,0.0
351,1367.0,293.61,0.0,1.0,0.0,0.0
352,1371.0,293.61,0.0,1.0,0.0,0.0
353,1375.0,293.61,0.0,1.0,0.0,0.0
354,1380.0,293.61,0.0,1.0,0.0,0.0
355,1384.0,293.61,0.0,1.0,0.0,0.0
356,1388.0,293.61,0.0,1.0,0.0,0.0
357,1393.0,293.61,0.0,1.0,0.0,0.0
358,1397.0,293.61,0.0,1.0,0.0,0.0
359,1401.0,293.61,0.0,1.0,0.0,0.0
360,1406.0,287.72,0.0,1.0,0.0,0.0
361,1410.0,287.72,0.0,1.0,0.0,0.0
362,1414.0,287.72,0.0,1.0,0.0,0.0
363,1419.0,287.72,0.0,1.0,0.0,0.0
364,1423.0,287.72,0.0,1.0,0.0,0.0
365,1428.0,287.72,0.0,1.0,0.0,0.0
366,1433.0,287.72,0.0,1.0,0.0,0.0
367,1437.0,287.72,0.0,1.0,0.0,0.0
368,1441.0,287.72,0.0,1.0,0.0,0.0
369,1446.0,287.72,0.0,1.0,0.0,0.0
370,1450.0,281.96,0.0,1.0,0.0,0.0
371,1454.0,281.96,0.0,1.0,0.0,0.0
372,1460.0,281.96,0.0,1.0,0.0,0.0
373,1464.0,281.96,0.0,1.0,0.0,0.0
374,1469.0,281.96,0.0,1.0,0.0,0.0
375,1473.0,281.96,0.0,1.0,0.0,0.0
376,1477.0,281.96,0.0,1.0,0.0,0.0
377,1482.0,281.96,0.0,1.0,0.0,0.0
378,1486.0,281.96,0.0,1.0,0.0,0.0
379,1490.0,281.96,0.0,1.0,0.0,0.0
380,1495.0,276.07,0.0,1.0,0.0,0.0
381,1499.0,276.07,0.0,1.0,0.0,0.0
382,1503.0,276.07,0.0,1.0,0.0,0.0
383,1507.0,276.07,0.0,1.0,0.0,0.0
384,1511.0,276.07,0.0,1.0,0.0,0.0
385,1516.0,276.07,0.0,1.0,0.0,0.0
386,1521.0,276.07,0.0,1.0,0.0,0.0
387,1525.0,276.07,0.0,1.0,0.0,0.0
388,1529.0,276.07,0.0,1.0,0.0,0.0
389,1534.0,276.07,0.0,1.0,0.0,0.0
390,1538.0,270.44,0.0,1.0,0.0,0.0
391,1542.0,270.44,0.0,1.0,0.0,0.0
392,1547.0,270.44,0.0,1.0,0.0,0.0
393,1551.0,270.44,0.0,1.0,0.0,0.0
394,1556.0,270.44,0.0,1.0,0.0,0.0
395,1561.0,270.44,0.0,1.0,0.0,0.0
396,1565.0,270.44,0.0,1.0,0.0,0.0
397,1569.0,270.44,0.0,1.0,0.0,0.0
398,1574.0,270.44,0.0,1.0,0.0,0.0
399,1578.0,270.44,0.0,1.0,0.0,0.0
400,1583.0,264.68,0.0,1.0,0.0,0.0
401,1588.0,264.68,0.0,1.0,0.0,0.0
402,1592.0,264.68,0.0,1.0,0.0,0.0
403,1596.0,264.68,0.0,1.0,0.0,0.0
404,1601.0,264.68,0.0,1.0,0.0,0.0
405,1605.0,264.68,0.0,1.0,0.0,0.0
406,1609.0,264.68,0.0,1.0,0.0,0.0
407,1615.0,264.68,0.0,1.0,0.0,0.0
408,1619.0,264.68,0.0,1.0,0.0,0.0
409,1623.0,264.68,0.0,1.0,0.0,0.0
410,1628.0,258.66,0.0,1.0,0.0,0.0
411,1633.0,258.66,0.0,1.0,0.0,0.0
412,1638.0,258.66,0.0,1.0,0.0,0.0
413,1643.0,258.66,0.0,1.0,0.0,0.0
414,1647.0,258.66,0.0,1.0,0.0,0.0
415,1651.0,258.66,0.0,1.0,0.0,0.0
416,1657.0,258.66,0.0,1.0,0.0,0.0
417,1661.0,258.66,0.0,1.0,0.0,0.0
418,1665.0,258.66,0.0,1.0,0.0,0.0
419,1670.0,258.66,0.0,1.0,0.0,0.0
420,1674.0,252.64,0.0,1.0,0.0,0.0
421,1678.0,252.64,0.0,1.0,0.0,0.0
422,1683.0,252.64,0.0,1.0,0.0,0.0
423,1687.0,252.64,0.0,1.0,0.0,0.0
424,1692.0,252.64,0.0,1.0,0.0,0.0
425,1697.0,252.64,0.0,1.0,0.0,0.0
426,1701.0,252.64,0.0,1.0,0.0,0.0
427,1705.0,252.64,0.0,1.0,0.0,0.0
428,1710.0,252.64,0.0,1.0,0.0,0.0
429,1714.0,252.64,0.0,1.0,0.0,0.0
430,1718.0,246.88,0.0,1.0,0.0,0.0
431,1723.0,246.88,0.0,1.0,0.0,0.0
432,1727.0,246.88,0.0,1.0,0.0,0.0
433,1732.0,246.88,0.0,1.0,0.0,0.0
434,1737.0,246.88,0.0,1.0,0.0,0.0
435,1741.0,246.88,0.0,1.0,0.0,0.0
436,1745.0,246.88,0.0,1.0,0.0,0.0
437,1750.0,246.88,0.0,1.0,0.0,0.0
438,1754.0,246.88,0.0,1.0,0.0,0.0
439,1758.0,246.88,0.0,1.0,0.0,0.0
440,1764.0,240.99,0.0,1.0,0.0,0.0
441,1768.0,240.99,0.0,1.0,0.0,0.0
442,1773.0,240.99,0.0,1.0,0.0,0.0
443,1777.0,240.99,0.0,1.0,0.0,0.0
444,1781.0,240.99,0.0,1.0,0.0,0.0
445,1785.0,240.99,0.0,1.0,0.0,0.0
446,1790.0,240.99,0.0,1.0,0.0,0.0
447,1794.0,240.99,0.0,1.0,0.0,0.0
448,1798.0,240.99,0.0,1.0,0.0,0.0
449,1804.0,240.99,0.0,1.0,0.0,0.0
450,1808.0,235.1,0.0,1.0,0.0,0.0
451,1814.0,235.1,0.0,1.0,0.0,0.0
452,1819.0,235.1,0.0,1.0,0.0,0.0
453,1823.0,235.1,0.0,1.0,0.0,0.0
454,1827.0,235.1,0.0,1.0,0.0,0.0
455,1832.0,235.1,0.0,1.0,0.0,0.0
456,1836.0,235.1,0.0,1.0,0.0,0.0
457,1840.0,235.1,0.0,1.0,0.0,0.0
458,1845.0,235.1,0.0,1.0,0.0,0.0
459,1849.0,235.1,0.0,1.0,0.0,0.0
460,1853.0,229.21,0.0,1.0,0.0,0.0
461,1858.0,229.21,0.0,1.0,0.0,0.0
462,1862.0,229.21,0.0,1.0,0.0,0.0
463,1866.0,229.21,0.0,1.0,0.0,0.0
464,1871.0,229.21,0.0,1.0,0.0,0.0
465,1875.0,229.21,0.0,1.0,0.0,0.0
466,1881.0,229.21,0.0,1.0,0.0,0.0
467,1885.0,229.21,0.0,1.0,0.0,0.0
468,1889.0,229.21,0.0,1.0,0.0,0.0
469,1893.0,229.21,0.0,1.0,0.0,0.0
470,1898.0,223.31,0.0,1.0,0.0,0.0
471,1902.0,223.31,0.0,1.0,0.0,0.0
472,1907.0,223.31,0.0,1.0,0.0,0.0
473,1912.0,223.31,0.0,1.0,0.0,0.0
474,1916.0,223.31,0.0,1.0,0.0,0.0
475,1921.0,223.31,0.0,1.0,0.0,0.0
476,1925.0,223.31,0.0,1.0,0.0,0.0
477,1929.0,223.31,0.0,1.0,0.0,0.0
478,1934.0,223.31,0.0,1.0,0.0,0.0
479,1938.0,223.31,0.0,1.0,0.0,0.0
480,1942.0,217.56,0.0,1.0,0.0,0.0
481,1946.0,217.56,0.0,1.0,0.0,0.0
482,1951.0,217.56,0.0,1.0,0.0,0.0
483,1954.0,217.56,0.0,1.0,0.0,0.0
484,1959.0,217.56,0.0,1.0,0.0,0.0
485,1963.0,217.56,0.0,1.0,0.0,0.0
486,1967.0,217.56,0.0,1.0,0.0,0.0
487,1972.0,217.56,0.0,1.0,0.0,0.0
488,1977.0,217.56,0.0,1.0,0.0,0.0
489,1981.0,217.56,0.0,1.0,0.0,0.0
490,1987.0,211.8,0.0,1.0,0.0,0.0
491,1991.0,211.8,0.0,1.0,0.0,0.0
492,1995.0,211.8,0.0,1.0,0.0,0.0
493,2000.0,211.8,0.0,1.0,0.0,0.0
494,2004.0,211.8,0.0,1.0,0.0,0.0
495,2008.0,211.8,0.0,1.0,0.0,0.0
496,2013.0,211.8,0.0,1.0,0.0,0.0
497,2017.0,211.8,0.0,1.0,0.0,0.0
498,2021.0,211.8,0.0,1.0,0.0,0.0
499,2027.0,211.8,0.0,1.0,0.0,0.0
500,2031.0,205.91,0.0,1.0,0.0,0.0
501,2035.0,205.91,0.0,1.0,0.0,0.0
502,2039.0,205.91,0.0,1.0,0.0,0.0
503,2044.0,205.91,0.0,1.0,0.0,0.0
504,2048.0,205.91,0.0,1.0,0.0,0.0
505,2052.0,205.91,0.0,1.0,0.0,0.0
506,2057.0,205.91,0.0,1.0,0.0,0.0
507,2062.0,205.91,0.0,1.0,0.0,0.0
508,2067.0,205.91,0.0,1.0,0.0,0.0
509,2071.0,205.91,0.0,1.0,0.0,0.0
510,2075.0,200.15,0.0,1.0,0.0,0.0
511,2080.0,200.15,0.0,1.0,0.0,0.0
512,2083.0,200.15,0.0,1.0,0.0,0.0
513,2087.0,200.15,0.0,1.0,0.0,0.0
514,2091.0,200.15,0.0,1.0,0.0,0.0
515,2096.0,200.15,0.0,1.0,0.0,0.0
516,2101.0,200.15,0.0,1.0,0.0,0.0
517,2106.0,200.15,0.0,1.0,0.0,0.0
518,2110.0,200.15,0.0,1.0,0.0,0.0
519,2114.0,200.15,0.0,1.0,0.0,0.0
520,2119.0,194.39,0.0,1.0,0.0,0.0
521,2124.0,194.39,0.0,1.0,0.0,0.0
522,2128.0,194.39,0.0,1.0,0.0,0.0
523,2133.0,194.39,0.0,1.0,0.0,0.0
524,2138.0,194.39,0.0,1.0,0.0,0.0
525,2142.0,194.39,0.0,1.0,0.0,0.0
526,2146.0,194.39,0.0,1.0,0.0,0.0
527,2151.0,194.39,0.0,1.0,0.0,0.0
528,2155.0,194.39,0.0,1.0,0.0,0.0
529,2160.0,194.39,0.0,1.0,0.0,0.0
530,2164.0,188.5,0.0,1.0,0.0,0.0
531,2168.0,188.5,0.0,1.0,0.0,0.0
532,2173.0,188.5,0.0,1.0,0.0,0.0
533,2178.0,188.5,0.0,1.0,0.0,0.0
534,2183.0,188.5,0.0,1.0,0.0,0.0
535,2187.0,188.5,0.0,1.0,0.0,0.0
536,2192.0,188.5,0.0,1.0,0.0,0.0
537,2196.0,188.5,0.0,1.0,0.0,0.0
538,2200.0,188.5,0.0,1.0,0.0,0.0
539,2205.0,188.5,0.0,1.0,0.0,0.0
540,2211.0,182.61,0.0,1.0,0.0,0.0
541,2216.0,182.61,0.0,1.0,0.0,0.0
542,2220.0,182.61,0.0,1.0,0.0,0.0
543,2224.0,182.61,0.0,1.0,0.0,0.0
544,2230.0,182.61,0.0,1.0,0.0,0.0
545,2234.0,182.61,0.0,1.0,0.0,0.0
546,2238.0,182.61,0.0,1.0,0.0,0.0
547,2242.0,182.61,0.0,1.0,0.0,0.0
548,2247.0,182.61,0.0,1.0,0.0,0.0
549,2251.0,182.61,0.0,1.0,0.0,0.0
550,2256.0,176.58,0.0,1.0,0.0,0.0
551,2260.0,176.58,0.0,1.0,0.0,0.0
552,2264.0,176.58,0.0,1.0,0.0,0.0
553,2269.0,176.58,0.0,1.0,0.0,0.0
554,2273.0,176.58,0.0,1.0,0.0,0.0
555,2278.0,176.58,0.0,1.0,0.0,0.0
556,2283.0,176.58,0.0,1.0,0.0,0.0
557,2287.0,176.58,0.0,1.0,0.0,0.0
558,2291.0,176.58,0.0,1.0,0.0,0.0
559,2295.0,176.58,0.0,1.0,0.0,0.0
560,2300.0,170.69,0.0,1.0,0.0,0.0
561,2304.0,170.69,0.0,1.0,0.0,0.0
562,2309.0,170.69,0.0,1.0,0.0,0.0
563,2313.0,170.69,0.0,1.0,0.0,0.0
564,2317.0,170.69,0.0,1.0,0.0,0.0
565,2322.0,170.69,0.0,1.0,0.0,0.0
566,2327.0,170.69,0.0,1.0,0.0,0.0
567,2331.0,170.69,0.0,1.0,0.0,0.0
568,2336.0,170.69,0.0,1.0,0.0,0.0
569,2340.0,170.69,0.0,1.0,0.0,0.0
570,2344.0,164.93,0.0,1.0,0.0,0.0
571,2350.0,164.93,0.0,1.0,0.0,0.0
572,2354.0,164.93,0.0,1.0,0.0,0.0
573,2358.0,164.93,0.0,1.0,0.0,0.0
574,2363.0,164.93,0.0,1.0,0.0,0.0
575,2367.0,164.93,0.0,1.0,0.0,0.0
576,2371.0,164.93,0.0,1.0,0.0,0.0
577,2376.0,164.93,0.0,1.0,0.0,0.0
578,2380.0,164.93,0.0,1.0,0.0,0.0
579,2384.0,164.93,0.0,1.0,0.0,0.0
580,2389.0,159.04,0.0,1.0,0.0,0.0
581,2393.0,159.04,0.0,1.0,0.0,0.0
582,2398.0,159.04,0.0,1.0,0.0,0.0
583,2403.0,159.04,0.0,1.0,0.0,0.0
584,2407.0,159.04,0.0,1.0,0.0,0.0
585,2411.0,159.04,0.0,1.0,0.0,0.0
586,2416.0,159.04,0.0,1.0,0.0,0.0
587,2420.0,159.04,0.0,1.0,0.0,0.0
588,2425.0,159.04,0.0,1.0,0.0,0.0
589,2430.0,159.04,0.0,1.0,0.0,0.0
590,2434.0,153.15,0.0,1.0,0.0,0.0
591,2438.0,153.15,0.0,1.0,0.0,0.0
592,2443.0,153.15,0.0,1.0,0.0,0.0
593,2448.0,153.15,0.0,1.0,0.0,0.0
594,2452.0,153.15,0.0,1.0,0.0,0.0
595,2457.0,153.15,0.0,1.0,0.0,0.0
596,2461.0,153.15,0.0,1.0,0.0,0.0
597,2465.0,153.15,0.0,1.0,0.0,0.0
598,2470.0,153.15,0.0,1.0,0.0,0.0
599,2475.0,153.15,0.0,1.0,0.0,0.0
600,2479.0,147.26,0.0,1.0,0.0,0.0
601,2485.0,147.26,0.0,1.0,0.0,0.0
602,2489.0,147.26,0.0,1.0,0.0,0.0
603,2493.0,147.26,0.0,1.0,0.0,0.0
604,2499.0,147.26,0.0,1.0,0.0,0.0
605,2503.0,147.26,0.0,1.0,0.0,0.0
606,2507.0,147.26,0.0,1.0,0.0,0.0
607,2512.0,147.26,0.0,1.0,0.0,0.0
608,2516.0,147.26,0.0,1.0,0.0,0.0
609,2521.0,147.26,0.0,1.0,0.0,0.0
610,2525.0,141.24,0.0,1.0,0.0,0.0
611,2529.0,141.24,0.0,1.0,0.0,0.0
612,2533.0,141.24,0.0,1.0,0.0,0.0
613,2538.0,141.24,0.0,1.0,0.0,0.0
614,2542.0,141.24,0.0,1.0,0.0,0.0
615,2547.0,141.24,0.0,1.0,0.0,0.0
616,2552.0,141.24,0.0,1.0,0.0,0.0
617,2556.0,141.24,0.0,1.0,0.0,0.0
618,2561.0,141.24,0.0,1.0,0.0,0.0
619,2565.0,141.24,0.0,1.0,0.0,0.0
620,2569.0,135.48,0.0,1.0,0.0,0.0
621,2574.0,135.48,0.0,1.0,0.0,0.0
622,2578.0,135.48,0.0,1.0,0.0,0.0
623,2582.0,135.48,0.0,1.0,0.0,0.0
624,2586.0,135.48,0.0,1.0,0.0,0.0
625,2591.0,135.48,0.0,1.0,0.0,0.0
626,2595.0,135.48,0.0,1.0,0.0,0.0
627,2599.0,135.48,0.0,1.0,0.0,0.0
628,2605.0,135.48,0.0,1.0,0.0,0.0
629,2609.0,135.48,0.0,1.0,0.0,0.0
630,2614.0,129.72,0.0,1.0,0.0,0.0
631,2618.0,129.72,0.0,1.0,0.0,0.0
632,2622.0,129.72,0.0,1.0,0.0,0.0
633,2627.0,129.72,0.0,1.0,0.0,0.0
634,2632.0,129.72,0.0,1.0,0.0,0.0
635,2636.0,129.72,0.0,1.0,0.0,0.0
636,2640.0,129.72,0.0,1.0,0.0,0.0
637,2645.0,129.72,0.0,1.0,0.0,0.0
638,2649.0,129.72,0.0,1.0,0.0,0.0
639,2654.0,129.72,0.0,1.0,0.0,0.0
640,2658.0,123.83,0.0,1.0,0.0,0.0
641,2662.0,123.83,0.0,1.0,0.0,0.0
642,2667.0,123.83,0.0,1.0,0.0,0.0
643,2672.0,123.83,0.0,1.0,0.0,0.0
644,2676.0,123.83,0.0,1.0,0.0,0.0
645,2680.0,123.83,0.0,1.0,0.0,0.0
646,2685.0,123.83,0.0,1.0,0.0,0.0
647,2689.0,123.83,0.0,1.0,0.0,0.0
648,2694.0,123.83,0.0,1.0,0.0,0.0
649,2699.0,123.83,0.0,1.0,0.0,0.0
650,2703.0,117.94,0.0,1.0,0.0,0.0
651,2708.0,117.94,0.0,1.0,0.0,0.0
652,2712.0,117.94,0.0,1.0,0.0,0.0
653,2716.0,117.94,0.0,1.0,0.0,0.0
654,2721.0,117.94,0.0,1.0,0.0,0.0
655,2725.0,117.94,0.0,1.0,0.0,0.0
656,2730.0,117.94,0.0,1.0,0.0,0.0
657,2734.0,117.94,0.0,1.0,0.0,0.0
658,2739.0,117.94,0.0,1.0,0.0,0.0
659,2743.0,117.94,0.0,1.0,0.0,0.0
660,2747.0,112.05,0.0,1.0,0.0,0.0
661,2752.0,112.05,0.0,1.0,0.0,0.0
662,2756.0,112.05,0.0,1.0,0.0,0.0
663,2761.0,112.05,0.0,1.0,0.0,0.0
664,2765.0,112.05,0.0,1.0,0.0,0.0
665,2769.0,112.05,0.0,1.0,0.0,0.0
666,2774.0,112.05,0.0,1.0,0.0,0.0
667,2778.0,112.05,0.0,1.0,0.0,0.0
668,2782.0,112.05,0.0,1.0,0.0,0.0
669,2786.0,112.05,0.0,1.0,0.0,0.0
670,2791.0,106.42,0.0,1.0,0.0,0.0
671,2796.0,106.42,0.0,1.0,0.0,0.0
672,2801.0,106.42,0.0,1.0,0.0,0.0
673,2805.0,106.42,0.0,1.0,0.0,0.0
674,2809.0,106.42,0.0,1.0,0.0,0.0
675,2814.0,106.42,0.0,1.0,0.0,0.0
676,2818.0,106.42,0.0,1.0,0.0,0.0
677,2822.0,106.42,0.0,1.0,0.0,0.0
678,2826.0,106.42,0.0,1.0,0.0,0.0
679,2831.0,106.42,0.0,1.0,0.0,0.0
680,2835.0,100.66,0.0,1.0,0.0,0.0
681,2839.0,100.66,0.0,1.0,0.0,0.0
682,2845.0,100.66,0.0,1.0,0.0,0.0
683,2849.0,100.66,0.0,1.0,0.0,0.0
684,2854.0,100.66,0.0,1.0,0.0,0.0
685,2858.0,100.66,0.0,1.0,0.0,0.0
686,2862.0,100.66,0.0,1.0,0.0,0.0
687,2867.0,100.66,0.0,1.0,0.0,0.0
688,2871.0,100.66,0.0,1.0,0.0,0.0
689,2875.0,100.66,0.0,1.0,0.0,0.0
690,2879.0,94.77,0.0,1.0,0.0,0.0
691,2884.0,94.77,0.0,1.0,0.0,0.0
692,2888.0,94.77,0.0,1.0,0.0,0.0
693,2894.0,94.77,0.0,1.0,0.0,0.0
694,2899.0,94.77,0.0,1.0,0.0,0.0
695,2903.0,94.77,0.0,1.0,0.0,0.0
696,2908.0,94.77,0.0,1.0,0.0,0.0
697,2912.0,94.77,0.0,1.0,0.0,0.0
698,2916.0,94.77,0.0,1.0,0.0,0.0
699,2922.0,94.77,0.0,1.0,0.0,0.0
700,2926.0,88.75,0.0,1.0,0.0,0.0
701,2930.0,88.75,0.0,1.0,0.0,0.0
702,2934.0,88.75,0.0,1.0,0.0,0.0
703,2939.0,88.75,0.0,1.0,0.0,0.0
704,2944.0,88.75,0.0,1.0,0.0,0.0
705,2949.0,88.75,0.0,1.0,0.0,0.0
706,2953.0,88.75,0.0,1.0,0.0,0.0
707,2957.0,88.75,0.0,1.0,0.0,0.0
708,2962.0,88.75,0.0,1.0,0.0,0.0
709,2966.0,88.75,0.0,1.0,0.0,0.0
710,2970.0,82.99,0.0,1.0,0.0,0.0
711,2975.0,82.99,0.0,1.0,0.0,0.0
712,2980.0,82.99,0.0,1.0,0.0,0.0
713,2984.0,82.99,0.0,1.0,0.0,0.0
714,2988.0,82.99,0.0,1.0,0.0,0.0
715,2994.0,82.99,0.0,1.0,0.0,0.0
716,2998.0,82.99,0.0,1.0,0.0,0.0
717,3003.0,82.99,0.0,1.0,0.0,0.0
718,3007.0,82.99,0.0,1.0,0.0,0.0
719,3011.0,82.99,0.0,1.0,0.0,0.0
720,3015.0,76.97,0.0,1.0,0.0,0.0
721,3020.0,76.97,0.0,1.0,0.0,0.0
722,3024.0,76.97,0.0,1.0,0.0,0.0
723,3029.0,76.97,0.0,1.0,0.0,0.0
724,3034.0,76.97,0.0,1.0,0.0,0.0
725,3038.0,76.97,0.0,1.0,0.0,0.0
726,3041.0,76.97,0.0,1.0,0.0,0.0
727,3046.0,76.97,0.0,1.0,0.0,0.0
728,3050.0,76.97,0.0,1.0,0.0,0.0
729,3054.0,76.97,0.0,1.0,0.0,0.0
730,3059.0,71.34,0.0,1.0,0.0,0.0
731,3063.0,71.34,0.0,1.0,0.0,0.0
732,3068.0,71.34,0.0,1.0,0.0,0.0
733,3073.0,71.34,0.0,1.0,0.0,0.0
734,3077.0,71.34,0.0,1.0,0.0,0.0
735,3081.0,71.34,0.0,1.0,0.0,0.0
736,3086.0,71.34,0.0,1.0,0.0,0.0
737,3092.0,71.34,0.0,1.0,0.0,0.0
738,3096.0,71.34,0.0,1.0,0.0,0.0
739,3101.0,71.34,0.0,1.0,0.0,0.0
740,3105.0,65.32,0.0,1.0,0.0,0.0
741,3109.0,65.32,0.0,1.0,0.0,0.0
742,3114.0,65.32,0.0,1.0,0.0,0.0
743,3119.0,65.32,0.0,1.0,0.0,0.0
744,3123.0,65.32,0.0,1.0,0.0,0.0
745,3129.0,65.32,0.0,1.0,0.0,0.0
746,3133.0,65.32,0.0,1.0,0.0,0.0
747,3137.0,65.32,0.0,1.0,0.0,0.0
748,3142.0,65.32,0.0,1.0,0.0,0.0
749,3146.0,65.32,0.0,1.0,0.0,0.0
750,3150.0,59.43,0.0,1.0,0.0,0.0
751,3155.0,59.43,0.0,1.0,0.0,0.0
752,3159.0,59.43,0.0,1.0,0.0,0.0
753,3163.0,59.43,0.0,1.0,0.0,0.0
754,3168.0,59.43,0.0,1.0,0.0,0.0
755,3172.0,59.43,0.0,1.0,0.0,0.0
756,3177.0,59.43,0.0,1.0,0.0,0.0
757,3182.0,59.43,0.0,1.0,0.0,0.0
758,3186.0,59.43,0.0,1.0,0.0,0.0
759,3190.0,59.43,0.0,1.0,0.0,0.0
760,3195.0,53.54,0.0,1.0,0.0,0.0
761,3199.0,53.54,0.0,1.0,0.0,0.0
762,3203.0,53.54,0.0,1.0,0.0,0.0
763,3208.0,53.54,0.0,1.0,0.0,0.0
764,3212.0,53.54,0.0,1.0,0.0,0.0
765,3217.0,53.54,0.0,1.0,0.0,0.0
766,3222.0,53.54,0.0,1.0,0.0,0.0
767,3227.0,53.54,0.0,1.0,0.0,0.0
768,3231.0,53.54,0.0,1.0,0.0,0.0
769,3236.0,53.54,0.0,1.0,0.0,0.0
770,3240.0,47.65,0.0,1.0,0.0,0.0
771,3244.0,47.65,0.0,1.0,0.0,0.0
772,3249.0,47.65,0.0,1.0,0.0,0.0
773,3253.0,47.65,0.0,1.0,0.0,0.0
774,3257.0,47.65,0.0,1.0,0.0,0.0
775,3262.0,47.65,0.0,1.0,0.0,0.0
776,3266.0,47.65,0.0,1.0,0.0,0.0
777,3270.0,47.65,0.0,1.0,0.0,0.0
778,3275.0,47.65,0.0,1.0,0.0,0.0
779,3279.0,47.65,0.0,1.0,0.0,0.0
780,3283.0,42.02,0.0,1.0,0.0,0.0
781,3288.0,42.02,0.0,1.0,0.0,0.0
782,3293.0,42.02,0.0,1.0,0.0,0.0
783,3297.0,42.02,0.0,1.0,0.0,0.0
784,3302.0,42.02,0.0,1.0,0.0,0.0
785,3306.0,42.02,0.0,1.0,0.0,0.0
786,3310.0,42.02,0.0,1.0,0.0,0.0
787,3315.0,42.02,0.0,1.0,0.0,0.0
788,3319.0,42.02,0.0,1.0,0.0,0.0
789,3324.0,42.02,0.0,1.0,0.0,0.0
790,3329.0,36.0,0.0,1.0,0.0,0.0
791,3333.0,36.0,0.0,1.0,0.0,0.0
792,3337.0,36.0,0.0,1.0,0.0,0.0
793,3342.0,36.0,0.0,1.0,0.0,0.0
794,3347.0,36.0,0.0,1.0,0.0,0.0
795,3351.0,36.0,0.0,1.0,0.0,0.0
796,3356.0,36.0,0.0,1.0,0.0,0.0
797,3360.0,36.0,0.0,1.0,0.0,0.0
798,3364.0,36.0,0.0,1.0,0.0,0.0
799,3369.0,36.0,0.0,1.0,0.0,0.0
800,3374.0,30.24,0.0,1.0,0.0,0.0
801,3378.0,30.24,0.0,1.0,0.0,0.0
802,3382.0,30.24,0.0,1.0,0.0,0.0
803,3387.0,30.24,0.0,1.0,0.0,0.0
804,3391.0,30.24,0.0,1.0,0.0,0.0
805,3396.0,30.24,0.0,1.0,0.0,0.0
806,3400.0,30.24,0.0,1.0,0.0,0.0
807,3404.0,30.24,0.0,1.0,0.0,0.0
808,3409.0,30.24,0.0,1.0,0.0,0.0
809,3414.0,30.24,0.0,1.0,0.0,0.0
810,3418.0,24.35,0.0,1.0,0.0,0.0
811,3422.0,24.35,0.0,1.0,0.0,0.0
812,3427.0,24.35,0.0,1.0,0.0,0.0
813,3431.0,24.35,0.0,1.0,0.0,0.0
814,3435.0,24.35,0.0,1.0,0.0,0.0
815,3440.0,24.35,0.0,1.0,0.0,0.0
816,3444.0,24.35,0.0,1.0,0.0,0.0
817,3450.0,24.35,0.0,1.0,0.0,0.0
818,3454.0,24.35,0.0,1.0,0.0,0.0
819,3458.0,24.35,0.0,1.0,0.0,0.0
820,3462.0,18.46,0.0,1.0,0.0,0.0
821,3467.0,18.46,0.0,1.0,0.0,0.0
822,3473.0,18.46,0.0,1.0,0.0,0.0
823,3477.0,18.46,0.0,1.0,0.0,0.0
824,3482.0,18.46,0.0,1.0,0.0,0.0
825,3486.0,18.46,0.0,1.0,0.0,0.0
826,3489.0,18.46,0.0,1.0,0.0,0.0
827,3494.0,18.46,0.0,1.0,0.0,0.0
828,3498.0,18.46,0.0,1.0,0.0,0.0
829,3503.0,18.46,0.0,1.0,0.0,0.0
830,3507.0,12.7,0.0,1.0,0.0,0.0
831,3511.0,12.7,0.0,1.0,0.0,0.0
832,3515.0,12.7,0.0,1.0,0.0,0.0
833,3521.0,12.7,0.0,1.0,0.0,0.0
834,3525.0,12.7,0.0,1.0,0.0,0.0
835,3529.0,12.7,0.0,1.0,0.0,0.0
836,3534.0,12.7,0.0,1.0,0.0,0.0
837,3537.0,12.7,0.0,1.0,0.0,0.0
838,3541.0,12.7,0.0,1.0,0.0,0.0
839,3546.0,12.7,0.0,1.0,0.0,0.0
840,3550.0,7.07,0.0,1.0,0.0,0.0
841,3554.0,7.07,0.0,1.0,0.0,0.0
842,3559.0,7.07,0.0,1.0,0.0,0.0
843,3563.0,7.07,0.0,1.0,0.0,0.0
844,3567.0,7.07,0.0,1.0,0.0,0.0
845,3571.0,7.07,0.0,1.0,0.0,0.0
846,3575.0,7.07,0.0,1.0,0.0,0.0
847,3579.0,7.07,0.0,1.0,0.0,0.0
848,3583.0,7.07,0.0,1.0,0.0,0.0
849,3587.0,7.07,0.0,1.0,0.0,0.0
850,3591.0,1.7,0.0,1.0,0.0,0.0
851,3595.0,1.7,0.0,1.0,0.0,0.0
852,3599.0,1.7,0.0,1.0,0.0,0.0
853,3603.0,1.7,0.0,1.0,0.0,0.0
854,3606.0,1.7,0.0,1.0,0.0,0.0
855,3610.0,1.7,0.0,1.0,0.0,0.0
856,3613.0,1.7,0.0,1.0,0.0,0.0
857,3616.0,1.7,0.0,1.0,0.0,0.0
858,3620.0,1.7,0.0,1.0,0.0,0.0
859,3623.0,1.7,0.0,1.0,0.0,0.0
860,3626.0,-3.01,0.0,1.0,0.0,0.0
861,3629.0,-3.01,0.0,1.0,0.0,0.0
862,3632.0,-3.01,0.0,1.0,0.0,0.0
863,3635.0,-3.01,0.0,1.0,0.0,0.0
864,3638.0,-3.01,0.0,1.0,0.0,0.0
865,3640.0,-3.01,0.0,1.0,0.0,0.0
866,3643.0,-3.01,0.0,1.0,0.0,0.0
867,3645.0,-3.01,0.0,1.0,0.0,0.0
868,3647.0,-3.01,0.0,1.0,0.0,0.0
869,3649.0,-3.01,0.0,1.0,0.0,0.0
870,3651.0,-6.54,0.0,1.0,0.0,0.0
871,3653.0,-6.54,0.0,1.0,0.0,0.0
872,3655.0,-6.54,0.0,1.0,0.0,0.0
873,3657.0,-6.54,0.0,1.0,0.0,0.0
874,3658.0,-6.54,0.0,1.0,0.0,0.0
875,3660.0,-6.54,0.0,1.0,0.0,0.0
876,3661.0,-6.54,0.0,1.0,0.0,0.0
877,3662.0,-6.54,0.0,1.0,0.0,0.0
878,3663.0,-6.54,0.0,1.0,0.0,0.0
879,3664.0,-6.54,0.0,1.0,0.0,0.0
880,3665.0,-8.38,0.0,1.0,0.0,0.0
881,3665.0,-8.38,0.0,1.0,0.0,0.0
882,3666.0,-8.38,0.0,1.0,0.0,0.0
883,3666.0,-8.38,0.0,1.0,0.0,0.0
884,3667.0,-8.38,0.0,1.0,0.0,0.0
885,3667.0,-8.38,0.0,1.0,0.0,0.0
886,3667.0,-8.38,0.0,1.0,0.0,0.0
887,3667.0,-8.38,0.0,1.0,0.0,0.0
888,3667.0,-8.38,0.0,1.0,0.0,0.0
889,3666.0,-8.38,0.0,1.0,0.0,0.0
890,3666.0,-8.64,0.0,1.0,0.0,0.0
891,3665.0,-8.64,0.0,1.0,0.0,0.0
892,3664.0,-8.64,0.0,1.0,0.0,0.0
893,3664.0,-8.64,0.0,1.0,0.0,0.0
894,3663.0,-8.64,0.0,1.0,0.0,0.0
895,3662.0,-8.64,0.0,1.0,0.0,0.0
896,3661.0,-8.64,0.0,1.0,0.0,0.0
897,3660.0,-8.64,0.0,1.0,0.0,0.0
898,3659.0,-8.64,0.0,1.0,0.0,0.0
899,3658.0,-8.64,0.0,1.0,0.0,0.0
900,3656.0,-7.59,0.0,1.0,0.0,0.0
901,3655.0,-7.59,0.0,1.0,0.0,0.0
902,3654.0,-7.59,0.0,1.0,0.0,0.0
903,3652.0,-7.59,0.0,1.0,0.0,0.0
904,3651.0,-7.59,0.0,1.0,0.0,0.0
905,3649.0,-7.59,0.0,1.0,0.0,0.0
906,3648.0,-7.59,0.0,1.0,0.0,0.0
907,3646.0,-7.59,0.0,1.0,0.0,0.0
908,3644.0,-7.59,0.0,1.0,0.0,0.0
909,3643.0,-7.59,0.0,1.0,0.0,0.0
910,3641.0,-5.63,0.0,1.0,0.0,0.0
911,3639.0,-5.63,0.0,1.0,0.0,0.0
912,3638.0,-5.63,0.0,1.0,0.0,0.0
913,3636.0,-5.63,0.0,1.0,0.0,0.0
914,3634.0,-5.63,0.0,1.0,0.0,0.0
915,3632.0,-5.63,0.0,1.0,0.0,0.0
916,3630.0,-5.63,0.0,1.0,0.0,0.0
917,3628.0,-5.63,0.0,1.0,0.0,0.0
918,3627.0,-5.63,0.0,1.0,0.0,0.0
919,3625.0,-5.63,0.0,1.0,0.0,0.0
920,3623.0,-3.27,0.0,1.0,0.0,0.0
921,3621.0,-3.27,0.0,1.0,0.0,0.0
922,3619.0,-3.27,0.0,1.0,0.0,0.0
923,3618.0,-3.27,0.0,1.0,0.0,0.0
924,3616.0,-3.27,0.0,1.0,0.0,0.0
925,3614.0,-3.27,0.0,1.0,0.0,0.0
926,3613.0,-3.27,0.0,1.0,0.0,0.0
927,3611.0,-3.27,0.0,1.0,0.0,0.0
928,3609.0,-3.27,0.0,1.0,0.0,0.0
929,3607.0,-3.27,0.0,1.0,0.0,0.0
930,3606.0,-0.92,0.0,1.0,0.0,0.0
931,3604.0,-0.92,0.0,1.0,0.0,0.0
932,3603.0,-0.92,0.0,1.0,0.0,0.0
933,3601.0,-0.92,0.0,1.0,0.0,0.0
934,3600.0,-0.92,0.0,1.0,0.0,0.0
935,3598.0,-0.92,0.0,1.0,0.0,0.0
936,3597.0,-0.92,0.0,1.0,0.0,0.0
937,3595.0,-0.92,0.0,1.0,0.0,0.0
938,3594.0,-0.92,0.0,1.0,0.0,0.0
939,3593.0,-0.92,0.0,1.0,0.0,0.0
940,3592.0,0.92,0.0,1.0,0.0,0.0
941,3590.0,0.92,0.0,1.0,0.0,0.0
942,3589.0,0.92,0.0,1.0,0.0,0.0
943,3588.0,0.92,0.0,1.0,0.0,0.0
944,3587.0,0.92,0.0,1.0,0.0,0.0
945,3586.0,0.92,0.0,1.0,0.0,0.0
946,3585.0,0.92,0.0,1.0,0.0,0.0
947,3584.0,0.92,0.0,1.0,0.0,0.0
948,3583.0,0.92,0.0,1.0,0.0,0.0
949,3583.0,0.92,0.0,1.0,0.0,0.0
950,3582.0,2.23,0.0,1.0,0.0,0.0
951,3581.0,2.23,0.0,1.0,0.0,0.0
952,3580.0,2.23,0.0,1.0,0.0,0.0
953,3580.0,2.23,0.0,1.0,0.0,0.0
954,3579.0,2.23,0.0,1.0,0.0,0.0
955,3579.0,2.23,0.0,1.0,0.0,0.0
956,3578.0,2.23,0.0,1.0,0.0,0.0
957,3578.0,2.23,0.0,1.0,0.0,0.0
958,3578.0,2.23,0.0,1.0,0.0,0.0
959,3577.0,2.23,0.0,1.0,0.0,0.0
960,3577.0,3.01,0.0,1.0,0.0,0.0
961,3577.0,3.01,0.0,1.0,0.0,0.0
962,3577.0,3.01,0.0,1.0,0.0,0.0
963,3577.0,3.01,0.0,1.0,0.0,0.0
964,3577.0,3.01,0.0,1.0,0.0,0.0
965,3577.0,3.01,0.0,1.0,0.0,0.0
966,3577.0,3.01,0.0,1.0,0.0,0.0
967,3577.0,3.01,0.0,1.0,0.0,0.0
968,3577.0,3.01,0.0,1.0,0.0,0.0
969,3577.0,3.01,0.0,1.0,0.0,0.0
970,3577.0,3.01,0.0,1.0,0.0,0.0
971,3578.0,3.01,0.0,1.0,0.0,0.0
972,3578.0,3.01,0.0,1.0,0.0,0.0
973,3578.0,3.01,0.0,1.0,0.0,0.0
974,3578.0,3.01,0.0,1.0,0.0,0.0
975,3579.0,3.01,0.0,1.0,0.0,0.0
976,3579.0,3.01,0.0,1.0,0.0,0.0
977,3579.0,3.01,0.0,1.0,0.0,0.0
978,3580.0,3.01,0.0,1.0,0.0,0.0
979,3580.0,3.01,0.0,1.0,0.0,0.0
980,3581.0,2.62,0.0,1.0,0.0,0.0
981,3581.0,2.62,0.0,1.0,0.0,0.0
982,3582.0,2.62,0.0,1.0,0.0,0.0
983,3583.0,2.62,0.0,1.0,0.0,0.0
984,3583.0,2.62,0.0,1.0,0.0,0.0
985,3584.0,2.62,0.0,1.0,0.0,0.0
986,3584.0,2.62,0.0,1.0,0.0,0.0
987,3585.0,2.62,0.0,1.0,0.0,0.0
988,3585.0,2.62,0.0,1.0,0.0,0.0
989,3586.0,2.62,0.0,1.0,0.0,0.0
990,3587.0,1.83,0.0,1.0,0.0,0.0
991,3587.0,1.83,0.0,1.0,0.0,0.0
992,3588.0,1.83,0.0,1.0,0.0,0.0
993,3588.0,1.83,0.0,1.0,0.0,0.0
994,3589.0,1.83,0.0,1.0,0.0,0.0
995,3590.0,1.83,0.0,1.0,0.0,0.0
996,3590.0,1.83,0.0,1.0,0.0,0.0
997,3591.0,1.83,0.0,1.0,0.0,0.0
998,3592.0,1.83,0.0,1.0,0.0,0.0
999,3592.0,1.83,0.0,1.0,0.0,0.0
1000,3593.0,1.05,0.0,1.0,0.0,0.0
1001,3593.0,1.05,0.0,1.0,0.0,0.0
1002,3594.0,1.05,0.0,1.0,0.0,0.0
1003,3595.0,1.05,0.0,1.0,0.0,0.0
1004,3595.0,1.05,0.0,1.0,0.0,0.0
1005,3596.0,1.05,0.0,1.0,0.0,0.0
1006,3596.0,1.05,0.0,1.0,0.0,0.0
1007,3597.0,1.05,0.0,1.0,0.0,0.0
1008,3597.0,1.05,0.0,1.0,0.0,0.0
1009,3598.0,1.05,0.0,1.0,0.0,0.0
1010,3598.0,0.26,0.0,1.0,0.0,0.0
1011,3599.0,0.26,0.0,1.0,0.0,0.0
1012,3599.0,0.26,0.0,1.0,0.0,0.0
1013,3600.0,0.26,0.0,1.0,0.0,0.0
1014,3600.0,0.26,0.0,1.0,0.0,0.0
1015,3601.0,0.26,0.0,1.0,0.0,0.0
1016,3601.0,0.26,0.0,1.0,0.0,0.0
1017,3602.0,0.26,0.0,1.0,0.0,0.0
1018,3602.0,0.26,0.0,1.0,0.0,0.0
1019,3602.0,0.26,0.0,1.0,0.0,0.0
1020,3603.0,-0.26,0.0,1.0,0.0,0.0
1021,3603.0,-0.26,0.0,1.0,0.0,0.0
1022,3603.0,-0.26,0.0,1.0,0.0,0.0
1023,3604.0,-0.26,0.0,1.0,0.0,0.0
1024,3604.0,-0.26,0.0,1.0,0.0,0.0
1025,3604.0,-0.26,0.0,1.0,0.0,0.0
1026,3604.0,-0.26,0.0,1.0,0.0,0.0
1027,3605.0,-0.26,0.0,1.0,0.0,0.0
1028,3605.0,-0.26,0.0,1.0,0.0,0.0
1029,3605.0,-0.26,0.0,1.0,0.0,0.0
1030,3605.0,-0.65,0.0,1.0,0.0,0.0
1031,3605.0,-0.65,0.0,1.0,0.0,0.0
1032,3605.0,-0.65,0.0,1.0,0.0,0.0
1033,3606.0,-0.65,0.0,1.0,0.0,0.0
1034,3606.0,-0.65,0.0,1.0,0.0,0.0
1035,3606.0,-0.65,0.0,1.0,0.0,0.0
1036,3606.0,-0.65,0.0,1.0,0.0,0.0
1037,3606.0,-0.65,0.0,1.0,0.0,0.0
1038,3606.0,-0.65,0.0,1.0,0.0,0.0
1039,3606.0,-0.65,0.0,1.0,0.0,0.0
1040,3606.0,-0.79,0.0,1.0,0.0,0.0
1041,3606.0,-0.79,0.0,1.0,0.0,0.0
1042,3606.0,-0.79,0.0,1.0,0.0,0.0
1043,3606.0,-0.79,0.0,1.0,0.0,0.0
1044,3606.0,-0.79,0.0,1.0,0.0,0.0
1045,3606.0,-0.79,0.0,1.0,0.0,0.0
1046,3606.0,-0.79,0.0,1.0,0.0,0.0
1047,3606.0,-0.79,0.0,1.0,0.0,0.0
1048,3606.0,-0.79,0.0,1.0,0.0,0.0
1049,3606.0,-0.79,0.0,1.0,0.0,0.0
1050,3606.0,-0.79,0.0,1.0,0.0,0.0
1051,3606.0,-0.79,0.0,1.0,0.0,0.0
1052,3606.0,-0.79,0.0,1.0,0.0,0.0
1053,3606.0,-0.79,0.0,1.0,0.0,0.0
1054,3606.0,-0.79,0.0,1.0,0.0,0.0
1055,3606.0,-0.79,0.0,1.0,0.0,0.0
1056,3606.0,-0.79,0.0,1.0,0.0,0.0
1057,3606.0,-0.79,0.0,1.0,0.0,0.0
1058,3606.0,-0.79,0.0,1.0,0.0,0.0
1059,3606.0,-0.79,0.0,1.0,0.0,0.0
1060,3606.0,-0.79,0.0,1.0,0.0,0.0
1061,3606.0,-0.79,0.0,1.0,0.0,0.0
1062,3606.0,-0.79,0.0,1.0,0.0,0.0
1063,3606.0,-0.79,0.0,1.0,0.0,0.0
1064,3606.0,-0.79,0.0,1.0,0.0,0.0
1065,3606.0,-0.79,0.0,1.0,0.0,0.0
1066,3606.0,-0.79,0.0,1.0,0.0,0.0
1067,3606.0,-0.79,0.0,1.0,0.0,0.0
1068,3606.0,-0.79,0.0,1.0,0.0,0.0
1069,3606.0,-0.79,0.0,1.0,0.0,0.0
1070,3606.0,-0.79,0.0,1.0,0.0,0.0
1071,3606.0,-0.79,0.0,1.0,0.0,0.0
1072,3606.0,-0.79,0.0,1.0,0.0,0.0
1073,3606.0,-0.79,0.0,1.0,0.0,0.0
1074,3605.0,-0.79,0.0,1.0,0.0,0.0
1075,3605.0,-0.79,0.0,1.0,0.0,0.0
1076,3605.0,-0.79,0.0,1.0,0.0,0.0
1077,3605.0,-0.79,0.0,1.0,0.0,0.0
1078,3605.0,-0.79,0.0,1.0,0.0,0.0
1079,3605.0,-0.79,0.0,1.0,0.0,0.0
1080,3605.0,-0.65,0.0,1.0,0.0,0.0
1081,3605.0,-0.65,0.0,1.0,0.0,0.0
1082,3605.0,-0.65,0.0,1.0,0.0,0.0
1083,3605.0,-0.65,0.0,1.0,0.0,0.0
1084,3605.0,-0.65,0.0,1.0,0.0,0.0
1085,3605.0,-0.65,0.0,1.0,0.0,0.0
1086,3605.0,-0.65,0.0,1.0,0.0,0.0
1087,3605.0,-0.65,0.0,1.0,0.0,0.0
1088,3605.0,-0.65,0.0,1.0,0.0,0.0
1089,3604.0,-0.65,0.0,1.0,0.0,0.0
1090,3604.0,-0.52,0.0,1.0,0.0,0.0
1091,3604.0,-0.52,0.0,1.0,0.0,0.0
1092,3604.0,-0.52,0.0,1.0,0.0,0.0
1093,3604.0,-0.52,0.0,1.0,0.0,0.0
1094,3604.0,-0.52,0.0,1.0,0.0,0.0
1095,3604.0,-0.52,0.0,1.0,0.0,0.0
1096,3604.0,-0.52,0.0,1.0,0.0,0.0
1097,3604.0,-0.52,0.0,1.0,0.0,0.0
1098,3604.0,-0.52,0.0,1.0,0.0,0.0
1099,3604.0,-0.52,0.0,1.0,0.0,0.0
1100,3604.0,-0.52,0.0,1.0,0.0,0.0
1101,3604.0,-0.52,0.0,1.0,0.0,0.0
1102,3604.0,-0.52,0.0,1.0,0.0,0.0
1103,3604.0,-0.52,0.0,1.0,0.0,0.0
1104,3603.0,-0.52,0.0,1.0,0.0,0.0
1105,3603.0,-0.52,0.0,1.0,0.0,0.0
1106,3603.0,-0.52,0.0,1.0,0.0,0.0
1107,3603.0,-0.52,0.0,1.0,0.0,0.0
1108,3603.0,-0.52,0.0,1.0,0.0,0.0
1109,3603.0,-0.52,0.0,1.0,0.0,0.0
1110,3603.0,-0.39,0.0,1.0,0.0,0.0
1111,3603.0,-0.39,0.0,1.0,0.0,0.0
1112,3603.0,-0.39,0.0,1.0,0.0,0.0
1113,3603.0,-0.39,0.0,1.0,0.0,0.0
1114,3603.0,-0.39,0.0,1.0,0.0,0.0
1115,3603.0,-0.39,0.0,1.0,0.0,0.0
1116,3603.0,-0.39,0.0,1.0,0.0,0.0
1117,3603.0,-0.39,0.0,1.0,0.0,0.0
1118,3603.0,-0.39,0.0,1.0,0.0,0.0
1119,3602.0,-0.39,0.0,1.0,0.0,0.0
1120,3602.0,-0.26,0.0,1.0,0.0,0.0
1121,3602.0,-0.26,0.0,1.0,0.0,0.0
1122,3602.0,-0.26,0.0,1.0,0.0,0.0
1123,3602.0,-0.26,0.0,1.0,0.0,0.0
1124,3602.0,-0.26,0.0,1.0,0.0,0.0
1125,3602.0,-0.26,0.0,1.0,0.0,0.0
1126,3602.0,-0.26,0.0,1.0,0.0,0.0
1127,3602.0,-0.26,0.0,1.0,0.0,0.0
1128,3602.0,-0.26,0.0,1.0,0.0,0.0
1129,3602.0,-0.26,0.0,1.0,0.0,0.0
1130,3602.0,-0.26,0.0,1.0,0.0,0.0
1131,3602.0,-0.26,0.0,1.0,0.0,0.0
1132,3602.0,-0.26,0.0,1.0,0.0,0.0
1133,3602.0,-0.26,0.0,1.0,0.0,0.0
1134,3602.0,-0.26,0.0,1.0,0.0,0.0
1135,3602.0,-0.26,0.0,1.0,0.0,0.0
1136,3602.0,-0.26,0.0,1.0,0.0,0.0
1137,3602.0,-0.26,0.0,1.0,0.0,0.0
1138,3602.0,-0.26,0.0,1.0,0.0,0.0
1139,3602.0,-0.26,0.0,1.0,0.0,0.0
1140,3602.0,-0.26,0.0,1.0,0.0,0.0
1141,3602.0,-0.26,0.0,1.0,0.0,0.0
1142,3602.0,-0.26,0.0,1.0,0.0,0.0
1143,3602.0,-0.26,0.0,1.0,0.0,0.0
1144,3602.0,-0.26,0.0,1.0,0.0,0.0
1145,3602.0,-0.26,0.0,1.0,0.0,0.0
1146,3602.0,-0.26,0.0,1.0,0.0,0.0
1147,3602.0,-0.26,0.0,1.0,0.0,0.0
1148,3602.0,-0.26,0.0,1.0,0.0,0.0
1149,3602.0,-0.26,0.0,1.0,0.0,0.0
1150,3602.0,-0.26,0.0,1.0,0.0,0.0
1151,3602.0,-0.26,0.0,1.0,0.0,0.0
1152,3602.0,-0.26,0.0,1.0,0.0,0.0
1153,3602.0,-0.26,0.0,1.0,0.0,0.0
1154,3601.0,-0.26,0.0,1.0,0.0,0.0
1155,3601.0,-0.26,0.0,1.0,0.0,0.0
1156,3601.0,-0.26,0.0,1.0,0.0,0.0
1157,3601.0,-0.26,0.0,1.0,0.0,0.0
1158,3601.0,-0.26,0.0,1.0,0.0,0.0
1159,3601.0,-0.26,0.0,1.0,0.0,0.0
