TIME,PULSES,CONTROLLERVOLTAGE,CONTROLLER,KP,TAUD,TAUI 
NEXT EXPERIMENT0,0.0,0.07,1.0,2.0,0.01,0.0
1,0.0,0.07,1.0,2.0,0.01,0.0
2,0.0,0.07,1.0,2.0,0.01,0.0
3,0.0,0.07,1.0,2.0,0.01,0.0
4,0.0,0.07,1.0,2.0,0.01,0.0
5,0.0,0.07,1.0,2.0,0.01,0.0
6,0.0,0.07,1.0,2.0,0.01,0.0
7,0.0,0.07,1.0,2.0,0.01,0.0
8,0.0,0.07,1.0,2.0,0.01,0.0
9,0.0,0.07,1.0,2.0,0.01,0.0
10,0.0,942.48,1.0,2.0,0.01,0.0
11,0.0,942.48,1.0,2.0,0.01,0.0
12,0.0,942.48,1.0,2.0,0.01,0.0
13,0.0,942.48,1.0,2.0,0.01,0.0
14,1.0,942.48,1.0,2.0,0.01,0.0
15,1.0,942.48,1.0,2.0,0.01,0.0
16,2.0,942.48,1.0,2.0,0.01,0.0
17,3.0,942.48,1.0,2.0,0.01,0.0
18,4.0,942.48,1.0,2.0,0.01,0.0
19,5.0,942.48,1.0,2.0,0.01,0.0
20,6.0,939.86,1.0,2.0,0.01,0.0
21,8.0,939.86,1.0,2.0,0.01,0.0
22,9.0,939.86,1.0,2.0,0.01,0.0
23,11.0,939.86,1.0,2.0,0.01,0.0
24,12.0,939.86,1.0,2.0,0.01,0.0
25,14.0,939.86,1.0,2.0,0.01,0.0
26,15.0,939.86,1.0,2.0,0.01,0.0
27,18.0,939.86,1.0,2.0,0.01,0.0
28,19.0,939.86,1.0,2.0,0.01,0.0
29,22.0,939.86,1.0,2.0,0.01,0.0
30,24.0,932.27,1.0,2.0,0.01,0.0
31,26.0,932.27,1.0,2.0,0.01,0.0
32,28.0,932.27,1.0,2.0,0.01,0.0
33,30.0,932.27,1.0,2.0,0.01,0.0
34,33.0,932.27,1.0,2.0,0.01,0.0
35,35.0,932.27,1.0,2.0,0.01,0.0
36,38.0,932.27,1.0,2.0,0.01,0.0
37,40.0,932.27,1.0,2.0,0.01,0.0
38,43.0,932.27,1.0,2.0,0.01,0.0
39,46.0,932.27,1.0,2.0,0.01,0.0
40,48.0,924.15,1.0,2.0,0.01,0.0
41,51.0,924.15,1.0,2.0,0.01,0.0
42,54.0,924.15,1.0,2.0,0.01,0.0
43,57.0,924.15,1.0,2.0,0.01,0.0
44,60.0,924.15,1.0,2.0,0.01,0.0
45,63.0,924.15,1.0,2.0,0.01,0.0
46,66.0,924.15,1.0,2.0,0.01,0.0
47,69.0,924.15,1.0,2.0,0.01,0.0
48,72.0,924.15,1.0,2.0,0.01,0.0
49,75.0,924.15,1.0,2.0,0.01,0.0
50,79.0,914.73,1.0,2.0,0.01,0.0
51,82.0,914.73,1.0,2.0,0.01,0.0
52,85.0,914.73,1.0,2.0,0.01,0.0
53,88.0,914.73,1.0,2.0,0.01,0.0
54,92.0,914.73,1.0,2.0,0.01,0.0
55,95.0,914.73,1.0,2.0,0.01,0.0
56,98.0,914.73,1.0,2.0,0.01,0.0
57,102.0,914.73,1.0,2.0,0.01,0.0
58,105.0,914.73,1.0,2.0,0.01,0.0
59,109.0,914.73,1.0,2.0,0.01,0.0
60,112.0,905.3,1.0,2.0,0.01,0.0
61,116.0,905.3,1.0,2.0,0.01,0.0
62,119.0,905.3,1.0,2.0,0.01,0.0
63,123.0,905.3,1.0,2.0,0.01,0.0
64,127.0,905.3,1.0,2.0,0.01,0.0
65,130.0,905.3,1.0,2.0,0.01,0.0
66,134.0,905.3,1.0,2.0,0.01,0.0
67,138.0,905.3,1.0,2.0,0.01,0.0
68,141.0,905.3,1.0,2.0,0.01,0.0
69,145.0,905.3,1.0,2.0,0.01,0.0
70,149.0,895.09,1.0,2.0,0.01,0.0
71,152.0,895.09,1.0,2.0,0.01,0.0
72,156.0,895.09,1.0,2.0,0.01,0.0
73,160.0,895.09,1.0,2.0,0.01,0.0
74,165.0,895.09,1.0,2.0,0.01,0.0
75,169.0,895.09,1.0,2.0,0.01,0.0
76,173.0,895.09,1.0,2.0,0.01,0.0
77,177.0,895.09,1.0,2.0,0.01,0.0
78,180.0,895.09,1.0,2.0,0.01,0.0
79,184.0,895.09,1.0,2.0,0.01,0.0
80,188.0,883.57,1.0,2.0,0.01,0.0
81,192.0,883.57,1.0,2.0,0.01,0.0
82,196.0,883.57,1.0,2.0,0.01,0.0
83,200.0,883.57,1.0,2.0,0.01,0.0
84,204.0,883.57,1.0,2.0,0.01,0.0
85,209.0,883.57,1.0,2.0,0.01,0.0
86,213.0,883.57,1.0,2.0,0.01,0.0
87,217.0,883.57,1.0,2.0,0.01,0.0
88,221.0,883.57,1.0,2.0,0.01,0.0
89,225.0,883.57,1.0,2.0,0.01,0.0
90,229.0,873.1,1.0,2.0,0.01,0.0
91,233.0,873.1,1.0,2.0,0.01,0.0
92,237.0,873.1,1.0,2.0,0.01,0.0
93,242.0,873.1,1.0,2.0,0.01,0.0
94,246.0,873.1,1.0,2.0,0.01,0.0
95,250.0,873.1,1.0,2.0,0.01,0.0
96,254.0,873.1,1.0,2.0,0.01,0.0
97,258.0,873.1,1.0,2.0,0.01,0.0
98,264.0,873.1,1.0,2.0,0.01,0.0
99,268.0,873.1,1.0,2.0,0.01,0.0
100,272.0,861.06,1.0,2.0,0.01,0.0
101,276.0,861.06,1.0,2.0,0.01,0.0
102,280.0,861.06,1.0,2.0,0.01,0.0
103,284.0,861.06,1.0,2.0,0.01,0.0
104,289.0,861.06,1.0,2.0,0.01,0.0
105,293.0,861.06,1.0,2.0,0.01,0.0
106,298.0,861.06,1.0,2.0,0.01,0.0
107,302.0,861.06,1.0,2.0,0.01,0.0
108,307.0,861.06,1.0,2.0,0.01,0.0
109,311.0,861.06,1.0,2.0,0.01,0.0
110,316.0,849.28,1.0,2.0,0.01,0.0
111,321.0,849.28,1.0,2.0,0.01,0.0
112,325.0,849.28,1.0,2.0,0.01,0.0
113,329.0,849.28,1.0,2.0,0.01,0.0
114,333.0,849.28,1.0,2.0,0.01,0.0
115,337.0,849.28,1.0,2.0,0.01,0.0
116,342.0,849.28,1.0,2.0,0.01,0.0
117,346.0,849.28,1.0,2.0,0.01,0.0
118,350.0,849.28,1.0,2.0,0.01,0.0
119,354.0,849.28,1.0,2.0,0.01,0.0
120,358.0,838.28,1.0,2.0,0.01,0.0
121,364.0,838.28,1.0,2.0,0.01,0.0
122,368.0,838.28,1.0,2.0,0.01,0.0
123,372.0,838.28,1.0,2.0,0.01,0.0
124,377.0,838.28,1.0,2.0,0.01,0.0
125,381.0,838.28,1.0,2.0,0.01,0.0
126,385.0,838.28,1.0,2.0,0.01,0.0
127,390.0,838.28,1.0,2.0,0.01,0.0
128,395.0,838.28,1.0,2.0,0.01,0.0
129,399.0,838.28,1.0,2.0,0.01,0.0
130,403.0,826.5,1.0,2.0,0.01,0.0
131,408.0,826.5,1.0,2.0,0.01,0.0
132,413.0,826.5,1.0,2.0,0.01,0.0
133,418.0,826.5,1.0,2.0,0.01,0.0
134,422.0,826.5,1.0,2.0,0.01,0.0
135,427.0,826.5,1.0,2.0,0.01,0.0
136,431.0,826.5,1.0,2.0,0.01,0.0
137,435.0,826.5,1.0,2.0,0.01,0.0
138,439.0,826.5,1.0,2.0,0.01,0.0
139,443.0,826.5,1.0,2.0,0.01,0.0
140,448.0,814.46,1.0,2.0,0.01,0.0
141,452.0,814.46,1.0,2.0,0.01,0.0
142,456.0,814.46,1.0,2.0,0.01,0.0
143,461.0,814.46,1.0,2.0,0.01,0.0
144,466.0,814.46,1.0,2.0,0.01,0.0
145,470.0,814.46,1.0,2.0,0.01,0.0
146,475.0,814.46,1.0,2.0,0.01,0.0
147,479.0,814.46,1.0,2.0,0.01,0.0
148,484.0,814.46,1.0,2.0,0.01,0.0
149,488.0,814.46,1.0,2.0,0.01,0.0
150,493.0,802.68,1.0,2.0,0.01,0.0
151,497.0,802.68,1.0,2.0,0.01,0.0
152,501.0,802.68,1.0,2.0,0.01,0.0
153,506.0,802.68,1.0,2.0,0.01,0.0
154,510.0,802.68,1.0,2.0,0.01,0.0
155,514.0,802.68,1.0,2.0,0.01,0.0
156,519.0,802.68,1.0,2.0,0.01,0.0
157,523.0,802.68,1.0,2.0,0.01,0.0
158,527.0,802.68,1.0,2.0,0.01,0.0
159,532.0,802.68,1.0,2.0,0.01,0.0
160,536.0,791.94,1.0,2.0,0.01,0.0
161,540.0,791.94,1.0,2.0,0.01,0.0
162,544.0,791.94,1.0,2.0,0.01,0.0
163,549.0,791.94,1.0,2.0,0.01,0.0
164,554.0,791.94,1.0,2.0,0.01,0.0
165,558.0,791.94,1.0,2.0,0.01,0.0
166,564.0,791.94,1.0,2.0,0.01,0.0
167,568.0,791.94,1.0,2.0,0.01,0.0
168,572.0,791.94,1.0,2.0,0.01,0.0
169,577.0,791.94,1.0,2.0,0.01,0.0
170,582.0,779.64,1.0,2.0,0.01,0.0
171,586.0,779.64,1.0,2.0,0.01,0.0
172,592.0,779.64,1.0,2.0,0.01,0.0
173,596.0,779.64,1.0,2.0,0.01,0.0
174,600.0,779.64,1.0,2.0,0.01,0.0
175,605.0,779.64,1.0,2.0,0.01,0.0
176,609.0,779.64,1.0,2.0,0.01,0.0
177,613.0,779.64,1.0,2.0,0.01,0.0
178,618.0,779.64,1.0,2.0,0.01,0.0
179,619.0,779.64,1.0,2.0,0.01,0.0
180,622.0,769.43,1.0,2.0,0.01,0.0
181,627.0,769.43,1.0,2.0,0.01,0.0
182,631.0,769.43,1.0,2.0,0.01,0.0
183,635.0,769.43,1.0,2.0,0.01,0.0
184,639.0,769.43,1.0,2.0,0.01,0.0
185,644.0,769.43,1.0,2.0,0.01,0.0
186,648.0,769.43,1.0,2.0,0.01,0.0
187,653.0,769.43,1.0,2.0,0.01,0.0
188,659.0,769.43,1.0,2.0,0.01,0.0
189,663.0,769.43,1.0,2.0,0.01,0.0
190,665.0,756.86,1.0,2.0,0.01,0.0
191,665.0,756.86,1.0,2.0,0.01,0.0
192,665.0,756.86,1.0,2.0,0.01,0.0
193,669.0,756.86,1.0,2.0,0.01,0.0
194,674.0,756.86,1.0,2.0,0.01,0.0
195,678.0,756.86,1.0,2.0,0.01,0.0
196,682.0,756.86,1.0,2.0,0.01,0.0
197,687.0,756.86,1.0,2.0,0.01,0.0
198,691.0,756.86,1.0,2.0,0.01,0.0
199,695.0,756.86,1.0,2.0,0.01,0.0
200,700.0,751.89,1.0,2.0,0.01,0.0
201,704.0,751.89,1.0,2.0,0.01,0.0
202,708.0,751.89,1.0,2.0,0.01,0.0
203,714.0,751.89,1.0,2.0,0.01,0.0
204,718.0,751.89,1.0,2.0,0.01,0.0
205,723.0,751.89,1.0,2.0,0.01,0.0
206,728.0,751.89,1.0,2.0,0.01,0.0
207,732.0,751.89,1.0,2.0,0.01,0.0
208,736.0,751.89,1.0,2.0,0.01,0.0
209,741.0,751.89,1.0,2.0,0.01,0.0
210,745.0,736.7,1.0,2.0,0.01,0.0
211,749.0,736.7,1.0,2.0,0.01,0.0
212,754.0,736.7,1.0,2.0,0.01,0.0
213,758.0,736.7,1.0,2.0,0.01,0.0
214,762.0,736.7,1.0,2.0,0.01,0.0
215,767.0,736.7,1.0,2.0,0.01,0.0
216,771.0,736.7,1.0,2.0,0.01,0.0
217,775.0,736.7,1.0,2.0,0.01,0.0
218,780.0,736.7,1.0,2.0,0.01,0.0
219,784.0,736.7,1.0,2.0,0.01,0.0
220,789.0,725.97,1.0,2.0,0.01,0.0
221,794.0,725.97,1.0,2.0,0.01,0.0
222,798.0,725.97,1.0,2.0,0.01,0.0
223,802.0,725.97,1.0,2.0,0.01,0.0
224,807.0,725.97,1.0,2.0,0.01,0.0
225,811.0,725.97,1.0,2.0,0.01,0.0
226,815.0,725.97,1.0,2.0,0.01,0.0
227,821.0,725.97,1.0,2.0,0.01,0.0
228,825.0,725.97,1.0,2.0,0.01,0.0
229,829.0,725.97,1.0,2.0,0.01,0.0
230,833.0,713.14,1.0,2.0,0.01,0.0
231,839.0,713.14,1.0,2.0,0.01,0.0
232,843.0,713.14,1.0,2.0,0.01,0.0
233,848.0,713.14,1.0,2.0,0.01,0.0
234,852.0,713.14,1.0,2.0,0.01,0.0
235,856.0,713.14,1.0,2.0,0.01,0.0
236,861.0,713.14,1.0,2.0,0.01,0.0
237,865.0,713.14,1.0,2.0,0.01,0.0
238,869.0,713.14,1.0,2.0,0.01,0.0
239,873.0,713.14,1.0,2.0,0.01,0.0
240,878.0,702.15,1.0,2.0,0.01,0.0
241,882.0,702.15,1.0,2.0,0.01,0.0
242,887.0,702.15,1.0,2.0,0.01,0.0
243,892.0,702.15,1.0,2.0,0.01,0.0
244,896.0,702.15,1.0,2.0,0.01,0.0
245,901.0,702.15,1.0,2.0,0.01,0.0
246,905.0,702.15,1.0,2.0,0.01,0.0
247,909.0,702.15,1.0,2.0,0.01,0.0
248,915.0,702.15,1.0,2.0,0.01,0.0
249,919.0,702.15,1.0,2.0,0.01,0.0
250,923.0,690.1,1.0,2.0,0.01,0.0
251,928.0,690.1,1.0,2.0,0.01,0.0
252,933.0,690.1,1.0,2.0,0.01,0.0
253,937.0,690.1,1.0,2.0,0.01,0.0
254,941.0,690.1,1.0,2.0,0.01,0.0
255,948.0,690.1,1.0,2.0,0.01,0.0
256,952.0,690.1,1.0,2.0,0.01,0.0
257,957.0,690.1,1.0,2.0,0.01,0.0
258,961.0,690.1,1.0,2.0,0.01,0.0
259,966.0,690.1,1.0,2.0,0.01,0.0
260,970.0,677.28,1.0,2.0,0.01,0.0
261,975.0,677.28,1.0,2.0,0.01,0.0
262,979.0,677.28,1.0,2.0,0.01,0.0
263,983.0,677.28,1.0,2.0,0.01,0.0
264,988.0,677.28,1.0,2.0,0.01,0.0
265,992.0,677.28,1.0,2.0,0.01,0.0
266,996.0,677.28,1.0,2.0,0.01,0.0
267,1001.0,677.28,1.0,2.0,0.01,0.0
268,1005.0,677.28,1.0,2.0,0.01,0.0
269,1009.0,677.28,1.0,2.0,0.01,0.0
270,1015.0,666.54,1.0,2.0,0.01,0.0
271,1019.0,666.54,1.0,2.0,0.01,0.0
272,1022.0,666.54,1.0,2.0,0.01,0.0
273,1027.0,666.54,1.0,2.0,0.01,0.0
274,1031.0,666.54,1.0,2.0,0.01,0.0
275,1036.0,666.54,1.0,2.0,0.01,0.0
276,1041.0,666.54,1.0,2.0,0.01,0.0
277,1045.0,666.54,1.0,2.0,0.01,0.0
278,1049.0,666.54,1.0,2.0,0.01,0.0
279,1054.0,666.54,1.0,2.0,0.01,0.0
280,1058.0,655.02,1.0,2.0,0.01,0.0
281,1062.0,655.02,1.0,2.0,0.01,0.0
282,1067.0,655.02,1.0,2.0,0.01,0.0
283,1070.0,655.02,1.0,2.0,0.01,0.0
284,1074.0,655.02,1.0,2.0,0.01,0.0
285,1079.0,655.02,1.0,2.0,0.01,0.0
286,1082.0,655.02,1.0,2.0,0.01,0.0
287,1086.0,655.02,1.0,2.0,0.01,0.0
288,1091.0,655.02,1.0,2.0,0.01,0.0
289,1095.0,655.02,1.0,2.0,0.01,0.0
290,1099.0,645.07,1.0,2.0,0.01,0.0
291,1104.0,645.07,1.0,2.0,0.01,0.0
292,1109.0,645.07,1.0,2.0,0.01,0.0
293,1113.0,645.07,1.0,2.0,0.01,0.0
294,1118.0,645.07,1.0,2.0,0.01,0.0
295,1122.0,645.07,1.0,2.0,0.01,0.0
296,1126.0,645.07,1.0,2.0,0.01,0.0
297,1131.0,645.07,1.0,2.0,0.01,0.0
298,1135.0,645.07,1.0,2.0,0.01,0.0
299,1139.0,645.07,1.0,2.0,0.01,0.0
300,1144.0,632.25,1.0,2.0,0.01,0.0
301,1148.0,632.25,1.0,2.0,0.01,0.0
302,1152.0,632.25,1.0,2.0,0.01,0.0
303,1158.0,632.25,1.0,2.0,0.01,0.0
304,1162.0,632.25,1.0,2.0,0.01,0.0
305,1166.0,632.25,1.0,2.0,0.01,0.0
306,1171.0,632.25,1.0,2.0,0.01,0.0
307,1175.0,632.25,1.0,2.0,0.01,0.0
308,1179.0,632.25,1.0,2.0,0.01,0.0
309,1183.0,632.25,1.0,2.0,0.01,0.0
310,1188.0,620.99,1.0,2.0,0.01,0.0
311,1192.0,620.99,1.0,2.0,0.01,0.0
312,1197.0,620.99,1.0,2.0,0.01,0.0
313,1201.0,620.99,1.0,2.0,0.01,0.0
314,1205.0,620.99,1.0,2.0,0.01,0.0
315,1210.0,620.99,1.0,2.0,0.01,0.0
316,1214.0,620.99,1.0,2.0,0.01,0.0
317,1218.0,620.99,1.0,2.0,0.01,0.0
318,1222.0,620.99,1.0,2.0,0.01,0.0
319,1227.0,620.99,1.0,2.0,0.01,0.0
320,1231.0,609.99,1.0,2.0,0.01,0.0
321,1236.0,609.99,1.0,2.0,0.01,0.0
322,1241.0,609.99,1.0,2.0,0.01,0.0
323,1245.0,609.99,1.0,2.0,0.01,0.0
324,1249.0,609.99,1.0,2.0,0.01,0.0
325,1255.0,609.99,1.0,2.0,0.01,0.0
326,1259.0,609.99,1.0,2.0,0.01,0.0
327,1263.0,609.99,1.0,2.0,0.01,0.0
328,1268.0,609.99,1.0,2.0,0.01,0.0
329,1272.0,609.99,1.0,2.0,0.01,0.0
330,1276.0,597.69,1.0,2.0,0.01,0.0
331,1280.0,597.69,1.0,2.0,0.01,0.0
332,1284.0,597.69,1.0,2.0,0.01,0.0
333,1288.0,597.69,1.0,2.0,0.01,0.0
334,1293.0,597.69,1.0,2.0,0.01,0.0
335,1297.0,597.69,1.0,2.0,0.01,0.0
336,1302.0,597.69,1.0,2.0,0.01,0.0
337,1307.0,597.69,1.0,2.0,0.01,0.0
338,1311.0,597.69,1.0,2.0,0.01,0.0
339,1315.0,597.69,1.0,2.0,0.01,0.0
340,1320.0,586.43,1.0,2.0,0.01,0.0
341,1324.0,586.43,1.0,2.0,0.01,0.0
342,1328.0,586.43,1.0,2.0,0.01,0.0
343,1333.0,586.43,1.0,2.0,0.01,0.0
344,1337.0,586.43,1.0,2.0,0.01,0.0
345,1341.0,586.43,1.0,2.0,0.01,0.0
346,1346.0,586.43,1.0,2.0,0.01,0.0
347,1350.0,586.43,1.0,2.0,0.01,0.0
348,1354.0,586.43,1.0,2.0,0.01,0.0
349,1360.0,586.43,1.0,2.0,0.01,0.0
350,1364.0,574.91,1.0,2.0,0.01,0.0
351,1368.0,574.91,1.0,2.0,0.01,0.0
352,1372.0,574.91,1.0,2.0,0.01,0.0
353,1377.0,574.91,1.0,2.0,0.01,0.0
354,1381.0,574.91,1.0,2.0,0.01,0.0
355,1387.0,574.91,1.0,2.0,0.01,0.0
356,1391.0,574.91,1.0,2.0,0.01,0.0
357,1395.0,574.91,1.0,2.0,0.01,0.0
358,1399.0,574.91,1.0,2.0,0.01,0.0
359,1404.0,574.91,1.0,2.0,0.01,0.0
360,1408.0,563.39,1.0,2.0,0.01,0.0
361,1412.0,563.39,1.0,2.0,0.01,0.0
362,1417.0,563.39,1.0,2.0,0.01,0.0
363,1421.0,563.39,1.0,2.0,0.01,0.0
364,1426.0,563.39,1.0,2.0,0.01,0.0
365,1431.0,563.39,1.0,2.0,0.01,0.0
366,1435.0,563.39,1.0,2.0,0.01,0.0
367,1440.0,563.39,1.0,2.0,0.01,0.0
368,1444.0,563.39,1.0,2.0,0.01,0.0
369,1448.0,563.39,1.0,2.0,0.01,0.0
370,1452.0,551.87,1.0,2.0,0.01,0.0
371,1457.0,551.87,1.0,2.0,0.01,0.0
372,1461.0,551.87,1.0,2.0,0.01,0.0
373,1465.0,551.87,1.0,2.0,0.01,0.0
374,1470.0,551.87,1.0,2.0,0.01,0.0
375,1473.0,551.87,1.0,2.0,0.01,0.0
376,1477.0,551.87,1.0,2.0,0.01,0.0
377,1482.0,551.87,1.0,2.0,0.01,0.0
378,1486.0,551.87,1.0,2.0,0.01,0.0
379,1490.0,551.87,1.0,2.0,0.01,0.0
380,1495.0,540.88,1.0,2.0,0.01,0.0
381,1500.0,540.88,1.0,2.0,0.01,0.0
382,1505.0,540.88,1.0,2.0,0.01,0.0
383,1510.0,540.88,1.0,2.0,0.01,0.0
384,1514.0,540.88,1.0,2.0,0.01,0.0
385,1518.0,540.88,1.0,2.0,0.01,0.0
386,1522.0,540.88,1.0,2.0,0.01,0.0
387,1526.0,540.88,1.0,2.0,0.01,0.0
388,1530.0,540.88,1.0,2.0,0.01,0.0
389,1535.0,540.88,1.0,2.0,0.01,0.0
390,1539.0,529.1,1.0,2.0,0.01,0.0
391,1543.0,529.1,1.0,2.0,0.01,0.0
392,1549.0,529.1,1.0,2.0,0.01,0.0
393,1553.0,529.1,1.0,2.0,0.01,0.0
394,1557.0,529.1,1.0,2.0,0.01,0.0
395,1561.0,529.1,1.0,2.0,0.01,0.0
396,1566.0,529.1,1.0,2.0,0.01,0.0
397,1571.0,529.1,1.0,2.0,0.01,0.0
398,1576.0,529.1,1.0,2.0,0.01,0.0
399,1581.0,529.1,1.0,2.0,0.01,0.0
400,1585.0,516.53,1.0,2.0,0.01,0.0
401,1590.0,516.53,1.0,2.0,0.01,0.0
402,1594.0,516.53,1.0,2.0,0.01,0.0
403,1598.0,516.53,1.0,2.0,0.01,0.0
404,1602.0,516.53,1.0,2.0,0.01,0.0
405,1607.0,516.53,1.0,2.0,0.01,0.0
406,1611.0,516.53,1.0,2.0,0.01,0.0
407,1615.0,516.53,1.0,2.0,0.01,0.0
408,1621.0,516.53,1.0,2.0,0.01,0.0
409,1625.0,516.53,1.0,2.0,0.01,0.0
410,1630.0,505.53,1.0,2.0,0.01,0.0
411,1635.0,505.53,1.0,2.0,0.01,0.0
412,1639.0,505.53,1.0,2.0,0.01,0.0
413,1643.0,505.53,1.0,2.0,0.01,0.0
414,1648.0,505.53,1.0,2.0,0.01,0.0
415,1652.0,505.53,1.0,2.0,0.01,0.0
416,1656.0,505.53,1.0,2.0,0.01,0.0
417,1661.0,505.53,1.0,2.0,0.01,0.0
418,1665.0,505.53,1.0,2.0,0.01,0.0
419,1669.0,505.53,1.0,2.0,0.01,0.0
420,1674.0,493.49,1.0,2.0,0.01,0.0
421,1678.0,493.49,1.0,2.0,0.01,0.0
422,1682.0,493.49,1.0,2.0,0.01,0.0
423,1687.0,493.49,1.0,2.0,0.01,0.0
424,1691.0,493.49,1.0,2.0,0.01,0.0
425,1694.0,493.49,1.0,2.0,0.01,0.0
426,1699.0,493.49,1.0,2.0,0.01,0.0
427,1703.0,493.49,1.0,2.0,0.01,0.0
428,1707.0,493.49,1.0,2.0,0.01,0.0
429,1712.0,493.49,1.0,2.0,0.01,0.0
430,1716.0,483.28,1.0,2.0,0.01,0.0
431,1720.0,483.28,1.0,2.0,0.01,0.0
432,1725.0,483.28,1.0,2.0,0.01,0.0
433,1729.0,483.28,1.0,2.0,0.01,0.0
434,1733.0,483.28,1.0,2.0,0.01,0.0
435,1738.0,483.28,1.0,2.0,0.01,0.0
436,1742.0,483.28,1.0,2.0,0.01,0.0
437,1746.0,483.28,1.0,2.0,0.01,0.0
438,1752.0,483.28,1.0,2.0,0.01,0.0
439,1756.0,483.28,1.0,2.0,0.01,0.0
440,1760.0,471.24,1.0,2.0,0.01,0.0
441,1765.0,471.24,1.0,2.0,0.01,0.0
442,1769.0,471.24,1.0,2.0,0.01,0.0
443,1773.0,471.24,1.0,2.0,0.01,0.0
444,1779.0,471.24,1.0,2.0,0.01,0.0
445,1783.0,471.24,1.0,2.0,0.01,0.0
446,1787.0,471.24,1.0,2.0,0.01,0.0
447,1792.0,471.24,1.0,2.0,0.01,0.0
448,1796.0,471.24,1.0,2.0,0.01,0.0
449,1800.0,471.24,1.0,2.0,0.01,0.0
450,1804.0,459.72,1.0,2.0,0.01,0.0
451,1809.0,459.72,1.0,2.0,0.01,0.0
452,1813.0,459.72,1.0,2.0,0.01,0.0
453,1817.0,459.72,1.0,2.0,0.01,0.0
454,1822.0,459.72,1.0,2.0,0.01,0.0
455,1826.0,459.72,1.0,2.0,0.01,0.0
456,1831.0,459.72,1.0,2.0,0.01,0.0
457,1835.0,459.72,1.0,2.0,0.01,0.0
458,1840.0,459.72,1.0,2.0,0.01,0.0
459,1844.0,459.72,1.0,2.0,0.01,0.0
460,1849.0,447.68,1.0,2.0,0.01,0.0
461,1853.0,447.68,1.0,2.0,0.01,0.0
462,1857.0,447.68,1.0,2.0,0.01,0.0
463,1862.0,447.68,1.0,2.0,0.01,0.0
464,1867.0,447.68,1.0,2.0,0.01,0.0
465,1871.0,447.68,1.0,2.0,0.01,0.0
466,1876.0,447.68,1.0,2.0,0.01,0.0
467,1880.0,447.68,1.0,2.0,0.01,0.0
468,1884.0,447.68,1.0,2.0,0.01,0.0
469,1889.0,447.68,1.0,2.0,0.01,0.0
470,1893.0,436.42,1.0,2.0,0.01,0.0
471,1898.0,436.42,1.0,2.0,0.01,0.0
472,1903.0,436.42,1.0,2.0,0.01,0.0
473,1907.0,436.42,1.0,2.0,0.01,0.0
474,1911.0,436.42,1.0,2.0,0.01,0.0
475,1916.0,436.42,1.0,2.0,0.01,0.0
476,1920.0,436.42,1.0,2.0,0.01,0.0
477,1924.0,436.42,1.0,2.0,0.01,0.0
478,1929.0,436.42,1.0,2.0,0.01,0.0
479,1933.0,436.42,1.0,2.0,0.01,0.0
480,1937.0,424.9,1.0,2.0,0.01,0.0
481,1942.0,424.9,1.0,2.0,0.01,0.0
482,1947.0,424.9,1.0,2.0,0.01,0.0
483,1951.0,424.9,1.0,2.0,0.01,0.0
484,1956.0,424.9,1.0,2.0,0.01,0.0
485,1960.0,424.9,1.0,2.0,0.01,0.0
486,1965.0,424.9,1.0,2.0,0.01,0.0
487,1970.0,424.9,1.0,2.0,0.01,0.0
488,1974.0,424.9,1.0,2.0,0.01,0.0
489,1978.0,424.9,1.0,2.0,0.01,0.0
490,1983.0,412.33,1.0,2.0,0.01,0.0
491,1987.0,412.33,1.0,2.0,0.01,0.0
492,1991.0,412.33,1.0,2.0,0.01,0.0
493,1995.0,412.33,1.0,2.0,0.01,0.0
494,1999.0,412.33,1.0,2.0,0.01,0.0
495,2003.0,412.33,1.0,2.0,0.01,0.0
496,2007.0,412.33,1.0,2.0,0.01,0.0
497,2013.0,412.33,1.0,2.0,0.01,0.0
498,2017.0,412.33,1.0,2.0,0.01,0.0
499,2023.0,412.33,1.0,2.0,0.01,0.0
500,2027.0,401.34,1.0,2.0,0.01,0.0
501,2031.0,401.34,1.0,2.0,0.01,0.0
502,2035.0,401.34,1.0,2.0,0.01,0.0
503,2040.0,401.34,1.0,2.0,0.01,0.0
504,2044.0,401.34,1.0,2.0,0.01,0.0
505,2048.0,401.34,1.0,2.0,0.01,0.0
506,2053.0,401.34,1.0,2.0,0.01,0.0
507,2057.0,401.34,1.0,2.0,0.01,0.0
508,2061.0,401.34,1.0,2.0,0.01,0.0
509,2066.0,401.34,1.0,2.0,0.01,0.0
510,2071.0,390.34,1.0,2.0,0.01,0.0
511,2075.0,390.34,1.0,2.0,0.01,0.0
512,2080.0,390.34,1.0,2.0,0.01,0.0
513,2084.0,390.34,1.0,2.0,0.01,0.0
514,2089.0,390.34,1.0,2.0,0.01,0.0
515,2094.0,390.34,1.0,2.0,0.01,0.0
516,2099.0,390.34,1.0,2.0,0.01,0.0
517,2103.0,390.34,1.0,2.0,0.01,0.0
518,2108.0,390.34,1.0,2.0,0.01,0.0
519,2112.0,390.34,1.0,2.0,0.01,0.0
520,2116.0,377.51,1.0,2.0,0.01,0.0
521,2122.0,377.51,1.0,2.0,0.01,0.0
522,2126.0,377.51,1.0,2.0,0.01,0.0
523,2130.0,377.51,1.0,2.0,0.01,0.0
524,2135.0,377.51,1.0,2.0,0.01,0.0
525,2140.0,377.51,1.0,2.0,0.01,0.0
526,2144.0,377.51,1.0,2.0,0.01,0.0
527,2149.0,377.51,1.0,2.0,0.01,0.0
528,2153.0,377.51,1.0,2.0,0.01,0.0
529,2157.0,377.51,1.0,2.0,0.01,0.0
530,2162.0,365.47,1.0,2.0,0.01,0.0
531,2166.0,365.47,1.0,2.0,0.01,0.0
532,2170.0,365.47,1.0,2.0,0.01,0.0
533,2175.0,365.47,1.0,2.0,0.01,0.0
534,2179.0,365.47,1.0,2.0,0.01,0.0
535,2183.0,365.47,1.0,2.0,0.01,0.0
536,2188.0,365.47,1.0,2.0,0.01,0.0
537,2192.0,365.47,1.0,2.0,0.01,0.0
538,2196.0,365.47,1.0,2.0,0.01,0.0
539,2201.0,365.47,1.0,2.0,0.01,0.0
540,2205.0,355.0,1.0,2.0,0.01,0.0
541,2209.0,355.0,1.0,2.0,0.01,0.0
542,2214.0,355.0,1.0,2.0,0.01,0.0
543,2219.0,355.0,1.0,2.0,0.01,0.0
544,2223.0,355.0,1.0,2.0,0.01,0.0
545,2228.0,355.0,1.0,2.0,0.01,0.0
546,2232.0,355.0,1.0,2.0,0.01,0.0
547,2236.0,355.0,1.0,2.0,0.01,0.0
548,2241.0,355.0,1.0,2.0,0.01,0.0
549,2245.0,355.0,1.0,2.0,0.01,0.0
550,2249.0,343.22,1.0,2.0,0.01,0.0
551,2254.0,343.22,1.0,2.0,0.01,0.0
552,2258.0,343.22,1.0,2.0,0.01,0.0
553,2262.0,343.22,1.0,2.0,0.01,0.0
554,2267.0,343.22,1.0,2.0,0.01,0.0
555,2271.0,343.22,1.0,2.0,0.01,0.0
556,2275.0,343.22,1.0,2.0,0.01,0.0
557,2280.0,343.22,1.0,2.0,0.01,0.0
558,2284.0,343.22,1.0,2.0,0.01,0.0
559,2288.0,343.22,1.0,2.0,0.01,0.0
560,2294.0,331.7,1.0,2.0,0.01,0.0
561,2298.0,331.7,1.0,2.0,0.01,0.0
562,2302.0,331.7,1.0,2.0,0.01,0.0
563,2307.0,331.7,1.0,2.0,0.01,0.0
564,2312.0,331.7,1.0,2.0,0.01,0.0
565,2316.0,331.7,1.0,2.0,0.01,0.0
566,2321.0,331.7,1.0,2.0,0.01,0.0
567,2325.0,331.7,1.0,2.0,0.01,0.0
568,2329.0,331.7,1.0,2.0,0.01,0.0
569,2334.0,331.7,1.0,2.0,0.01,0.0
570,2338.0,319.66,1.0,2.0,0.01,0.0
571,2342.0,319.66,1.0,2.0,0.01,0.0
572,2346.0,319.66,1.0,2.0,0.01,0.0
573,2352.0,319.66,1.0,2.0,0.01,0.0
574,2356.0,319.66,1.0,2.0,0.01,0.0
575,2361.0,319.66,1.0,2.0,0.01,0.0
576,2366.0,319.66,1.0,2.0,0.01,0.0
577,2371.0,319.66,1.0,2.0,0.01,0.0
578,2376.0,319.66,1.0,2.0,0.01,0.0
579,2380.0,319.66,1.0,2.0,0.01,0.0
580,2385.0,307.35,1.0,2.0,0.01,0.0
581,2390.0,307.35,1.0,2.0,0.01,0.0
582,2394.0,307.35,1.0,2.0,0.01,0.0
583,2398.0,307.35,1.0,2.0,0.01,0.0
584,2402.0,307.35,1.0,2.0,0.01,0.0
585,2407.0,307.35,1.0,2.0,0.01,0.0
586,2413.0,307.35,1.0,2.0,0.01,0.0
587,2418.0,307.35,1.0,2.0,0.01,0.0
588,2423.0,307.35,1.0,2.0,0.01,0.0
589,2427.0,307.35,1.0,2.0,0.01,0.0
590,2432.0,294.26,1.0,2.0,0.01,0.0
591,2436.0,294.26,1.0,2.0,0.01,0.0
592,2440.0,294.26,1.0,2.0,0.01,0.0
593,2445.0,294.26,1.0,2.0,0.01,0.0
594,2450.0,294.26,1.0,2.0,0.01,0.0
595,2454.0,294.26,1.0,2.0,0.01,0.0
596,2458.0,294.26,1.0,2.0,0.01,0.0
597,2462.0,294.26,1.0,2.0,0.01,0.0
598,2466.0,294.26,1.0,2.0,0.01,0.0
599,2472.0,294.26,1.0,2.0,0.01,0.0
600,2476.0,283.79,1.0,2.0,0.01,0.0
601,2480.0,283.79,1.0,2.0,0.01,0.0
602,2485.0,283.79,1.0,2.0,0.01,0.0
603,2490.0,283.79,1.0,2.0,0.01,0.0
604,2494.0,283.79,1.0,2.0,0.01,0.0
605,2498.0,283.79,1.0,2.0,0.01,0.0
606,2503.0,283.79,1.0,2.0,0.01,0.0
607,2507.0,283.79,1.0,2.0,0.01,0.0
608,2512.0,283.79,1.0,2.0,0.01,0.0
609,2517.0,283.79,1.0,2.0,0.01,0.0
610,2522.0,271.75,1.0,2.0,0.01,0.0
611,2527.0,271.75,1.0,2.0,0.01,0.0
612,2531.0,271.75,1.0,2.0,0.01,0.0
613,2535.0,271.75,1.0,2.0,0.01,0.0
614,2541.0,271.75,1.0,2.0,0.01,0.0
615,2545.0,271.75,1.0,2.0,0.01,0.0
616,2549.0,271.75,1.0,2.0,0.01,0.0
617,2553.0,271.75,1.0,2.0,0.01,0.0
618,2558.0,271.75,1.0,2.0,0.01,0.0
619,2564.0,271.75,1.0,2.0,0.01,0.0
620,2569.0,258.92,1.0,2.0,0.01,0.0
621,2573.0,258.92,1.0,2.0,0.01,0.0
622,2577.0,258.92,1.0,2.0,0.01,0.0
623,2582.0,258.92,1.0,2.0,0.01,0.0
624,2586.0,258.92,1.0,2.0,0.01,0.0
625,2591.0,258.92,1.0,2.0,0.01,0.0
626,2596.0,258.92,1.0,2.0,0.01,0.0
627,2601.0,258.92,1.0,2.0,0.01,0.0
628,2605.0,258.92,1.0,2.0,0.01,0.0
629,2609.0,258.92,1.0,2.0,0.01,0.0
630,2615.0,247.14,1.0,2.0,0.01,0.0
631,2619.0,247.14,1.0,2.0,0.01,0.0
632,2624.0,247.14,1.0,2.0,0.01,0.0
633,2628.0,247.14,1.0,2.0,0.01,0.0
634,2632.0,247.14,1.0,2.0,0.01,0.0
635,2637.0,247.14,1.0,2.0,0.01,0.0
636,2641.0,247.14,1.0,2.0,0.01,0.0
637,2645.0,247.14,1.0,2.0,0.01,0.0
638,2650.0,247.14,1.0,2.0,0.01,0.0
639,2656.0,247.14,1.0,2.0,0.01,0.0
640,2660.0,235.1,1.0,2.0,0.01,0.0
641,2664.0,235.1,1.0,2.0,0.01,0.0
642,2669.0,235.1,1.0,2.0,0.01,0.0
643,2673.0,235.1,1.0,2.0,0.01,0.0
644,2678.0,235.1,1.0,2.0,0.01,0.0
645,2682.0,235.1,1.0,2.0,0.01,0.0
646,2686.0,235.1,1.0,2.0,0.01,0.0
647,2691.0,235.1,1.0,2.0,0.01,0.0
648,2695.0,235.1,1.0,2.0,0.01,0.0
649,2701.0,235.1,1.0,2.0,0.01,0.0
650,2705.0,223.58,1.0,2.0,0.01,0.0
651,2710.0,223.58,1.0,2.0,0.01,0.0
652,2714.0,223.58,1.0,2.0,0.01,0.0
653,2719.0,223.58,1.0,2.0,0.01,0.0
654,2723.0,223.58,1.0,2.0,0.01,0.0
655,2727.0,223.58,1.0,2.0,0.01,0.0
656,2732.0,223.58,1.0,2.0,0.01,0.0
657,2736.0,223.58,1.0,2.0,0.01,0.0
658,2741.0,223.58,1.0,2.0,0.01,0.0
659,2745.0,223.58,1.0,2.0,0.01,0.0
660,2751.0,211.8,1.0,2.0,0.01,0.0
661,2755.0,211.8,1.0,2.0,0.01,0.0
662,2759.0,211.8,1.0,2.0,0.01,0.0
663,2763.0,211.8,1.0,2.0,0.01,0.0
664,2767.0,211.8,1.0,2.0,0.01,0.0
665,2772.0,211.8,1.0,2.0,0.01,0.0
666,2776.0,211.8,1.0,2.0,0.01,0.0
667,2780.0,211.8,1.0,2.0,0.01,0.0
668,2785.0,211.8,1.0,2.0,0.01,0.0
669,2789.0,211.8,1.0,2.0,0.01,0.0
670,2793.0,201.06,1.0,2.0,0.01,0.0
671,2798.0,201.06,1.0,2.0,0.01,0.0
672,2803.0,201.06,1.0,2.0,0.01,0.0
673,2807.0,201.06,1.0,2.0,0.01,0.0
674,2811.0,201.06,1.0,2.0,0.01,0.0
675,2815.0,201.06,1.0,2.0,0.01,0.0
676,2820.0,201.06,1.0,2.0,0.01,0.0
677,2825.0,201.06,1.0,2.0,0.01,0.0
678,2829.0,201.06,1.0,2.0,0.01,0.0
679,2833.0,201.06,1.0,2.0,0.01,0.0
680,2839.0,188.76,1.0,2.0,0.01,0.0
681,2843.0,188.76,1.0,2.0,0.01,0.0
682,2848.0,188.76,1.0,2.0,0.01,0.0
683,2852.0,188.76,1.0,2.0,0.01,0.0
684,2857.0,188.76,1.0,2.0,0.01,0.0
685,2861.0,188.76,1.0,2.0,0.01,0.0
686,2867.0,188.76,1.0,2.0,0.01,0.0
687,2872.0,188.76,1.0,2.0,0.01,0.0
688,2876.0,188.76,1.0,2.0,0.01,0.0
689,2881.0,188.76,1.0,2.0,0.01,0.0
690,2885.0,175.93,1.0,2.0,0.01,0.0
691,2890.0,175.93,1.0,2.0,0.01,0.0
692,2895.0,175.93,1.0,2.0,0.01,0.0
693,2899.0,175.93,1.0,2.0,0.01,0.0
694,2903.0,175.93,1.0,2.0,0.01,0.0
695,2907.0,175.93,1.0,2.0,0.01,0.0
696,2912.0,175.93,1.0,2.0,0.01,0.0
697,2916.0,175.93,1.0,2.0,0.01,0.0
698,2922.0,175.93,1.0,2.0,0.01,0.0
699,2926.0,175.93,1.0,2.0,0.01,0.0
700,2930.0,164.67,1.0,2.0,0.01,0.0
701,2935.0,164.67,1.0,2.0,0.01,0.0
702,2939.0,164.67,1.0,2.0,0.01,0.0
703,2943.0,164.67,1.0,2.0,0.01,0.0
704,2948.0,164.67,1.0,2.0,0.01,0.0
705,2952.0,164.67,1.0,2.0,0.01,0.0
706,2956.0,164.67,1.0,2.0,0.01,0.0
707,2961.0,164.67,1.0,2.0,0.01,0.0
708,2966.0,164.67,1.0,2.0,0.01,0.0
709,2970.0,164.67,1.0,2.0,0.01,0.0
710,2975.0,152.89,1.0,2.0,0.01,0.0
711,2979.0,152.89,1.0,2.0,0.01,0.0
712,2983.0,152.89,1.0,2.0,0.01,0.0
713,2988.0,152.89,1.0,2.0,0.01,0.0
714,2992.0,152.89,1.0,2.0,0.01,0.0
715,2997.0,152.89,1.0,2.0,0.01,0.0
716,3001.0,152.89,1.0,2.0,0.01,0.0
717,3006.0,152.89,1.0,2.0,0.01,0.0
718,3010.0,152.89,1.0,2.0,0.01,0.0
719,3014.0,152.89,1.0,2.0,0.01,0.0
720,3019.0,141.63,1.0,2.0,0.01,0.0
721,3024.0,141.63,1.0,2.0,0.01,0.0
722,3029.0,141.63,1.0,2.0,0.01,0.0
723,3033.0,141.63,1.0,2.0,0.01,0.0
724,3037.0,141.63,1.0,2.0,0.01,0.0
725,3042.0,141.63,1.0,2.0,0.01,0.0
726,3047.0,141.63,1.0,2.0,0.01,0.0
727,3051.0,141.63,1.0,2.0,0.01,0.0
728,3055.0,141.63,1.0,2.0,0.01,0.0
729,3060.0,141.63,1.0,2.0,0.01,0.0
730,3065.0,129.59,1.0,2.0,0.01,0.0
731,3070.0,129.59,1.0,2.0,0.01,0.0
732,3074.0,129.59,1.0,2.0,0.01,0.0
733,3078.0,129.59,1.0,2.0,0.01,0.0
734,3083.0,129.59,1.0,2.0,0.01,0.0
735,3087.0,129.59,1.0,2.0,0.01,0.0
736,3091.0,129.59,1.0,2.0,0.01,0.0
737,3096.0,129.59,1.0,2.0,0.01,0.0
738,3100.0,129.59,1.0,2.0,0.01,0.0
739,3104.0,129.59,1.0,2.0,0.01,0.0
740,3108.0,118.33,1.0,2.0,0.01,0.0
741,3113.0,118.33,1.0,2.0,0.01,0.0
742,3117.0,118.33,1.0,2.0,0.01,0.0
743,3123.0,118.33,1.0,2.0,0.01,0.0
744,3127.0,118.33,1.0,2.0,0.01,0.0
745,3131.0,118.33,1.0,2.0,0.01,0.0
746,3137.0,118.33,1.0,2.0,0.01,0.0
747,3141.0,118.33,1.0,2.0,0.01,0.0
748,3145.0,118.33,1.0,2.0,0.01,0.0
749,3149.0,118.33,1.0,2.0,0.01,0.0
750,3154.0,105.77,1.0,2.0,0.01,0.0
751,3158.0,105.77,1.0,2.0,0.01,0.0
752,3161.0,105.77,1.0,2.0,0.01,0.0
753,3166.0,105.77,1.0,2.0,0.01,0.0
754,3170.0,105.77,1.0,2.0,0.01,0.0
755,3175.0,105.77,1.0,2.0,0.01,0.0
756,3179.0,105.77,1.0,2.0,0.01,0.0
757,3183.0,105.77,1.0,2.0,0.01,0.0
758,3189.0,105.77,1.0,2.0,0.01,0.0
759,3194.0,105.77,1.0,2.0,0.01,0.0
760,3198.0,94.77,1.0,2.0,0.01,0.0
761,3202.0,94.77,1.0,2.0,0.01,0.0
762,3207.0,94.77,1.0,2.0,0.01,0.0
763,3211.0,94.77,1.0,2.0,0.01,0.0
764,3216.0,94.77,1.0,2.0,0.01,0.0
765,3220.0,94.77,1.0,2.0,0.01,0.0
766,3224.0,94.77,1.0,2.0,0.01,0.0
767,3229.0,94.77,1.0,2.0,0.01,0.0
768,3233.0,94.77,1.0,2.0,0.01,0.0
769,3237.0,94.77,1.0,2.0,0.01,0.0
770,3242.0,83.25,1.0,2.0,0.01,0.0
771,3246.0,83.25,1.0,2.0,0.01,0.0
772,3250.0,83.25,1.0,2.0,0.01,0.0
773,3254.0,83.25,1.0,2.0,0.01,0.0
774,3260.0,83.25,1.0,2.0,0.01,0.0
775,3264.0,83.25,1.0,2.0,0.01,0.0
776,3269.0,83.25,1.0,2.0,0.01,0.0
777,3273.0,83.25,1.0,2.0,0.01,0.0
778,3277.0,83.25,1.0,2.0,0.01,0.0
779,3282.0,83.25,1.0,2.0,0.01,0.0
780,3287.0,71.73,1.0,2.0,0.01,0.0
781,3291.0,71.73,1.0,2.0,0.01,0.0
782,3296.0,71.73,1.0,2.0,0.01,0.0
783,3300.0,71.73,1.0,2.0,0.01,0.0
784,3304.0,71.73,1.0,2.0,0.01,0.0
785,3309.0,71.73,1.0,2.0,0.01,0.0
786,3313.0,71.73,1.0,2.0,0.01,0.0
787,3318.0,71.73,1.0,2.0,0.01,0.0
788,3323.0,71.73,1.0,2.0,0.01,0.0
789,3327.0,71.73,1.0,2.0,0.01,0.0
790,3331.0,59.69,1.0,2.0,0.01,0.0
791,3336.0,59.69,1.0,2.0,0.01,0.0
792,3340.0,59.69,1.0,2.0,0.01,0.0
793,3344.0,59.69,1.0,2.0,0.01,0.0
794,3349.0,59.69,1.0,2.0,0.01,0.0
795,3353.0,59.69,1.0,2.0,0.01,0.0
796,3357.0,59.69,1.0,2.0,0.01,0.0
797,3362.0,59.69,1.0,2.0,0.01,0.0
798,3366.0,59.69,1.0,2.0,0.01,0.0
799,3370.0,59.69,1.0,2.0,0.01,0.0
800,3375.0,48.43,1.0,2.0,0.01,0.0
801,3379.0,48.43,1.0,2.0,0.01,0.0
802,3384.0,48.43,1.0,2.0,0.01,0.0
803,3389.0,48.43,1.0,2.0,0.01,0.0
804,3393.0,48.43,1.0,2.0,0.01,0.0
805,3397.0,48.43,1.0,2.0,0.01,0.0
806,3402.0,48.43,1.0,2.0,0.01,0.0
807,3406.0,48.43,1.0,2.0,0.01,0.0
808,3410.0,48.43,1.0,2.0,0.01,0.0
809,3416.0,48.43,1.0,2.0,0.01,0.0
810,3420.0,36.39,1.0,2.0,0.01,0.0
811,3424.0,36.39,1.0,2.0,0.01,0.0
812,3429.0,36.39,1.0,2.0,0.01,0.0
813,3434.0,36.39,1.0,2.0,0.01,0.0
814,3438.0,36.39,1.0,2.0,0.01,0.0
815,3443.0,36.39,1.0,2.0,0.01,0.0
816,3447.0,36.39,1.0,2.0,0.01,0.0
817,3451.0,36.39,1.0,2.0,0.01,0.0
818,3455.0,36.39,1.0,2.0,0.01,0.0
819,3459.0,36.39,1.0,2.0,0.01,0.0
820,3463.0,25.66,1.0,2.0,0.01,0.0
821,3468.0,25.66,1.0,2.0,0.01,0.0
822,3472.0,25.66,1.0,2.0,0.01,0.0
823,3477.0,25.66,1.0,2.0,0.01,0.0
824,3482.0,25.66,1.0,2.0,0.01,0.0
825,3486.0,25.66,1.0,2.0,0.01,0.0
826,3490.0,25.66,1.0,2.0,0.01,0.0
827,3495.0,25.66,1.0,2.0,0.01,0.0
828,3499.0,25.66,1.0,2.0,0.01,0.0
829,3505.0,25.66,1.0,2.0,0.01,0.0
830,3510.0,12.3,1.0,2.0,0.01,0.0
831,3514.0,12.3,1.0,2.0,0.01,0.0
832,3518.0,12.3,1.0,2.0,0.01,0.0
833,3523.0,12.3,1.0,2.0,0.01,0.0
834,3527.0,12.3,1.0,2.0,0.01,0.0
835,3532.0,12.3,1.0,2.0,0.01,0.0
836,3536.0,12.3,1.0,2.0,0.01,0.0
837,3539.0,12.3,1.0,2.0,0.01,0.0
838,3543.0,12.3,1.0,2.0,0.01,0.0
839,3548.0,12.3,1.0,2.0,0.01,0.0
840,3552.0,2.62,1.0,2.0,0.01,0.0
841,3556.0,2.62,1.0,2.0,0.01,0.0
842,3561.0,2.62,1.0,2.0,0.01,0.0
843,3565.0,2.62,1.0,2.0,0.01,0.0
844,3569.0,2.62,1.0,2.0,0.01,0.0
845,3573.0,2.62,1.0,2.0,0.01,0.0
846,3577.0,2.62,1.0,2.0,0.01,0.0
847,3580.0,2.62,1.0,2.0,0.01,0.0
848,3584.0,2.62,1.0,2.0,0.01,0.0
849,3588.0,2.62,1.0,2.0,0.01,0.0
850,3591.0,-7.33,1.0,2.0,0.01,0.0
851,3595.0,-7.33,1.0,2.0,0.01,0.0
852,3598.0,-7.33,1.0,2.0,0.01,0.0
853,3601.0,-7.33,1.0,2.0,0.01,0.0
854,3604.0,-7.33,1.0,2.0,0.01,0.0
855,3607.0,-7.33,1.0,2.0,0.01,0.0
856,3610.0,-7.33,1.0,2.0,0.01,0.0
857,3612.0,-7.33,1.0,2.0,0.01,0.0
858,3614.0,-7.33,1.0,2.0,0.01,0.0
859,3617.0,-7.33,1.0,2.0,0.01,0.0
860,3619.0,-12.04,1.0,2.0,0.01,0.0
861,3620.0,-12.04,1.0,2.0,0.01,0.0
862,3622.0,-12.04,1.0,2.0,0.01,0.0
863,3623.0,-12.04,1.0,2.0,0.01,0.0
864,3625.0,-12.04,1.0,2.0,0.01,0.0
865,3626.0,-12.04,1.0,2.0,0.01,0.0
866,3627.0,-12.04,1.0,2.0,0.01,0.0
867,3628.0,-12.04,1.0,2.0,0.01,0.0
868,3628.0,-12.04,1.0,2.0,0.01,0.0
869,3629.0,-12.04,1.0,2.0,0.01,0.0
870,3629.0,-10.73,1.0,2.0,0.01,0.0
871,3629.0,-10.73,1.0,2.0,0.01,0.0
872,3629.0,-10.73,1.0,2.0,0.01,0.0
873,3629.0,-10.73,1.0,2.0,0.01,0.0
874,3628.0,-10.73,1.0,2.0,0.01,0.0
875,3628.0,-10.73,1.0,2.0,0.01,0.0
876,3627.0,-10.73,1.0,2.0,0.01,0.0
877,3626.0,-10.73,1.0,2.0,0.01,0.0
878,3625.0,-10.73,1.0,2.0,0.01,0.0
879,3624.0,-10.73,1.0,2.0,0.01,0.0
880,3623.0,-4.97,1.0,2.0,0.01,0.0
881,3622.0,-4.97,1.0,2.0,0.01,0.0
882,3621.0,-4.97,1.0,2.0,0.01,0.0
883,3619.0,-4.97,1.0,2.0,0.01,0.0
884,3618.0,-4.97,1.0,2.0,0.01,0.0
885,3617.0,-4.97,1.0,2.0,0.01,0.0
886,3616.0,-4.97,1.0,2.0,0.01,0.0
887,3614.0,-4.97,1.0,2.0,0.01,0.0
888,3613.0,-4.97,1.0,2.0,0.01,0.0
889,3612.0,-4.97,1.0,2.0,0.01,0.0
890,3610.0,0.52,1.0,2.0,0.01,0.0
891,3609.0,0.52,1.0,2.0,0.01,0.0
892,3608.0,0.52,1.0,2.0,0.01,0.0
893,3606.0,0.52,1.0,2.0,0.01,0.0
894,3605.0,0.52,1.0,2.0,0.01,0.0
895,3604.0,0.52,1.0,2.0,0.01,0.0
896,3603.0,0.52,1.0,2.0,0.01,0.0
897,3602.0,0.52,1.0,2.0,0.01,0.0
898,3601.0,0.52,1.0,2.0,0.01,0.0
899,3600.0,0.52,1.0,2.0,0.01,0.0
900,3599.0,2.88,1.0,2.0,0.01,0.0
901,3598.0,2.88,1.0,2.0,0.01,0.0
902,3597.0,2.88,1.0,2.0,0.01,0.0
903,3596.0,2.88,1.0,2.0,0.01,0.0
904,3595.0,2.88,1.0,2.0,0.01,0.0
905,3595.0,2.88,1.0,2.0,0.01,0.0
906,3594.0,2.88,1.0,2.0,0.01,0.0
907,3594.0,2.88,1.0,2.0,0.01,0.0
908,3594.0,2.88,1.0,2.0,0.01,0.0
909,3593.0,2.88,1.0,2.0,0.01,0.0
910,3593.0,3.67,1.0,2.0,0.01,0.0
911,3593.0,3.67,1.0,2.0,0.01,0.0
912,3592.0,3.67,1.0,2.0,0.01,0.0
913,3592.0,3.67,1.0,2.0,0.01,0.0
914,3592.0,3.67,1.0,2.0,0.01,0.0
915,3592.0,3.67,1.0,2.0,0.01,0.0
916,3592.0,3.67,1.0,2.0,0.01,0.0
917,3592.0,3.67,1.0,2.0,0.01,0.0
918,3592.0,3.67,1.0,2.0,0.01,0.0
919,3592.0,3.67,1.0,2.0,0.01,0.0
920,3593.0,2.36,1.0,2.0,0.01,0.0
921,3593.0,2.36,1.0,2.0,0.01,0.0
922,3593.0,2.36,1.0,2.0,0.01,0.0
923,3593.0,2.36,1.0,2.0,0.01,0.0
924,3594.0,2.36,1.0,2.0,0.01,0.0
925,3594.0,2.36,1.0,2.0,0.01,0.0
926,3594.0,2.36,1.0,2.0,0.01,0.0
927,3594.0,2.36,1.0,2.0,0.01,0.0
928,3595.0,2.36,1.0,2.0,0.01,0.0
929,3595.0,2.36,1.0,2.0,0.01,0.0
930,3595.0,0.52,1.0,2.0,0.01,0.0
931,3596.0,0.52,1.0,2.0,0.01,0.0
932,3596.0,0.52,1.0,2.0,0.01,0.0
933,3597.0,0.52,1.0,2.0,0.01,0.0
934,3597.0,0.52,1.0,2.0,0.01,0.0
935,3597.0,0.52,1.0,2.0,0.01,0.0
936,3598.0,0.52,1.0,2.0,0.01,0.0
937,3598.0,0.52,1.0,2.0,0.01,0.0
938,3598.0,0.52,1.0,2.0,0.01,0.0
939,3599.0,0.52,1.0,2.0,0.01,0.0
940,3599.0,-0.79,1.0,2.0,0.01,0.0
941,3599.0,-0.79,1.0,2.0,0.01,0.0
942,3600.0,-0.79,1.0,2.0,0.01,0.0
943,3600.0,-0.79,1.0,2.0,0.01,0.0
944,3600.0,-0.79,1.0,2.0,0.01,0.0
945,3600.0,-0.79,1.0,2.0,0.01,0.0
946,3601.0,-0.79,1.0,2.0,0.01,0.0
947,3601.0,-0.79,1.0,2.0,0.01,0.0
948,3601.0,-0.79,1.0,2.0,0.01,0.0
949,3601.0,-0.79,1.0,2.0,0.01,0.0
950,3601.0,-0.79,1.0,2.0,0.01,0.0
951,3601.0,-0.79,1.0,2.0,0.01,0.0
952,3601.0,-0.79,1.0,2.0,0.01,0.0
953,3601.0,-0.79,1.0,2.0,0.01,0.0
954,3601.0,-0.79,1.0,2.0,0.01,0.0
955,3602.0,-0.79,1.0,2.0,0.01,0.0
956,3602.0,-0.79,1.0,2.0,0.01,0.0
957,3602.0,-0.79,1.0,2.0,0.01,0.0
958,3602.0,-0.79,1.0,2.0,0.01,0.0
959,3602.0,-0.79,1.0,2.0,0.01,0.0
960,3602.0,-0.79,1.0,2.0,0.01,0.0
961,3601.0,-0.79,1.0,2.0,0.01,0.0
962,3601.0,-0.79,1.0,2.0,0.01,0.0
963,3601.0,-0.79,1.0,2.0,0.01,0.0
964,3601.0,-0.79,1.0,2.0,0.01,0.0
965,3601.0,-0.79,1.0,2.0,0.01,0.0
966,3601.0,-0.79,1.0,2.0,0.01,0.0
967,3601.0,-0.79,1.0,2.0,0.01,0.0
968,3601.0,-0.79,1.0,2.0,0.01,0.0
969,3601.0,-0.79,1.0,2.0,0.01,0.0
970,3600.0,0.0,1.0,2.0,0.01,0.0
971,3600.0,0.0,1.0,2.0,0.01,0.0
972,3600.0,0.0,1.0,2.0,0.01,0.0
973,3600.0,0.0,1.0,2.0,0.01,0.0
974,3600.0,0.0,1.0,2.0,0.01,0.0
975,3600.0,0.0,1.0,2.0,0.01,0.0
976,3600.0,0.0,1.0,2.0,0.01,0.0
977,3600.0,0.0,1.0,2.0,0.01,0.0
978,3599.0,0.0,1.0,2.0,0.01,0.0
979,3599.0,0.0,1.0,2.0,0.01,0.0
980,3599.0,0.79,1.0,2.0,0.01,0.0
981,3599.0,0.79,1.0,2.0,0.01,0.0
982,3599.0,0.79,1.0,2.0,0.01,0.0
983,3599.0,0.79,1.0,2.0,0.01,0.0
984,3599.0,0.79,1.0,2.0,0.01,0.0
985,3599.0,0.79,1.0,2.0,0.01,0.0
986,3599.0,0.79,1.0,2.0,0.01,0.0
987,3599.0,0.79,1.0,2.0,0.01,0.0
988,3599.0,0.79,1.0,2.0,0.01,0.0
989,3599.0,0.79,1.0,2.0,0.01,0.0
990,3599.0,0.26,1.0,2.0,0.01,0.0
991,3599.0,0.26,1.0,2.0,0.01,0.0
992,3599.0,0.26,1.0,2.0,0.01,0.0
993,3600.0,0.26,1.0,2.0,0.01,0.0
994,3600.0,0.26,1.0,2.0,0.01,0.0
995,3600.0,0.26,1.0,2.0,0.01,0.0
996,3600.0,0.26,1.0,2.0,0.01,0.0
997,3600.0,0.26,1.0,2.0,0.01,0.0
998,3600.0,0.26,1.0,2.0,0.01,0.0
999,3600.0,0.26,1.0,2.0,0.01,0.0
1000,3600.0,-0.26,1.0,2.0,0.01,0.0
1001,3600.0,-0.26,1.0,2.0,0.01,0.0
1002,3600.0,-0.26,1.0,2.0,0.01,0.0
1003,3600.0,-0.26,1.0,2.0,0.01,0.0
1004,3600.0,-0.26,1.0,2.0,0.01,0.0
1005,3600.0,-0.26,1.0,2.0,0.01,0.0
1006,3600.0,-0.26,1.0,2.0,0.01,0.0
1007,3600.0,-0.26,1.0,2.0,0.01,0.0
1008,3600.0,-0.26,1.0,2.0,0.01,0.0
1009,3600.0,-0.26,1.0,2.0,0.01,0.0
