TIME,PULSES,CONTROLLERVOLTAGE,CONTROLLER,KP,TAUD,TAUI 
0,0.0,0.0,0.0,2.0,0.0,0.0
1,0.0,0.0,0.0,2.0,0.0,0.0
2,0.0,0.0,0.0,2.0,0.0,0.0
3,0.0,0.0,0.0,2.0,0.0,0.0
4,0.0,0.0,0.0,2.0,0.0,0.0
5,0.0,0.0,0.0,2.0,0.0,0.0
6,0.0,0.0,0.0,2.0,0.0,0.0
7,0.0,0.0,0.0,2.0,0.0,0.0
8,0.0,0.0,0.0,2.0,0.0,0.0
9,0.0,0.0,0.0,2.0,0.0,0.0
10,0.0,942.48,0.0,2.0,0.0,0.0
11,0.0,942.48,0.0,2.0,0.0,0.0
12,0.0,942.48,0.0,2.0,0.0,0.0
13,1.0,942.48,0.0,2.0,0.0,0.0
14,1.0,942.48,0.0,2.0,0.0,0.0
15,2.0,942.48,0.0,2.0,0.0,0.0
16,3.0,942.48,0.0,2.0,0.0,0.0
17,4.0,942.48,0.0,2.0,0.0,0.0
18,4.0,942.48,0.0,2.0,0.0,0.0
19,6.0,942.48,0.0,2.0,0.0,0.0
20,7.0,940.91,0.0,2.0,0.0,0.0
21,8.0,940.91,0.0,2.0,0.0,0.0
22,9.0,940.91,0.0,2.0,0.0,0.0
23,11.0,940.91,0.0,2.0,0.0,0.0
24,13.0,940.91,0.0,2.0,0.0,0.0
25,14.0,940.91,0.0,2.0,0.0,0.0
26,16.0,940.91,0.0,2.0,0.0,0.0
27,18.0,940.91,0.0,2.0,0.0,0.0
28,20.0,940.91,0.0,2.0,0.0,0.0
29,22.0,940.91,0.0,2.0,0.0,0.0
30,24.0,936.72,0.0,2.0,0.0,0.0
31,26.0,936.72,0.0,2.0,0.0,0.0
32,28.0,936.72,0.0,2.0,0.0,0.0
33,31.0,936.72,0.0,2.0,0.0,0.0
34,33.0,936.72,0.0,2.0,0.0,0.0
35,35.0,936.72,0.0,2.0,0.0,0.0
36,38.0,936.72,0.0,2.0,0.0,0.0
37,40.0,936.72,0.0,2.0,0.0,0.0
38,43.0,936.72,0.0,2.0,0.0,0.0
39,46.0,936.72,0.0,2.0,0.0,0.0
40,48.0,930.44,0.0,2.0,0.0,0.0
41,51.0,930.44,0.0,2.0,0.0,0.0
42,54.0,930.44,0.0,2.0,0.0,0.0
43,57.0,930.44,0.0,2.0,0.0,0.0
44,60.0,930.44,0.0,2.0,0.0,0.0
45,63.0,930.44,0.0,2.0,0.0,0.0
46,66.0,930.44,0.0,2.0,0.0,0.0
47,69.0,930.44,0.0,2.0,0.0,0.0
48,72.0,930.44,0.0,2.0,0.0,0.0
49,75.0,930.44,0.0,2.0,0.0,0.0
50,78.0,922.84,0.0,2.0,0.0,0.0
51,81.0,922.84,0.0,2.0,0.0,0.0
52,85.0,922.84,0.0,2.0,0.0,0.0
53,88.0,922.84,0.0,2.0,0.0,0.0
54,91.0,922.84,0.0,2.0,0.0,0.0
55,95.0,922.84,0.0,2.0,0.0,0.0
56,98.0,922.84,0.0,2.0,0.0,0.0
57,101.0,922.84,0.0,2.0,0.0,0.0
58,105.0,922.84,0.0,2.0,0.0,0.0
59,108.0,922.84,0.0,2.0,0.0,0.0
60,112.0,913.94,0.0,2.0,0.0,0.0
61,115.0,913.94,0.0,2.0,0.0,0.0
62,119.0,913.94,0.0,2.0,0.0,0.0
63,122.0,913.94,0.0,2.0,0.0,0.0
64,126.0,913.94,0.0,2.0,0.0,0.0
65,130.0,913.94,0.0,2.0,0.0,0.0
66,133.0,913.94,0.0,2.0,0.0,0.0
67,137.0,913.94,0.0,2.0,0.0,0.0
68,141.0,913.94,0.0,2.0,0.0,0.0
69,144.0,913.94,0.0,2.0,0.0,0.0
70,147.0,904.52,0.0,2.0,0.0,0.0
71,151.0,904.52,0.0,2.0,0.0,0.0
72,155.0,904.52,0.0,2.0,0.0,0.0
73,159.0,904.52,0.0,2.0,0.0,0.0
74,162.0,904.52,0.0,2.0,0.0,0.0
75,166.0,904.52,0.0,2.0,0.0,0.0
76,170.0,904.52,0.0,2.0,0.0,0.0
77,174.0,904.52,0.0,2.0,0.0,0.0
78,178.0,904.52,0.0,2.0,0.0,0.0
79,181.0,904.52,0.0,2.0,0.0,0.0
80,184.0,895.09,0.0,2.0,0.0,0.0
81,188.0,895.09,0.0,2.0,0.0,0.0
82,192.0,895.09,0.0,2.0,0.0,0.0
83,196.0,895.09,0.0,2.0,0.0,0.0
84,200.0,895.09,0.0,2.0,0.0,0.0
85,206.0,895.09,0.0,2.0,0.0,0.0
86,210.0,895.09,0.0,2.0,0.0,0.0
87,214.0,895.09,0.0,2.0,0.0,0.0
88,218.0,895.09,0.0,2.0,0.0,0.0
89,223.0,895.09,0.0,2.0,0.0,0.0
90,227.0,883.83,0.0,2.0,0.0,0.0
91,231.0,883.83,0.0,2.0,0.0,0.0
92,235.0,883.83,0.0,2.0,0.0,0.0
93,239.0,883.83,0.0,2.0,0.0,0.0
94,244.0,883.83,0.0,2.0,0.0,0.0
95,249.0,883.83,0.0,2.0,0.0,0.0
96,254.0,883.83,0.0,2.0,0.0,0.0
97,259.0,883.83,0.0,2.0,0.0,0.0
98,263.0,883.83,0.0,2.0,0.0,0.0
99,267.0,883.83,0.0,2.0,0.0,0.0
100,271.0,872.58,0.0,2.0,0.0,0.0
101,276.0,872.58,0.0,2.0,0.0,0.0
102,281.0,872.58,0.0,2.0,0.0,0.0
103,285.0,872.58,0.0,2.0,0.0,0.0
104,290.0,872.58,0.0,2.0,0.0,0.0
105,294.0,872.58,0.0,2.0,0.0,0.0
106,298.0,872.58,0.0,2.0,0.0,0.0
107,302.0,872.58,0.0,2.0,0.0,0.0
108,306.0,872.58,0.0,2.0,0.0,0.0
109,310.0,872.58,0.0,2.0,0.0,0.0
110,315.0,861.06,0.0,2.0,0.0,0.0
111,319.0,861.06,0.0,2.0,0.0,0.0
112,323.0,861.06,0.0,2.0,0.0,0.0
113,327.0,861.06,0.0,2.0,0.0,0.0
114,332.0,861.06,0.0,2.0,0.0,0.0
115,336.0,861.06,0.0,2.0,0.0,0.0
116,341.0,861.06,0.0,2.0,0.0,0.0
117,345.0,861.06,0.0,2.0,0.0,0.0
118,350.0,861.06,0.0,2.0,0.0,0.0
119,354.0,861.06,0.0,2.0,0.0,0.0
120,359.0,849.54,0.0,2.0,0.0,0.0
121,363.0,849.54,0.0,2.0,0.0,0.0
122,367.0,849.54,0.0,2.0,0.0,0.0
123,371.0,849.54,0.0,2.0,0.0,0.0
124,375.0,849.54,0.0,2.0,0.0,0.0
125,380.0,849.54,0.0,2.0,0.0,0.0
126,384.0,849.54,0.0,2.0,0.0,0.0
127,389.0,849.54,0.0,2.0,0.0,0.0
128,393.0,849.54,0.0,2.0,0.0,0.0
129,399.0,849.54,0.0,2.0,0.0,0.0
130,403.0,838.02,0.0,2.0,0.0,0.0
131,407.0,838.02,0.0,2.0,0.0,0.0
132,411.0,838.02,0.0,2.0,0.0,0.0
133,416.0,838.02,0.0,2.0,0.0,0.0
134,420.0,838.02,0.0,2.0,0.0,0.0
135,425.0,838.02,0.0,2.0,0.0,0.0
136,429.0,838.02,0.0,2.0,0.0,0.0
137,434.0,838.02,0.0,2.0,0.0,0.0
138,438.0,838.02,0.0,2.0,0.0,0.0
139,442.0,838.02,0.0,2.0,0.0,0.0
140,445.0,826.76,0.0,2.0,0.0,0.0
141,450.0,826.76,0.0,2.0,0.0,0.0
142,455.0,826.76,0.0,2.0,0.0,0.0
143,459.0,826.76,0.0,2.0,0.0,0.0
144,464.0,826.76,0.0,2.0,0.0,0.0
145,468.0,826.76,0.0,2.0,0.0,0.0
146,473.0,826.76,0.0,2.0,0.0,0.0
147,477.0,826.76,0.0,2.0,0.0,0.0
148,482.0,826.76,0.0,2.0,0.0,0.0
149,486.0,826.76,0.0,2.0,0.0,0.0
150,490.0,815.24,0.0,2.0,0.0,0.0
151,495.0,815.24,0.0,2.0,0.0,0.0
152,499.0,815.24,0.0,2.0,0.0,0.0
153,503.0,815.24,0.0,2.0,0.0,0.0
154,507.0,815.24,0.0,2.0,0.0,0.0
155,512.0,815.24,0.0,2.0,0.0,0.0
156,516.0,815.24,0.0,2.0,0.0,0.0
157,521.0,815.24,0.0,2.0,0.0,0.0
158,526.0,815.24,0.0,2.0,0.0,0.0
159,530.0,815.24,0.0,2.0,0.0,0.0
160,534.0,803.72,0.0,2.0,0.0,0.0
161,538.0,803.72,0.0,2.0,0.0,0.0
162,543.0,803.72,0.0,2.0,0.0,0.0
163,547.0,803.72,0.0,2.0,0.0,0.0
164,551.0,803.72,0.0,2.0,0.0,0.0
165,556.0,803.72,0.0,2.0,0.0,0.0
166,560.0,803.72,0.0,2.0,0.0,0.0
167,564.0,803.72,0.0,2.0,0.0,0.0
168,568.0,803.72,0.0,2.0,0.0,0.0
169,573.0,803.72,0.0,2.0,0.0,0.0
170,578.0,792.47,0.0,2.0,0.0,0.0
171,582.0,792.47,0.0,2.0,0.0,0.0
172,588.0,792.47,0.0,2.0,0.0,0.0
173,592.0,792.47,0.0,2.0,0.0,0.0
174,597.0,792.47,0.0,2.0,0.0,0.0
175,602.0,792.47,0.0,2.0,0.0,0.0
176,607.0,792.47,0.0,2.0,0.0,0.0
177,611.0,792.47,0.0,2.0,0.0,0.0
178,616.0,792.47,0.0,2.0,0.0,0.0
179,620.0,792.47,0.0,2.0,0.0,0.0
180,624.0,780.16,0.0,2.0,0.0,0.0
181,629.0,780.16,0.0,2.0,0.0,0.0
182,634.0,780.16,0.0,2.0,0.0,0.0
183,638.0,780.16,0.0,2.0,0.0,0.0
184,642.0,780.16,0.0,2.0,0.0,0.0
185,647.0,780.16,0.0,2.0,0.0,0.0
186,651.0,780.16,0.0,2.0,0.0,0.0
187,656.0,780.16,0.0,2.0,0.0,0.0
188,661.0,780.16,0.0,2.0,0.0,0.0
189,665.0,780.16,0.0,2.0,0.0,0.0
190,669.0,768.38,0.0,2.0,0.0,0.0
191,675.0,768.38,0.0,2.0,0.0,0.0
192,679.0,768.38,0.0,2.0,0.0,0.0
193,684.0,768.38,0.0,2.0,0.0,0.0
194,688.0,768.38,0.0,2.0,0.0,0.0
195,693.0,768.38,0.0,2.0,0.0,0.0
196,697.0,768.38,0.0,2.0,0.0,0.0
197,702.0,768.38,0.0,2.0,0.0,0.0
198,707.0,768.38,0.0,2.0,0.0,0.0
199,711.0,768.38,0.0,2.0,0.0,0.0
200,716.0,756.08,0.0,2.0,0.0,0.0
201,720.0,756.08,0.0,2.0,0.0,0.0
202,724.0,756.08,0.0,2.0,0.0,0.0
203,728.0,756.08,0.0,2.0,0.0,0.0
204,733.0,756.08,0.0,2.0,0.0,0.0
205,737.0,756.08,0.0,2.0,0.0,0.0
206,742.0,756.08,0.0,2.0,0.0,0.0
207,748.0,756.08,0.0,2.0,0.0,0.0
208,752.0,756.08,0.0,2.0,0.0,0.0
209,757.0,756.08,0.0,2.0,0.0,0.0
210,762.0,744.03,0.0,2.0,0.0,0.0
211,766.0,744.03,0.0,2.0,0.0,0.0
212,770.0,744.03,0.0,2.0,0.0,0.0
213,775.0,744.03,0.0,2.0,0.0,0.0
214,779.0,744.03,0.0,2.0,0.0,0.0
215,783.0,744.03,0.0,2.0,0.0,0.0
216,788.0,744.03,0.0,2.0,0.0,0.0
217,792.0,744.03,0.0,2.0,0.0,0.0
218,796.0,744.03,0.0,2.0,0.0,0.0
219,801.0,744.03,0.0,2.0,0.0,0.0
220,805.0,732.78,0.0,2.0,0.0,0.0
221,809.0,732.78,0.0,2.0,0.0,0.0
222,814.0,732.78,0.0,2.0,0.0,0.0
223,818.0,732.78,0.0,2.0,0.0,0.0
224,823.0,732.78,0.0,2.0,0.0,0.0
225,828.0,732.78,0.0,2.0,0.0,0.0
226,832.0,732.78,0.0,2.0,0.0,0.0
227,836.0,732.78,0.0,2.0,0.0,0.0
228,841.0,732.78,0.0,2.0,0.0,0.0
229,845.0,732.78,0.0,2.0,0.0,0.0
230,849.0,721.26,0.0,2.0,0.0,0.0
231,854.0,721.26,0.0,2.0,0.0,0.0
232,858.0,721.26,0.0,2.0,0.0,0.0
233,862.0,721.26,0.0,2.0,0.0,0.0
234,867.0,721.26,0.0,2.0,0.0,0.0
235,871.0,721.26,0.0,2.0,0.0,0.0
236,875.0,721.26,0.0,2.0,0.0,0.0
237,880.0,721.26,0.0,2.0,0.0,0.0
238,884.0,721.26,0.0,2.0,0.0,0.0
239,888.0,721.26,0.0,2.0,0.0,0.0
240,893.0,709.74,0.0,2.0,0.0,0.0
241,897.0,709.74,0.0,2.0,0.0,0.0
242,901.0,709.74,0.0,2.0,0.0,0.0
243,906.0,709.74,0.0,2.0,0.0,0.0
244,910.0,709.74,0.0,2.0,0.0,0.0
245,914.0,709.74,0.0,2.0,0.0,0.0
246,919.0,709.74,0.0,2.0,0.0,0.0
247,923.0,709.74,0.0,2.0,0.0,0.0
248,928.0,709.74,0.0,2.0,0.0,0.0
249,933.0,709.74,0.0,2.0,0.0,0.0
250,937.0,698.22,0.0,2.0,0.0,0.0
251,941.0,698.22,0.0,2.0,0.0,0.0
252,946.0,698.22,0.0,2.0,0.0,0.0
253,950.0,698.22,0.0,2.0,0.0,0.0
254,954.0,698.22,0.0,2.0,0.0,0.0
255,959.0,698.22,0.0,2.0,0.0,0.0
256,963.0,698.22,0.0,2.0,0.0,0.0
257,967.0,698.22,0.0,2.0,0.0,0.0
258,972.0,698.22,0.0,2.0,0.0,0.0
259,976.0,698.22,0.0,2.0,0.0,0.0
260,980.0,686.96,0.0,2.0,0.0,0.0
261,985.0,686.96,0.0,2.0,0.0,0.0
262,989.0,686.96,0.0,2.0,0.0,0.0
263,994.0,686.96,0.0,2.0,0.0,0.0
264,999.0,686.96,0.0,2.0,0.0,0.0
265,1003.0,686.96,0.0,2.0,0.0,0.0
266,1007.0,686.96,0.0,2.0,0.0,0.0
267,1012.0,686.96,0.0,2.0,0.0,0.0
268,1016.0,686.96,0.0,2.0,0.0,0.0
269,1020.0,686.96,0.0,2.0,0.0,0.0
270,1025.0,675.18,0.0,2.0,0.0,0.0
271,1029.0,675.18,0.0,2.0,0.0,0.0
272,1034.0,675.18,0.0,2.0,0.0,0.0
273,1039.0,675.18,0.0,2.0,0.0,0.0
274,1043.0,675.18,0.0,2.0,0.0,0.0
275,1047.0,675.18,0.0,2.0,0.0,0.0
276,1052.0,675.18,0.0,2.0,0.0,0.0
277,1056.0,675.18,0.0,2.0,0.0,0.0
278,1060.0,675.18,0.0,2.0,0.0,0.0
279,1065.0,675.18,0.0,2.0,0.0,0.0
280,1069.0,663.66,0.0,2.0,0.0,0.0
281,1073.0,663.66,0.0,2.0,0.0,0.0
282,1078.0,663.66,0.0,2.0,0.0,0.0
283,1082.0,663.66,0.0,2.0,0.0,0.0
284,1086.0,663.66,0.0,2.0,0.0,0.0
285,1091.0,663.66,0.0,2.0,0.0,0.0
286,1095.0,663.66,0.0,2.0,0.0,0.0
287,1099.0,663.66,0.0,2.0,0.0,0.0
288,1104.0,663.66,0.0,2.0,0.0,0.0
289,1108.0,663.66,0.0,2.0,0.0,0.0
290,1112.0,652.4,0.0,2.0,0.0,0.0
291,1117.0,652.4,0.0,2.0,0.0,0.0
292,1121.0,652.4,0.0,2.0,0.0,0.0
293,1125.0,652.4,0.0,2.0,0.0,0.0
294,1131.0,652.4,0.0,2.0,0.0,0.0
295,1135.0,652.4,0.0,2.0,0.0,0.0
296,1139.0,652.4,0.0,2.0,0.0,0.0
297,1144.0,652.4,0.0,2.0,0.0,0.0
298,1148.0,652.4,0.0,2.0,0.0,0.0
299,1153.0,652.4,0.0,2.0,0.0,0.0
300,1157.0,640.62,0.0,2.0,0.0,0.0
301,1161.0,640.62,0.0,2.0,0.0,0.0
302,1167.0,640.62,0.0,2.0,0.0,0.0
303,1171.0,640.62,0.0,2.0,0.0,0.0
304,1175.0,640.62,0.0,2.0,0.0,0.0
305,1181.0,640.62,0.0,2.0,0.0,0.0
306,1185.0,640.62,0.0,2.0,0.0,0.0
307,1189.0,640.62,0.0,2.0,0.0,0.0
308,1194.0,640.62,0.0,2.0,0.0,0.0
309,1200.0,640.62,0.0,2.0,0.0,0.0
310,1204.0,628.32,0.0,2.0,0.0,0.0
311,1209.0,628.32,0.0,2.0,0.0,0.0
312,1213.0,628.32,0.0,2.0,0.0,0.0
313,1217.0,628.32,0.0,2.0,0.0,0.0
314,1222.0,628.32,0.0,2.0,0.0,0.0
315,1226.0,628.32,0.0,2.0,0.0,0.0
316,1230.0,628.32,0.0,2.0,0.0,0.0
317,1235.0,628.32,0.0,2.0,0.0,0.0
318,1239.0,628.32,0.0,2.0,0.0,0.0
319,1244.0,628.32,0.0,2.0,0.0,0.0
320,1249.0,616.8,0.0,2.0,0.0,0.0
321,1253.0,616.8,0.0,2.0,0.0,0.0
322,1258.0,616.8,0.0,2.0,0.0,0.0
323,1262.0,616.8,0.0,2.0,0.0,0.0
324,1266.0,616.8,0.0,2.0,0.0,0.0
325,1272.0,616.8,0.0,2.0,0.0,0.0
326,1276.0,616.8,0.0,2.0,0.0,0.0
327,1280.0,616.8,0.0,2.0,0.0,0.0
328,1285.0,616.8,0.0,2.0,0.0,0.0
329,1289.0,616.8,0.0,2.0,0.0,0.0
330,1293.0,605.02,0.0,2.0,0.0,0.0
331,1298.0,605.02,0.0,2.0,0.0,0.0
332,1302.0,605.02,0.0,2.0,0.0,0.0
333,1306.0,605.02,0.0,2.0,0.0,0.0
334,1311.0,605.02,0.0,2.0,0.0,0.0
335,1315.0,605.02,0.0,2.0,0.0,0.0
336,1319.0,605.02,0.0,2.0,0.0,0.0
337,1324.0,605.02,0.0,2.0,0.0,0.0
338,1328.0,605.02,0.0,2.0,0.0,0.0
339,1332.0,605.02,0.0,2.0,0.0,0.0
340,1338.0,593.5,0.0,2.0,0.0,0.0
341,1342.0,593.5,0.0,2.0,0.0,0.0
342,1348.0,593.5,0.0,2.0,0.0,0.0
343,1352.0,593.5,0.0,2.0,0.0,0.0
344,1356.0,593.5,0.0,2.0,0.0,0.0
345,1361.0,593.5,0.0,2.0,0.0,0.0
346,1365.0,593.5,0.0,2.0,0.0,0.0
347,1369.0,593.5,0.0,2.0,0.0,0.0
348,1373.0,593.5,0.0,2.0,0.0,0.0
349,1378.0,593.5,0.0,2.0,0.0,0.0
350,1382.0,581.72,0.0,2.0,0.0,0.0
351,1388.0,581.72,0.0,2.0,0.0,0.0
352,1392.0,581.72,0.0,2.0,0.0,0.0
353,1396.0,581.72,0.0,2.0,0.0,0.0
354,1401.0,581.72,0.0,2.0,0.0,0.0
355,1405.0,581.72,0.0,2.0,0.0,0.0
356,1409.0,581.72,0.0,2.0,0.0,0.0
357,1414.0,581.72,0.0,2.0,0.0,0.0
358,1418.0,581.72,0.0,2.0,0.0,0.0
359,1423.0,581.72,0.0,2.0,0.0,0.0
360,1428.0,569.68,0.0,2.0,0.0,0.0
361,1432.0,569.68,0.0,2.0,0.0,0.0
362,1436.0,569.68,0.0,2.0,0.0,0.0
363,1441.0,569.68,0.0,2.0,0.0,0.0
364,1446.0,569.68,0.0,2.0,0.0,0.0
365,1450.0,569.68,0.0,2.0,0.0,0.0
366,1455.0,569.68,0.0,2.0,0.0,0.0
367,1459.0,569.68,0.0,2.0,0.0,0.0
368,1463.0,569.68,0.0,2.0,0.0,0.0
369,1468.0,569.68,0.0,2.0,0.0,0.0
370,1472.0,558.16,0.0,2.0,0.0,0.0
371,1476.0,558.16,0.0,2.0,0.0,0.0
372,1481.0,558.16,0.0,2.0,0.0,0.0
373,1486.0,558.16,0.0,2.0,0.0,0.0
374,1490.0,558.16,0.0,2.0,0.0,0.0
375,1496.0,558.16,0.0,2.0,0.0,0.0
376,1500.0,558.16,0.0,2.0,0.0,0.0
377,1505.0,558.16,0.0,2.0,0.0,0.0
378,1509.0,558.16,0.0,2.0,0.0,0.0
379,1513.0,558.16,0.0,2.0,0.0,0.0
380,1517.0,546.11,0.0,2.0,0.0,0.0
381,1522.0,546.11,0.0,2.0,0.0,0.0
382,1526.0,546.11,0.0,2.0,0.0,0.0
383,1530.0,546.11,0.0,2.0,0.0,0.0
384,1536.0,546.11,0.0,2.0,0.0,0.0
385,1540.0,546.11,0.0,2.0,0.0,0.0
386,1545.0,546.11,0.0,2.0,0.0,0.0
387,1549.0,546.11,0.0,2.0,0.0,0.0
388,1553.0,546.11,0.0,2.0,0.0,0.0
389,1558.0,546.11,0.0,2.0,0.0,0.0
390,1562.0,534.59,0.0,2.0,0.0,0.0
391,1566.0,534.59,0.0,2.0,0.0,0.0
392,1570.0,534.59,0.0,2.0,0.0,0.0
393,1575.0,534.59,0.0,2.0,0.0,0.0
394,1579.0,534.59,0.0,2.0,0.0,0.0
395,1585.0,534.59,0.0,2.0,0.0,0.0
396,1589.0,534.59,0.0,2.0,0.0,0.0
397,1593.0,534.59,0.0,2.0,0.0,0.0
398,1598.0,534.59,0.0,2.0,0.0,0.0
399,1602.0,534.59,0.0,2.0,0.0,0.0
400,1606.0,523.08,0.0,2.0,0.0,0.0
401,1611.0,523.08,0.0,2.0,0.0,0.0
402,1615.0,523.08,0.0,2.0,0.0,0.0
403,1619.0,523.08,0.0,2.0,0.0,0.0
404,1624.0,523.08,0.0,2.0,0.0,0.0
405,1629.0,523.08,0.0,2.0,0.0,0.0
406,1633.0,523.08,0.0,2.0,0.0,0.0
407,1639.0,523.08,0.0,2.0,0.0,0.0
408,1643.0,523.08,0.0,2.0,0.0,0.0
409,1647.0,523.08,0.0,2.0,0.0,0.0
410,1652.0,511.03,0.0,2.0,0.0,0.0
411,1656.0,511.03,0.0,2.0,0.0,0.0
412,1660.0,511.03,0.0,2.0,0.0,0.0
413,1665.0,511.03,0.0,2.0,0.0,0.0
414,1669.0,511.03,0.0,2.0,0.0,0.0
415,1673.0,511.03,0.0,2.0,0.0,0.0
416,1678.0,511.03,0.0,2.0,0.0,0.0
417,1682.0,511.03,0.0,2.0,0.0,0.0
418,1685.0,511.03,0.0,2.0,0.0,0.0
419,1690.0,511.03,0.0,2.0,0.0,0.0
420,1694.0,500.04,0.0,2.0,0.0,0.0
421,1699.0,500.04,0.0,2.0,0.0,0.0
422,1703.0,500.04,0.0,2.0,0.0,0.0
423,1707.0,500.04,0.0,2.0,0.0,0.0
424,1712.0,500.04,0.0,2.0,0.0,0.0
425,1717.0,500.04,0.0,2.0,0.0,0.0
426,1721.0,500.04,0.0,2.0,0.0,0.0
427,1725.0,500.04,0.0,2.0,0.0,0.0
428,1730.0,500.04,0.0,2.0,0.0,0.0
429,1734.0,500.04,0.0,2.0,0.0,0.0
430,1740.0,488.52,0.0,2.0,0.0,0.0
431,1744.0,488.52,0.0,2.0,0.0,0.0
432,1748.0,488.52,0.0,2.0,0.0,0.0
433,1753.0,488.52,0.0,2.0,0.0,0.0
434,1757.0,488.52,0.0,2.0,0.0,0.0
435,1761.0,488.52,0.0,2.0,0.0,0.0
436,1767.0,488.52,0.0,2.0,0.0,0.0
437,1771.0,488.52,0.0,2.0,0.0,0.0
438,1775.0,488.52,0.0,2.0,0.0,0.0
439,1780.0,488.52,0.0,2.0,0.0,0.0
440,1785.0,476.47,0.0,2.0,0.0,0.0
441,1789.0,476.47,0.0,2.0,0.0,0.0
442,1794.0,476.47,0.0,2.0,0.0,0.0
443,1798.0,476.47,0.0,2.0,0.0,0.0
444,1802.0,476.47,0.0,2.0,0.0,0.0
445,1807.0,476.47,0.0,2.0,0.0,0.0
446,1811.0,476.47,0.0,2.0,0.0,0.0
447,1815.0,476.47,0.0,2.0,0.0,0.0
448,1820.0,476.47,0.0,2.0,0.0,0.0
449,1825.0,476.47,0.0,2.0,0.0,0.0
450,1829.0,464.69,0.0,2.0,0.0,0.0
451,1834.0,464.69,0.0,2.0,0.0,0.0
452,1838.0,464.69,0.0,2.0,0.0,0.0
453,1843.0,464.69,0.0,2.0,0.0,0.0
454,1847.0,464.69,0.0,2.0,0.0,0.0
455,1851.0,464.69,0.0,2.0,0.0,0.0
456,1856.0,464.69,0.0,2.0,0.0,0.0
457,1860.0,464.69,0.0,2.0,0.0,0.0
458,1865.0,464.69,0.0,2.0,0.0,0.0
459,1869.0,464.69,0.0,2.0,0.0,0.0
460,1874.0,452.91,0.0,2.0,0.0,0.0
461,1878.0,452.91,0.0,2.0,0.0,0.0
462,1882.0,452.91,0.0,2.0,0.0,0.0
463,1887.0,452.91,0.0,2.0,0.0,0.0
464,1891.0,452.91,0.0,2.0,0.0,0.0
465,1896.0,452.91,0.0,2.0,0.0,0.0
466,1900.0,452.91,0.0,2.0,0.0,0.0
467,1905.0,452.91,0.0,2.0,0.0,0.0
468,1910.0,452.91,0.0,2.0,0.0,0.0
469,1915.0,452.91,0.0,2.0,0.0,0.0
470,1919.0,441.13,0.0,2.0,0.0,0.0
471,1924.0,441.13,0.0,2.0,0.0,0.0
472,1928.0,441.13,0.0,2.0,0.0,0.0
473,1932.0,441.13,0.0,2.0,0.0,0.0
474,1937.0,441.13,0.0,2.0,0.0,0.0
475,1941.0,441.13,0.0,2.0,0.0,0.0
476,1945.0,441.13,0.0,2.0,0.0,0.0
477,1950.0,441.13,0.0,2.0,0.0,0.0
478,1954.0,441.13,0.0,2.0,0.0,0.0
479,1958.0,441.13,0.0,2.0,0.0,0.0
480,1963.0,429.61,0.0,2.0,0.0,0.0
481,1967.0,429.61,0.0,2.0,0.0,0.0
482,1972.0,429.61,0.0,2.0,0.0,0.0
483,1977.0,429.61,0.0,2.0,0.0,0.0
484,1981.0,429.61,0.0,2.0,0.0,0.0
485,1986.0,429.61,0.0,2.0,0.0,0.0
486,1991.0,429.61,0.0,2.0,0.0,0.0
487,1995.0,429.61,0.0,2.0,0.0,0.0
488,2000.0,429.61,0.0,2.0,0.0,0.0
489,2004.0,429.61,0.0,2.0,0.0,0.0
490,2008.0,417.83,0.0,2.0,0.0,0.0
491,2014.0,417.83,0.0,2.0,0.0,0.0
492,2018.0,417.83,0.0,2.0,0.0,0.0
493,2023.0,417.83,0.0,2.0,0.0,0.0
494,2028.0,417.83,0.0,2.0,0.0,0.0
495,2032.0,417.83,0.0,2.0,0.0,0.0
496,2036.0,417.83,0.0,2.0,0.0,0.0
497,2041.0,417.83,0.0,2.0,0.0,0.0
498,2045.0,417.83,0.0,2.0,0.0,0.0
499,2049.0,417.83,0.0,2.0,0.0,0.0
500,2054.0,405.79,0.0,2.0,0.0,0.0
501,2058.0,405.79,0.0,2.0,0.0,0.0
502,2062.0,405.79,0.0,2.0,0.0,0.0
503,2067.0,405.79,0.0,2.0,0.0,0.0
504,2071.0,405.79,0.0,2.0,0.0,0.0
505,2075.0,405.79,0.0,2.0,0.0,0.0
506,2081.0,405.79,0.0,2.0,0.0,0.0
507,2085.0,405.79,0.0,2.0,0.0,0.0
508,2089.0,405.79,0.0,2.0,0.0,0.0
509,2094.0,405.79,0.0,2.0,0.0,0.0
510,2098.0,394.27,0.0,2.0,0.0,0.0
511,2102.0,394.27,0.0,2.0,0.0,0.0
512,2107.0,394.27,0.0,2.0,0.0,0.0
513,2113.0,394.27,0.0,2.0,0.0,0.0
514,2117.0,394.27,0.0,2.0,0.0,0.0
515,2122.0,394.27,0.0,2.0,0.0,0.0
516,2126.0,394.27,0.0,2.0,0.0,0.0
517,2130.0,394.27,0.0,2.0,0.0,0.0
518,2135.0,394.27,0.0,2.0,0.0,0.0
519,2140.0,394.27,0.0,2.0,0.0,0.0
520,2145.0,381.97,0.0,2.0,0.0,0.0
521,2149.0,381.97,0.0,2.0,0.0,0.0
522,2153.0,381.97,0.0,2.0,0.0,0.0
523,2157.0,381.97,0.0,2.0,0.0,0.0
524,2162.0,381.97,0.0,2.0,0.0,0.0
525,2166.0,381.97,0.0,2.0,0.0,0.0
526,2171.0,381.97,0.0,2.0,0.0,0.0
527,2176.0,381.97,0.0,2.0,0.0,0.0
528,2180.0,381.97,0.0,2.0,0.0,0.0
529,2185.0,381.97,0.0,2.0,0.0,0.0
530,2190.0,370.45,0.0,2.0,0.0,0.0
531,2194.0,370.45,0.0,2.0,0.0,0.0
532,2199.0,370.45,0.0,2.0,0.0,0.0
533,2203.0,370.45,0.0,2.0,0.0,0.0
534,2208.0,370.45,0.0,2.0,0.0,0.0
535,2214.0,370.45,0.0,2.0,0.0,0.0
536,2218.0,370.45,0.0,2.0,0.0,0.0
537,2222.0,370.45,0.0,2.0,0.0,0.0
538,2226.0,370.45,0.0,2.0,0.0,0.0
539,2231.0,370.45,0.0,2.0,0.0,0.0
540,2235.0,358.4,0.0,2.0,0.0,0.0
541,2240.0,358.4,0.0,2.0,0.0,0.0
542,2244.0,358.4,0.0,2.0,0.0,0.0
543,2248.0,358.4,0.0,2.0,0.0,0.0
544,2253.0,358.4,0.0,2.0,0.0,0.0
545,2257.0,358.4,0.0,2.0,0.0,0.0
546,2262.0,358.4,0.0,2.0,0.0,0.0
547,2267.0,358.4,0.0,2.0,0.0,0.0
548,2271.0,358.4,0.0,2.0,0.0,0.0
549,2275.0,358.4,0.0,2.0,0.0,0.0
550,2280.0,346.62,0.0,2.0,0.0,0.0
551,2284.0,346.62,0.0,2.0,0.0,0.0
552,2288.0,346.62,0.0,2.0,0.0,0.0
553,2293.0,346.62,0.0,2.0,0.0,0.0
554,2297.0,346.62,0.0,2.0,0.0,0.0
555,2301.0,346.62,0.0,2.0,0.0,0.0
556,2306.0,346.62,0.0,2.0,0.0,0.0
557,2310.0,346.62,0.0,2.0,0.0,0.0
558,2315.0,346.62,0.0,2.0,0.0,0.0
559,2320.0,346.62,0.0,2.0,0.0,0.0
560,2324.0,335.1,0.0,2.0,0.0,0.0
561,2328.0,335.1,0.0,2.0,0.0,0.0
562,2333.0,335.1,0.0,2.0,0.0,0.0
563,2338.0,335.1,0.0,2.0,0.0,0.0
564,2342.0,335.1,0.0,2.0,0.0,0.0
565,2347.0,335.1,0.0,2.0,0.0,0.0
566,2351.0,335.1,0.0,2.0,0.0,0.0
567,2355.0,335.1,0.0,2.0,0.0,0.0
568,2360.0,335.1,0.0,2.0,0.0,0.0
569,2365.0,335.1,0.0,2.0,0.0,0.0
570,2369.0,323.32,0.0,2.0,0.0,0.0
571,2374.0,323.32,0.0,2.0,0.0,0.0
572,2378.0,323.32,0.0,2.0,0.0,0.0
573,2382.0,323.32,0.0,2.0,0.0,0.0
574,2387.0,323.32,0.0,2.0,0.0,0.0
575,2391.0,323.32,0.0,2.0,0.0,0.0
576,2396.0,323.32,0.0,2.0,0.0,0.0
577,2400.0,323.32,0.0,2.0,0.0,0.0
578,2405.0,323.32,0.0,2.0,0.0,0.0
579,2409.0,323.32,0.0,2.0,0.0,0.0
580,2415.0,311.54,0.0,2.0,0.0,0.0
581,2419.0,311.54,0.0,2.0,0.0,0.0
582,2423.0,311.54,0.0,2.0,0.0,0.0
583,2428.0,311.54,0.0,2.0,0.0,0.0
584,2432.0,311.54,0.0,2.0,0.0,0.0
585,2439.0,311.54,0.0,2.0,0.0,0.0
586,2443.0,311.54,0.0,2.0,0.0,0.0
587,2447.0,311.54,0.0,2.0,0.0,0.0
588,2452.0,311.54,0.0,2.0,0.0,0.0
589,2456.0,311.54,0.0,2.0,0.0,0.0
590,2460.0,299.5,0.0,2.0,0.0,0.0
591,2465.0,299.5,0.0,2.0,0.0,0.0
592,2469.0,299.5,0.0,2.0,0.0,0.0
593,2473.0,299.5,0.0,2.0,0.0,0.0
594,2478.0,299.5,0.0,2.0,0.0,0.0
595,2482.0,299.5,0.0,2.0,0.0,0.0
596,2487.0,299.5,0.0,2.0,0.0,0.0
597,2492.0,299.5,0.0,2.0,0.0,0.0
598,2496.0,299.5,0.0,2.0,0.0,0.0
599,2500.0,299.5,0.0,2.0,0.0,0.0
600,2505.0,287.72,0.0,2.0,0.0,0.0
601,2509.0,287.72,0.0,2.0,0.0,0.0
602,2512.0,287.72,0.0,2.0,0.0,0.0
603,2517.0,287.72,0.0,2.0,0.0,0.0
604,2521.0,287.72,0.0,2.0,0.0,0.0
605,2525.0,287.72,0.0,2.0,0.0,0.0
606,2530.0,287.72,0.0,2.0,0.0,0.0
607,2535.0,287.72,0.0,2.0,0.0,0.0
608,2539.0,287.72,0.0,2.0,0.0,0.0
609,2544.0,287.72,0.0,2.0,0.0,0.0
610,2548.0,276.46,0.0,2.0,0.0,0.0
611,2553.0,276.46,0.0,2.0,0.0,0.0
612,2558.0,276.46,0.0,2.0,0.0,0.0
613,2563.0,276.46,0.0,2.0,0.0,0.0
614,2567.0,276.46,0.0,2.0,0.0,0.0
615,2572.0,276.46,0.0,2.0,0.0,0.0
616,2576.0,276.46,0.0,2.0,0.0,0.0
617,2580.0,276.46,0.0,2.0,0.0,0.0
618,2585.0,276.46,0.0,2.0,0.0,0.0
619,2589.0,276.46,0.0,2.0,0.0,0.0
620,2593.0,264.68,0.0,2.0,0.0,0.0
621,2598.0,264.68,0.0,2.0,0.0,0.0
622,2603.0,264.68,0.0,2.0,0.0,0.0
623,2607.0,264.68,0.0,2.0,0.0,0.0
624,2613.0,264.68,0.0,2.0,0.0,0.0
625,2617.0,264.68,0.0,2.0,0.0,0.0
626,2621.0,264.68,0.0,2.0,0.0,0.0
627,2626.0,264.68,0.0,2.0,0.0,0.0
628,2630.0,264.68,0.0,2.0,0.0,0.0
629,2635.0,264.68,0.0,2.0,0.0,0.0
630,2640.0,252.37,0.0,2.0,0.0,0.0
631,2644.0,252.37,0.0,2.0,0.0,0.0
632,2648.0,252.37,0.0,2.0,0.0,0.0
633,2654.0,252.37,0.0,2.0,0.0,0.0
634,2658.0,252.37,0.0,2.0,0.0,0.0
635,2662.0,252.37,0.0,2.0,0.0,0.0
636,2667.0,252.37,0.0,2.0,0.0,0.0
637,2671.0,252.37,0.0,2.0,0.0,0.0
638,2676.0,252.37,0.0,2.0,0.0,0.0
639,2680.0,252.37,0.0,2.0,0.0,0.0
640,2684.0,240.86,0.0,2.0,0.0,0.0
641,2690.0,240.86,0.0,2.0,0.0,0.0
642,2694.0,240.86,0.0,2.0,0.0,0.0
643,2698.0,240.86,0.0,2.0,0.0,0.0
644,2703.0,240.86,0.0,2.0,0.0,0.0
645,2707.0,240.86,0.0,2.0,0.0,0.0
646,2712.0,240.86,0.0,2.0,0.0,0.0
647,2716.0,240.86,0.0,2.0,0.0,0.0
648,2721.0,240.86,0.0,2.0,0.0,0.0
649,2725.0,240.86,0.0,2.0,0.0,0.0
650,2730.0,228.81,0.0,2.0,0.0,0.0
651,2734.0,228.81,0.0,2.0,0.0,0.0
652,2739.0,228.81,0.0,2.0,0.0,0.0
653,2744.0,228.81,0.0,2.0,0.0,0.0
654,2748.0,228.81,0.0,2.0,0.0,0.0
655,2752.0,228.81,0.0,2.0,0.0,0.0
656,2757.0,228.81,0.0,2.0,0.0,0.0
657,2762.0,228.81,0.0,2.0,0.0,0.0
658,2766.0,228.81,0.0,2.0,0.0,0.0
659,2771.0,228.81,0.0,2.0,0.0,0.0
660,2775.0,217.03,0.0,2.0,0.0,0.0
661,2779.0,217.03,0.0,2.0,0.0,0.0
662,2784.0,217.03,0.0,2.0,0.0,0.0
663,2788.0,217.03,0.0,2.0,0.0,0.0
664,2792.0,217.03,0.0,2.0,0.0,0.0
665,2797.0,217.03,0.0,2.0,0.0,0.0
666,2801.0,217.03,0.0,2.0,0.0,0.0
667,2805.0,217.03,0.0,2.0,0.0,0.0
668,2811.0,217.03,0.0,2.0,0.0,0.0
669,2815.0,217.03,0.0,2.0,0.0,0.0
670,2819.0,205.51,0.0,2.0,0.0,0.0
671,2824.0,205.51,0.0,2.0,0.0,0.0
672,2828.0,205.51,0.0,2.0,0.0,0.0
673,2833.0,205.51,0.0,2.0,0.0,0.0
674,2839.0,205.51,0.0,2.0,0.0,0.0
675,2843.0,205.51,0.0,2.0,0.0,0.0
676,2848.0,205.51,0.0,2.0,0.0,0.0
677,2852.0,205.51,0.0,2.0,0.0,0.0
678,2856.0,205.51,0.0,2.0,0.0,0.0
679,2861.0,205.51,0.0,2.0,0.0,0.0
680,2865.0,193.47,0.0,2.0,0.0,0.0
681,2869.0,193.47,0.0,2.0,0.0,0.0
682,2873.0,193.47,0.0,2.0,0.0,0.0
683,2878.0,193.47,0.0,2.0,0.0,0.0
684,2882.0,193.47,0.0,2.0,0.0,0.0
685,2888.0,193.47,0.0,2.0,0.0,0.0
686,2892.0,193.47,0.0,2.0,0.0,0.0
687,2896.0,193.47,0.0,2.0,0.0,0.0
688,2901.0,193.47,0.0,2.0,0.0,0.0
689,2905.0,193.47,0.0,2.0,0.0,0.0
690,2909.0,181.95,0.0,2.0,0.0,0.0
691,2914.0,181.95,0.0,2.0,0.0,0.0
692,2918.0,181.95,0.0,2.0,0.0,0.0
693,2922.0,181.95,0.0,2.0,0.0,0.0
694,2927.0,181.95,0.0,2.0,0.0,0.0
695,2931.0,181.95,0.0,2.0,0.0,0.0
696,2935.0,181.95,0.0,2.0,0.0,0.0
697,2940.0,181.95,0.0,2.0,0.0,0.0
698,2944.0,181.95,0.0,2.0,0.0,0.0
699,2948.0,181.95,0.0,2.0,0.0,0.0
700,2953.0,170.43,0.0,2.0,0.0,0.0
701,2958.0,170.43,0.0,2.0,0.0,0.0
702,2962.0,170.43,0.0,2.0,0.0,0.0
703,2967.0,170.43,0.0,2.0,0.0,0.0
704,2971.0,170.43,0.0,2.0,0.0,0.0
705,2975.0,170.43,0.0,2.0,0.0,0.0
706,2980.0,170.43,0.0,2.0,0.0,0.0
707,2984.0,170.43,0.0,2.0,0.0,0.0
708,2989.0,170.43,0.0,2.0,0.0,0.0
709,2993.0,170.43,0.0,2.0,0.0,0.0
710,2997.0,158.91,0.0,2.0,0.0,0.0
711,3002.0,158.91,0.0,2.0,0.0,0.0
712,3006.0,158.91,0.0,2.0,0.0,0.0
713,3010.0,158.91,0.0,2.0,0.0,0.0
714,3014.0,158.91,0.0,2.0,0.0,0.0
715,3019.0,158.91,0.0,2.0,0.0,0.0
716,3023.0,158.91,0.0,2.0,0.0,0.0
717,3028.0,158.91,0.0,2.0,0.0,0.0
718,3033.0,158.91,0.0,2.0,0.0,0.0
719,3037.0,158.91,0.0,2.0,0.0,0.0
720,3042.0,147.13,0.0,2.0,0.0,0.0
721,3046.0,147.13,0.0,2.0,0.0,0.0
722,3051.0,147.13,0.0,2.0,0.0,0.0
723,3056.0,147.13,0.0,2.0,0.0,0.0
724,3060.0,147.13,0.0,2.0,0.0,0.0
725,3064.0,147.13,0.0,2.0,0.0,0.0
726,3069.0,147.13,0.0,2.0,0.0,0.0
727,3073.0,147.13,0.0,2.0,0.0,0.0
728,3077.0,147.13,0.0,2.0,0.0,0.0
729,3083.0,147.13,0.0,2.0,0.0,0.0
730,3087.0,135.35,0.0,2.0,0.0,0.0
731,3091.0,135.35,0.0,2.0,0.0,0.0
732,3096.0,135.35,0.0,2.0,0.0,0.0
733,3100.0,135.35,0.0,2.0,0.0,0.0
734,3105.0,135.35,0.0,2.0,0.0,0.0
735,3110.0,135.35,0.0,2.0,0.0,0.0
736,3114.0,135.35,0.0,2.0,0.0,0.0
737,3118.0,135.35,0.0,2.0,0.0,0.0
738,3123.0,135.35,0.0,2.0,0.0,0.0
739,3127.0,135.35,0.0,2.0,0.0,0.0
740,3134.0,123.57,0.0,2.0,0.0,0.0
741,3138.0,123.57,0.0,2.0,0.0,0.0
742,3142.0,123.57,0.0,2.0,0.0,0.0
743,3147.0,123.57,0.0,2.0,0.0,0.0
744,3151.0,123.57,0.0,2.0,0.0,0.0
745,3157.0,123.57,0.0,2.0,0.0,0.0
746,3162.0,123.57,0.0,2.0,0.0,0.0
747,3166.0,123.57,0.0,2.0,0.0,0.0
748,3170.0,123.57,0.0,2.0,0.0,0.0
749,3175.0,123.57,0.0,2.0,0.0,0.0
750,3179.0,111.26,0.0,2.0,0.0,0.0
751,3185.0,111.26,0.0,2.0,0.0,0.0
752,3190.0,111.26,0.0,2.0,0.0,0.0
753,3194.0,111.26,0.0,2.0,0.0,0.0
754,3198.0,111.26,0.0,2.0,0.0,0.0
755,3204.0,111.26,0.0,2.0,0.0,0.0
756,3208.0,111.26,0.0,2.0,0.0,0.0
757,3212.0,111.26,0.0,2.0,0.0,0.0
758,3217.0,111.26,0.0,2.0,0.0,0.0
759,3221.0,111.26,0.0,2.0,0.0,0.0
760,3225.0,99.22,0.0,2.0,0.0,0.0
761,3230.0,99.22,0.0,2.0,0.0,0.0
762,3235.0,99.22,0.0,2.0,0.0,0.0
763,3240.0,99.22,0.0,2.0,0.0,0.0
764,3244.0,99.22,0.0,2.0,0.0,0.0
765,3248.0,99.22,0.0,2.0,0.0,0.0
766,3253.0,99.22,0.0,2.0,0.0,0.0
767,3257.0,99.22,0.0,2.0,0.0,0.0
768,3262.0,99.22,0.0,2.0,0.0,0.0
769,3267.0,99.22,0.0,2.0,0.0,0.0
770,3271.0,87.18,0.0,2.0,0.0,0.0
771,3275.0,87.18,0.0,2.0,0.0,0.0
772,3280.0,87.18,0.0,2.0,0.0,0.0
773,3284.0,87.18,0.0,2.0,0.0,0.0
774,3288.0,87.18,0.0,2.0,0.0,0.0
775,3293.0,87.18,0.0,2.0,0.0,0.0
776,3297.0,87.18,0.0,2.0,0.0,0.0
777,3302.0,87.18,0.0,2.0,0.0,0.0
778,3307.0,87.18,0.0,2.0,0.0,0.0
779,3312.0,87.18,0.0,2.0,0.0,0.0
780,3316.0,75.4,0.0,2.0,0.0,0.0
781,3321.0,75.4,0.0,2.0,0.0,0.0
782,3325.0,75.4,0.0,2.0,0.0,0.0
783,3329.0,75.4,0.0,2.0,0.0,0.0
784,3334.0,75.4,0.0,2.0,0.0,0.0
785,3338.0,75.4,0.0,2.0,0.0,0.0
786,3343.0,75.4,0.0,2.0,0.0,0.0
787,3347.0,75.4,0.0,2.0,0.0,0.0
788,3351.0,75.4,0.0,2.0,0.0,0.0
789,3355.0,75.4,0.0,2.0,0.0,0.0
790,3360.0,63.88,0.0,2.0,0.0,0.0
791,3364.0,63.88,0.0,2.0,0.0,0.0
792,3368.0,63.88,0.0,2.0,0.0,0.0
793,3373.0,63.88,0.0,2.0,0.0,0.0
794,3377.0,63.88,0.0,2.0,0.0,0.0
795,3383.0,63.88,0.0,2.0,0.0,0.0
796,3387.0,63.88,0.0,2.0,0.0,0.0
797,3391.0,63.88,0.0,2.0,0.0,0.0
798,3396.0,63.88,0.0,2.0,0.0,0.0
799,3400.0,63.88,0.0,2.0,0.0,0.0
800,3404.0,52.36,0.0,2.0,0.0,0.0
801,3409.0,52.36,0.0,2.0,0.0,0.0
802,3413.0,52.36,0.0,2.0,0.0,0.0
803,3417.0,52.36,0.0,2.0,0.0,0.0
804,3422.0,52.36,0.0,2.0,0.0,0.0
805,3426.0,52.36,0.0,2.0,0.0,0.0
806,3430.0,52.36,0.0,2.0,0.0,0.0
807,3435.0,52.36,0.0,2.0,0.0,0.0
808,3439.0,52.36,0.0,2.0,0.0,0.0
809,3443.0,52.36,0.0,2.0,0.0,0.0
810,3448.0,40.84,0.0,2.0,0.0,0.0
811,3452.0,40.84,0.0,2.0,0.0,0.0
812,3457.0,40.84,0.0,2.0,0.0,0.0
813,3462.0,40.84,0.0,2.0,0.0,0.0
814,3466.0,40.84,0.0,2.0,0.0,0.0
815,3470.0,40.84,0.0,2.0,0.0,0.0
816,3475.0,40.84,0.0,2.0,0.0,0.0
817,3479.0,40.84,0.0,2.0,0.0,0.0
818,3484.0,40.84,0.0,2.0,0.0,0.0
819,3488.0,40.84,0.0,2.0,0.0,0.0
820,3492.0,29.32,0.0,2.0,0.0,0.0
821,3497.0,29.32,0.0,2.0,0.0,0.0
822,3501.0,29.32,0.0,2.0,0.0,0.0
823,3505.0,29.32,0.0,2.0,0.0,0.0
824,3509.0,29.32,0.0,2.0,0.0,0.0
825,3514.0,29.32,0.0,2.0,0.0,0.0
826,3518.0,29.32,0.0,2.0,0.0,0.0
827,3522.0,29.32,0.0,2.0,0.0,0.0
828,3527.0,29.32,0.0,2.0,0.0,0.0
829,3531.0,29.32,0.0,2.0,0.0,0.0
830,3536.0,17.8,0.0,2.0,0.0,0.0
831,3540.0,17.8,0.0,2.0,0.0,0.0
832,3544.0,17.8,0.0,2.0,0.0,0.0
833,3549.0,17.8,0.0,2.0,0.0,0.0
834,3553.0,17.8,0.0,2.0,0.0,0.0
835,3557.0,17.8,0.0,2.0,0.0,0.0
836,3562.0,17.8,0.0,2.0,0.0,0.0
837,3566.0,17.8,0.0,2.0,0.0,0.0
838,3570.0,17.8,0.0,2.0,0.0,0.0
839,3575.0,17.8,0.0,2.0,0.0,0.0
840,3579.0,6.55,0.0,2.0,0.0,0.0
841,3583.0,6.55,0.0,2.0,0.0,0.0
842,3588.0,6.55,0.0,2.0,0.0,0.0
843,3592.0,6.55,0.0,2.0,0.0,0.0
844,3596.0,6.55,0.0,2.0,0.0,0.0
845,3600.0,6.55,0.0,2.0,0.0,0.0
846,3604.0,6.55,0.0,2.0,0.0,0.0
847,3608.0,6.55,0.0,2.0,0.0,0.0
848,3612.0,6.55,0.0,2.0,0.0,0.0
849,3617.0,6.55,0.0,2.0,0.0,0.0
850,3621.0,-4.45,0.0,2.0,0.0,0.0
851,3625.0,-4.45,0.0,2.0,0.0,0.0
852,3629.0,-4.45,0.0,2.0,0.0,0.0
853,3632.0,-4.45,0.0,2.0,0.0,0.0
854,3636.0,-4.45,0.0,2.0,0.0,0.0
855,3639.0,-4.45,0.0,2.0,0.0,0.0
856,3642.0,-4.45,0.0,2.0,0.0,0.0
857,3645.0,-4.45,0.0,2.0,0.0,0.0
858,3648.0,-4.45,0.0,2.0,0.0,0.0
859,3650.0,-4.45,0.0,2.0,0.0,0.0
860,3653.0,-13.09,0.0,2.0,0.0,0.0
861,3655.0,-13.09,0.0,2.0,0.0,0.0
862,3657.0,-13.09,0.0,2.0,0.0,0.0
863,3659.0,-13.09,0.0,2.0,0.0,0.0
864,3661.0,-13.09,0.0,2.0,0.0,0.0
865,3663.0,-13.09,0.0,2.0,0.0,0.0
866,3664.0,-13.09,0.0,2.0,0.0,0.0
867,3666.0,-13.09,0.0,2.0,0.0,0.0
868,3667.0,-13.09,0.0,2.0,0.0,0.0
869,3668.0,-13.09,0.0,2.0,0.0,0.0
870,3668.0,-17.8,0.0,2.0,0.0,0.0
871,3669.0,-17.8,0.0,2.0,0.0,0.0
872,3669.0,-17.8,0.0,2.0,0.0,0.0
873,3669.0,-17.8,0.0,2.0,0.0,0.0
874,3669.0,-17.8,0.0,2.0,0.0,0.0
875,3669.0,-17.8,0.0,2.0,0.0,0.0
876,3669.0,-17.8,0.0,2.0,0.0,0.0
877,3669.0,-17.8,0.0,2.0,0.0,0.0
878,3668.0,-17.8,0.0,2.0,0.0,0.0
879,3667.0,-17.8,0.0,2.0,0.0,0.0
880,3666.0,-17.54,0.0,2.0,0.0,0.0
881,3665.0,-17.54,0.0,2.0,0.0,0.0
882,3664.0,-17.54,0.0,2.0,0.0,0.0
883,3663.0,-17.54,0.0,2.0,0.0,0.0
884,3661.0,-17.54,0.0,2.0,0.0,0.0
885,3660.0,-17.54,0.0,2.0,0.0,0.0
886,3658.0,-17.54,0.0,2.0,0.0,0.0
887,3656.0,-17.54,0.0,2.0,0.0,0.0
888,3655.0,-17.54,0.0,2.0,0.0,0.0
889,3653.0,-17.54,0.0,2.0,0.0,0.0
890,3651.0,-13.88,0.0,2.0,0.0,0.0
891,3649.0,-13.88,0.0,2.0,0.0,0.0
892,3647.0,-13.88,0.0,2.0,0.0,0.0
893,3645.0,-13.88,0.0,2.0,0.0,0.0
894,3642.0,-13.88,0.0,2.0,0.0,0.0
895,3640.0,-13.88,0.0,2.0,0.0,0.0
896,3638.0,-13.88,0.0,2.0,0.0,0.0
897,3635.0,-13.88,0.0,2.0,0.0,0.0
898,3633.0,-13.88,0.0,2.0,0.0,0.0
899,3630.0,-13.88,0.0,2.0,0.0,0.0
900,3627.0,-7.85,0.0,2.0,0.0,0.0
901,3625.0,-7.85,0.0,2.0,0.0,0.0
902,3622.0,-7.85,0.0,2.0,0.0,0.0
903,3619.0,-7.85,0.0,2.0,0.0,0.0
904,3617.0,-7.85,0.0,2.0,0.0,0.0
905,3614.0,-7.85,0.0,2.0,0.0,0.0
906,3611.0,-7.85,0.0,2.0,0.0,0.0
907,3609.0,-7.85,0.0,2.0,0.0,0.0
908,3606.0,-7.85,0.0,2.0,0.0,0.0
909,3603.0,-7.85,0.0,2.0,0.0,0.0
910,3600.0,-0.79,0.0,2.0,0.0,0.0
911,3598.0,-0.79,0.0,2.0,0.0,0.0
912,3595.0,-0.79,0.0,2.0,0.0,0.0
913,3593.0,-0.79,0.0,2.0,0.0,0.0
914,3590.0,-0.79,0.0,2.0,0.0,0.0
915,3588.0,-0.79,0.0,2.0,0.0,0.0
916,3585.0,-0.79,0.0,2.0,0.0,0.0
917,3583.0,-0.79,0.0,2.0,0.0,0.0
918,3581.0,-0.79,0.0,2.0,0.0,0.0
919,3579.0,-0.79,0.0,2.0,0.0,0.0
920,3577.0,5.5,0.0,2.0,0.0,0.0
921,3575.0,5.5,0.0,2.0,0.0,0.0
922,3573.0,5.5,0.0,2.0,0.0,0.0
923,3571.0,5.5,0.0,2.0,0.0,0.0
924,3569.0,5.5,0.0,2.0,0.0,0.0
925,3568.0,5.5,0.0,2.0,0.0,0.0
926,3566.0,5.5,0.0,2.0,0.0,0.0
927,3565.0,5.5,0.0,2.0,0.0,0.0
928,3564.0,5.5,0.0,2.0,0.0,0.0
929,3563.0,5.5,0.0,2.0,0.0,0.0
930,3562.0,9.69,0.0,2.0,0.0,0.0
931,3561.0,9.69,0.0,2.0,0.0,0.0
932,3560.0,9.69,0.0,2.0,0.0,0.0
933,3560.0,9.69,0.0,2.0,0.0,0.0
934,3559.0,9.69,0.0,2.0,0.0,0.0
935,3559.0,9.69,0.0,2.0,0.0,0.0
936,3559.0,9.69,0.0,2.0,0.0,0.0
937,3559.0,9.69,0.0,2.0,0.0,0.0
938,3559.0,9.69,0.0,2.0,0.0,0.0
939,3559.0,9.69,0.0,2.0,0.0,0.0
940,3560.0,10.73,0.0,2.0,0.0,0.0
941,3560.0,10.73,0.0,2.0,0.0,0.0
942,3561.0,10.73,0.0,2.0,0.0,0.0
943,3561.0,10.73,0.0,2.0,0.0,0.0
944,3562.0,10.73,0.0,2.0,0.0,0.0
945,3563.0,10.73,0.0,2.0,0.0,0.0
946,3564.0,10.73,0.0,2.0,0.0,0.0
947,3565.0,10.73,0.0,2.0,0.0,0.0
948,3567.0,10.73,0.0,2.0,0.0,0.0
949,3568.0,10.73,0.0,2.0,0.0,0.0
950,3569.0,8.38,0.0,2.0,0.0,0.0
951,3571.0,8.38,0.0,2.0,0.0,0.0
952,3573.0,8.38,0.0,2.0,0.0,0.0
953,3574.0,8.38,0.0,2.0,0.0,0.0
954,3576.0,8.38,0.0,2.0,0.0,0.0
955,3578.0,8.38,0.0,2.0,0.0,0.0
956,3579.0,8.38,0.0,2.0,0.0,0.0
957,3581.0,8.38,0.0,2.0,0.0,0.0
958,3583.0,8.38,0.0,2.0,0.0,0.0
959,3585.0,8.38,0.0,2.0,0.0,0.0
960,3587.0,3.93,0.0,2.0,0.0,0.0
961,3589.0,3.93,0.0,2.0,0.0,0.0
962,3591.0,3.93,0.0,2.0,0.0,0.0
963,3593.0,3.93,0.0,2.0,0.0,0.0
964,3594.0,3.93,0.0,2.0,0.0,0.0
965,3596.0,3.93,0.0,2.0,0.0,0.0
966,3598.0,3.93,0.0,2.0,0.0,0.0
967,3600.0,3.93,0.0,2.0,0.0,0.0
968,3602.0,3.93,0.0,2.0,0.0,0.0
969,3604.0,3.93,0.0,2.0,0.0,0.0
970,3606.0,-1.05,0.0,2.0,0.0,0.0
971,3607.0,-1.05,0.0,2.0,0.0,0.0
972,3609.0,-1.05,0.0,2.0,0.0,0.0
973,3611.0,-1.05,0.0,2.0,0.0,0.0
974,3612.0,-1.05,0.0,2.0,0.0,0.0
975,3614.0,-1.05,0.0,2.0,0.0,0.0
976,3615.0,-1.05,0.0,2.0,0.0,0.0
977,3617.0,-1.05,0.0,2.0,0.0,0.0
978,3618.0,-1.05,0.0,2.0,0.0,0.0
979,3619.0,-1.05,0.0,2.0,0.0,0.0
980,3620.0,-4.97,0.0,2.0,0.0,0.0
981,3622.0,-4.97,0.0,2.0,0.0,0.0
982,3623.0,-4.97,0.0,2.0,0.0,0.0
983,3623.0,-4.97,0.0,2.0,0.0,0.0
984,3624.0,-4.97,0.0,2.0,0.0,0.0
985,3625.0,-4.97,0.0,2.0,0.0,0.0
986,3626.0,-4.97,0.0,2.0,0.0,0.0
987,3626.0,-4.97,0.0,2.0,0.0,0.0
988,3627.0,-4.97,0.0,2.0,0.0,0.0
989,3627.0,-4.97,0.0,2.0,0.0,0.0
990,3627.0,-7.07,0.0,2.0,0.0,0.0
991,3628.0,-7.07,0.0,2.0,0.0,0.0
992,3628.0,-7.07,0.0,2.0,0.0,0.0
993,3628.0,-7.07,0.0,2.0,0.0,0.0
994,3628.0,-7.07,0.0,2.0,0.0,0.0
995,3627.0,-7.07,0.0,2.0,0.0,0.0
996,3627.0,-7.07,0.0,2.0,0.0,0.0
997,3626.0,-7.07,0.0,2.0,0.0,0.0
998,3626.0,-7.07,0.0,2.0,0.0,0.0
999,3625.0,-7.07,0.0,2.0,0.0,0.0
1000,3625.0,-6.54,0.0,2.0,0.0,0.0
1001,3624.0,-6.54,0.0,2.0,0.0,0.0
1002,3623.0,-6.54,0.0,2.0,0.0,0.0
1003,3622.0,-6.54,0.0,2.0,0.0,0.0
1004,3621.0,-6.54,0.0,2.0,0.0,0.0
1005,3620.0,-6.54,0.0,2.0,0.0,0.0
1006,3619.0,-6.54,0.0,2.0,0.0,0.0
1007,3618.0,-6.54,0.0,2.0,0.0,0.0
1008,3617.0,-6.54,0.0,2.0,0.0,0.0
1009,3616.0,-6.54,0.0,2.0,0.0,0.0
1010,3615.0,-4.19,0.0,2.0,0.0,0.0
1011,3613.0,-4.19,0.0,2.0,0.0,0.0
1012,3612.0,-4.19,0.0,2.0,0.0,0.0
1013,3611.0,-4.19,0.0,2.0,0.0,0.0
1014,3610.0,-4.19,0.0,2.0,0.0,0.0
1015,3608.0,-4.19,0.0,2.0,0.0,0.0
1016,3607.0,-4.19,0.0,2.0,0.0,0.0
1017,3606.0,-4.19,0.0,2.0,0.0,0.0
1018,3605.0,-4.19,0.0,2.0,0.0,0.0
1019,3603.0,-4.19,0.0,2.0,0.0,0.0
1020,3602.0,-0.79,0.0,2.0,0.0,0.0
1021,3601.0,-0.79,0.0,2.0,0.0,0.0
1022,3599.0,-0.79,0.0,2.0,0.0,0.0
1023,3598.0,-0.79,0.0,2.0,0.0,0.0
1024,3597.0,-0.79,0.0,2.0,0.0,0.0
1025,3596.0,-0.79,0.0,2.0,0.0,0.0
1026,3595.0,-0.79,0.0,2.0,0.0,0.0
1027,3594.0,-0.79,0.0,2.0,0.0,0.0
1028,3593.0,-0.79,0.0,2.0,0.0,0.0
1029,3592.0,-0.79,0.0,2.0,0.0,0.0
1030,3591.0,2.36,0.0,2.0,0.0,0.0
1031,3590.0,2.36,0.0,2.0,0.0,0.0
1032,3589.0,2.36,0.0,2.0,0.0,0.0
1033,3588.0,2.36,0.0,2.0,0.0,0.0
1034,3587.0,2.36,0.0,2.0,0.0,0.0
1035,3586.0,2.36,0.0,2.0,0.0,0.0
1036,3586.0,2.36,0.0,2.0,0.0,0.0
1037,3585.0,2.36,0.0,2.0,0.0,0.0
1038,3585.0,2.36,0.0,2.0,0.0,0.0
1039,3584.0,2.36,0.0,2.0,0.0,0.0
1040,3584.0,4.19,0.0,2.0,0.0,0.0
1041,3584.0,4.19,0.0,2.0,0.0,0.0
1042,3583.0,4.19,0.0,2.0,0.0,0.0
1043,3583.0,4.19,0.0,2.0,0.0,0.0
1044,3583.0,4.19,0.0,2.0,0.0,0.0
1045,3583.0,4.19,0.0,2.0,0.0,0.0
1046,3583.0,4.19,0.0,2.0,0.0,0.0
1047,3583.0,4.19,0.0,2.0,0.0,0.0
1048,3583.0,4.19,0.0,2.0,0.0,0.0
1049,3583.0,4.19,0.0,2.0,0.0,0.0
1050,3583.0,4.45,0.0,2.0,0.0,0.0
1051,3583.0,4.45,0.0,2.0,0.0,0.0
1052,3583.0,4.45,0.0,2.0,0.0,0.0
1053,3583.0,4.45,0.0,2.0,0.0,0.0
1054,3584.0,4.45,0.0,2.0,0.0,0.0
1055,3584.0,4.45,0.0,2.0,0.0,0.0
1056,3584.0,4.45,0.0,2.0,0.0,0.0
1057,3585.0,4.45,0.0,2.0,0.0,0.0
1058,3585.0,4.45,0.0,2.0,0.0,0.0
1059,3586.0,4.45,0.0,2.0,0.0,0.0
1060,3586.0,3.67,0.0,2.0,0.0,0.0
1061,3587.0,3.67,0.0,2.0,0.0,0.0
1062,3587.0,3.67,0.0,2.0,0.0,0.0
1063,3588.0,3.67,0.0,2.0,0.0,0.0
1064,3589.0,3.67,0.0,2.0,0.0,0.0
1065,3589.0,3.67,0.0,2.0,0.0,0.0
1066,3590.0,3.67,0.0,2.0,0.0,0.0
1067,3591.0,3.67,0.0,2.0,0.0,0.0
1068,3592.0,3.67,0.0,2.0,0.0,0.0
1069,3592.0,3.67,0.0,2.0,0.0,0.0
1070,3593.0,2.09,0.0,2.0,0.0,0.0
1071,3594.0,2.09,0.0,2.0,0.0,0.0
1072,3595.0,2.09,0.0,2.0,0.0,0.0
1073,3595.0,2.09,0.0,2.0,0.0,0.0
1074,3596.0,2.09,0.0,2.0,0.0,0.0
1075,3597.0,2.09,0.0,2.0,0.0,0.0
1076,3598.0,2.09,0.0,2.0,0.0,0.0
1077,3598.0,2.09,0.0,2.0,0.0,0.0
1078,3599.0,2.09,0.0,2.0,0.0,0.0
1079,3600.0,2.09,0.0,2.0,0.0,0.0
