TIME,PULSES,CONTROLLERVOLTAGE,CONTROLLER,KP,TAUD,TAUI 
NEXT EXPERIMENT0,0.0,-0.33,1.0,2.0,0.0,0.0
1,0.0,-0.33,1.0,2.0,0.0,0.0
2,0.0,-0.33,1.0,2.0,0.0,0.0
3,0.0,-0.33,1.0,2.0,0.0,0.0
4,0.0,-0.33,1.0,2.0,0.0,0.0
5,0.0,-0.33,1.0,2.0,0.0,0.0
6,0.0,-0.33,1.0,2.0,0.0,0.0
7,0.0,-0.33,1.0,2.0,0.0,0.0
8,0.0,-0.33,1.0,2.0,0.0,0.0
9,0.0,-0.33,1.0,2.0,0.0,0.0
10,0.0,1414.37,1.0,2.0,0.0,0.0
11,0.0,1414.37,1.0,2.0,0.0,0.0
12,1.0,1414.37,1.0,2.0,0.0,0.0
13,1.0,1414.37,1.0,2.0,0.0,0.0
14,1.0,1414.37,1.0,2.0,0.0,0.0
15,2.0,1414.37,1.0,2.0,0.0,0.0
16,3.0,1414.37,1.0,2.0,0.0,0.0
17,4.0,1414.37,1.0,2.0,0.0,0.0
18,5.0,1414.37,1.0,2.0,0.0,0.0
19,6.0,1414.37,1.0,2.0,0.0,0.0
20,7.0,940.12,1.0,2.0,0.0,0.0
21,8.0,940.12,1.0,2.0,0.0,0.0
22,10.0,940.12,1.0,2.0,0.0,0.0
23,12.0,940.12,1.0,2.0,0.0,0.0
24,13.0,940.12,1.0,2.0,0.0,0.0
25,15.0,940.12,1.0,2.0,0.0,0.0
26,17.0,940.12,1.0,2.0,0.0,0.0
27,19.0,940.12,1.0,2.0,0.0,0.0
28,21.0,940.12,1.0,2.0,0.0,0.0
29,23.0,940.12,1.0,2.0,0.0,0.0
30,25.0,934.23,1.0,2.0,0.0,0.0
31,27.0,934.23,1.0,2.0,0.0,0.0
32,29.0,934.23,1.0,2.0,0.0,0.0
33,32.0,934.23,1.0,2.0,0.0,0.0
34,34.0,934.23,1.0,2.0,0.0,0.0
35,37.0,934.23,1.0,2.0,0.0,0.0
36,39.0,934.23,1.0,2.0,0.0,0.0
37,42.0,934.23,1.0,2.0,0.0,0.0
38,44.0,934.23,1.0,2.0,0.0,0.0
39,47.0,934.23,1.0,2.0,0.0,0.0
40,50.0,927.03,1.0,2.0,0.0,0.0
41,53.0,927.03,1.0,2.0,0.0,0.0
42,56.0,927.03,1.0,2.0,0.0,0.0
43,59.0,927.03,1.0,2.0,0.0,0.0
44,62.0,927.03,1.0,2.0,0.0,0.0
45,65.0,927.03,1.0,2.0,0.0,0.0
46,68.0,927.03,1.0,2.0,0.0,0.0
47,71.0,927.03,1.0,2.0,0.0,0.0
48,74.0,927.03,1.0,2.0,0.0,0.0
49,77.0,927.03,1.0,2.0,0.0,0.0
50,80.0,918.39,1.0,2.0,0.0,0.0
51,84.0,918.39,1.0,2.0,0.0,0.0
52,87.0,918.39,1.0,2.0,0.0,0.0
53,90.0,918.39,1.0,2.0,0.0,0.0
54,93.0,918.39,1.0,2.0,0.0,0.0
55,97.0,918.39,1.0,2.0,0.0,0.0
56,100.0,918.39,1.0,2.0,0.0,0.0
57,104.0,918.39,1.0,2.0,0.0,0.0
58,107.0,918.39,1.0,2.0,0.0,0.0
59,111.0,918.39,1.0,2.0,0.0,0.0
60,114.0,908.97,1.0,2.0,0.0,0.0
61,118.0,908.97,1.0,2.0,0.0,0.0
62,121.0,908.97,1.0,2.0,0.0,0.0
63,125.0,908.97,1.0,2.0,0.0,0.0
64,129.0,908.97,1.0,2.0,0.0,0.0
65,132.0,908.97,1.0,2.0,0.0,0.0
66,136.0,908.97,1.0,2.0,0.0,0.0
67,140.0,908.97,1.0,2.0,0.0,0.0
68,143.0,908.97,1.0,2.0,0.0,0.0
69,147.0,908.97,1.0,2.0,0.0,0.0
70,151.0,899.28,1.0,2.0,0.0,0.0
71,155.0,899.28,1.0,2.0,0.0,0.0
72,158.0,899.28,1.0,2.0,0.0,0.0
73,162.0,899.28,1.0,2.0,0.0,0.0
74,166.0,899.28,1.0,2.0,0.0,0.0
75,170.0,899.28,1.0,2.0,0.0,0.0
76,175.0,899.28,1.0,2.0,0.0,0.0
77,179.0,899.28,1.0,2.0,0.0,0.0
78,182.0,899.28,1.0,2.0,0.0,0.0
79,186.0,899.28,1.0,2.0,0.0,0.0
80,190.0,888.29,1.0,2.0,0.0,0.0
81,194.0,888.29,1.0,2.0,0.0,0.0
82,198.0,888.29,1.0,2.0,0.0,0.0
83,201.0,888.29,1.0,2.0,0.0,0.0
84,205.0,888.29,1.0,2.0,0.0,0.0
85,209.0,888.29,1.0,2.0,0.0,0.0
86,213.0,888.29,1.0,2.0,0.0,0.0
87,217.0,888.29,1.0,2.0,0.0,0.0
88,221.0,888.29,1.0,2.0,0.0,0.0
89,225.0,888.29,1.0,2.0,0.0,0.0
90,229.0,878.6,1.0,2.0,0.0,0.0
91,233.0,878.6,1.0,2.0,0.0,0.0
92,237.0,878.6,1.0,2.0,0.0,0.0
93,241.0,878.6,1.0,2.0,0.0,0.0
94,245.0,878.6,1.0,2.0,0.0,0.0
95,251.0,878.6,1.0,2.0,0.0,0.0
96,256.0,878.6,1.0,2.0,0.0,0.0
97,261.0,878.6,1.0,2.0,0.0,0.0
98,265.0,878.6,1.0,2.0,0.0,0.0
99,269.0,878.6,1.0,2.0,0.0,0.0
100,274.0,866.29,1.0,2.0,0.0,0.0
101,278.0,866.29,1.0,2.0,0.0,0.0
102,282.0,866.29,1.0,2.0,0.0,0.0
103,286.0,866.29,1.0,2.0,0.0,0.0
104,290.0,866.29,1.0,2.0,0.0,0.0
105,294.0,866.29,1.0,2.0,0.0,0.0
106,298.0,866.29,1.0,2.0,0.0,0.0
107,302.0,866.29,1.0,2.0,0.0,0.0
108,306.0,866.29,1.0,2.0,0.0,0.0
109,310.0,866.29,1.0,2.0,0.0,0.0
110,314.0,855.56,1.0,2.0,0.0,0.0
111,319.0,855.56,1.0,2.0,0.0,0.0
112,322.0,855.56,1.0,2.0,0.0,0.0
113,326.0,855.56,1.0,2.0,0.0,0.0
114,330.0,855.56,1.0,2.0,0.0,0.0
115,334.0,855.56,1.0,2.0,0.0,0.0
116,338.0,855.56,1.0,2.0,0.0,0.0
117,343.0,855.56,1.0,2.0,0.0,0.0
118,348.0,855.56,1.0,2.0,0.0,0.0
119,352.0,855.56,1.0,2.0,0.0,0.0
120,356.0,844.56,1.0,2.0,0.0,0.0
121,361.0,844.56,1.0,2.0,0.0,0.0
122,365.0,844.56,1.0,2.0,0.0,0.0
123,370.0,844.56,1.0,2.0,0.0,0.0
124,374.0,844.56,1.0,2.0,0.0,0.0
125,380.0,844.56,1.0,2.0,0.0,0.0
126,384.0,844.56,1.0,2.0,0.0,0.0
127,388.0,844.56,1.0,2.0,0.0,0.0
128,392.0,844.56,1.0,2.0,0.0,0.0
129,395.0,844.56,1.0,2.0,0.0,0.0
130,400.0,833.18,1.0,2.0,0.0,0.0
131,405.0,833.18,1.0,2.0,0.0,0.0
132,409.0,833.18,1.0,2.0,0.0,0.0
133,414.0,833.18,1.0,2.0,0.0,0.0
134,418.0,833.18,1.0,2.0,0.0,0.0
135,422.0,833.18,1.0,2.0,0.0,0.0
136,427.0,833.18,1.0,2.0,0.0,0.0
137,431.0,833.18,1.0,2.0,0.0,0.0
138,436.0,833.18,1.0,2.0,0.0,0.0
139,440.0,833.18,1.0,2.0,0.0,0.0
140,444.0,821.53,1.0,2.0,0.0,0.0
141,449.0,821.53,1.0,2.0,0.0,0.0
142,453.0,821.53,1.0,2.0,0.0,0.0
143,457.0,821.53,1.0,2.0,0.0,0.0
144,461.0,821.53,1.0,2.0,0.0,0.0
145,466.0,821.53,1.0,2.0,0.0,0.0
146,471.0,821.53,1.0,2.0,0.0,0.0
147,475.0,821.53,1.0,2.0,0.0,0.0
148,478.0,821.53,1.0,2.0,0.0,0.0
149,483.0,821.53,1.0,2.0,0.0,0.0
150,487.0,810.4,1.0,2.0,0.0,0.0
151,491.0,810.4,1.0,2.0,0.0,0.0
152,496.0,810.4,1.0,2.0,0.0,0.0
153,500.0,810.4,1.0,2.0,0.0,0.0
154,504.0,810.4,1.0,2.0,0.0,0.0
155,509.0,810.4,1.0,2.0,0.0,0.0
156,513.0,810.4,1.0,2.0,0.0,0.0
157,518.0,810.4,1.0,2.0,0.0,0.0
158,522.0,810.4,1.0,2.0,0.0,0.0
159,528.0,810.4,1.0,2.0,0.0,0.0
160,532.0,798.36,1.0,2.0,0.0,0.0
161,536.0,798.36,1.0,2.0,0.0,0.0
162,540.0,798.36,1.0,2.0,0.0,0.0
163,546.0,798.36,1.0,2.0,0.0,0.0
164,550.0,798.36,1.0,2.0,0.0,0.0
165,555.0,798.36,1.0,2.0,0.0,0.0
166,560.0,798.36,1.0,2.0,0.0,0.0
167,564.0,798.36,1.0,2.0,0.0,0.0
168,568.0,798.36,1.0,2.0,0.0,0.0
169,573.0,798.36,1.0,2.0,0.0,0.0
170,578.0,786.58,1.0,2.0,0.0,0.0
171,582.0,786.58,1.0,2.0,0.0,0.0
172,586.0,786.58,1.0,2.0,0.0,0.0
173,591.0,786.58,1.0,2.0,0.0,0.0
174,595.0,786.58,1.0,2.0,0.0,0.0
175,599.0,786.58,1.0,2.0,0.0,0.0
176,605.0,786.58,1.0,2.0,0.0,0.0
177,609.0,786.58,1.0,2.0,0.0,0.0
178,613.0,786.58,1.0,2.0,0.0,0.0
179,618.0,786.58,1.0,2.0,0.0,0.0
180,623.0,774.4,1.0,2.0,0.0,0.0
181,629.0,774.4,1.0,2.0,0.0,0.0
182,633.0,774.4,1.0,2.0,0.0,0.0
183,638.0,774.4,1.0,2.0,0.0,0.0
184,642.0,774.4,1.0,2.0,0.0,0.0
185,645.0,774.4,1.0,2.0,0.0,0.0
186,650.0,774.4,1.0,2.0,0.0,0.0
187,654.0,774.4,1.0,2.0,0.0,0.0
188,658.0,774.4,1.0,2.0,0.0,0.0
189,663.0,774.4,1.0,2.0,0.0,0.0
190,667.0,763.15,1.0,2.0,0.0,0.0
191,671.0,763.15,1.0,2.0,0.0,0.0
192,676.0,763.15,1.0,2.0,0.0,0.0
193,681.0,763.15,1.0,2.0,0.0,0.0
194,685.0,763.15,1.0,2.0,0.0,0.0
195,689.0,763.15,1.0,2.0,0.0,0.0
196,693.0,763.15,1.0,2.0,0.0,0.0
197,698.0,763.15,1.0,2.0,0.0,0.0
198,703.0,763.15,1.0,2.0,0.0,0.0
199,708.0,763.15,1.0,2.0,0.0,0.0
200,712.0,751.23,1.0,2.0,0.0,0.0
201,716.0,751.23,1.0,2.0,0.0,0.0
202,721.0,751.23,1.0,2.0,0.0,0.0
203,726.0,751.23,1.0,2.0,0.0,0.0
204,731.0,751.23,1.0,2.0,0.0,0.0
205,735.0,751.23,1.0,2.0,0.0,0.0
206,740.0,751.23,1.0,2.0,0.0,0.0
207,744.0,751.23,1.0,2.0,0.0,0.0
208,748.0,751.23,1.0,2.0,0.0,0.0
209,754.0,751.23,1.0,2.0,0.0,0.0
210,758.0,739.06,1.0,2.0,0.0,0.0
211,762.0,739.06,1.0,2.0,0.0,0.0
212,766.0,739.06,1.0,2.0,0.0,0.0
213,772.0,739.06,1.0,2.0,0.0,0.0
214,776.0,739.06,1.0,2.0,0.0,0.0
215,782.0,739.06,1.0,2.0,0.0,0.0
216,787.0,739.06,1.0,2.0,0.0,0.0
217,791.0,739.06,1.0,2.0,0.0,0.0
218,795.0,739.06,1.0,2.0,0.0,0.0
219,799.0,739.06,1.0,2.0,0.0,0.0
220,804.0,727.02,1.0,2.0,0.0,0.0
221,808.0,727.02,1.0,2.0,0.0,0.0
222,813.0,727.02,1.0,2.0,0.0,0.0
223,817.0,727.02,1.0,2.0,0.0,0.0
224,820.0,727.02,1.0,2.0,0.0,0.0
225,824.0,727.02,1.0,2.0,0.0,0.0
226,829.0,727.02,1.0,2.0,0.0,0.0
227,833.0,727.02,1.0,2.0,0.0,0.0
228,837.0,727.02,1.0,2.0,0.0,0.0
229,842.0,727.02,1.0,2.0,0.0,0.0
230,846.0,716.54,1.0,2.0,0.0,0.0
231,850.0,716.54,1.0,2.0,0.0,0.0
232,855.0,716.54,1.0,2.0,0.0,0.0
233,859.0,716.54,1.0,2.0,0.0,0.0
234,863.0,716.54,1.0,2.0,0.0,0.0
235,867.0,716.54,1.0,2.0,0.0,0.0
236,872.0,716.54,1.0,2.0,0.0,0.0
237,876.0,716.54,1.0,2.0,0.0,0.0
238,880.0,716.54,1.0,2.0,0.0,0.0
239,884.0,716.54,1.0,2.0,0.0,0.0
240,889.0,705.16,1.0,2.0,0.0,0.0
241,894.0,705.16,1.0,2.0,0.0,0.0
242,899.0,705.16,1.0,2.0,0.0,0.0
243,903.0,705.16,1.0,2.0,0.0,0.0
244,907.0,705.16,1.0,2.0,0.0,0.0
245,911.0,705.16,1.0,2.0,0.0,0.0
246,917.0,705.16,1.0,2.0,0.0,0.0
247,921.0,705.16,1.0,2.0,0.0,0.0
248,925.0,705.16,1.0,2.0,0.0,0.0
249,930.0,705.16,1.0,2.0,0.0,0.0
250,934.0,693.11,1.0,2.0,0.0,0.0
251,938.0,693.11,1.0,2.0,0.0,0.0
252,942.0,693.11,1.0,2.0,0.0,0.0
253,947.0,693.11,1.0,2.0,0.0,0.0
254,951.0,693.11,1.0,2.0,0.0,0.0
255,956.0,693.11,1.0,2.0,0.0,0.0
256,960.0,693.11,1.0,2.0,0.0,0.0
257,964.0,693.11,1.0,2.0,0.0,0.0
258,969.0,693.11,1.0,2.0,0.0,0.0
259,974.0,693.11,1.0,2.0,0.0,0.0
260,978.0,681.73,1.0,2.0,0.0,0.0
261,982.0,681.73,1.0,2.0,0.0,0.0
262,986.0,681.73,1.0,2.0,0.0,0.0
263,990.0,681.73,1.0,2.0,0.0,0.0
264,994.0,681.73,1.0,2.0,0.0,0.0
265,998.0,681.73,1.0,2.0,0.0,0.0
266,1003.0,681.73,1.0,2.0,0.0,0.0
267,1007.0,681.73,1.0,2.0,0.0,0.0
268,1011.0,681.73,1.0,2.0,0.0,0.0
269,1016.0,681.73,1.0,2.0,0.0,0.0
270,1020.0,670.99,1.0,2.0,0.0,0.0
271,1024.0,670.99,1.0,2.0,0.0,0.0
272,1028.0,670.99,1.0,2.0,0.0,0.0
273,1033.0,670.99,1.0,2.0,0.0,0.0
274,1037.0,670.99,1.0,2.0,0.0,0.0
275,1041.0,670.99,1.0,2.0,0.0,0.0
276,1046.0,670.99,1.0,2.0,0.0,0.0
277,1050.0,670.99,1.0,2.0,0.0,0.0
278,1054.0,670.99,1.0,2.0,0.0,0.0
279,1059.0,670.99,1.0,2.0,0.0,0.0
280,1063.0,659.6,1.0,2.0,0.0,0.0
281,1067.0,659.6,1.0,2.0,0.0,0.0
282,1073.0,659.6,1.0,2.0,0.0,0.0
283,1077.0,659.6,1.0,2.0,0.0,0.0
284,1081.0,659.6,1.0,2.0,0.0,0.0
285,1085.0,659.6,1.0,2.0,0.0,0.0
286,1090.0,659.6,1.0,2.0,0.0,0.0
287,1094.0,659.6,1.0,2.0,0.0,0.0
288,1098.0,659.6,1.0,2.0,0.0,0.0
289,1103.0,659.6,1.0,2.0,0.0,0.0
290,1107.0,647.95,1.0,2.0,0.0,0.0
291,1112.0,647.95,1.0,2.0,0.0,0.0
292,1117.0,647.95,1.0,2.0,0.0,0.0
293,1121.0,647.95,1.0,2.0,0.0,0.0
294,1125.0,647.95,1.0,2.0,0.0,0.0
295,1129.0,647.95,1.0,2.0,0.0,0.0
296,1134.0,647.95,1.0,2.0,0.0,0.0
297,1138.0,647.95,1.0,2.0,0.0,0.0
298,1142.0,647.95,1.0,2.0,0.0,0.0
299,1147.0,647.95,1.0,2.0,0.0,0.0
300,1151.0,636.43,1.0,2.0,0.0,0.0
301,1155.0,636.43,1.0,2.0,0.0,0.0
302,1160.0,636.43,1.0,2.0,0.0,0.0
303,1164.0,636.43,1.0,2.0,0.0,0.0
304,1169.0,636.43,1.0,2.0,0.0,0.0
305,1173.0,636.43,1.0,2.0,0.0,0.0
306,1178.0,636.43,1.0,2.0,0.0,0.0
307,1182.0,636.43,1.0,2.0,0.0,0.0
308,1187.0,636.43,1.0,2.0,0.0,0.0
309,1192.0,636.43,1.0,2.0,0.0,0.0
310,1196.0,624.52,1.0,2.0,0.0,0.0
311,1200.0,624.52,1.0,2.0,0.0,0.0
312,1205.0,624.52,1.0,2.0,0.0,0.0
313,1210.0,624.52,1.0,2.0,0.0,0.0
314,1214.0,624.52,1.0,2.0,0.0,0.0
315,1218.0,624.52,1.0,2.0,0.0,0.0
316,1223.0,624.52,1.0,2.0,0.0,0.0
317,1227.0,624.52,1.0,2.0,0.0,0.0
318,1231.0,624.52,1.0,2.0,0.0,0.0
319,1237.0,624.52,1.0,2.0,0.0,0.0
320,1241.0,612.74,1.0,2.0,0.0,0.0
321,1246.0,612.74,1.0,2.0,0.0,0.0
322,1251.0,612.74,1.0,2.0,0.0,0.0
323,1255.0,612.74,1.0,2.0,0.0,0.0
324,1259.0,612.74,1.0,2.0,0.0,0.0
325,1263.0,612.74,1.0,2.0,0.0,0.0
326,1269.0,612.74,1.0,2.0,0.0,0.0
327,1273.0,612.74,1.0,2.0,0.0,0.0
328,1277.0,612.74,1.0,2.0,0.0,0.0
329,1282.0,612.74,1.0,2.0,0.0,0.0
330,1287.0,600.96,1.0,2.0,0.0,0.0
331,1291.0,600.96,1.0,2.0,0.0,0.0
332,1296.0,600.96,1.0,2.0,0.0,0.0
333,1300.0,600.96,1.0,2.0,0.0,0.0
334,1304.0,600.96,1.0,2.0,0.0,0.0
335,1308.0,600.96,1.0,2.0,0.0,0.0
336,1313.0,600.96,1.0,2.0,0.0,0.0
337,1317.0,600.96,1.0,2.0,0.0,0.0
338,1322.0,600.96,1.0,2.0,0.0,0.0
339,1327.0,600.96,1.0,2.0,0.0,0.0
340,1331.0,589.18,1.0,2.0,0.0,0.0
341,1335.0,589.18,1.0,2.0,0.0,0.0
342,1340.0,589.18,1.0,2.0,0.0,0.0
343,1344.0,589.18,1.0,2.0,0.0,0.0
344,1348.0,589.18,1.0,2.0,0.0,0.0
345,1353.0,589.18,1.0,2.0,0.0,0.0
346,1357.0,589.18,1.0,2.0,0.0,0.0
347,1361.0,589.18,1.0,2.0,0.0,0.0
348,1365.0,589.18,1.0,2.0,0.0,0.0
349,1371.0,589.18,1.0,2.0,0.0,0.0
350,1375.0,577.79,1.0,2.0,0.0,0.0
351,1379.0,577.79,1.0,2.0,0.0,0.0
352,1383.0,577.79,1.0,2.0,0.0,0.0
353,1387.0,577.79,1.0,2.0,0.0,0.0
354,1391.0,577.79,1.0,2.0,0.0,0.0
355,1395.0,577.79,1.0,2.0,0.0,0.0
356,1400.0,577.79,1.0,2.0,0.0,0.0
357,1404.0,577.79,1.0,2.0,0.0,0.0
358,1408.0,577.79,1.0,2.0,0.0,0.0
359,1413.0,577.79,1.0,2.0,0.0,0.0
360,1417.0,567.06,1.0,2.0,0.0,0.0
361,1421.0,567.06,1.0,2.0,0.0,0.0
362,1426.0,567.06,1.0,2.0,0.0,0.0
363,1430.0,567.06,1.0,2.0,0.0,0.0
364,1433.0,567.06,1.0,2.0,0.0,0.0
365,1437.0,567.06,1.0,2.0,0.0,0.0
366,1442.0,567.06,1.0,2.0,0.0,0.0
367,1446.0,567.06,1.0,2.0,0.0,0.0
368,1450.0,567.06,1.0,2.0,0.0,0.0
369,1455.0,567.06,1.0,2.0,0.0,0.0
370,1459.0,556.06,1.0,2.0,0.0,0.0
371,1463.0,556.06,1.0,2.0,0.0,0.0
372,1467.0,556.06,1.0,2.0,0.0,0.0
373,1472.0,556.06,1.0,2.0,0.0,0.0
374,1476.0,556.06,1.0,2.0,0.0,0.0
375,1481.0,556.06,1.0,2.0,0.0,0.0
376,1486.0,556.06,1.0,2.0,0.0,0.0
377,1490.0,556.06,1.0,2.0,0.0,0.0
378,1494.0,556.06,1.0,2.0,0.0,0.0
379,1499.0,556.06,1.0,2.0,0.0,0.0
380,1503.0,544.28,1.0,2.0,0.0,0.0
381,1507.0,544.28,1.0,2.0,0.0,0.0
382,1511.0,544.28,1.0,2.0,0.0,0.0
383,1516.0,544.28,1.0,2.0,0.0,0.0
384,1520.0,544.28,1.0,2.0,0.0,0.0
385,1524.0,544.28,1.0,2.0,0.0,0.0
386,1530.0,544.28,1.0,2.0,0.0,0.0
387,1534.0,544.28,1.0,2.0,0.0,0.0
388,1539.0,544.28,1.0,2.0,0.0,0.0
389,1544.0,544.28,1.0,2.0,0.0,0.0
390,1548.0,532.37,1.0,2.0,0.0,0.0
391,1552.0,532.37,1.0,2.0,0.0,0.0
392,1556.0,532.37,1.0,2.0,0.0,0.0
393,1562.0,532.37,1.0,2.0,0.0,0.0
394,1566.0,532.37,1.0,2.0,0.0,0.0
395,1570.0,532.37,1.0,2.0,0.0,0.0
396,1575.0,532.37,1.0,2.0,0.0,0.0
397,1579.0,532.37,1.0,2.0,0.0,0.0
398,1583.0,532.37,1.0,2.0,0.0,0.0
399,1589.0,532.37,1.0,2.0,0.0,0.0
400,1593.0,520.59,1.0,2.0,0.0,0.0
401,1597.0,520.59,1.0,2.0,0.0,0.0
402,1601.0,520.59,1.0,2.0,0.0,0.0
403,1606.0,520.59,1.0,2.0,0.0,0.0
404,1610.0,520.59,1.0,2.0,0.0,0.0
405,1614.0,520.59,1.0,2.0,0.0,0.0
406,1619.0,520.59,1.0,2.0,0.0,0.0
407,1623.0,520.59,1.0,2.0,0.0,0.0
408,1627.0,520.59,1.0,2.0,0.0,0.0
409,1632.0,520.59,1.0,2.0,0.0,0.0
410,1636.0,509.59,1.0,2.0,0.0,0.0
411,1640.0,509.59,1.0,2.0,0.0,0.0
412,1645.0,509.59,1.0,2.0,0.0,0.0
413,1649.0,509.59,1.0,2.0,0.0,0.0
414,1652.0,509.59,1.0,2.0,0.0,0.0
415,1656.0,509.59,1.0,2.0,0.0,0.0
416,1661.0,509.59,1.0,2.0,0.0,0.0
417,1665.0,509.59,1.0,2.0,0.0,0.0
418,1669.0,509.59,1.0,2.0,0.0,0.0
419,1675.0,509.59,1.0,2.0,0.0,0.0
420,1679.0,498.34,1.0,2.0,0.0,0.0
421,1683.0,498.34,1.0,2.0,0.0,0.0
422,1687.0,498.34,1.0,2.0,0.0,0.0
423,1692.0,498.34,1.0,2.0,0.0,0.0
424,1696.0,498.34,1.0,2.0,0.0,0.0
425,1700.0,498.34,1.0,2.0,0.0,0.0
426,1705.0,498.34,1.0,2.0,0.0,0.0
427,1709.0,498.34,1.0,2.0,0.0,0.0
428,1713.0,498.34,1.0,2.0,0.0,0.0
429,1717.0,498.34,1.0,2.0,0.0,0.0
430,1722.0,487.08,1.0,2.0,0.0,0.0
431,1727.0,487.08,1.0,2.0,0.0,0.0
432,1731.0,487.08,1.0,2.0,0.0,0.0
433,1736.0,487.08,1.0,2.0,0.0,0.0
434,1740.0,487.08,1.0,2.0,0.0,0.0
435,1744.0,487.08,1.0,2.0,0.0,0.0
436,1749.0,487.08,1.0,2.0,0.0,0.0
437,1753.0,487.08,1.0,2.0,0.0,0.0
438,1758.0,487.08,1.0,2.0,0.0,0.0
439,1762.0,487.08,1.0,2.0,0.0,0.0
440,1767.0,475.04,1.0,2.0,0.0,0.0
441,1771.0,475.04,1.0,2.0,0.0,0.0
442,1774.0,475.04,1.0,2.0,0.0,0.0
443,1779.0,475.04,1.0,2.0,0.0,0.0
444,1783.0,475.04,1.0,2.0,0.0,0.0
445,1787.0,475.04,1.0,2.0,0.0,0.0
446,1792.0,475.04,1.0,2.0,0.0,0.0
447,1797.0,475.04,1.0,2.0,0.0,0.0
448,1801.0,475.04,1.0,2.0,0.0,0.0
449,1806.0,475.04,1.0,2.0,0.0,0.0
450,1810.0,464.04,1.0,2.0,0.0,0.0
451,1814.0,464.04,1.0,2.0,0.0,0.0
452,1818.0,464.04,1.0,2.0,0.0,0.0
453,1822.0,464.04,1.0,2.0,0.0,0.0
454,1826.0,464.04,1.0,2.0,0.0,0.0
455,1830.0,464.04,1.0,2.0,0.0,0.0
456,1835.0,464.04,1.0,2.0,0.0,0.0
457,1839.0,464.04,1.0,2.0,0.0,0.0
458,1843.0,464.04,1.0,2.0,0.0,0.0
459,1848.0,464.04,1.0,2.0,0.0,0.0
460,1852.0,453.17,1.0,2.0,0.0,0.0
461,1856.0,453.17,1.0,2.0,0.0,0.0
462,1860.0,453.17,1.0,2.0,0.0,0.0
463,1865.0,453.17,1.0,2.0,0.0,0.0
464,1869.0,453.17,1.0,2.0,0.0,0.0
465,1873.0,453.17,1.0,2.0,0.0,0.0
466,1878.0,453.17,1.0,2.0,0.0,0.0
467,1882.0,453.17,1.0,2.0,0.0,0.0
468,1886.0,453.17,1.0,2.0,0.0,0.0
469,1891.0,453.17,1.0,2.0,0.0,0.0
470,1896.0,441.79,1.0,2.0,0.0,0.0
471,1900.0,441.79,1.0,2.0,0.0,0.0
472,1904.0,441.79,1.0,2.0,0.0,0.0
473,1909.0,441.79,1.0,2.0,0.0,0.0
474,1913.0,441.79,1.0,2.0,0.0,0.0
475,1916.0,441.79,1.0,2.0,0.0,0.0
476,1921.0,441.79,1.0,2.0,0.0,0.0
477,1925.0,441.79,1.0,2.0,0.0,0.0
478,1929.0,441.79,1.0,2.0,0.0,0.0
479,1934.0,441.79,1.0,2.0,0.0,0.0
480,1938.0,430.53,1.0,2.0,0.0,0.0
481,1942.0,430.53,1.0,2.0,0.0,0.0
482,1946.0,430.53,1.0,2.0,0.0,0.0
483,1952.0,430.53,1.0,2.0,0.0,0.0
484,1956.0,430.53,1.0,2.0,0.0,0.0
485,1960.0,430.53,1.0,2.0,0.0,0.0
486,1965.0,430.53,1.0,2.0,0.0,0.0
487,1969.0,430.53,1.0,2.0,0.0,0.0
488,1973.0,430.53,1.0,2.0,0.0,0.0
489,1977.0,430.53,1.0,2.0,0.0,0.0
490,1982.0,418.88,1.0,2.0,0.0,0.0
491,1986.0,418.88,1.0,2.0,0.0,0.0
492,1990.0,418.88,1.0,2.0,0.0,0.0
493,1995.0,418.88,1.0,2.0,0.0,0.0
494,2000.0,418.88,1.0,2.0,0.0,0.0
495,2004.0,418.88,1.0,2.0,0.0,0.0
496,2009.0,418.88,1.0,2.0,0.0,0.0
497,2013.0,418.88,1.0,2.0,0.0,0.0
498,2017.0,418.88,1.0,2.0,0.0,0.0
499,2021.0,418.88,1.0,2.0,0.0,0.0
500,2026.0,407.36,1.0,2.0,0.0,0.0
501,2030.0,407.36,1.0,2.0,0.0,0.0
502,2034.0,407.36,1.0,2.0,0.0,0.0
503,2039.0,407.36,1.0,2.0,0.0,0.0
504,2043.0,407.36,1.0,2.0,0.0,0.0
505,2048.0,407.36,1.0,2.0,0.0,0.0
506,2052.0,407.36,1.0,2.0,0.0,0.0
507,2057.0,407.36,1.0,2.0,0.0,0.0
508,2061.0,407.36,1.0,2.0,0.0,0.0
509,2065.0,407.36,1.0,2.0,0.0,0.0
510,2070.0,395.84,1.0,2.0,0.0,0.0
511,2074.0,395.84,1.0,2.0,0.0,0.0
512,2078.0,395.84,1.0,2.0,0.0,0.0
513,2083.0,395.84,1.0,2.0,0.0,0.0
514,2087.0,395.84,1.0,2.0,0.0,0.0
515,2091.0,395.84,1.0,2.0,0.0,0.0
516,2097.0,395.84,1.0,2.0,0.0,0.0
517,2101.0,395.84,1.0,2.0,0.0,0.0
518,2105.0,395.84,1.0,2.0,0.0,0.0
519,2109.0,395.84,1.0,2.0,0.0,0.0
520,2113.0,384.32,1.0,2.0,0.0,0.0
521,2117.0,384.32,1.0,2.0,0.0,0.0
522,2121.0,384.32,1.0,2.0,0.0,0.0
523,2126.0,384.32,1.0,2.0,0.0,0.0
524,2130.0,384.32,1.0,2.0,0.0,0.0
525,2134.0,384.32,1.0,2.0,0.0,0.0
526,2139.0,384.32,1.0,2.0,0.0,0.0
527,2143.0,384.32,1.0,2.0,0.0,0.0
528,2147.0,384.32,1.0,2.0,0.0,0.0
529,2151.0,384.32,1.0,2.0,0.0,0.0
530,2156.0,373.59,1.0,2.0,0.0,0.0
531,2161.0,373.59,1.0,2.0,0.0,0.0
532,2165.0,373.59,1.0,2.0,0.0,0.0
533,2171.0,373.59,1.0,2.0,0.0,0.0
534,2175.0,373.59,1.0,2.0,0.0,0.0
535,2179.0,373.59,1.0,2.0,0.0,0.0
536,2184.0,373.59,1.0,2.0,0.0,0.0
537,2188.0,373.59,1.0,2.0,0.0,0.0
538,2192.0,373.59,1.0,2.0,0.0,0.0
539,2195.0,373.59,1.0,2.0,0.0,0.0
540,2200.0,361.81,1.0,2.0,0.0,0.0
541,2204.0,361.81,1.0,2.0,0.0,0.0
542,2207.0,361.81,1.0,2.0,0.0,0.0
543,2212.0,361.81,1.0,2.0,0.0,0.0
544,2216.0,361.81,1.0,2.0,0.0,0.0
545,2220.0,361.81,1.0,2.0,0.0,0.0
546,2225.0,361.81,1.0,2.0,0.0,0.0
547,2229.0,361.81,1.0,2.0,0.0,0.0
548,2233.0,361.81,1.0,2.0,0.0,0.0
549,2237.0,361.81,1.0,2.0,0.0,0.0
550,2243.0,351.07,1.0,2.0,0.0,0.0
551,2247.0,351.07,1.0,2.0,0.0,0.0
552,2251.0,351.07,1.0,2.0,0.0,0.0
553,2256.0,351.07,1.0,2.0,0.0,0.0
554,2260.0,351.07,1.0,2.0,0.0,0.0
555,2264.0,351.07,1.0,2.0,0.0,0.0
556,2269.0,351.07,1.0,2.0,0.0,0.0
557,2273.0,351.07,1.0,2.0,0.0,0.0
558,2277.0,351.07,1.0,2.0,0.0,0.0
559,2282.0,351.07,1.0,2.0,0.0,0.0
560,2286.0,339.29,1.0,2.0,0.0,0.0
561,2291.0,339.29,1.0,2.0,0.0,0.0
562,2295.0,339.29,1.0,2.0,0.0,0.0
563,2300.0,339.29,1.0,2.0,0.0,0.0
564,2304.0,339.29,1.0,2.0,0.0,0.0
565,2309.0,339.29,1.0,2.0,0.0,0.0
566,2314.0,339.29,1.0,2.0,0.0,0.0
567,2318.0,339.29,1.0,2.0,0.0,0.0
568,2322.0,339.29,1.0,2.0,0.0,0.0
569,2327.0,339.29,1.0,2.0,0.0,0.0
570,2332.0,327.38,1.0,2.0,0.0,0.0
571,2336.0,327.38,1.0,2.0,0.0,0.0
572,2340.0,327.38,1.0,2.0,0.0,0.0
573,2345.0,327.38,1.0,2.0,0.0,0.0
574,2349.0,327.38,1.0,2.0,0.0,0.0
575,2353.0,327.38,1.0,2.0,0.0,0.0
576,2357.0,327.38,1.0,2.0,0.0,0.0
577,2361.0,327.38,1.0,2.0,0.0,0.0
578,2365.0,327.38,1.0,2.0,0.0,0.0
579,2370.0,327.38,1.0,2.0,0.0,0.0
580,2374.0,316.38,1.0,2.0,0.0,0.0
581,2378.0,316.38,1.0,2.0,0.0,0.0
582,2383.0,316.38,1.0,2.0,0.0,0.0
583,2387.0,316.38,1.0,2.0,0.0,0.0
584,2391.0,316.38,1.0,2.0,0.0,0.0
585,2395.0,316.38,1.0,2.0,0.0,0.0
586,2400.0,316.38,1.0,2.0,0.0,0.0
587,2403.0,316.38,1.0,2.0,0.0,0.0
588,2407.0,316.38,1.0,2.0,0.0,0.0
589,2413.0,316.38,1.0,2.0,0.0,0.0
590,2417.0,305.13,1.0,2.0,0.0,0.0
591,2421.0,305.13,1.0,2.0,0.0,0.0
592,2426.0,305.13,1.0,2.0,0.0,0.0
593,2430.0,305.13,1.0,2.0,0.0,0.0
594,2434.0,305.13,1.0,2.0,0.0,0.0
595,2438.0,305.13,1.0,2.0,0.0,0.0
596,2443.0,305.13,1.0,2.0,0.0,0.0
597,2447.0,305.13,1.0,2.0,0.0,0.0
598,2450.0,305.13,1.0,2.0,0.0,0.0
599,2455.0,305.13,1.0,2.0,0.0,0.0
600,2459.0,294.26,1.0,2.0,0.0,0.0
601,2463.0,294.26,1.0,2.0,0.0,0.0
602,2468.0,294.26,1.0,2.0,0.0,0.0
603,2472.0,294.26,1.0,2.0,0.0,0.0
604,2476.0,294.26,1.0,2.0,0.0,0.0
605,2481.0,294.26,1.0,2.0,0.0,0.0
606,2486.0,294.26,1.0,2.0,0.0,0.0
607,2490.0,294.26,1.0,2.0,0.0,0.0
608,2494.0,294.26,1.0,2.0,0.0,0.0
609,2499.0,294.26,1.0,2.0,0.0,0.0
610,2503.0,282.48,1.0,2.0,0.0,0.0
611,2507.0,282.48,1.0,2.0,0.0,0.0
612,2512.0,282.48,1.0,2.0,0.0,0.0
613,2516.0,282.48,1.0,2.0,0.0,0.0
614,2520.0,282.48,1.0,2.0,0.0,0.0
615,2526.0,282.48,1.0,2.0,0.0,0.0
616,2530.0,282.48,1.0,2.0,0.0,0.0
617,2535.0,282.48,1.0,2.0,0.0,0.0
618,2539.0,282.48,1.0,2.0,0.0,0.0
619,2544.0,282.48,1.0,2.0,0.0,0.0
620,2549.0,270.57,1.0,2.0,0.0,0.0
621,2553.0,270.57,1.0,2.0,0.0,0.0
622,2558.0,270.57,1.0,2.0,0.0,0.0
623,2562.0,270.57,1.0,2.0,0.0,0.0
624,2566.0,270.57,1.0,2.0,0.0,0.0
625,2571.0,270.57,1.0,2.0,0.0,0.0
626,2574.0,270.57,1.0,2.0,0.0,0.0
627,2578.0,270.57,1.0,2.0,0.0,0.0
628,2583.0,270.57,1.0,2.0,0.0,0.0
629,2588.0,270.57,1.0,2.0,0.0,0.0
630,2592.0,259.18,1.0,2.0,0.0,0.0
631,2596.0,259.18,1.0,2.0,0.0,0.0
632,2601.0,259.18,1.0,2.0,0.0,0.0
633,2605.0,259.18,1.0,2.0,0.0,0.0
634,2609.0,259.18,1.0,2.0,0.0,0.0
635,2614.0,259.18,1.0,2.0,0.0,0.0
636,2618.0,259.18,1.0,2.0,0.0,0.0
637,2622.0,259.18,1.0,2.0,0.0,0.0
638,2627.0,259.18,1.0,2.0,0.0,0.0
639,2632.0,259.18,1.0,2.0,0.0,0.0
640,2636.0,247.66,1.0,2.0,0.0,0.0
641,2640.0,247.66,1.0,2.0,0.0,0.0
642,2645.0,247.66,1.0,2.0,0.0,0.0
643,2648.0,247.66,1.0,2.0,0.0,0.0
644,2652.0,247.66,1.0,2.0,0.0,0.0
645,2657.0,247.66,1.0,2.0,0.0,0.0
646,2661.0,247.66,1.0,2.0,0.0,0.0
647,2665.0,247.66,1.0,2.0,0.0,0.0
648,2670.0,247.66,1.0,2.0,0.0,0.0
649,2674.0,247.66,1.0,2.0,0.0,0.0
650,2678.0,236.93,1.0,2.0,0.0,0.0
651,2682.0,236.93,1.0,2.0,0.0,0.0
652,2687.0,236.93,1.0,2.0,0.0,0.0
653,2691.0,236.93,1.0,2.0,0.0,0.0
654,2694.0,236.93,1.0,2.0,0.0,0.0
655,2699.0,236.93,1.0,2.0,0.0,0.0
656,2703.0,236.93,1.0,2.0,0.0,0.0
657,2707.0,236.93,1.0,2.0,0.0,0.0
658,2712.0,236.93,1.0,2.0,0.0,0.0
659,2716.0,236.93,1.0,2.0,0.0,0.0
660,2720.0,225.93,1.0,2.0,0.0,0.0
661,2724.0,225.93,1.0,2.0,0.0,0.0
662,2729.0,225.93,1.0,2.0,0.0,0.0
663,2733.0,225.93,1.0,2.0,0.0,0.0
664,2737.0,225.93,1.0,2.0,0.0,0.0
665,2742.0,225.93,1.0,2.0,0.0,0.0
666,2746.0,225.93,1.0,2.0,0.0,0.0
667,2750.0,225.93,1.0,2.0,0.0,0.0
668,2755.0,225.93,1.0,2.0,0.0,0.0
669,2759.0,225.93,1.0,2.0,0.0,0.0
670,2763.0,214.54,1.0,2.0,0.0,0.0
671,2768.0,214.54,1.0,2.0,0.0,0.0
672,2772.0,214.54,1.0,2.0,0.0,0.0
673,2776.0,214.54,1.0,2.0,0.0,0.0
674,2780.0,214.54,1.0,2.0,0.0,0.0
675,2785.0,214.54,1.0,2.0,0.0,0.0
676,2789.0,214.54,1.0,2.0,0.0,0.0
677,2793.0,214.54,1.0,2.0,0.0,0.0
678,2799.0,214.54,1.0,2.0,0.0,0.0
679,2803.0,214.54,1.0,2.0,0.0,0.0
680,2807.0,202.89,1.0,2.0,0.0,0.0
681,2812.0,202.89,1.0,2.0,0.0,0.0
682,2817.0,202.89,1.0,2.0,0.0,0.0
683,2821.0,202.89,1.0,2.0,0.0,0.0
684,2825.0,202.89,1.0,2.0,0.0,0.0
685,2830.0,202.89,1.0,2.0,0.0,0.0
686,2834.0,202.89,1.0,2.0,0.0,0.0
687,2837.0,202.89,1.0,2.0,0.0,0.0
688,2842.0,202.89,1.0,2.0,0.0,0.0
689,2846.0,202.89,1.0,2.0,0.0,0.0
690,2850.0,191.77,1.0,2.0,0.0,0.0
691,2855.0,191.77,1.0,2.0,0.0,0.0
692,2859.0,191.77,1.0,2.0,0.0,0.0
693,2864.0,191.77,1.0,2.0,0.0,0.0
694,2868.0,191.77,1.0,2.0,0.0,0.0
695,2873.0,191.77,1.0,2.0,0.0,0.0
696,2877.0,191.77,1.0,2.0,0.0,0.0
697,2881.0,191.77,1.0,2.0,0.0,0.0
698,2886.0,191.77,1.0,2.0,0.0,0.0
699,2890.0,191.77,1.0,2.0,0.0,0.0
700,2894.0,180.12,1.0,2.0,0.0,0.0
701,2899.0,180.12,1.0,2.0,0.0,0.0
702,2903.0,180.12,1.0,2.0,0.0,0.0
703,2907.0,180.12,1.0,2.0,0.0,0.0
704,2913.0,180.12,1.0,2.0,0.0,0.0
705,2917.0,180.12,1.0,2.0,0.0,0.0
706,2921.0,180.12,1.0,2.0,0.0,0.0
707,2925.0,180.12,1.0,2.0,0.0,0.0
708,2930.0,180.12,1.0,2.0,0.0,0.0
709,2934.0,180.12,1.0,2.0,0.0,0.0
710,2938.0,168.6,1.0,2.0,0.0,0.0
711,2943.0,168.6,1.0,2.0,0.0,0.0
712,2947.0,168.6,1.0,2.0,0.0,0.0
713,2951.0,168.6,1.0,2.0,0.0,0.0
714,2956.0,168.6,1.0,2.0,0.0,0.0
715,2961.0,168.6,1.0,2.0,0.0,0.0
716,2965.0,168.6,1.0,2.0,0.0,0.0
717,2969.0,168.6,1.0,2.0,0.0,0.0
718,2974.0,168.6,1.0,2.0,0.0,0.0
719,2978.0,168.6,1.0,2.0,0.0,0.0
720,2982.0,157.08,1.0,2.0,0.0,0.0
721,2987.0,157.08,1.0,2.0,0.0,0.0
722,2991.0,157.08,1.0,2.0,0.0,0.0
723,2996.0,157.08,1.0,2.0,0.0,0.0
724,3001.0,157.08,1.0,2.0,0.0,0.0
725,3005.0,157.08,1.0,2.0,0.0,0.0
726,3009.0,157.08,1.0,2.0,0.0,0.0
727,3014.0,157.08,1.0,2.0,0.0,0.0
728,3019.0,157.08,1.0,2.0,0.0,0.0
729,3023.0,157.08,1.0,2.0,0.0,0.0
730,3027.0,145.17,1.0,2.0,0.0,0.0
731,3032.0,145.17,1.0,2.0,0.0,0.0
732,3035.0,145.17,1.0,2.0,0.0,0.0
733,3039.0,145.17,1.0,2.0,0.0,0.0
734,3044.0,145.17,1.0,2.0,0.0,0.0
735,3048.0,145.17,1.0,2.0,0.0,0.0
736,3052.0,145.17,1.0,2.0,0.0,0.0
737,3058.0,145.17,1.0,2.0,0.0,0.0
738,3062.0,145.17,1.0,2.0,0.0,0.0
739,3067.0,145.17,1.0,2.0,0.0,0.0
740,3071.0,133.78,1.0,2.0,0.0,0.0
741,3076.0,133.78,1.0,2.0,0.0,0.0
742,3080.0,133.78,1.0,2.0,0.0,0.0
743,3085.0,133.78,1.0,2.0,0.0,0.0
744,3090.0,133.78,1.0,2.0,0.0,0.0
745,3094.0,133.78,1.0,2.0,0.0,0.0
746,3098.0,133.78,1.0,2.0,0.0,0.0
747,3103.0,133.78,1.0,2.0,0.0,0.0
748,3107.0,133.78,1.0,2.0,0.0,0.0
749,3111.0,133.78,1.0,2.0,0.0,0.0
750,3115.0,121.87,1.0,2.0,0.0,0.0
751,3120.0,121.87,1.0,2.0,0.0,0.0
752,3124.0,121.87,1.0,2.0,0.0,0.0
753,3128.0,121.87,1.0,2.0,0.0,0.0
754,3134.0,121.87,1.0,2.0,0.0,0.0
755,3138.0,121.87,1.0,2.0,0.0,0.0
756,3143.0,121.87,1.0,2.0,0.0,0.0
757,3148.0,121.87,1.0,2.0,0.0,0.0
758,3150.0,121.87,1.0,2.0,0.0,0.0
759,3154.0,121.87,1.0,2.0,0.0,0.0
760,3160.0,110.87,1.0,2.0,0.0,0.0
761,3164.0,110.87,1.0,2.0,0.0,0.0
762,3168.0,110.87,1.0,2.0,0.0,0.0
763,3172.0,110.87,1.0,2.0,0.0,0.0
764,3177.0,110.87,1.0,2.0,0.0,0.0
765,3180.0,110.87,1.0,2.0,0.0,0.0
766,3184.0,110.87,1.0,2.0,0.0,0.0
767,3189.0,110.87,1.0,2.0,0.0,0.0
768,3193.0,110.87,1.0,2.0,0.0,0.0
769,3197.0,110.87,1.0,2.0,0.0,0.0
770,3202.0,99.61,1.0,2.0,0.0,0.0
771,3206.0,99.61,1.0,2.0,0.0,0.0
772,3210.0,99.61,1.0,2.0,0.0,0.0
773,3215.0,99.61,1.0,2.0,0.0,0.0
774,3219.0,99.61,1.0,2.0,0.0,0.0
775,3223.0,99.61,1.0,2.0,0.0,0.0
776,3228.0,99.61,1.0,2.0,0.0,0.0
777,3232.0,99.61,1.0,2.0,0.0,0.0
778,3236.0,99.61,1.0,2.0,0.0,0.0
779,3240.0,99.61,1.0,2.0,0.0,0.0
780,3245.0,88.36,1.0,2.0,0.0,0.0
781,3249.0,88.36,1.0,2.0,0.0,0.0
782,3254.0,88.36,1.0,2.0,0.0,0.0
783,3259.0,88.36,1.0,2.0,0.0,0.0
784,3265.0,88.36,1.0,2.0,0.0,0.0
785,3269.0,88.36,1.0,2.0,0.0,0.0
786,3274.0,88.36,1.0,2.0,0.0,0.0
787,3278.0,88.36,1.0,2.0,0.0,0.0
788,3282.0,88.36,1.0,2.0,0.0,0.0
789,3287.0,88.36,1.0,2.0,0.0,0.0
790,3291.0,75.92,1.0,2.0,0.0,0.0
791,3295.0,75.92,1.0,2.0,0.0,0.0
792,3299.0,75.92,1.0,2.0,0.0,0.0
793,3305.0,75.92,1.0,2.0,0.0,0.0
794,3309.0,75.92,1.0,2.0,0.0,0.0
795,3312.0,75.92,1.0,2.0,0.0,0.0
796,3317.0,75.92,1.0,2.0,0.0,0.0
797,3321.0,75.92,1.0,2.0,0.0,0.0
798,3325.0,75.92,1.0,2.0,0.0,0.0
799,3329.0,75.92,1.0,2.0,0.0,0.0
800,3333.0,65.45,1.0,2.0,0.0,0.0
801,3337.0,65.45,1.0,2.0,0.0,0.0
802,3342.0,65.45,1.0,2.0,0.0,0.0
803,3346.0,65.45,1.0,2.0,0.0,0.0
804,3350.0,65.45,1.0,2.0,0.0,0.0
805,3354.0,65.45,1.0,2.0,0.0,0.0
806,3359.0,65.45,1.0,2.0,0.0,0.0
807,3363.0,65.45,1.0,2.0,0.0,0.0
808,3367.0,65.45,1.0,2.0,0.0,0.0
809,3372.0,65.45,1.0,2.0,0.0,0.0
810,3377.0,54.06,1.0,2.0,0.0,0.0
811,3381.0,54.06,1.0,2.0,0.0,0.0
812,3386.0,54.06,1.0,2.0,0.0,0.0
813,3390.0,54.06,1.0,2.0,0.0,0.0
814,3394.0,54.06,1.0,2.0,0.0,0.0
815,3399.0,54.06,1.0,2.0,0.0,0.0
816,3404.0,54.06,1.0,2.0,0.0,0.0
817,3408.0,54.06,1.0,2.0,0.0,0.0
818,3412.0,54.06,1.0,2.0,0.0,0.0
819,3417.0,54.06,1.0,2.0,0.0,0.0
820,3421.0,42.02,1.0,2.0,0.0,0.0
821,3425.0,42.02,1.0,2.0,0.0,0.0
822,3430.0,42.02,1.0,2.0,0.0,0.0
823,3434.0,42.02,1.0,2.0,0.0,0.0
824,3438.0,42.02,1.0,2.0,0.0,0.0
825,3443.0,42.02,1.0,2.0,0.0,0.0
826,3447.0,42.02,1.0,2.0,0.0,0.0
827,3452.0,42.02,1.0,2.0,0.0,0.0
828,3456.0,42.02,1.0,2.0,0.0,0.0
829,3461.0,42.02,1.0,2.0,0.0,0.0
830,3465.0,30.63,1.0,2.0,0.0,0.0
831,3469.0,30.63,1.0,2.0,0.0,0.0
832,3475.0,30.63,1.0,2.0,0.0,0.0
833,3479.0,30.63,1.0,2.0,0.0,0.0
834,3483.0,30.63,1.0,2.0,0.0,0.0
835,3488.0,30.63,1.0,2.0,0.0,0.0
836,3492.0,30.63,1.0,2.0,0.0,0.0
837,3496.0,30.63,1.0,2.0,0.0,0.0
838,3501.0,30.63,1.0,2.0,0.0,0.0
839,3505.0,30.63,1.0,2.0,0.0,0.0
840,3509.0,19.11,1.0,2.0,0.0,0.0
841,3513.0,19.11,1.0,2.0,0.0,0.0
842,3518.0,19.11,1.0,2.0,0.0,0.0
843,3523.0,19.11,1.0,2.0,0.0,0.0
844,3527.0,19.11,1.0,2.0,0.0,0.0
845,3532.0,19.11,1.0,2.0,0.0,0.0
846,3536.0,19.11,1.0,2.0,0.0,0.0
847,3540.0,19.11,1.0,2.0,0.0,0.0
848,3545.0,19.11,1.0,2.0,0.0,0.0
849,3549.0,19.11,1.0,2.0,0.0,0.0
850,3553.0,7.59,1.0,2.0,0.0,0.0
851,3557.0,7.59,1.0,2.0,0.0,0.0
852,3562.0,7.59,1.0,2.0,0.0,0.0
853,3566.0,7.59,1.0,2.0,0.0,0.0
854,3570.0,7.59,1.0,2.0,0.0,0.0
855,3574.0,7.59,1.0,2.0,0.0,0.0
856,3578.0,7.59,1.0,2.0,0.0,0.0
857,3583.0,7.59,1.0,2.0,0.0,0.0
858,3587.0,7.59,1.0,2.0,0.0,0.0
859,3591.0,7.59,1.0,2.0,0.0,0.0
860,3594.0,-3.14,1.0,2.0,0.0,0.0
861,3598.0,-3.14,1.0,2.0,0.0,0.0
862,3602.0,-3.14,1.0,2.0,0.0,0.0
863,3606.0,-3.14,1.0,2.0,0.0,0.0
864,3609.0,-3.14,1.0,2.0,0.0,0.0
865,3612.0,-3.14,1.0,2.0,0.0,0.0
866,3616.0,-3.14,1.0,2.0,0.0,0.0
867,3619.0,-3.14,1.0,2.0,0.0,0.0
868,3622.0,-3.14,1.0,2.0,0.0,0.0
869,3625.0,-3.14,1.0,2.0,0.0,0.0
870,3628.0,-11.0,1.0,2.0,0.0,0.0
871,3630.0,-11.0,1.0,2.0,0.0,0.0
872,3633.0,-11.0,1.0,2.0,0.0,0.0
873,3635.0,-11.0,1.0,2.0,0.0,0.0
874,3637.0,-11.0,1.0,2.0,0.0,0.0
875,3639.0,-11.0,1.0,2.0,0.0,0.0
876,3640.0,-11.0,1.0,2.0,0.0,0.0
877,3642.0,-11.0,1.0,2.0,0.0,0.0
878,3643.0,-11.0,1.0,2.0,0.0,0.0
879,3644.0,-11.0,1.0,2.0,0.0,0.0
880,3645.0,-14.01,1.0,2.0,0.0,0.0
881,3646.0,-14.01,1.0,2.0,0.0,0.0
882,3647.0,-14.01,1.0,2.0,0.0,0.0
883,3647.0,-14.01,1.0,2.0,0.0,0.0
884,3648.0,-14.01,1.0,2.0,0.0,0.0
885,3648.0,-14.01,1.0,2.0,0.0,0.0
886,3648.0,-14.01,1.0,2.0,0.0,0.0
887,3647.0,-14.01,1.0,2.0,0.0,0.0
888,3647.0,-14.01,1.0,2.0,0.0,0.0
889,3646.0,-14.01,1.0,2.0,0.0,0.0
890,3646.0,-12.3,1.0,2.0,0.0,0.0
891,3645.0,-12.3,1.0,2.0,0.0,0.0
892,3644.0,-12.3,1.0,2.0,0.0,0.0
893,3642.0,-12.3,1.0,2.0,0.0,0.0
894,3641.0,-12.3,1.0,2.0,0.0,0.0
895,3640.0,-12.3,1.0,2.0,0.0,0.0
896,3638.0,-12.3,1.0,2.0,0.0,0.0
897,3637.0,-12.3,1.0,2.0,0.0,0.0
898,3635.0,-12.3,1.0,2.0,0.0,0.0
899,3634.0,-12.3,1.0,2.0,0.0,0.0
900,3632.0,-6.94,1.0,2.0,0.0,0.0
901,3630.0,-6.94,1.0,2.0,0.0,0.0
902,3628.0,-6.94,1.0,2.0,0.0,0.0
903,3626.0,-6.94,1.0,2.0,0.0,0.0
904,3624.0,-6.94,1.0,2.0,0.0,0.0
905,3622.0,-6.94,1.0,2.0,0.0,0.0
906,3620.0,-6.94,1.0,2.0,0.0,0.0
907,3618.0,-6.94,1.0,2.0,0.0,0.0
908,3616.0,-6.94,1.0,2.0,0.0,0.0
909,3614.0,-6.94,1.0,2.0,0.0,0.0
910,3612.0,-1.18,1.0,2.0,0.0,0.0
911,3610.0,-1.18,1.0,2.0,0.0,0.0
912,3608.0,-1.18,1.0,2.0,0.0,0.0
913,3606.0,-1.18,1.0,2.0,0.0,0.0
914,3604.0,-1.18,1.0,2.0,0.0,0.0
915,3602.0,-1.18,1.0,2.0,0.0,0.0
916,3600.0,-1.18,1.0,2.0,0.0,0.0
917,3599.0,-1.18,1.0,2.0,0.0,0.0
918,3597.0,-1.18,1.0,2.0,0.0,0.0
919,3595.0,-1.18,1.0,2.0,0.0,0.0
920,3594.0,3.8,1.0,2.0,0.0,0.0
921,3592.0,3.8,1.0,2.0,0.0,0.0
922,3591.0,3.8,1.0,2.0,0.0,0.0
923,3589.0,3.8,1.0,2.0,0.0,0.0
924,3588.0,3.8,1.0,2.0,0.0,0.0
925,3587.0,3.8,1.0,2.0,0.0,0.0
926,3586.0,3.8,1.0,2.0,0.0,0.0
927,3585.0,3.8,1.0,2.0,0.0,0.0
928,3584.0,3.8,1.0,2.0,0.0,0.0
929,3583.0,3.8,1.0,2.0,0.0,0.0
930,3582.0,6.02,1.0,2.0,0.0,0.0
931,3582.0,6.02,1.0,2.0,0.0,0.0
932,3581.0,6.02,1.0,2.0,0.0,0.0
933,3581.0,6.02,1.0,2.0,0.0,0.0
934,3580.0,6.02,1.0,2.0,0.0,0.0
935,3580.0,6.02,1.0,2.0,0.0,0.0
936,3580.0,6.02,1.0,2.0,0.0,0.0
937,3580.0,6.02,1.0,2.0,0.0,0.0
938,3580.0,6.02,1.0,2.0,0.0,0.0
939,3580.0,6.02,1.0,2.0,0.0,0.0
940,3580.0,5.63,1.0,2.0,0.0,0.0
941,3581.0,5.63,1.0,2.0,0.0,0.0
942,3581.0,5.63,1.0,2.0,0.0,0.0
943,3582.0,5.63,1.0,2.0,0.0,0.0
944,3582.0,5.63,1.0,2.0,0.0,0.0
945,3583.0,5.63,1.0,2.0,0.0,0.0
946,3583.0,5.63,1.0,2.0,0.0,0.0
947,3584.0,5.63,1.0,2.0,0.0,0.0
948,3585.0,5.63,1.0,2.0,0.0,0.0
949,3586.0,5.63,1.0,2.0,0.0,0.0
950,3586.0,2.88,1.0,2.0,0.0,0.0
951,3587.0,2.88,1.0,2.0,0.0,0.0
952,3588.0,2.88,1.0,2.0,0.0,0.0
953,3589.0,2.88,1.0,2.0,0.0,0.0
954,3590.0,2.88,1.0,2.0,0.0,0.0
955,3591.0,2.88,1.0,2.0,0.0,0.0
956,3592.0,2.88,1.0,2.0,0.0,0.0
957,3593.0,2.88,1.0,2.0,0.0,0.0
958,3593.0,2.88,1.0,2.0,0.0,0.0
959,3594.0,2.88,1.0,2.0,0.0,0.0
960,3595.0,0.52,1.0,2.0,0.0,0.0
961,3596.0,0.52,1.0,2.0,0.0,0.0
962,3597.0,0.52,1.0,2.0,0.0,0.0
963,3598.0,0.52,1.0,2.0,0.0,0.0
964,3599.0,0.52,1.0,2.0,0.0,0.0
965,3600.0,0.52,1.0,2.0,0.0,0.0
966,3600.0,0.52,1.0,2.0,0.0,0.0
967,3601.0,0.52,1.0,2.0,0.0,0.0
968,3602.0,0.52,1.0,2.0,0.0,0.0
969,3602.0,0.52,1.0,2.0,0.0,0.0
970,3603.0,-1.57,1.0,2.0,0.0,0.0
971,3604.0,-1.57,1.0,2.0,0.0,0.0
972,3604.0,-1.57,1.0,2.0,0.0,0.0
973,3605.0,-1.57,1.0,2.0,0.0,0.0
974,3605.0,-1.57,1.0,2.0,0.0,0.0
975,3606.0,-1.57,1.0,2.0,0.0,0.0
976,3606.0,-1.57,1.0,2.0,0.0,0.0
977,3607.0,-1.57,1.0,2.0,0.0,0.0
978,3607.0,-1.57,1.0,2.0,0.0,0.0
979,3607.0,-1.57,1.0,2.0,0.0,0.0
980,3607.0,-2.49,1.0,2.0,0.0,0.0
981,3608.0,-2.49,1.0,2.0,0.0,0.0
982,3608.0,-2.49,1.0,2.0,0.0,0.0
983,3608.0,-2.49,1.0,2.0,0.0,0.0
984,3608.0,-2.49,1.0,2.0,0.0,0.0
985,3608.0,-2.49,1.0,2.0,0.0,0.0
986,3608.0,-2.49,1.0,2.0,0.0,0.0
987,3608.0,-2.49,1.0,2.0,0.0,0.0
988,3608.0,-2.49,1.0,2.0,0.0,0.0
989,3608.0,-2.49,1.0,2.0,0.0,0.0
990,3608.0,-2.23,1.0,2.0,0.0,0.0
991,3608.0,-2.23,1.0,2.0,0.0,0.0
992,3607.0,-2.23,1.0,2.0,0.0,0.0
993,3607.0,-2.23,1.0,2.0,0.0,0.0
994,3607.0,-2.23,1.0,2.0,0.0,0.0
995,3607.0,-2.23,1.0,2.0,0.0,0.0
996,3606.0,-2.23,1.0,2.0,0.0,0.0
997,3606.0,-2.23,1.0,2.0,0.0,0.0
998,3606.0,-2.23,1.0,2.0,0.0,0.0
999,3605.0,-2.23,1.0,2.0,0.0,0.0
1000,3605.0,-0.92,1.0,2.0,0.0,0.0
1001,3605.0,-0.92,1.0,2.0,0.0,0.0
1002,3604.0,-0.92,1.0,2.0,0.0,0.0
1003,3604.0,-0.92,1.0,2.0,0.0,0.0
1004,3604.0,-0.92,1.0,2.0,0.0,0.0
1005,3603.0,-0.92,1.0,2.0,0.0,0.0
1006,3603.0,-0.92,1.0,2.0,0.0,0.0
1007,3603.0,-0.92,1.0,2.0,0.0,0.0
1008,3602.0,-0.92,1.0,2.0,0.0,0.0
1009,3602.0,-0.92,1.0,2.0,0.0,0.0
1010,3602.0,-0.13,1.0,2.0,0.0,0.0
1011,3601.0,-0.13,1.0,2.0,0.0,0.0
1012,3601.0,-0.13,1.0,2.0,0.0,0.0
1013,3601.0,-0.13,1.0,2.0,0.0,0.0
1014,3600.0,-0.13,1.0,2.0,0.0,0.0
1015,3600.0,-0.13,1.0,2.0,0.0,0.0
1016,3600.0,-0.13,1.0,2.0,0.0,0.0
1017,3600.0,-0.13,1.0,2.0,0.0,0.0
1018,3599.0,-0.13,1.0,2.0,0.0,0.0
1019,3599.0,-0.13,1.0,2.0,0.0,0.0
1020,3599.0,0.65,1.0,2.0,0.0,0.0
1021,3599.0,0.65,1.0,2.0,0.0,0.0
1022,3599.0,0.65,1.0,2.0,0.0,0.0
1023,3598.0,0.65,1.0,2.0,0.0,0.0
1024,3598.0,0.65,1.0,2.0,0.0,0.0
1025,3598.0,0.65,1.0,2.0,0.0,0.0
1026,3598.0,0.65,1.0,2.0,0.0,0.0
1027,3598.0,0.65,1.0,2.0,0.0,0.0
1028,3598.0,0.65,1.0,2.0,0.0,0.0
1029,3598.0,0.65,1.0,2.0,0.0,0.0
1030,3598.0,0.65,1.0,2.0,0.0,0.0
1031,3598.0,0.65,1.0,2.0,0.0,0.0
1032,3598.0,0.65,1.0,2.0,0.0,0.0
1033,3598.0,0.65,1.0,2.0,0.0,0.0
1034,3598.0,0.65,1.0,2.0,0.0,0.0
1035,3598.0,0.65,1.0,2.0,0.0,0.0
1036,3598.0,0.65,1.0,2.0,0.0,0.0
1037,3598.0,0.65,1.0,2.0,0.0,0.0
1038,3598.0,0.65,1.0,2.0,0.0,0.0
1039,3598.0,0.65,1.0,2.0,0.0,0.0
1040,3598.0,0.52,1.0,2.0,0.0,0.0
1041,3598.0,0.52,1.0,2.0,0.0,0.0
1042,3598.0,0.52,1.0,2.0,0.0,0.0
1043,3599.0,0.52,1.0,2.0,0.0,0.0
1044,3599.0,0.52,1.0,2.0,0.0,0.0
1045,3599.0,0.52,1.0,2.0,0.0,0.0
1046,3599.0,0.52,1.0,2.0,0.0,0.0
1047,3599.0,0.52,1.0,2.0,0.0,0.0
1048,3599.0,0.52,1.0,2.0,0.0,0.0
1049,3599.0,0.52,1.0,2.0,0.0,0.0
1050,3599.0,0.13,1.0,2.0,0.0,0.0
1051,3599.0,0.13,1.0,2.0,0.0,0.0
1052,3600.0,0.13,1.0,2.0,0.0,0.0
1053,3600.0,0.13,1.0,2.0,0.0,0.0
1054,3600.0,0.13,1.0,2.0,0.0,0.0
1055,3600.0,0.13,1.0,2.0,0.0,0.0
1056,3600.0,0.13,1.0,2.0,0.0,0.0
1057,3600.0,0.13,1.0,2.0,0.0,0.0
1058,3600.0,0.13,1.0,2.0,0.0,0.0
1059,3600.0,0.13,1.0,2.0,0.0,0.0
NEXT EXPERIMENT0,0.0,-0.26,1.0,2.0,0.0,0.0
1,0.0,-0.26,1.0,2.0,0.0,0.0
2,0.0,-0.26,1.0,2.0,0.0,0.0
3,0.0,-0.26,1.0,2.0,0.0,0.0
4,0.0,-0.26,1.0,2.0,0.0,0.0
5,0.0,-0.26,1.0,2.0,0.0,0.0
6,0.0,-0.26,1.0,2.0,0.0,0.0
7,0.0,-0.26,1.0,2.0,0.0,0.0
8,0.0,-0.26,1.0,2.0,0.0,0.0
9,0.0,-0.26,1.0,2.0,0.0,0.0
10,0.0,1178.36,1.0,2.0,0.0,0.0
11,0.0,1178.36,1.0,2.0,0.0,0.0
12,0.0,1178.36,1.0,2.0,0.0,0.0
13,0.0,1178.36,1.0,2.0,0.0,0.0
14,1.0,1178.36,1.0,2.0,0.0,0.0
15,1.0,1178.36,1.0,2.0,0.0,0.0
16,2.0,1178.36,1.0,2.0,0.0,0.0
17,3.0,1178.36,1.0,2.0,0.0,0.0
18,4.0,1178.36,1.0,2.0,0.0,0.0
19,5.0,1178.36,1.0,2.0,0.0,0.0
20,6.0,940.84,1.0,2.0,0.0,0.0
21,8.0,940.84,1.0,2.0,0.0,0.0
22,9.0,940.84,1.0,2.0,0.0,0.0
23,11.0,940.84,1.0,2.0,0.0,0.0
24,12.0,940.84,1.0,2.0,0.0,0.0
25,14.0,940.84,1.0,2.0,0.0,0.0
26,16.0,940.84,1.0,2.0,0.0,0.0
27,18.0,940.84,1.0,2.0,0.0,0.0
28,19.0,940.84,1.0,2.0,0.0,0.0
29,22.0,940.84,1.0,2.0,0.0,0.0
30,24.0,935.61,1.0,2.0,0.0,0.0
31,26.0,935.61,1.0,2.0,0.0,0.0
32,28.0,935.61,1.0,2.0,0.0,0.0
33,30.0,935.61,1.0,2.0,0.0,0.0
34,33.0,935.61,1.0,2.0,0.0,0.0
35,35.0,935.61,1.0,2.0,0.0,0.0
36,38.0,935.61,1.0,2.0,0.0,0.0
37,40.0,935.61,1.0,2.0,0.0,0.0
38,43.0,935.61,1.0,2.0,0.0,0.0
39,46.0,935.61,1.0,2.0,0.0,0.0
40,48.0,928.86,1.0,2.0,0.0,0.0
41,51.0,928.86,1.0,2.0,0.0,0.0
42,54.0,928.86,1.0,2.0,0.0,0.0
43,57.0,928.86,1.0,2.0,0.0,0.0
44,60.0,928.86,1.0,2.0,0.0,0.0
45,63.0,928.86,1.0,2.0,0.0,0.0
46,66.0,928.86,1.0,2.0,0.0,0.0
47,69.0,928.86,1.0,2.0,0.0,0.0
48,72.0,928.86,1.0,2.0,0.0,0.0
49,75.0,928.86,1.0,2.0,0.0,0.0
50,79.0,920.62,1.0,2.0,0.0,0.0
51,82.0,920.62,1.0,2.0,0.0,0.0
52,86.0,920.62,1.0,2.0,0.0,0.0
53,89.0,920.62,1.0,2.0,0.0,0.0
54,93.0,920.62,1.0,2.0,0.0,0.0
55,96.0,920.62,1.0,2.0,0.0,0.0
56,99.0,920.62,1.0,2.0,0.0,0.0
57,103.0,920.62,1.0,2.0,0.0,0.0
58,106.0,920.62,1.0,2.0,0.0,0.0
59,110.0,920.62,1.0,2.0,0.0,0.0
60,113.0,911.45,1.0,2.0,0.0,0.0
61,117.0,911.45,1.0,2.0,0.0,0.0
62,120.0,911.45,1.0,2.0,0.0,0.0
63,124.0,911.45,1.0,2.0,0.0,0.0
64,128.0,911.45,1.0,2.0,0.0,0.0
65,131.0,911.45,1.0,2.0,0.0,0.0
66,135.0,911.45,1.0,2.0,0.0,0.0
67,139.0,911.45,1.0,2.0,0.0,0.0
68,142.0,911.45,1.0,2.0,0.0,0.0
69,146.0,911.45,1.0,2.0,0.0,0.0
70,151.0,901.9,1.0,2.0,0.0,0.0
71,155.0,901.9,1.0,2.0,0.0,0.0
72,158.0,901.9,1.0,2.0,0.0,0.0
73,162.0,901.9,1.0,2.0,0.0,0.0
74,167.0,901.9,1.0,2.0,0.0,0.0
75,171.0,901.9,1.0,2.0,0.0,0.0
76,175.0,901.9,1.0,2.0,0.0,0.0
77,179.0,901.9,1.0,2.0,0.0,0.0
78,183.0,901.9,1.0,2.0,0.0,0.0
79,187.0,901.9,1.0,2.0,0.0,0.0
80,191.0,890.84,1.0,2.0,0.0,0.0
81,195.0,890.84,1.0,2.0,0.0,0.0
82,199.0,890.84,1.0,2.0,0.0,0.0
83,203.0,890.84,1.0,2.0,0.0,0.0
84,207.0,890.84,1.0,2.0,0.0,0.0
85,211.0,890.84,1.0,2.0,0.0,0.0
86,215.0,890.84,1.0,2.0,0.0,0.0
87,219.0,890.84,1.0,2.0,0.0,0.0
88,223.0,890.84,1.0,2.0,0.0,0.0
89,227.0,890.84,1.0,2.0,0.0,0.0
90,231.0,880.43,1.0,2.0,0.0,0.0
91,235.0,880.43,1.0,2.0,0.0,0.0
92,239.0,880.43,1.0,2.0,0.0,0.0
93,243.0,880.43,1.0,2.0,0.0,0.0
94,247.0,880.43,1.0,2.0,0.0,0.0
95,251.0,880.43,1.0,2.0,0.0,0.0
96,255.0,880.43,1.0,2.0,0.0,0.0
97,259.0,880.43,1.0,2.0,0.0,0.0
98,263.0,880.43,1.0,2.0,0.0,0.0
99,269.0,880.43,1.0,2.0,0.0,0.0
100,273.0,869.3,1.0,2.0,0.0,0.0
101,277.0,869.3,1.0,2.0,0.0,0.0
102,281.0,869.3,1.0,2.0,0.0,0.0
103,285.0,869.3,1.0,2.0,0.0,0.0
104,290.0,869.3,1.0,2.0,0.0,0.0
105,294.0,869.3,1.0,2.0,0.0,0.0
106,299.0,869.3,1.0,2.0,0.0,0.0
107,303.0,869.3,1.0,2.0,0.0,0.0
108,307.0,869.3,1.0,2.0,0.0,0.0
109,311.0,869.3,1.0,2.0,0.0,0.0
110,316.0,857.98,1.0,2.0,0.0,0.0
111,321.0,857.98,1.0,2.0,0.0,0.0
112,325.0,857.98,1.0,2.0,0.0,0.0
113,329.0,857.98,1.0,2.0,0.0,0.0
114,333.0,857.98,1.0,2.0,0.0,0.0
115,337.0,857.98,1.0,2.0,0.0,0.0
116,341.0,857.98,1.0,2.0,0.0,0.0
117,346.0,857.98,1.0,2.0,0.0,0.0
118,351.0,857.98,1.0,2.0,0.0,0.0
119,355.0,857.98,1.0,2.0,0.0,0.0
120,359.0,846.72,1.0,2.0,0.0,0.0
121,363.0,846.72,1.0,2.0,0.0,0.0
122,369.0,846.72,1.0,2.0,0.0,0.0
123,373.0,846.72,1.0,2.0,0.0,0.0
124,377.0,846.72,1.0,2.0,0.0,0.0
125,381.0,846.72,1.0,2.0,0.0,0.0
126,385.0,846.72,1.0,2.0,0.0,0.0
127,390.0,846.72,1.0,2.0,0.0,0.0
128,394.0,846.72,1.0,2.0,0.0,0.0
129,398.0,846.72,1.0,2.0,0.0,0.0
130,402.0,835.47,1.0,2.0,0.0,0.0
131,407.0,835.47,1.0,2.0,0.0,0.0
132,411.0,835.47,1.0,2.0,0.0,0.0
133,415.0,835.47,1.0,2.0,0.0,0.0
134,419.0,835.47,1.0,2.0,0.0,0.0
135,424.0,835.47,1.0,2.0,0.0,0.0
136,428.0,835.47,1.0,2.0,0.0,0.0
137,432.0,835.47,1.0,2.0,0.0,0.0
138,436.0,835.47,1.0,2.0,0.0,0.0
139,440.0,835.47,1.0,2.0,0.0,0.0
140,445.0,824.21,1.0,2.0,0.0,0.0
141,449.0,824.21,1.0,2.0,0.0,0.0
142,453.0,824.21,1.0,2.0,0.0,0.0
143,458.0,824.21,1.0,2.0,0.0,0.0
144,462.0,824.21,1.0,2.0,0.0,0.0
145,466.0,824.21,1.0,2.0,0.0,0.0
146,469.0,824.21,1.0,2.0,0.0,0.0
147,473.0,824.21,1.0,2.0,0.0,0.0
148,478.0,824.21,1.0,2.0,0.0,0.0
149,482.0,824.21,1.0,2.0,0.0,0.0
150,486.0,813.61,1.0,2.0,0.0,0.0
151,491.0,813.61,1.0,2.0,0.0,0.0
152,495.0,813.61,1.0,2.0,0.0,0.0
153,499.0,813.61,1.0,2.0,0.0,0.0
154,503.0,813.61,1.0,2.0,0.0,0.0
155,508.0,813.61,1.0,2.0,0.0,0.0
156,513.0,813.61,1.0,2.0,0.0,0.0
157,517.0,813.61,1.0,2.0,0.0,0.0
158,520.0,813.61,1.0,2.0,0.0,0.0
159,525.0,813.61,1.0,2.0,0.0,0.0
160,529.0,802.22,1.0,2.0,0.0,0.0
161,534.0,802.22,1.0,2.0,0.0,0.0
162,539.0,802.22,1.0,2.0,0.0,0.0
163,543.0,802.22,1.0,2.0,0.0,0.0
164,547.0,802.22,1.0,2.0,0.0,0.0
165,551.0,802.22,1.0,2.0,0.0,0.0
166,556.0,802.22,1.0,2.0,0.0,0.0
167,561.0,802.22,1.0,2.0,0.0,0.0
168,565.0,802.22,1.0,2.0,0.0,0.0
169,569.0,802.22,1.0,2.0,0.0,0.0
170,574.0,790.31,1.0,2.0,0.0,0.0
171,578.0,790.31,1.0,2.0,0.0,0.0
172,582.0,790.31,1.0,2.0,0.0,0.0
173,587.0,790.31,1.0,2.0,0.0,0.0
174,592.0,790.31,1.0,2.0,0.0,0.0
175,596.0,790.31,1.0,2.0,0.0,0.0
176,601.0,790.31,1.0,2.0,0.0,0.0
177,605.0,790.31,1.0,2.0,0.0,0.0
178,609.0,790.31,1.0,2.0,0.0,0.0
179,613.0,790.31,1.0,2.0,0.0,0.0
180,619.0,778.85,1.0,2.0,0.0,0.0
181,623.0,778.85,1.0,2.0,0.0,0.0
182,627.0,778.85,1.0,2.0,0.0,0.0
183,631.0,778.85,1.0,2.0,0.0,0.0
184,636.0,778.85,1.0,2.0,0.0,0.0
185,640.0,778.85,1.0,2.0,0.0,0.0
186,644.0,778.85,1.0,2.0,0.0,0.0
187,649.0,778.85,1.0,2.0,0.0,0.0
188,653.0,778.85,1.0,2.0,0.0,0.0
189,658.0,778.85,1.0,2.0,0.0,0.0
190,663.0,767.01,1.0,2.0,0.0,0.0
191,667.0,767.01,1.0,2.0,0.0,0.0
192,671.0,767.01,1.0,2.0,0.0,0.0
193,675.0,767.01,1.0,2.0,0.0,0.0
194,680.0,767.01,1.0,2.0,0.0,0.0
195,684.0,767.01,1.0,2.0,0.0,0.0
196,688.0,767.01,1.0,2.0,0.0,0.0
197,694.0,767.01,1.0,2.0,0.0,0.0
198,694.0,767.01,1.0,2.0,0.0,0.0
199,694.0,767.01,1.0,2.0,0.0,0.0
200,695.0,758.5,1.0,2.0,0.0,0.0
201,700.0,758.5,1.0,2.0,0.0,0.0
202,704.0,758.5,1.0,2.0,0.0,0.0
203,708.0,758.5,1.0,2.0,0.0,0.0
204,713.0,758.5,1.0,2.0,0.0,0.0
205,717.0,758.5,1.0,2.0,0.0,0.0
206,721.0,758.5,1.0,2.0,0.0,0.0
207,726.0,758.5,1.0,2.0,0.0,0.0
208,731.0,758.5,1.0,2.0,0.0,0.0
209,735.0,758.5,1.0,2.0,0.0,0.0
210,740.0,747.04,1.0,2.0,0.0,0.0
211,744.0,747.04,1.0,2.0,0.0,0.0
212,749.0,747.04,1.0,2.0,0.0,0.0
213,754.0,747.04,1.0,2.0,0.0,0.0
214,759.0,747.04,1.0,2.0,0.0,0.0
215,763.0,747.04,1.0,2.0,0.0,0.0
216,767.0,747.04,1.0,2.0,0.0,0.0
217,772.0,747.04,1.0,2.0,0.0,0.0
218,776.0,747.04,1.0,2.0,0.0,0.0
219,780.0,747.04,1.0,2.0,0.0,0.0
220,785.0,735.07,1.0,2.0,0.0,0.0
221,789.0,735.07,1.0,2.0,0.0,0.0
222,789.0,735.07,1.0,2.0,0.0,0.0
223,789.0,735.07,1.0,2.0,0.0,0.0
224,789.0,735.07,1.0,2.0,0.0,0.0
225,792.0,735.07,1.0,2.0,0.0,0.0
226,796.0,735.07,1.0,2.0,0.0,0.0
227,801.0,735.07,1.0,2.0,0.0,0.0
228,805.0,735.07,1.0,2.0,0.0,0.0
229,809.0,735.07,1.0,2.0,0.0,0.0
230,815.0,728.52,1.0,2.0,0.0,0.0
231,819.0,728.52,1.0,2.0,0.0,0.0
232,823.0,728.52,1.0,2.0,0.0,0.0
233,828.0,728.52,1.0,2.0,0.0,0.0
234,833.0,728.52,1.0,2.0,0.0,0.0
235,837.0,728.52,1.0,2.0,0.0,0.0
236,840.0,728.52,1.0,2.0,0.0,0.0
237,845.0,728.52,1.0,2.0,0.0,0.0
238,849.0,728.52,1.0,2.0,0.0,0.0
239,853.0,728.52,1.0,2.0,0.0,0.0
240,859.0,715.69,1.0,2.0,0.0,0.0
241,863.0,715.69,1.0,2.0,0.0,0.0
242,867.0,715.69,1.0,2.0,0.0,0.0
243,872.0,715.69,1.0,2.0,0.0,0.0
244,876.0,715.69,1.0,2.0,0.0,0.0
245,880.0,715.69,1.0,2.0,0.0,0.0
246,885.0,715.69,1.0,2.0,0.0,0.0
247,889.0,715.69,1.0,2.0,0.0,0.0
248,893.0,715.69,1.0,2.0,0.0,0.0
249,897.0,715.69,1.0,2.0,0.0,0.0
250,902.0,704.57,1.0,2.0,0.0,0.0
251,906.0,704.57,1.0,2.0,0.0,0.0
252,910.0,704.57,1.0,2.0,0.0,0.0
253,916.0,704.57,1.0,2.0,0.0,0.0
254,920.0,704.57,1.0,2.0,0.0,0.0
255,924.0,704.57,1.0,2.0,0.0,0.0
256,929.0,704.57,1.0,2.0,0.0,0.0
257,933.0,704.57,1.0,2.0,0.0,0.0
258,938.0,704.57,1.0,2.0,0.0,0.0
259,942.0,704.57,1.0,2.0,0.0,0.0
260,947.0,692.66,1.0,2.0,0.0,0.0
261,951.0,692.66,1.0,2.0,0.0,0.0
262,956.0,692.66,1.0,2.0,0.0,0.0
263,961.0,692.66,1.0,2.0,0.0,0.0
264,965.0,692.66,1.0,2.0,0.0,0.0
265,969.0,692.66,1.0,2.0,0.0,0.0
266,974.0,692.66,1.0,2.0,0.0,0.0
267,979.0,692.66,1.0,2.0,0.0,0.0
268,983.0,692.66,1.0,2.0,0.0,0.0
269,987.0,692.66,1.0,2.0,0.0,0.0
270,992.0,680.87,1.0,2.0,0.0,0.0
271,996.0,680.87,1.0,2.0,0.0,0.0
272,1000.0,680.87,1.0,2.0,0.0,0.0
273,1006.0,680.87,1.0,2.0,0.0,0.0
274,1010.0,680.87,1.0,2.0,0.0,0.0
275,1015.0,680.87,1.0,2.0,0.0,0.0
276,1020.0,680.87,1.0,2.0,0.0,0.0
277,1024.0,680.87,1.0,2.0,0.0,0.0
278,1028.0,680.87,1.0,2.0,0.0,0.0
279,1032.0,680.87,1.0,2.0,0.0,0.0
280,1037.0,669.09,1.0,2.0,0.0,0.0
281,1041.0,669.09,1.0,2.0,0.0,0.0
282,1045.0,669.09,1.0,2.0,0.0,0.0
283,1050.0,669.09,1.0,2.0,0.0,0.0
284,1055.0,669.09,1.0,2.0,0.0,0.0
285,1059.0,669.09,1.0,2.0,0.0,0.0
286,1065.0,669.09,1.0,2.0,0.0,0.0
287,1069.0,669.09,1.0,2.0,0.0,0.0
288,1073.0,669.09,1.0,2.0,0.0,0.0
289,1078.0,669.09,1.0,2.0,0.0,0.0
290,1083.0,657.31,1.0,2.0,0.0,0.0
291,1087.0,657.31,1.0,2.0,0.0,0.0
292,1091.0,657.31,1.0,2.0,0.0,0.0
293,1096.0,657.31,1.0,2.0,0.0,0.0
294,1100.0,657.31,1.0,2.0,0.0,0.0
295,1103.0,657.31,1.0,2.0,0.0,0.0
296,1108.0,657.31,1.0,2.0,0.0,0.0
297,1112.0,657.31,1.0,2.0,0.0,0.0
298,1116.0,657.31,1.0,2.0,0.0,0.0
299,1121.0,657.31,1.0,2.0,0.0,0.0
300,1125.0,646.19,1.0,2.0,0.0,0.0
301,1130.0,646.19,1.0,2.0,0.0,0.0
302,1134.0,646.19,1.0,2.0,0.0,0.0
303,1139.0,646.19,1.0,2.0,0.0,0.0
304,1143.0,646.19,1.0,2.0,0.0,0.0
305,1147.0,646.19,1.0,2.0,0.0,0.0
306,1152.0,646.19,1.0,2.0,0.0,0.0
307,1156.0,646.19,1.0,2.0,0.0,0.0
308,1160.0,646.19,1.0,2.0,0.0,0.0
309,1165.0,646.19,1.0,2.0,0.0,0.0
310,1169.0,634.6,1.0,2.0,0.0,0.0
311,1173.0,634.6,1.0,2.0,0.0,0.0
312,1179.0,634.6,1.0,2.0,0.0,0.0
313,1183.0,634.6,1.0,2.0,0.0,0.0
314,1187.0,634.6,1.0,2.0,0.0,0.0
315,1191.0,634.6,1.0,2.0,0.0,0.0
316,1196.0,634.6,1.0,2.0,0.0,0.0
317,1200.0,634.6,1.0,2.0,0.0,0.0
318,1205.0,634.6,1.0,2.0,0.0,0.0
319,1211.0,634.6,1.0,2.0,0.0,0.0
320,1215.0,622.43,1.0,2.0,0.0,0.0
321,1219.0,622.43,1.0,2.0,0.0,0.0
322,1224.0,622.43,1.0,2.0,0.0,0.0
323,1228.0,622.43,1.0,2.0,0.0,0.0
324,1232.0,622.43,1.0,2.0,0.0,0.0
325,1236.0,622.43,1.0,2.0,0.0,0.0
326,1241.0,622.43,1.0,2.0,0.0,0.0
327,1245.0,622.43,1.0,2.0,0.0,0.0
328,1249.0,622.43,1.0,2.0,0.0,0.0
329,1253.0,622.43,1.0,2.0,0.0,0.0
330,1257.0,611.69,1.0,2.0,0.0,0.0
331,1262.0,611.69,1.0,2.0,0.0,0.0
332,1267.0,611.69,1.0,2.0,0.0,0.0
333,1271.0,611.69,1.0,2.0,0.0,0.0
334,1275.0,611.69,1.0,2.0,0.0,0.0
335,1280.0,611.69,1.0,2.0,0.0,0.0
336,1286.0,611.69,1.0,2.0,0.0,0.0
337,1290.0,611.69,1.0,2.0,0.0,0.0
338,1294.0,611.69,1.0,2.0,0.0,0.0
339,1299.0,611.69,1.0,2.0,0.0,0.0
340,1302.0,599.39,1.0,2.0,0.0,0.0
341,1306.0,599.39,1.0,2.0,0.0,0.0
342,1312.0,599.39,1.0,2.0,0.0,0.0
343,1316.0,599.39,1.0,2.0,0.0,0.0
344,1320.0,599.39,1.0,2.0,0.0,0.0
345,1326.0,599.39,1.0,2.0,0.0,0.0
346,1330.0,599.39,1.0,2.0,0.0,0.0
347,1334.0,599.39,1.0,2.0,0.0,0.0
348,1338.0,599.39,1.0,2.0,0.0,0.0
349,1343.0,599.39,1.0,2.0,0.0,0.0
350,1347.0,588.0,1.0,2.0,0.0,0.0
351,1351.0,588.0,1.0,2.0,0.0,0.0
352,1356.0,588.0,1.0,2.0,0.0,0.0
353,1361.0,588.0,1.0,2.0,0.0,0.0
354,1365.0,588.0,1.0,2.0,0.0,0.0
355,1370.0,588.0,1.0,2.0,0.0,0.0
356,1374.0,588.0,1.0,2.0,0.0,0.0
357,1378.0,588.0,1.0,2.0,0.0,0.0
358,1383.0,588.0,1.0,2.0,0.0,0.0
359,1387.0,588.0,1.0,2.0,0.0,0.0
360,1391.0,576.48,1.0,2.0,0.0,0.0
361,1395.0,576.48,1.0,2.0,0.0,0.0
362,1401.0,576.48,1.0,2.0,0.0,0.0
363,1405.0,576.48,1.0,2.0,0.0,0.0
364,1409.0,576.48,1.0,2.0,0.0,0.0
365,1414.0,576.48,1.0,2.0,0.0,0.0
366,1418.0,576.48,1.0,2.0,0.0,0.0
367,1422.0,576.48,1.0,2.0,0.0,0.0
368,1428.0,576.48,1.0,2.0,0.0,0.0
369,1432.0,576.48,1.0,2.0,0.0,0.0
370,1436.0,564.64,1.0,2.0,0.0,0.0
371,1441.0,564.64,1.0,2.0,0.0,0.0
372,1445.0,564.64,1.0,2.0,0.0,0.0
373,1450.0,564.64,1.0,2.0,0.0,0.0
374,1455.0,564.64,1.0,2.0,0.0,0.0
375,1459.0,564.64,1.0,2.0,0.0,0.0
376,1463.0,564.64,1.0,2.0,0.0,0.0
377,1468.0,564.64,1.0,2.0,0.0,0.0
378,1472.0,564.64,1.0,2.0,0.0,0.0
379,1476.0,564.64,1.0,2.0,0.0,0.0
380,1480.0,553.18,1.0,2.0,0.0,0.0
381,1485.0,553.18,1.0,2.0,0.0,0.0
382,1489.0,553.18,1.0,2.0,0.0,0.0
383,1493.0,553.18,1.0,2.0,0.0,0.0
384,1499.0,553.18,1.0,2.0,0.0,0.0
385,1503.0,553.18,1.0,2.0,0.0,0.0
386,1508.0,553.18,1.0,2.0,0.0,0.0
387,1513.0,553.18,1.0,2.0,0.0,0.0
388,1517.0,553.18,1.0,2.0,0.0,0.0
389,1521.0,553.18,1.0,2.0,0.0,0.0
390,1526.0,541.34,1.0,2.0,0.0,0.0
391,1531.0,541.34,1.0,2.0,0.0,0.0
392,1535.0,541.34,1.0,2.0,0.0,0.0
393,1539.0,541.34,1.0,2.0,0.0,0.0
394,1544.0,541.34,1.0,2.0,0.0,0.0
395,1548.0,541.34,1.0,2.0,0.0,0.0
396,1553.0,541.34,1.0,2.0,0.0,0.0
397,1559.0,541.34,1.0,2.0,0.0,0.0
398,1563.0,541.34,1.0,2.0,0.0,0.0
399,1567.0,541.34,1.0,2.0,0.0,0.0
400,1572.0,528.9,1.0,2.0,0.0,0.0
401,1576.0,528.9,1.0,2.0,0.0,0.0
402,1580.0,528.9,1.0,2.0,0.0,0.0
403,1583.0,528.9,1.0,2.0,0.0,0.0
404,1588.0,528.9,1.0,2.0,0.0,0.0
405,1592.0,528.9,1.0,2.0,0.0,0.0
406,1596.0,528.9,1.0,2.0,0.0,0.0
407,1602.0,528.9,1.0,2.0,0.0,0.0
408,1606.0,528.9,1.0,2.0,0.0,0.0
409,1610.0,528.9,1.0,2.0,0.0,0.0
410,1615.0,517.9,1.0,2.0,0.0,0.0
411,1619.0,517.9,1.0,2.0,0.0,0.0
412,1624.0,517.9,1.0,2.0,0.0,0.0
413,1628.0,517.9,1.0,2.0,0.0,0.0
414,1633.0,517.9,1.0,2.0,0.0,0.0
415,1637.0,517.9,1.0,2.0,0.0,0.0
416,1641.0,517.9,1.0,2.0,0.0,0.0
417,1646.0,517.9,1.0,2.0,0.0,0.0
418,1650.0,517.9,1.0,2.0,0.0,0.0
419,1654.0,517.9,1.0,2.0,0.0,0.0
420,1660.0,506.32,1.0,2.0,0.0,0.0
421,1664.0,506.32,1.0,2.0,0.0,0.0
422,1668.0,506.32,1.0,2.0,0.0,0.0
423,1673.0,506.32,1.0,2.0,0.0,0.0
424,1678.0,506.32,1.0,2.0,0.0,0.0
425,1682.0,506.32,1.0,2.0,0.0,0.0
426,1686.0,506.32,1.0,2.0,0.0,0.0
427,1691.0,506.32,1.0,2.0,0.0,0.0
428,1695.0,506.32,1.0,2.0,0.0,0.0
429,1700.0,506.32,1.0,2.0,0.0,0.0
430,1705.0,494.15,1.0,2.0,0.0,0.0
431,1709.0,494.15,1.0,2.0,0.0,0.0
432,1713.0,494.15,1.0,2.0,0.0,0.0
433,1718.0,494.15,1.0,2.0,0.0,0.0
434,1722.0,494.15,1.0,2.0,0.0,0.0
435,1726.0,494.15,1.0,2.0,0.0,0.0
436,1730.0,494.15,1.0,2.0,0.0,0.0
437,1735.0,494.15,1.0,2.0,0.0,0.0
438,1739.0,494.15,1.0,2.0,0.0,0.0
439,1743.0,494.15,1.0,2.0,0.0,0.0
440,1747.0,483.09,1.0,2.0,0.0,0.0
441,1751.0,483.09,1.0,2.0,0.0,0.0
442,1756.0,483.09,1.0,2.0,0.0,0.0
443,1761.0,483.09,1.0,2.0,0.0,0.0
444,1765.0,483.09,1.0,2.0,0.0,0.0
445,1769.0,483.09,1.0,2.0,0.0,0.0
446,1775.0,483.09,1.0,2.0,0.0,0.0
447,1779.0,483.09,1.0,2.0,0.0,0.0
448,1782.0,483.09,1.0,2.0,0.0,0.0
449,1786.0,483.09,1.0,2.0,0.0,0.0
450,1791.0,471.83,1.0,2.0,0.0,0.0
451,1795.0,471.83,1.0,2.0,0.0,0.0
452,1799.0,471.83,1.0,2.0,0.0,0.0
453,1805.0,471.83,1.0,2.0,0.0,0.0
454,1809.0,471.83,1.0,2.0,0.0,0.0
455,1813.0,471.83,1.0,2.0,0.0,0.0
456,1818.0,471.83,1.0,2.0,0.0,0.0
457,1822.0,471.83,1.0,2.0,0.0,0.0
458,1826.0,471.83,1.0,2.0,0.0,0.0
459,1831.0,471.83,1.0,2.0,0.0,0.0
460,1836.0,459.92,1.0,2.0,0.0,0.0
461,1840.0,459.92,1.0,2.0,0.0,0.0
462,1844.0,459.92,1.0,2.0,0.0,0.0
463,1849.0,459.92,1.0,2.0,0.0,0.0
464,1854.0,459.92,1.0,2.0,0.0,0.0
465,1858.0,459.92,1.0,2.0,0.0,0.0
466,1863.0,459.92,1.0,2.0,0.0,0.0
467,1867.0,459.92,1.0,2.0,0.0,0.0
468,1872.0,459.92,1.0,2.0,0.0,0.0
469,1877.0,459.92,1.0,2.0,0.0,0.0
470,1881.0,448.14,1.0,2.0,0.0,0.0
471,1885.0,448.14,1.0,2.0,0.0,0.0
472,1889.0,448.14,1.0,2.0,0.0,0.0
473,1894.0,448.14,1.0,2.0,0.0,0.0
474,1899.0,448.14,1.0,2.0,0.0,0.0
475,1904.0,448.14,1.0,2.0,0.0,0.0
476,1909.0,448.14,1.0,2.0,0.0,0.0
477,1913.0,448.14,1.0,2.0,0.0,0.0
478,1917.0,448.14,1.0,2.0,0.0,0.0
479,1923.0,448.14,1.0,2.0,0.0,0.0
480,1927.0,436.03,1.0,2.0,0.0,0.0
481,1931.0,436.03,1.0,2.0,0.0,0.0
482,1936.0,436.03,1.0,2.0,0.0,0.0
483,1941.0,436.03,1.0,2.0,0.0,0.0
484,1945.0,436.03,1.0,2.0,0.0,0.0
485,1949.0,436.03,1.0,2.0,0.0,0.0
486,1954.0,436.03,1.0,2.0,0.0,0.0
487,1958.0,436.03,1.0,2.0,0.0,0.0
488,1963.0,436.03,1.0,2.0,0.0,0.0
489,1967.0,436.03,1.0,2.0,0.0,0.0
490,1971.0,424.64,1.0,2.0,0.0,0.0
491,1975.0,424.64,1.0,2.0,0.0,0.0
492,1980.0,424.64,1.0,2.0,0.0,0.0
493,1984.0,424.64,1.0,2.0,0.0,0.0
494,1988.0,424.64,1.0,2.0,0.0,0.0
495,1992.0,424.64,1.0,2.0,0.0,0.0
496,1997.0,424.64,1.0,2.0,0.0,0.0
497,2001.0,424.64,1.0,2.0,0.0,0.0
498,2006.0,424.64,1.0,2.0,0.0,0.0
499,2010.0,424.64,1.0,2.0,0.0,0.0
500,2014.0,413.45,1.0,2.0,0.0,0.0
501,2019.0,413.45,1.0,2.0,0.0,0.0
502,2024.0,413.45,1.0,2.0,0.0,0.0
503,2028.0,413.45,1.0,2.0,0.0,0.0
504,2032.0,413.45,1.0,2.0,0.0,0.0
505,2037.0,413.45,1.0,2.0,0.0,0.0
506,2041.0,413.45,1.0,2.0,0.0,0.0
507,2044.0,413.45,1.0,2.0,0.0,0.0
508,2049.0,413.45,1.0,2.0,0.0,0.0
509,2053.0,413.45,1.0,2.0,0.0,0.0
510,2057.0,402.19,1.0,2.0,0.0,0.0
511,2062.0,402.19,1.0,2.0,0.0,0.0
512,2066.0,402.19,1.0,2.0,0.0,0.0
513,2071.0,402.19,1.0,2.0,0.0,0.0
514,2076.0,402.19,1.0,2.0,0.0,0.0
515,2081.0,402.19,1.0,2.0,0.0,0.0
516,2085.0,402.19,1.0,2.0,0.0,0.0
517,2089.0,402.19,1.0,2.0,0.0,0.0
518,2096.0,402.19,1.0,2.0,0.0,0.0
519,2100.0,402.19,1.0,2.0,0.0,0.0
520,2104.0,389.62,1.0,2.0,0.0,0.0
521,2109.0,389.62,1.0,2.0,0.0,0.0
522,2113.0,389.62,1.0,2.0,0.0,0.0
523,2117.0,389.62,1.0,2.0,0.0,0.0
524,2123.0,389.62,1.0,2.0,0.0,0.0
525,2127.0,389.62,1.0,2.0,0.0,0.0
526,2131.0,389.62,1.0,2.0,0.0,0.0
527,2135.0,389.62,1.0,2.0,0.0,0.0
528,2140.0,389.62,1.0,2.0,0.0,0.0
529,2144.0,389.62,1.0,2.0,0.0,0.0
530,2148.0,378.3,1.0,2.0,0.0,0.0
531,2154.0,378.3,1.0,2.0,0.0,0.0
532,2158.0,378.3,1.0,2.0,0.0,0.0
533,2162.0,378.3,1.0,2.0,0.0,0.0
534,2167.0,378.3,1.0,2.0,0.0,0.0
535,2171.0,378.3,1.0,2.0,0.0,0.0
536,2175.0,378.3,1.0,2.0,0.0,0.0
537,2179.0,378.3,1.0,2.0,0.0,0.0
538,2184.0,378.3,1.0,2.0,0.0,0.0
539,2188.0,378.3,1.0,2.0,0.0,0.0
540,2193.0,366.78,1.0,2.0,0.0,0.0
541,2198.0,366.78,1.0,2.0,0.0,0.0
542,2202.0,366.78,1.0,2.0,0.0,0.0
543,2206.0,366.78,1.0,2.0,0.0,0.0
544,2211.0,366.78,1.0,2.0,0.0,0.0
545,2215.0,366.78,1.0,2.0,0.0,0.0
546,2219.0,366.78,1.0,2.0,0.0,0.0
547,2224.0,366.78,1.0,2.0,0.0,0.0
548,2228.0,366.78,1.0,2.0,0.0,0.0
549,2232.0,366.78,1.0,2.0,0.0,0.0
550,2236.0,355.26,1.0,2.0,0.0,0.0
551,2241.0,355.26,1.0,2.0,0.0,0.0
552,2246.0,355.26,1.0,2.0,0.0,0.0
553,2250.0,355.26,1.0,2.0,0.0,0.0
554,2255.0,355.26,1.0,2.0,0.0,0.0
555,2259.0,355.26,1.0,2.0,0.0,0.0
556,2263.0,355.26,1.0,2.0,0.0,0.0
557,2269.0,355.26,1.0,2.0,0.0,0.0
558,2273.0,355.26,1.0,2.0,0.0,0.0
559,2278.0,355.26,1.0,2.0,0.0,0.0
560,2283.0,342.76,1.0,2.0,0.0,0.0
561,2287.0,342.76,1.0,2.0,0.0,0.0
562,2291.0,342.76,1.0,2.0,0.0,0.0
563,2295.0,342.76,1.0,2.0,0.0,0.0
564,2300.0,342.76,1.0,2.0,0.0,0.0
565,2304.0,342.76,1.0,2.0,0.0,0.0
566,2309.0,342.76,1.0,2.0,0.0,0.0
567,2313.0,342.76,1.0,2.0,0.0,0.0
568,2318.0,342.76,1.0,2.0,0.0,0.0
569,2322.0,342.76,1.0,2.0,0.0,0.0
570,2327.0,331.44,1.0,2.0,0.0,0.0
571,2331.0,331.44,1.0,2.0,0.0,0.0
572,2335.0,331.44,1.0,2.0,0.0,0.0
573,2339.0,331.44,1.0,2.0,0.0,0.0
574,2344.0,331.44,1.0,2.0,0.0,0.0
575,2348.0,331.44,1.0,2.0,0.0,0.0
576,2354.0,331.44,1.0,2.0,0.0,0.0
577,2358.0,331.44,1.0,2.0,0.0,0.0
578,2362.0,331.44,1.0,2.0,0.0,0.0
579,2367.0,331.44,1.0,2.0,0.0,0.0
580,2372.0,319.59,1.0,2.0,0.0,0.0
581,2377.0,319.59,1.0,2.0,0.0,0.0
582,2381.0,319.59,1.0,2.0,0.0,0.0
583,2386.0,319.59,1.0,2.0,0.0,0.0
584,2390.0,319.59,1.0,2.0,0.0,0.0
585,2395.0,319.59,1.0,2.0,0.0,0.0
586,2400.0,319.59,1.0,2.0,0.0,0.0
587,2404.0,319.59,1.0,2.0,0.0,0.0
588,2408.0,319.59,1.0,2.0,0.0,0.0
589,2413.0,319.59,1.0,2.0,0.0,0.0
590,2417.0,307.81,1.0,2.0,0.0,0.0
591,2421.0,307.81,1.0,2.0,0.0,0.0
592,2424.0,307.81,1.0,2.0,0.0,0.0
593,2429.0,307.81,1.0,2.0,0.0,0.0
594,2433.0,307.81,1.0,2.0,0.0,0.0
595,2437.0,307.81,1.0,2.0,0.0,0.0
596,2441.0,307.81,1.0,2.0,0.0,0.0
597,2445.0,307.81,1.0,2.0,0.0,0.0
598,2449.0,307.81,1.0,2.0,0.0,0.0
599,2454.0,307.81,1.0,2.0,0.0,0.0
600,2458.0,297.34,1.0,2.0,0.0,0.0
601,2462.0,297.34,1.0,2.0,0.0,0.0
602,2467.0,297.34,1.0,2.0,0.0,0.0
603,2471.0,297.34,1.0,2.0,0.0,0.0
604,2477.0,297.34,1.0,2.0,0.0,0.0
605,2481.0,297.34,1.0,2.0,0.0,0.0
606,2486.0,297.34,1.0,2.0,0.0,0.0
607,2491.0,297.34,1.0,2.0,0.0,0.0
608,2495.0,297.34,1.0,2.0,0.0,0.0
609,2500.0,297.34,1.0,2.0,0.0,0.0
610,2504.0,284.97,1.0,2.0,0.0,0.0
611,2508.0,284.97,1.0,2.0,0.0,0.0
612,2513.0,284.97,1.0,2.0,0.0,0.0
613,2518.0,284.97,1.0,2.0,0.0,0.0
614,2522.0,284.97,1.0,2.0,0.0,0.0
615,2526.0,284.97,1.0,2.0,0.0,0.0
616,2531.0,284.97,1.0,2.0,0.0,0.0
617,2535.0,284.97,1.0,2.0,0.0,0.0
618,2539.0,284.97,1.0,2.0,0.0,0.0
619,2545.0,284.97,1.0,2.0,0.0,0.0
620,2550.0,273.25,1.0,2.0,0.0,0.0
621,2554.0,273.25,1.0,2.0,0.0,0.0
622,2559.0,273.25,1.0,2.0,0.0,0.0
623,2563.0,273.25,1.0,2.0,0.0,0.0
624,2567.0,273.25,1.0,2.0,0.0,0.0
625,2572.0,273.25,1.0,2.0,0.0,0.0
626,2576.0,273.25,1.0,2.0,0.0,0.0
627,2580.0,273.25,1.0,2.0,0.0,0.0
628,2584.0,273.25,1.0,2.0,0.0,0.0
629,2589.0,273.25,1.0,2.0,0.0,0.0
630,2593.0,261.8,1.0,2.0,0.0,0.0
631,2597.0,261.8,1.0,2.0,0.0,0.0
632,2603.0,261.8,1.0,2.0,0.0,0.0
633,2607.0,261.8,1.0,2.0,0.0,0.0
634,2611.0,261.8,1.0,2.0,0.0,0.0
635,2617.0,261.8,1.0,2.0,0.0,0.0
636,2621.0,261.8,1.0,2.0,0.0,0.0
637,2624.0,261.8,1.0,2.0,0.0,0.0
638,2628.0,261.8,1.0,2.0,0.0,0.0
639,2633.0,261.8,1.0,2.0,0.0,0.0
640,2637.0,250.28,1.0,2.0,0.0,0.0
641,2641.0,250.28,1.0,2.0,0.0,0.0
642,2646.0,250.28,1.0,2.0,0.0,0.0
643,2650.0,250.28,1.0,2.0,0.0,0.0
644,2654.0,250.28,1.0,2.0,0.0,0.0
645,2659.0,250.28,1.0,2.0,0.0,0.0
646,2663.0,250.28,1.0,2.0,0.0,0.0
647,2667.0,250.28,1.0,2.0,0.0,0.0
648,2672.0,250.28,1.0,2.0,0.0,0.0
649,2677.0,250.28,1.0,2.0,0.0,0.0
650,2681.0,238.76,1.0,2.0,0.0,0.0
651,2685.0,238.76,1.0,2.0,0.0,0.0
652,2690.0,238.76,1.0,2.0,0.0,0.0
653,2694.0,238.76,1.0,2.0,0.0,0.0
654,2698.0,238.76,1.0,2.0,0.0,0.0
655,2703.0,238.76,1.0,2.0,0.0,0.0
656,2707.0,238.76,1.0,2.0,0.0,0.0
657,2711.0,238.76,1.0,2.0,0.0,0.0
658,2717.0,238.76,1.0,2.0,0.0,0.0
659,2722.0,238.76,1.0,2.0,0.0,0.0
660,2726.0,226.91,1.0,2.0,0.0,0.0
661,2730.0,226.91,1.0,2.0,0.0,0.0
662,2735.0,226.91,1.0,2.0,0.0,0.0
663,2740.0,226.91,1.0,2.0,0.0,0.0
664,2744.0,226.91,1.0,2.0,0.0,0.0
665,2750.0,226.91,1.0,2.0,0.0,0.0
666,2754.0,226.91,1.0,2.0,0.0,0.0
667,2758.0,226.91,1.0,2.0,0.0,0.0
668,2763.0,226.91,1.0,2.0,0.0,0.0
669,2768.0,226.91,1.0,2.0,0.0,0.0
670,2773.0,214.81,1.0,2.0,0.0,0.0
671,2778.0,214.81,1.0,2.0,0.0,0.0
672,2782.0,214.81,1.0,2.0,0.0,0.0
673,2786.0,214.81,1.0,2.0,0.0,0.0
674,2791.0,214.81,1.0,2.0,0.0,0.0
675,2796.0,214.81,1.0,2.0,0.0,0.0
676,2800.0,214.81,1.0,2.0,0.0,0.0
677,2804.0,214.81,1.0,2.0,0.0,0.0
678,2809.0,214.81,1.0,2.0,0.0,0.0
679,2813.0,214.81,1.0,2.0,0.0,0.0
680,2818.0,203.09,1.0,2.0,0.0,0.0
681,2823.0,203.09,1.0,2.0,0.0,0.0
682,2828.0,203.09,1.0,2.0,0.0,0.0
683,2832.0,203.09,1.0,2.0,0.0,0.0
684,2837.0,203.09,1.0,2.0,0.0,0.0
685,2841.0,203.09,1.0,2.0,0.0,0.0
686,2845.0,203.09,1.0,2.0,0.0,0.0
687,2850.0,203.09,1.0,2.0,0.0,0.0
688,2854.0,203.09,1.0,2.0,0.0,0.0
689,2858.0,203.09,1.0,2.0,0.0,0.0
690,2862.0,190.98,1.0,2.0,0.0,0.0
691,2867.0,190.98,1.0,2.0,0.0,0.0
692,2871.0,190.98,1.0,2.0,0.0,0.0
693,2874.0,190.98,1.0,2.0,0.0,0.0
694,2879.0,190.98,1.0,2.0,0.0,0.0
695,2883.0,190.98,1.0,2.0,0.0,0.0
696,2887.0,190.98,1.0,2.0,0.0,0.0
697,2891.0,190.98,1.0,2.0,0.0,0.0
698,2897.0,190.98,1.0,2.0,0.0,0.0
699,2901.0,190.98,1.0,2.0,0.0,0.0
700,2906.0,179.92,1.0,2.0,0.0,0.0
701,2910.0,179.92,1.0,2.0,0.0,0.0
702,2914.0,179.92,1.0,2.0,0.0,0.0
703,2918.0,179.92,1.0,2.0,0.0,0.0
704,2924.0,179.92,1.0,2.0,0.0,0.0
705,2928.0,179.92,1.0,2.0,0.0,0.0
706,2932.0,179.92,1.0,2.0,0.0,0.0
707,2937.0,179.92,1.0,2.0,0.0,0.0
708,2942.0,179.92,1.0,2.0,0.0,0.0
709,2946.0,179.92,1.0,2.0,0.0,0.0
710,2952.0,167.68,1.0,2.0,0.0,0.0
711,2956.0,167.68,1.0,2.0,0.0,0.0
712,2960.0,167.68,1.0,2.0,0.0,0.0
713,2965.0,167.68,1.0,2.0,0.0,0.0
714,2969.0,167.68,1.0,2.0,0.0,0.0
715,2975.0,167.68,1.0,2.0,0.0,0.0
716,2979.0,167.68,1.0,2.0,0.0,0.0
717,2984.0,167.68,1.0,2.0,0.0,0.0
718,2988.0,167.68,1.0,2.0,0.0,0.0
719,2992.0,167.68,1.0,2.0,0.0,0.0
720,2997.0,155.97,1.0,2.0,0.0,0.0
721,3002.0,155.97,1.0,2.0,0.0,0.0
722,3006.0,155.97,1.0,2.0,0.0,0.0
723,3011.0,155.97,1.0,2.0,0.0,0.0
724,3016.0,155.97,1.0,2.0,0.0,0.0
725,3020.0,155.97,1.0,2.0,0.0,0.0
726,3024.0,155.97,1.0,2.0,0.0,0.0
727,3029.0,155.97,1.0,2.0,0.0,0.0
728,3033.0,155.97,1.0,2.0,0.0,0.0
729,3037.0,155.97,1.0,2.0,0.0,0.0
730,3042.0,144.19,1.0,2.0,0.0,0.0
731,3046.0,144.19,1.0,2.0,0.0,0.0
732,3051.0,144.19,1.0,2.0,0.0,0.0
733,3056.0,144.19,1.0,2.0,0.0,0.0
734,3060.0,144.19,1.0,2.0,0.0,0.0
735,3064.0,144.19,1.0,2.0,0.0,0.0
736,3070.0,144.19,1.0,2.0,0.0,0.0
737,3074.0,144.19,1.0,2.0,0.0,0.0
738,3078.0,144.19,1.0,2.0,0.0,0.0
739,3082.0,144.19,1.0,2.0,0.0,0.0
740,3087.0,132.41,1.0,2.0,0.0,0.0
741,3092.0,132.41,1.0,2.0,0.0,0.0
742,3096.0,132.41,1.0,2.0,0.0,0.0
743,3101.0,132.41,1.0,2.0,0.0,0.0
744,3105.0,132.41,1.0,2.0,0.0,0.0
745,3109.0,132.41,1.0,2.0,0.0,0.0
746,3114.0,132.41,1.0,2.0,0.0,0.0
747,3118.0,132.41,1.0,2.0,0.0,0.0
748,3122.0,132.41,1.0,2.0,0.0,0.0
749,3126.0,132.41,1.0,2.0,0.0,0.0
750,3131.0,120.95,1.0,2.0,0.0,0.0
751,3135.0,120.95,1.0,2.0,0.0,0.0
752,3139.0,120.95,1.0,2.0,0.0,0.0
753,3144.0,120.95,1.0,2.0,0.0,0.0
754,3149.0,120.95,1.0,2.0,0.0,0.0
755,3153.0,120.95,1.0,2.0,0.0,0.0
756,3158.0,120.95,1.0,2.0,0.0,0.0
757,3162.0,120.95,1.0,2.0,0.0,0.0
758,3167.0,120.95,1.0,2.0,0.0,0.0
759,3172.0,120.95,1.0,2.0,0.0,0.0
760,3176.0,109.1,1.0,2.0,0.0,0.0
761,3180.0,109.1,1.0,2.0,0.0,0.0
762,3184.0,109.1,1.0,2.0,0.0,0.0
763,3189.0,109.1,1.0,2.0,0.0,0.0
764,3193.0,109.1,1.0,2.0,0.0,0.0
765,3199.0,109.1,1.0,2.0,0.0,0.0
766,3203.0,109.1,1.0,2.0,0.0,0.0
767,3207.0,109.1,1.0,2.0,0.0,0.0
768,3211.0,109.1,1.0,2.0,0.0,0.0
769,3216.0,109.1,1.0,2.0,0.0,0.0
770,3220.0,97.65,1.0,2.0,0.0,0.0
771,3223.0,97.65,1.0,2.0,0.0,0.0
772,3228.0,97.65,1.0,2.0,0.0,0.0
773,3232.0,97.65,1.0,2.0,0.0,0.0
774,3236.0,97.65,1.0,2.0,0.0,0.0
775,3240.0,97.65,1.0,2.0,0.0,0.0
776,3245.0,97.65,1.0,2.0,0.0,0.0
777,3249.0,97.65,1.0,2.0,0.0,0.0
778,3254.0,97.65,1.0,2.0,0.0,0.0
779,3258.0,97.65,1.0,2.0,0.0,0.0
780,3262.0,86.79,1.0,2.0,0.0,0.0
781,3267.0,86.79,1.0,2.0,0.0,0.0
782,3270.0,86.79,1.0,2.0,0.0,0.0
783,3274.0,86.79,1.0,2.0,0.0,0.0
784,3278.0,86.79,1.0,2.0,0.0,0.0
785,3283.0,86.79,1.0,2.0,0.0,0.0
786,3287.0,86.79,1.0,2.0,0.0,0.0
787,3291.0,86.79,1.0,2.0,0.0,0.0
788,3296.0,86.79,1.0,2.0,0.0,0.0
789,3300.0,86.79,1.0,2.0,0.0,0.0
790,3304.0,75.79,1.0,2.0,0.0,0.0
791,3309.0,75.79,1.0,2.0,0.0,0.0
792,3313.0,75.79,1.0,2.0,0.0,0.0
793,3318.0,75.79,1.0,2.0,0.0,0.0
794,3322.0,75.79,1.0,2.0,0.0,0.0
795,3327.0,75.79,1.0,2.0,0.0,0.0
796,3331.0,75.79,1.0,2.0,0.0,0.0
797,3334.0,75.79,1.0,2.0,0.0,0.0
798,3339.0,75.79,1.0,2.0,0.0,0.0
799,3343.0,75.79,1.0,2.0,0.0,0.0
800,3347.0,64.47,1.0,2.0,0.0,0.0
801,3352.0,64.47,1.0,2.0,0.0,0.0
802,3356.0,64.47,1.0,2.0,0.0,0.0
803,3360.0,64.47,1.0,2.0,0.0,0.0
804,3366.0,64.47,1.0,2.0,0.0,0.0
805,3370.0,64.47,1.0,2.0,0.0,0.0
806,3374.0,64.47,1.0,2.0,0.0,0.0
807,3378.0,64.47,1.0,2.0,0.0,0.0
808,3383.0,64.47,1.0,2.0,0.0,0.0
809,3387.0,64.47,1.0,2.0,0.0,0.0
810,3392.0,52.88,1.0,2.0,0.0,0.0
811,3397.0,52.88,1.0,2.0,0.0,0.0
812,3401.0,52.88,1.0,2.0,0.0,0.0
813,3405.0,52.88,1.0,2.0,0.0,0.0
814,3410.0,52.88,1.0,2.0,0.0,0.0
815,3414.0,52.88,1.0,2.0,0.0,0.0
816,3418.0,52.88,1.0,2.0,0.0,0.0
817,3423.0,52.88,1.0,2.0,0.0,0.0
818,3427.0,52.88,1.0,2.0,0.0,0.0
819,3432.0,52.88,1.0,2.0,0.0,0.0
820,3437.0,41.04,1.0,2.0,0.0,0.0
821,3443.0,41.04,1.0,2.0,0.0,0.0
822,3447.0,41.04,1.0,2.0,0.0,0.0
823,3452.0,41.04,1.0,2.0,0.0,0.0
824,3456.0,41.04,1.0,2.0,0.0,0.0
825,3460.0,41.04,1.0,2.0,0.0,0.0
826,3463.0,41.04,1.0,2.0,0.0,0.0
827,3468.0,41.04,1.0,2.0,0.0,0.0
828,3472.0,41.04,1.0,2.0,0.0,0.0
829,3476.0,41.04,1.0,2.0,0.0,0.0
830,3481.0,29.26,1.0,2.0,0.0,0.0
831,3485.0,29.26,1.0,2.0,0.0,0.0
832,3489.0,29.26,1.0,2.0,0.0,0.0
833,3494.0,29.26,1.0,2.0,0.0,0.0
834,3498.0,29.26,1.0,2.0,0.0,0.0
835,3502.0,29.26,1.0,2.0,0.0,0.0
836,3507.0,29.26,1.0,2.0,0.0,0.0
837,3511.0,29.26,1.0,2.0,0.0,0.0
838,3514.0,29.26,1.0,2.0,0.0,0.0
839,3518.0,29.26,1.0,2.0,0.0,0.0
840,3523.0,18.46,1.0,2.0,0.0,0.0
841,3528.0,18.46,1.0,2.0,0.0,0.0
842,3532.0,18.46,1.0,2.0,0.0,0.0
843,3538.0,18.46,1.0,2.0,0.0,0.0
844,3542.0,18.46,1.0,2.0,0.0,0.0
845,3546.0,18.46,1.0,2.0,0.0,0.0
846,3551.0,18.46,1.0,2.0,0.0,0.0
847,3556.0,18.46,1.0,2.0,0.0,0.0
848,3560.0,18.46,1.0,2.0,0.0,0.0
849,3564.0,18.46,1.0,2.0,0.0,0.0
850,3569.0,6.15,1.0,2.0,0.0,0.0
851,3573.0,6.15,1.0,2.0,0.0,0.0
852,3577.0,6.15,1.0,2.0,0.0,0.0
853,3581.0,6.15,1.0,2.0,0.0,0.0
854,3586.0,6.15,1.0,2.0,0.0,0.0
855,3590.0,6.15,1.0,2.0,0.0,0.0
856,3594.0,6.15,1.0,2.0,0.0,0.0
857,3598.0,6.15,1.0,2.0,0.0,0.0
858,3602.0,6.15,1.0,2.0,0.0,0.0
859,3606.0,6.15,1.0,2.0,0.0,0.0
860,3609.0,-4.25,1.0,2.0,0.0,0.0
861,3613.0,-4.25,1.0,2.0,0.0,0.0
862,3617.0,-4.25,1.0,2.0,0.0,0.0
863,3620.0,-4.25,1.0,2.0,0.0,0.0
864,3623.0,-4.25,1.0,2.0,0.0,0.0
865,3627.0,-4.25,1.0,2.0,0.0,0.0
866,3630.0,-4.25,1.0,2.0,0.0,0.0
867,3633.0,-4.25,1.0,2.0,0.0,0.0
868,3636.0,-4.25,1.0,2.0,0.0,0.0
869,3638.0,-4.25,1.0,2.0,0.0,0.0
870,3641.0,-12.04,1.0,2.0,0.0,0.0
871,3643.0,-12.04,1.0,2.0,0.0,0.0
872,3645.0,-12.04,1.0,2.0,0.0,0.0
873,3647.0,-12.04,1.0,2.0,0.0,0.0
874,3649.0,-12.04,1.0,2.0,0.0,0.0
875,3651.0,-12.04,1.0,2.0,0.0,0.0
876,3652.0,-12.04,1.0,2.0,0.0,0.0
877,3653.0,-12.04,1.0,2.0,0.0,0.0
878,3654.0,-12.04,1.0,2.0,0.0,0.0
879,3655.0,-12.04,1.0,2.0,0.0,0.0
880,3656.0,-15.51,1.0,2.0,0.0,0.0
881,3656.0,-15.51,1.0,2.0,0.0,0.0
882,3657.0,-15.51,1.0,2.0,0.0,0.0
883,3657.0,-15.51,1.0,2.0,0.0,0.0
884,3657.0,-15.51,1.0,2.0,0.0,0.0
885,3657.0,-15.51,1.0,2.0,0.0,0.0
886,3657.0,-15.51,1.0,2.0,0.0,0.0
887,3656.0,-15.51,1.0,2.0,0.0,0.0
888,3656.0,-15.51,1.0,2.0,0.0,0.0
889,3655.0,-15.51,1.0,2.0,0.0,0.0
890,3654.0,-14.4,1.0,2.0,0.0,0.0
891,3653.0,-14.4,1.0,2.0,0.0,0.0
892,3652.0,-14.4,1.0,2.0,0.0,0.0
893,3651.0,-14.4,1.0,2.0,0.0,0.0
894,3650.0,-14.4,1.0,2.0,0.0,0.0
895,3648.0,-14.4,1.0,2.0,0.0,0.0
896,3647.0,-14.4,1.0,2.0,0.0,0.0
897,3645.0,-14.4,1.0,2.0,0.0,0.0
898,3643.0,-14.4,1.0,2.0,0.0,0.0
899,3642.0,-14.4,1.0,2.0,0.0,0.0
900,3640.0,-9.82,1.0,2.0,0.0,0.0
901,3638.0,-9.82,1.0,2.0,0.0,0.0
902,3636.0,-9.82,1.0,2.0,0.0,0.0
903,3634.0,-9.82,1.0,2.0,0.0,0.0
904,3631.0,-9.82,1.0,2.0,0.0,0.0
905,3629.0,-9.82,1.0,2.0,0.0,0.0
906,3627.0,-9.82,1.0,2.0,0.0,0.0
907,3625.0,-9.82,1.0,2.0,0.0,0.0
908,3622.0,-9.82,1.0,2.0,0.0,0.0
909,3620.0,-9.82,1.0,2.0,0.0,0.0
910,3618.0,-3.86,1.0,2.0,0.0,0.0
911,3615.0,-3.86,1.0,2.0,0.0,0.0
912,3613.0,-3.86,1.0,2.0,0.0,0.0
913,3611.0,-3.86,1.0,2.0,0.0,0.0
914,3608.0,-3.86,1.0,2.0,0.0,0.0
915,3606.0,-3.86,1.0,2.0,0.0,0.0
916,3604.0,-3.86,1.0,2.0,0.0,0.0
917,3602.0,-3.86,1.0,2.0,0.0,0.0
918,3599.0,-3.86,1.0,2.0,0.0,0.0
919,3597.0,-3.86,1.0,2.0,0.0,0.0
920,3595.0,2.29,1.0,2.0,0.0,0.0
921,3593.0,2.29,1.0,2.0,0.0,0.0
922,3591.0,2.29,1.0,2.0,0.0,0.0
923,3589.0,2.29,1.0,2.0,0.0,0.0
924,3587.0,2.29,1.0,2.0,0.0,0.0
925,3585.0,2.29,1.0,2.0,0.0,0.0
926,3584.0,2.29,1.0,2.0,0.0,0.0
927,3582.0,2.29,1.0,2.0,0.0,0.0
928,3581.0,2.29,1.0,2.0,0.0,0.0
929,3579.0,2.29,1.0,2.0,0.0,0.0
930,3578.0,6.68,1.0,2.0,0.0,0.0
931,3577.0,6.68,1.0,2.0,0.0,0.0
932,3576.0,6.68,1.0,2.0,0.0,0.0
933,3575.0,6.68,1.0,2.0,0.0,0.0
934,3574.0,6.68,1.0,2.0,0.0,0.0
935,3573.0,6.68,1.0,2.0,0.0,0.0
936,3572.0,6.68,1.0,2.0,0.0,0.0
937,3572.0,6.68,1.0,2.0,0.0,0.0
938,3572.0,6.68,1.0,2.0,0.0,0.0
939,3571.0,6.68,1.0,2.0,0.0,0.0
940,3571.0,8.12,1.0,2.0,0.0,0.0
941,3571.0,8.12,1.0,2.0,0.0,0.0
942,3571.0,8.12,1.0,2.0,0.0,0.0
943,3571.0,8.12,1.0,2.0,0.0,0.0
944,3572.0,8.12,1.0,2.0,0.0,0.0
945,3572.0,8.12,1.0,2.0,0.0,0.0
946,3573.0,8.12,1.0,2.0,0.0,0.0
947,3573.0,8.12,1.0,2.0,0.0,0.0
948,3574.0,8.12,1.0,2.0,0.0,0.0
949,3575.0,8.12,1.0,2.0,0.0,0.0
950,3576.0,6.28,1.0,2.0,0.0,0.0
951,3577.0,6.28,1.0,2.0,0.0,0.0
952,3578.0,6.28,1.0,2.0,0.0,0.0
953,3579.0,6.28,1.0,2.0,0.0,0.0
954,3580.0,6.28,1.0,2.0,0.0,0.0
955,3581.0,6.28,1.0,2.0,0.0,0.0
956,3582.0,6.28,1.0,2.0,0.0,0.0
957,3583.0,6.28,1.0,2.0,0.0,0.0
958,3585.0,6.28,1.0,2.0,0.0,0.0
959,3586.0,6.28,1.0,2.0,0.0,0.0
960,3587.0,2.95,1.0,2.0,0.0,0.0
961,3589.0,2.95,1.0,2.0,0.0,0.0
962,3590.0,2.95,1.0,2.0,0.0,0.0
963,3591.0,2.95,1.0,2.0,0.0,0.0
964,3593.0,2.95,1.0,2.0,0.0,0.0
965,3594.0,2.95,1.0,2.0,0.0,0.0
966,3595.0,2.95,1.0,2.0,0.0,0.0
967,3597.0,2.95,1.0,2.0,0.0,0.0
968,3598.0,2.95,1.0,2.0,0.0,0.0
969,3599.0,2.95,1.0,2.0,0.0,0.0
970,3600.0,-0.59,1.0,2.0,0.0,0.0
971,3602.0,-0.59,1.0,2.0,0.0,0.0
972,3603.0,-0.59,1.0,2.0,0.0,0.0
973,3604.0,-0.59,1.0,2.0,0.0,0.0
974,3605.0,-0.59,1.0,2.0,0.0,0.0
975,3606.0,-0.59,1.0,2.0,0.0,0.0
976,3607.0,-0.59,1.0,2.0,0.0,0.0
977,3608.0,-0.59,1.0,2.0,0.0,0.0
978,3609.0,-0.59,1.0,2.0,0.0,0.0
979,3610.0,-0.59,1.0,2.0,0.0,0.0
980,3611.0,-3.34,1.0,2.0,0.0,0.0
981,3611.0,-3.34,1.0,2.0,0.0,0.0
982,3612.0,-3.34,1.0,2.0,0.0,0.0
983,3613.0,-3.34,1.0,2.0,0.0,0.0
984,3613.0,-3.34,1.0,2.0,0.0,0.0
985,3614.0,-3.34,1.0,2.0,0.0,0.0
986,3614.0,-3.34,1.0,2.0,0.0,0.0
987,3614.0,-3.34,1.0,2.0,0.0,0.0
988,3615.0,-3.34,1.0,2.0,0.0,0.0
989,3615.0,-3.34,1.0,2.0,0.0,0.0
990,3615.0,-4.25,1.0,2.0,0.0,0.0
991,3615.0,-4.25,1.0,2.0,0.0,0.0
992,3615.0,-4.25,1.0,2.0,0.0,0.0
993,3615.0,-4.25,1.0,2.0,0.0,0.0
994,3615.0,-4.25,1.0,2.0,0.0,0.0
995,3615.0,-4.25,1.0,2.0,0.0,0.0
996,3615.0,-4.25,1.0,2.0,0.0,0.0
997,3614.0,-4.25,1.0,2.0,0.0,0.0
998,3614.0,-4.25,1.0,2.0,0.0,0.0
999,3614.0,-4.25,1.0,2.0,0.0,0.0
1000,3613.0,-3.6,1.0,2.0,0.0,0.0
1001,3613.0,-3.6,1.0,2.0,0.0,0.0
1002,3612.0,-3.6,1.0,2.0,0.0,0.0
1003,3612.0,-3.6,1.0,2.0,0.0,0.0
1004,3611.0,-3.6,1.0,2.0,0.0,0.0
1005,3611.0,-3.6,1.0,2.0,0.0,0.0
1006,3610.0,-3.6,1.0,2.0,0.0,0.0
1007,3609.0,-3.6,1.0,2.0,0.0,0.0
1008,3609.0,-3.6,1.0,2.0,0.0,0.0
1009,3608.0,-3.6,1.0,2.0,0.0,0.0
1010,3607.0,-1.7,1.0,2.0,0.0,0.0
1011,3607.0,-1.7,1.0,2.0,0.0,0.0
1012,3606.0,-1.7,1.0,2.0,0.0,0.0
1013,3605.0,-1.7,1.0,2.0,0.0,0.0
1014,3604.0,-1.7,1.0,2.0,0.0,0.0
1015,3604.0,-1.7,1.0,2.0,0.0,0.0
1016,3603.0,-1.7,1.0,2.0,0.0,0.0
1017,3602.0,-1.7,1.0,2.0,0.0,0.0
1018,3602.0,-1.7,1.0,2.0,0.0,0.0
1019,3601.0,-1.7,1.0,2.0,0.0,0.0
