TIME,PULSES,CONTROLLERVOLTAGE,CONTROLLER,KP,TAUD,TAUI 
0,0,-0.33,1,2.0,0.0,0.0
1,0,-0.33,1,2.0,0.0,0.0
2,0,-0.33,1,2.0,0.0,0.0
3,0,-0.33,1,2.0,0.0,0.0
4,0,-0.33,1,2.0,0.0,0.0
5,0,-0.33,1,2.0,0.0,0.0
6,0,-0.33,1,2.0,0.0,0.0
7,0,-0.33,1,2.0,0.0,0.0
8,0,-0.33,1,2.0,0.0,0.0
9,0,-0.33,1,2.0,0.0,0.0
10,0,1414.37,1,2.0,0.0,0.0
11,0,1414.37,1,2.0,0.0,0.0
12,1,1414.37,1,2.0,0.0,0.0
13,1,1414.37,1,2.0,0.0,0.0
14,1,1414.37,1,2.0,0.0,0.0
15,2,1414.37,1,2.0,0.0,0.0
16,3,1414.37,1,2.0,0.0,0.0
17,4,1414.37,1,2.0,0.0,0.0
18,5,1414.37,1,2.0,0.0,0.0
19,6,1414.37,1,2.0,0.0,0.0
20,7,940.12,1,2.0,0.0,0.0
21,8,940.12,1,2.0,0.0,0.0
22,10,940.12,1,2.0,0.0,0.0
23,12,940.12,1,2.0,0.0,0.0
24,13,940.12,1,2.0,0.0,0.0
25,15,940.12,1,2.0,0.0,0.0
26,17,940.12,1,2.0,0.0,0.0
27,19,940.12,1,2.0,0.0,0.0
28,21,940.12,1,2.0,0.0,0.0
29,23,940.12,1,2.0,0.0,0.0
30,25,934.23,1,2.0,0.0,0.0
31,27,934.23,1,2.0,0.0,0.0
32,29,934.23,1,2.0,0.0,0.0
33,32,934.23,1,2.0,0.0,0.0
34,34,934.23,1,2.0,0.0,0.0
35,37,934.23,1,2.0,0.0,0.0
36,39,934.23,1,2.0,0.0,0.0
37,42,934.23,1,2.0,0.0,0.0
38,44,934.23,1,2.0,0.0,0.0
39,47,934.23,1,2.0,0.0,0.0
40,50,927.03,1,2.0,0.0,0.0
41,53,927.03,1,2.0,0.0,0.0
42,56,927.03,1,2.0,0.0,0.0
43,59,927.03,1,2.0,0.0,0.0
44,62,927.03,1,2.0,0.0,0.0
45,65,927.03,1,2.0,0.0,0.0
46,68,927.03,1,2.0,0.0,0.0
47,71,927.03,1,2.0,0.0,0.0
48,74,927.03,1,2.0,0.0,0.0
49,77,927.03,1,2.0,0.0,0.0
50,80,918.39,1,2.0,0.0,0.0
51,84,918.39,1,2.0,0.0,0.0
52,87,918.39,1,2.0,0.0,0.0
53,90,918.39,1,2.0,0.0,0.0
54,93,918.39,1,2.0,0.0,0.0
55,97,918.39,1,2.0,0.0,0.0
56,100,918.39,1,2.0,0.0,0.0
57,104,918.39,1,2.0,0.0,0.0
58,107,918.39,1,2.0,0.0,0.0
59,111,918.39,1,2.0,0.0,0.0
60,114,908.97,1,2.0,0.0,0.0
61,118,908.97,1,2.0,0.0,0.0
62,121,908.97,1,2.0,0.0,0.0
63,125,908.97,1,2.0,0.0,0.0
64,129,908.97,1,2.0,0.0,0.0
65,132,908.97,1,2.0,0.0,0.0
66,136,908.97,1,2.0,0.0,0.0
67,140,908.97,1,2.0,0.0,0.0
68,143,908.97,1,2.0,0.0,0.0
69,147,908.97,1,2.0,0.0,0.0
70,151,899.28,1,2.0,0.0,0.0
71,155,899.28,1,2.0,0.0,0.0
72,158,899.28,1,2.0,0.0,0.0
73,162,899.28,1,2.0,0.0,0.0
74,166,899.28,1,2.0,0.0,0.0
75,170,899.28,1,2.0,0.0,0.0
76,175,899.28,1,2.0,0.0,0.0
77,179,899.28,1,2.0,0.0,0.0
78,182,899.28,1,2.0,0.0,0.0
79,186,899.28,1,2.0,0.0,0.0
80,190,888.29,1,2.0,0.0,0.0
81,194,888.29,1,2.0,0.0,0.0
82,198,888.29,1,2.0,0.0,0.0
83,201,888.29,1,2.0,0.0,0.0
84,205,888.29,1,2.0,0.0,0.0
85,209,888.29,1,2.0,0.0,0.0
86,213,888.29,1,2.0,0.0,0.0
87,217,888.29,1,2.0,0.0,0.0
88,221,888.29,1,2.0,0.0,0.0
89,225,888.29,1,2.0,0.0,0.0
90,229,878.6,1,2.0,0.0,0.0
91,233,878.6,1,2.0,0.0,0.0
92,237,878.6,1,2.0,0.0,0.0
93,241,878.6,1,2.0,0.0,0.0
94,245,878.6,1,2.0,0.0,0.0
95,251,878.6,1,2.0,0.0,0.0
96,256,878.6,1,2.0,0.0,0.0
97,261,878.6,1,2.0,0.0,0.0
98,265,878.6,1,2.0,0.0,0.0
99,269,878.6,1,2.0,0.0,0.0
100,274,866.29,1,2.0,0.0,0.0
101,278,866.29,1,2.0,0.0,0.0
102,282,866.29,1,2.0,0.0,0.0
103,286,866.29,1,2.0,0.0,0.0
104,290,866.29,1,2.0,0.0,0.0
105,294,866.29,1,2.0,0.0,0.0
106,298,866.29,1,2.0,0.0,0.0
107,302,866.29,1,2.0,0.0,0.0
108,306,866.29,1,2.0,0.0,0.0
109,310,866.29,1,2.0,0.0,0.0
110,314,855.56,1,2.0,0.0,0.0
111,319,855.56,1,2.0,0.0,0.0
112,322,855.56,1,2.0,0.0,0.0
113,326,855.56,1,2.0,0.0,0.0
114,330,855.56,1,2.0,0.0,0.0
115,334,855.56,1,2.0,0.0,0.0
116,338,855.56,1,2.0,0.0,0.0
117,343,855.56,1,2.0,0.0,0.0
118,348,855.56,1,2.0,0.0,0.0
119,352,855.56,1,2.0,0.0,0.0
120,356,844.56,1,2.0,0.0,0.0
121,361,844.56,1,2.0,0.0,0.0
122,365,844.56,1,2.0,0.0,0.0
123,370,844.56,1,2.0,0.0,0.0
124,374,844.56,1,2.0,0.0,0.0
125,380,844.56,1,2.0,0.0,0.0
126,384,844.56,1,2.0,0.0,0.0
127,388,844.56,1,2.0,0.0,0.0
128,392,844.56,1,2.0,0.0,0.0
129,395,844.56,1,2.0,0.0,0.0
130,400,833.18,1,2.0,0.0,0.0
131,405,833.18,1,2.0,0.0,0.0
132,409,833.18,1,2.0,0.0,0.0
133,414,833.18,1,2.0,0.0,0.0
134,418,833.18,1,2.0,0.0,0.0
135,422,833.18,1,2.0,0.0,0.0
136,427,833.18,1,2.0,0.0,0.0
137,431,833.18,1,2.0,0.0,0.0
138,436,833.18,1,2.0,0.0,0.0
139,440,833.18,1,2.0,0.0,0.0
140,444,821.53,1,2.0,0.0,0.0
141,449,821.53,1,2.0,0.0,0.0
142,453,821.53,1,2.0,0.0,0.0
143,457,821.53,1,2.0,0.0,0.0
144,461,821.53,1,2.0,0.0,0.0
145,466,821.53,1,2.0,0.0,0.0
146,471,821.53,1,2.0,0.0,0.0
147,475,821.53,1,2.0,0.0,0.0
148,478,821.53,1,2.0,0.0,0.0
149,483,821.53,1,2.0,0.0,0.0
150,487,810.4,1,2.0,0.0,0.0
151,491,810.4,1,2.0,0.0,0.0
152,496,810.4,1,2.0,0.0,0.0
153,500,810.4,1,2.0,0.0,0.0
154,504,810.4,1,2.0,0.0,0.0
155,509,810.4,1,2.0,0.0,0.0
156,513,810.4,1,2.0,0.0,0.0
157,518,810.4,1,2.0,0.0,0.0
158,522,810.4,1,2.0,0.0,0.0
159,528,810.4,1,2.0,0.0,0.0
160,532,798.36,1,2.0,0.0,0.0
161,536,798.36,1,2.0,0.0,0.0
162,540,798.36,1,2.0,0.0,0.0
163,546,798.36,1,2.0,0.0,0.0
164,550,798.36,1,2.0,0.0,0.0
165,555,798.36,1,2.0,0.0,0.0
166,560,798.36,1,2.0,0.0,0.0
167,564,798.36,1,2.0,0.0,0.0
168,568,798.36,1,2.0,0.0,0.0
169,573,798.36,1,2.0,0.0,0.0
170,578,786.58,1,2.0,0.0,0.0
171,582,786.58,1,2.0,0.0,0.0
172,586,786.58,1,2.0,0.0,0.0
173,591,786.58,1,2.0,0.0,0.0
174,595,786.58,1,2.0,0.0,0.0
175,599,786.58,1,2.0,0.0,0.0
176,605,786.58,1,2.0,0.0,0.0
177,609,786.58,1,2.0,0.0,0.0
178,613,786.58,1,2.0,0.0,0.0
179,618,786.58,1,2.0,0.0,0.0
180,623,774.4,1,2.0,0.0,0.0
181,629,774.4,1,2.0,0.0,0.0
182,633,774.4,1,2.0,0.0,0.0
183,638,774.4,1,2.0,0.0,0.0
184,642,774.4,1,2.0,0.0,0.0
185,645,774.4,1,2.0,0.0,0.0
186,650,774.4,1,2.0,0.0,0.0
187,654,774.4,1,2.0,0.0,0.0
188,658,774.4,1,2.0,0.0,0.0
189,663,774.4,1,2.0,0.0,0.0
190,667,763.15,1,2.0,0.0,0.0
191,671,763.15,1,2.0,0.0,0.0
192,676,763.15,1,2.0,0.0,0.0
193,681,763.15,1,2.0,0.0,0.0
194,685,763.15,1,2.0,0.0,0.0
195,689,763.15,1,2.0,0.0,0.0
196,693,763.15,1,2.0,0.0,0.0
197,698,763.15,1,2.0,0.0,0.0
198,703,763.15,1,2.0,0.0,0.0
199,708,763.15,1,2.0,0.0,0.0
200,712,751.23,1,2.0,0.0,0.0
201,716,751.23,1,2.0,0.0,0.0
202,721,751.23,1,2.0,0.0,0.0
203,726,751.23,1,2.0,0.0,0.0
204,731,751.23,1,2.0,0.0,0.0
205,735,751.23,1,2.0,0.0,0.0
206,740,751.23,1,2.0,0.0,0.0
207,744,751.23,1,2.0,0.0,0.0
208,748,751.23,1,2.0,0.0,0.0
209,754,751.23,1,2.0,0.0,0.0
210,758,739.06,1,2.0,0.0,0.0
211,762,739.06,1,2.0,0.0,0.0
212,766,739.06,1,2.0,0.0,0.0
213,772,739.06,1,2.0,0.0,0.0
214,776,739.06,1,2.0,0.0,0.0
215,782,739.06,1,2.0,0.0,0.0
216,787,739.06,1,2.0,0.0,0.0
217,791,739.06,1,2.0,0.0,0.0
218,795,739.06,1,2.0,0.0,0.0
219,799,739.06,1,2.0,0.0,0.0
220,804,727.02,1,2.0,0.0,0.0
221,808,727.02,1,2.0,0.0,0.0
222,813,727.02,1,2.0,0.0,0.0
223,817,727.02,1,2.0,0.0,0.0
224,820,727.02,1,2.0,0.0,0.0
225,824,727.02,1,2.0,0.0,0.0
226,829,727.02,1,2.0,0.0,0.0
227,833,727.02,1,2.0,0.0,0.0
228,837,727.02,1,2.0,0.0,0.0
229,842,727.02,1,2.0,0.0,0.0
230,846,716.54,1,2.0,0.0,0.0
231,850,716.54,1,2.0,0.0,0.0
232,855,716.54,1,2.0,0.0,0.0
233,859,716.54,1,2.0,0.0,0.0
234,863,716.54,1,2.0,0.0,0.0
235,867,716.54,1,2.0,0.0,0.0
236,872,716.54,1,2.0,0.0,0.0
237,876,716.54,1,2.0,0.0,0.0
238,880,716.54,1,2.0,0.0,0.0
239,884,716.54,1,2.0,0.0,0.0
240,889,705.16,1,2.0,0.0,0.0
241,894,705.16,1,2.0,0.0,0.0
242,899,705.16,1,2.0,0.0,0.0
243,903,705.16,1,2.0,0.0,0.0
244,907,705.16,1,2.0,0.0,0.0
245,911,705.16,1,2.0,0.0,0.0
246,917,705.16,1,2.0,0.0,0.0
247,921,705.16,1,2.0,0.0,0.0
248,925,705.16,1,2.0,0.0,0.0
249,930,705.16,1,2.0,0.0,0.0
250,934,693.11,1,2.0,0.0,0.0
251,938,693.11,1,2.0,0.0,0.0
252,942,693.11,1,2.0,0.0,0.0
253,947,693.11,1,2.0,0.0,0.0
254,951,693.11,1,2.0,0.0,0.0
255,956,693.11,1,2.0,0.0,0.0
256,960,693.11,1,2.0,0.0,0.0
257,964,693.11,1,2.0,0.0,0.0
258,969,693.11,1,2.0,0.0,0.0
259,974,693.11,1,2.0,0.0,0.0
260,978,681.73,1,2.0,0.0,0.0
261,982,681.73,1,2.0,0.0,0.0
262,986,681.73,1,2.0,0.0,0.0
263,990,681.73,1,2.0,0.0,0.0
264,994,681.73,1,2.0,0.0,0.0
265,998,681.73,1,2.0,0.0,0.0
266,1003,681.73,1,2.0,0.0,0.0
267,1007,681.73,1,2.0,0.0,0.0
268,1011,681.73,1,2.0,0.0,0.0
269,1016,681.73,1,2.0,0.0,0.0
270,1020,670.99,1,2.0,0.0,0.0
271,1024,670.99,1,2.0,0.0,0.0
272,1028,670.99,1,2.0,0.0,0.0
273,1033,670.99,1,2.0,0.0,0.0
274,1037,670.99,1,2.0,0.0,0.0
275,1041,670.99,1,2.0,0.0,0.0
276,1046,670.99,1,2.0,0.0,0.0
277,1050,670.99,1,2.0,0.0,0.0
278,1054,670.99,1,2.0,0.0,0.0
279,1059,670.99,1,2.0,0.0,0.0
280,1063,659.6,1,2.0,0.0,0.0
281,1067,659.6,1,2.0,0.0,0.0
282,1073,659.6,1,2.0,0.0,0.0
283,1077,659.6,1,2.0,0.0,0.0
284,1081,659.6,1,2.0,0.0,0.0
285,1085,659.6,1,2.0,0.0,0.0
286,1090,659.6,1,2.0,0.0,0.0
287,1094,659.6,1,2.0,0.0,0.0
288,1098,659.6,1,2.0,0.0,0.0
289,1103,659.6,1,2.0,0.0,0.0
290,1107,647.95,1,2.0,0.0,0.0
291,1112,647.95,1,2.0,0.0,0.0
292,1117,647.95,1,2.0,0.0,0.0
293,1121,647.95,1,2.0,0.0,0.0
294,1125,647.95,1,2.0,0.0,0.0
295,1129,647.95,1,2.0,0.0,0.0
296,1134,647.95,1,2.0,0.0,0.0
297,1138,647.95,1,2.0,0.0,0.0
298,1142,647.95,1,2.0,0.0,0.0
299,1147,647.95,1,2.0,0.0,0.0
300,1151,636.43,1,2.0,0.0,0.0
301,1155,636.43,1,2.0,0.0,0.0
302,1160,636.43,1,2.0,0.0,0.0
303,1164,636.43,1,2.0,0.0,0.0
304,1169,636.43,1,2.0,0.0,0.0
305,1173,636.43,1,2.0,0.0,0.0
306,1178,636.43,1,2.0,0.0,0.0
307,1182,636.43,1,2.0,0.0,0.0
308,1187,636.43,1,2.0,0.0,0.0
309,1192,636.43,1,2.0,0.0,0.0
310,1196,624.52,1,2.0,0.0,0.0
311,1200,624.52,1,2.0,0.0,0.0
312,1205,624.52,1,2.0,0.0,0.0
313,1210,624.52,1,2.0,0.0,0.0
314,1214,624.52,1,2.0,0.0,0.0
315,1218,624.52,1,2.0,0.0,0.0
316,1223,624.52,1,2.0,0.0,0.0
317,1227,624.52,1,2.0,0.0,0.0
318,1231,624.52,1,2.0,0.0,0.0
319,1237,624.52,1,2.0,0.0,0.0
320,1241,612.74,1,2.0,0.0,0.0
321,1246,612.74,1,2.0,0.0,0.0
322,1251,612.74,1,2.0,0.0,0.0
323,1255,612.74,1,2.0,0.0,0.0
324,1259,612.74,1,2.0,0.0,0.0
325,1263,612.74,1,2.0,0.0,0.0
326,1269,612.74,1,2.0,0.0,0.0
327,1273,612.74,1,2.0,0.0,0.0
328,1277,612.74,1,2.0,0.0,0.0
329,1282,612.74,1,2.0,0.0,0.0
330,1287,600.96,1,2.0,0.0,0.0
331,1291,600.96,1,2.0,0.0,0.0
332,1296,600.96,1,2.0,0.0,0.0
333,1300,600.96,1,2.0,0.0,0.0
334,1304,600.96,1,2.0,0.0,0.0
335,1308,600.96,1,2.0,0.0,0.0
336,1313,600.96,1,2.0,0.0,0.0
337,1317,600.96,1,2.0,0.0,0.0
338,1322,600.96,1,2.0,0.0,0.0
339,1327,600.96,1,2.0,0.0,0.0
340,1331,589.18,1,2.0,0.0,0.0
341,1335,589.18,1,2.0,0.0,0.0
342,1340,589.18,1,2.0,0.0,0.0
343,1344,589.18,1,2.0,0.0,0.0
344,1348,589.18,1,2.0,0.0,0.0
345,1353,589.18,1,2.0,0.0,0.0
346,1357,589.18,1,2.0,0.0,0.0
347,1361,589.18,1,2.0,0.0,0.0
348,1365,589.18,1,2.0,0.0,0.0
349,1371,589.18,1,2.0,0.0,0.0
350,1375,577.79,1,2.0,0.0,0.0
351,1379,577.79,1,2.0,0.0,0.0
352,1383,577.79,1,2.0,0.0,0.0
353,1387,577.79,1,2.0,0.0,0.0
354,1391,577.79,1,2.0,0.0,0.0
355,1395,577.79,1,2.0,0.0,0.0
356,1400,577.79,1,2.0,0.0,0.0
357,1404,577.79,1,2.0,0.0,0.0
358,1408,577.79,1,2.0,0.0,0.0
359,1413,577.79,1,2.0,0.0,0.0
360,1417,567.06,1,2.0,0.0,0.0
361,1421,567.06,1,2.0,0.0,0.0
362,1426,567.06,1,2.0,0.0,0.0
363,1430,567.06,1,2.0,0.0,0.0
364,1433,567.06,1,2.0,0.0,0.0
365,1437,567.06,1,2.0,0.0,0.0
366,1442,567.06,1,2.0,0.0,0.0
367,1446,567.06,1,2.0,0.0,0.0
368,1450,567.06,1,2.0,0.0,0.0
369,1455,567.06,1,2.0,0.0,0.0
370,1459,556.06,1,2.0,0.0,0.0
371,1463,556.06,1,2.0,0.0,0.0
372,1467,556.06,1,2.0,0.0,0.0
373,1472,556.06,1,2.0,0.0,0.0
374,1476,556.06,1,2.0,0.0,0.0
375,1481,556.06,1,2.0,0.0,0.0
376,1486,556.06,1,2.0,0.0,0.0
377,1490,556.06,1,2.0,0.0,0.0
378,1494,556.06,1,2.0,0.0,0.0
379,1499,556.06,1,2.0,0.0,0.0
380,1503,544.28,1,2.0,0.0,0.0
381,1507,544.28,1,2.0,0.0,0.0
382,1511,544.28,1,2.0,0.0,0.0
383,1516,544.28,1,2.0,0.0,0.0
384,1520,544.28,1,2.0,0.0,0.0
385,1524,544.28,1,2.0,0.0,0.0
386,1530,544.28,1,2.0,0.0,0.0
387,1534,544.28,1,2.0,0.0,0.0
388,1539,544.28,1,2.0,0.0,0.0
389,1544,544.28,1,2.0,0.0,0.0
390,1548,532.37,1,2.0,0.0,0.0
391,1552,532.37,1,2.0,0.0,0.0
392,1556,532.37,1,2.0,0.0,0.0
393,1562,532.37,1,2.0,0.0,0.0
394,1566,532.37,1,2.0,0.0,0.0
395,1570,532.37,1,2.0,0.0,0.0
396,1575,532.37,1,2.0,0.0,0.0
397,1579,532.37,1,2.0,0.0,0.0
398,1583,532.37,1,2.0,0.0,0.0
399,1589,532.37,1,2.0,0.0,0.0
400,1593,520.59,1,2.0,0.0,0.0
401,1597,520.59,1,2.0,0.0,0.0
402,1601,520.59,1,2.0,0.0,0.0
403,1606,520.59,1,2.0,0.0,0.0
404,1610,520.59,1,2.0,0.0,0.0
405,1614,520.59,1,2.0,0.0,0.0
406,1619,520.59,1,2.0,0.0,0.0
407,1623,520.59,1,2.0,0.0,0.0
408,1627,520.59,1,2.0,0.0,0.0
409,1632,520.59,1,2.0,0.0,0.0
410,1636,509.59,1,2.0,0.0,0.0
411,1640,509.59,1,2.0,0.0,0.0
412,1645,509.59,1,2.0,0.0,0.0
413,1649,509.59,1,2.0,0.0,0.0
414,1652,509.59,1,2.0,0.0,0.0
415,1656,509.59,1,2.0,0.0,0.0
416,1661,509.59,1,2.0,0.0,0.0
417,1665,509.59,1,2.0,0.0,0.0
418,1669,509.59,1,2.0,0.0,0.0
419,1675,509.59,1,2.0,0.0,0.0
420,1679,498.34,1,2.0,0.0,0.0
421,1683,498.34,1,2.0,0.0,0.0
422,1687,498.34,1,2.0,0.0,0.0
423,1692,498.34,1,2.0,0.0,0.0
424,1696,498.34,1,2.0,0.0,0.0
425,1700,498.34,1,2.0,0.0,0.0
426,1705,498.34,1,2.0,0.0,0.0
427,1709,498.34,1,2.0,0.0,0.0
428,1713,498.34,1,2.0,0.0,0.0
429,1717,498.34,1,2.0,0.0,0.0
430,1722,487.08,1,2.0,0.0,0.0
431,1727,487.08,1,2.0,0.0,0.0
432,1731,487.08,1,2.0,0.0,0.0
433,1736,487.08,1,2.0,0.0,0.0
434,1740,487.08,1,2.0,0.0,0.0
435,1744,487.08,1,2.0,0.0,0.0
436,1749,487.08,1,2.0,0.0,0.0
437,1753,487.08,1,2.0,0.0,0.0
438,1758,487.08,1,2.0,0.0,0.0
439,1762,487.08,1,2.0,0.0,0.0
440,1767,475.04,1,2.0,0.0,0.0
441,1771,475.04,1,2.0,0.0,0.0
442,1774,475.04,1,2.0,0.0,0.0
443,1779,475.04,1,2.0,0.0,0.0
444,1783,475.04,1,2.0,0.0,0.0
445,1787,475.04,1,2.0,0.0,0.0
446,1792,475.04,1,2.0,0.0,0.0
447,1797,475.04,1,2.0,0.0,0.0
448,1801,475.04,1,2.0,0.0,0.0
449,1806,475.04,1,2.0,0.0,0.0
450,1810,464.04,1,2.0,0.0,0.0
451,1814,464.04,1,2.0,0.0,0.0
452,1818,464.04,1,2.0,0.0,0.0
453,1822,464.04,1,2.0,0.0,0.0
454,1826,464.04,1,2.0,0.0,0.0
455,1830,464.04,1,2.0,0.0,0.0
456,1835,464.04,1,2.0,0.0,0.0
457,1839,464.04,1,2.0,0.0,0.0
458,1843,464.04,1,2.0,0.0,0.0
459,1848,464.04,1,2.0,0.0,0.0
460,1852,453.17,1,2.0,0.0,0.0
461,1856,453.17,1,2.0,0.0,0.0
462,1860,453.17,1,2.0,0.0,0.0
463,1865,453.17,1,2.0,0.0,0.0
464,1869,453.17,1,2.0,0.0,0.0
465,1873,453.17,1,2.0,0.0,0.0
466,1878,453.17,1,2.0,0.0,0.0
467,1882,453.17,1,2.0,0.0,0.0
468,1886,453.17,1,2.0,0.0,0.0
469,1891,453.17,1,2.0,0.0,0.0
470,1896,441.79,1,2.0,0.0,0.0
471,1900,441.79,1,2.0,0.0,0.0
472,1904,441.79,1,2.0,0.0,0.0
473,1909,441.79,1,2.0,0.0,0.0
474,1913,441.79,1,2.0,0.0,0.0
475,1916,441.79,1,2.0,0.0,0.0
476,1921,441.79,1,2.0,0.0,0.0
477,1925,441.79,1,2.0,0.0,0.0
478,1929,441.79,1,2.0,0.0,0.0
479,1934,441.79,1,2.0,0.0,0.0
480,1938,430.53,1,2.0,0.0,0.0
481,1942,430.53,1,2.0,0.0,0.0
482,1946,430.53,1,2.0,0.0,0.0
483,1952,430.53,1,2.0,0.0,0.0
484,1956,430.53,1,2.0,0.0,0.0
485,1960,430.53,1,2.0,0.0,0.0
486,1965,430.53,1,2.0,0.0,0.0
487,1969,430.53,1,2.0,0.0,0.0
488,1973,430.53,1,2.0,0.0,0.0
489,1977,430.53,1,2.0,0.0,0.0
490,1982,418.88,1,2.0,0.0,0.0
491,1986,418.88,1,2.0,0.0,0.0
492,1990,418.88,1,2.0,0.0,0.0
493,1995,418.88,1,2.0,0.0,0.0
494,2000,418.88,1,2.0,0.0,0.0
495,2004,418.88,1,2.0,0.0,0.0
496,2009,418.88,1,2.0,0.0,0.0
497,2013,418.88,1,2.0,0.0,0.0
498,2017,418.88,1,2.0,0.0,0.0
499,2021,418.88,1,2.0,0.0,0.0
500,2026,407.36,1,2.0,0.0,0.0
501,2030,407.36,1,2.0,0.0,0.0
502,2034,407.36,1,2.0,0.0,0.0
503,2039,407.36,1,2.0,0.0,0.0
504,2043,407.36,1,2.0,0.0,0.0
505,2048,407.36,1,2.0,0.0,0.0
506,2052,407.36,1,2.0,0.0,0.0
507,2057,407.36,1,2.0,0.0,0.0
508,2061,407.36,1,2.0,0.0,0.0
509,2065,407.36,1,2.0,0.0,0.0
510,2070,395.84,1,2.0,0.0,0.0
511,2074,395.84,1,2.0,0.0,0.0
512,2078,395.84,1,2.0,0.0,0.0
513,2083,395.84,1,2.0,0.0,0.0
514,2087,395.84,1,2.0,0.0,0.0
515,2091,395.84,1,2.0,0.0,0.0
516,2097,395.84,1,2.0,0.0,0.0
517,2101,395.84,1,2.0,0.0,0.0
518,2105,395.84,1,2.0,0.0,0.0
519,2109,395.84,1,2.0,0.0,0.0
520,2113,384.32,1,2.0,0.0,0.0
521,2117,384.32,1,2.0,0.0,0.0
522,2121,384.32,1,2.0,0.0,0.0
523,2126,384.32,1,2.0,0.0,0.0
524,2130,384.32,1,2.0,0.0,0.0
525,2134,384.32,1,2.0,0.0,0.0
526,2139,384.32,1,2.0,0.0,0.0
527,2143,384.32,1,2.0,0.0,0.0
528,2147,384.32,1,2.0,0.0,0.0
529,2151,384.32,1,2.0,0.0,0.0
530,2156,373.59,1,2.0,0.0,0.0
531,2161,373.59,1,2.0,0.0,0.0
532,2165,373.59,1,2.0,0.0,0.0
533,2171,373.59,1,2.0,0.0,0.0
534,2175,373.59,1,2.0,0.0,0.0
535,2179,373.59,1,2.0,0.0,0.0
536,2184,373.59,1,2.0,0.0,0.0
537,2188,373.59,1,2.0,0.0,0.0
538,2192,373.59,1,2.0,0.0,0.0
539,2195,373.59,1,2.0,0.0,0.0
540,2200,361.81,1,2.0,0.0,0.0
541,2204,361.81,1,2.0,0.0,0.0
542,2207,361.81,1,2.0,0.0,0.0
543,2212,361.81,1,2.0,0.0,0.0
544,2216,361.81,1,2.0,0.0,0.0
545,2220,361.81,1,2.0,0.0,0.0
546,2225,361.81,1,2.0,0.0,0.0
547,2229,361.81,1,2.0,0.0,0.0
548,2233,361.81,1,2.0,0.0,0.0
549,2237,361.81,1,2.0,0.0,0.0
550,2243,351.07,1,2.0,0.0,0.0
551,2247,351.07,1,2.0,0.0,0.0
552,2251,351.07,1,2.0,0.0,0.0
553,2256,351.07,1,2.0,0.0,0.0
554,2260,351.07,1,2.0,0.0,0.0
555,2264,351.07,1,2.0,0.0,0.0
556,2269,351.07,1,2.0,0.0,0.0
557,2273,351.07,1,2.0,0.0,0.0
558,2277,351.07,1,2.0,0.0,0.0
559,2282,351.07,1,2.0,0.0,0.0
560,2286,339.29,1,2.0,0.0,0.0
561,2291,339.29,1,2.0,0.0,0.0
562,2295,339.29,1,2.0,0.0,0.0
563,2300,339.29,1,2.0,0.0,0.0
564,2304,339.29,1,2.0,0.0,0.0
565,2309,339.29,1,2.0,0.0,0.0
566,2314,339.29,1,2.0,0.0,0.0
567,2318,339.29,1,2.0,0.0,0.0
568,2322,339.29,1,2.0,0.0,0.0
569,2327,339.29,1,2.0,0.0,0.0
570,2332,327.38,1,2.0,0.0,0.0
571,2336,327.38,1,2.0,0.0,0.0
572,2340,327.38,1,2.0,0.0,0.0
573,2345,327.38,1,2.0,0.0,0.0
574,2349,327.38,1,2.0,0.0,0.0
575,2353,327.38,1,2.0,0.0,0.0
576,2357,327.38,1,2.0,0.0,0.0
577,2361,327.38,1,2.0,0.0,0.0
578,2365,327.38,1,2.0,0.0,0.0
579,2370,327.38,1,2.0,0.0,0.0
580,2374,316.38,1,2.0,0.0,0.0
581,2378,316.38,1,2.0,0.0,0.0
582,2383,316.38,1,2.0,0.0,0.0
583,2387,316.38,1,2.0,0.0,0.0
584,2391,316.38,1,2.0,0.0,0.0
585,2395,316.38,1,2.0,0.0,0.0
586,2400,316.38,1,2.0,0.0,0.0
587,2403,316.38,1,2.0,0.0,0.0
588,2407,316.38,1,2.0,0.0,0.0
589,2413,316.38,1,2.0,0.0,0.0
590,2417,305.13,1,2.0,0.0,0.0
591,2421,305.13,1,2.0,0.0,0.0
592,2426,305.13,1,2.0,0.0,0.0
593,2430,305.13,1,2.0,0.0,0.0
594,2434,305.13,1,2.0,0.0,0.0
595,2438,305.13,1,2.0,0.0,0.0
596,2443,305.13,1,2.0,0.0,0.0
597,2447,305.13,1,2.0,0.0,0.0
598,2450,305.13,1,2.0,0.0,0.0
599,2455,305.13,1,2.0,0.0,0.0
600,2459,294.26,1,2.0,0.0,0.0
601,2463,294.26,1,2.0,0.0,0.0
602,2468,294.26,1,2.0,0.0,0.0
603,2472,294.26,1,2.0,0.0,0.0
604,2476,294.26,1,2.0,0.0,0.0
605,2481,294.26,1,2.0,0.0,0.0
606,2486,294.26,1,2.0,0.0,0.0
607,2490,294.26,1,2.0,0.0,0.0
608,2494,294.26,1,2.0,0.0,0.0
609,2499,294.26,1,2.0,0.0,0.0
610,2503,282.48,1,2.0,0.0,0.0
611,2507,282.48,1,2.0,0.0,0.0
612,2512,282.48,1,2.0,0.0,0.0
613,2516,282.48,1,2.0,0.0,0.0
614,2520,282.48,1,2.0,0.0,0.0
615,2526,282.48,1,2.0,0.0,0.0
616,2530,282.48,1,2.0,0.0,0.0
617,2535,282.48,1,2.0,0.0,0.0
618,2539,282.48,1,2.0,0.0,0.0
619,2544,282.48,1,2.0,0.0,0.0
620,2549,270.57,1,2.0,0.0,0.0
621,2553,270.57,1,2.0,0.0,0.0
622,2558,270.57,1,2.0,0.0,0.0
623,2562,270.57,1,2.0,0.0,0.0
624,2566,270.57,1,2.0,0.0,0.0
625,2571,270.57,1,2.0,0.0,0.0
626,2574,270.57,1,2.0,0.0,0.0
627,2578,270.57,1,2.0,0.0,0.0
628,2583,270.57,1,2.0,0.0,0.0
629,2588,270.57,1,2.0,0.0,0.0
630,2592,259.18,1,2.0,0.0,0.0
631,2596,259.18,1,2.0,0.0,0.0
632,2601,259.18,1,2.0,0.0,0.0
633,2605,259.18,1,2.0,0.0,0.0
634,2609,259.18,1,2.0,0.0,0.0
635,2614,259.18,1,2.0,0.0,0.0
636,2618,259.18,1,2.0,0.0,0.0
637,2622,259.18,1,2.0,0.0,0.0
638,2627,259.18,1,2.0,0.0,0.0
639,2632,259.18,1,2.0,0.0,0.0
640,2636,247.66,1,2.0,0.0,0.0
641,2640,247.66,1,2.0,0.0,0.0
642,2645,247.66,1,2.0,0.0,0.0
643,2648,247.66,1,2.0,0.0,0.0
644,2652,247.66,1,2.0,0.0,0.0
645,2657,247.66,1,2.0,0.0,0.0
646,2661,247.66,1,2.0,0.0,0.0
647,2665,247.66,1,2.0,0.0,0.0
648,2670,247.66,1,2.0,0.0,0.0
649,2674,247.66,1,2.0,0.0,0.0
650,2678,236.93,1,2.0,0.0,0.0
651,2682,236.93,1,2.0,0.0,0.0
652,2687,236.93,1,2.0,0.0,0.0
653,2691,236.93,1,2.0,0.0,0.0
654,2694,236.93,1,2.0,0.0,0.0
655,2699,236.93,1,2.0,0.0,0.0
656,2703,236.93,1,2.0,0.0,0.0
657,2707,236.93,1,2.0,0.0,0.0
658,2712,236.93,1,2.0,0.0,0.0
659,2716,236.93,1,2.0,0.0,0.0
660,2720,225.93,1,2.0,0.0,0.0
661,2724,225.93,1,2.0,0.0,0.0
662,2729,225.93,1,2.0,0.0,0.0
663,2733,225.93,1,2.0,0.0,0.0
664,2737,225.93,1,2.0,0.0,0.0
665,2742,225.93,1,2.0,0.0,0.0
666,2746,225.93,1,2.0,0.0,0.0
667,2750,225.93,1,2.0,0.0,0.0
668,2755,225.93,1,2.0,0.0,0.0
669,2759,225.93,1,2.0,0.0,0.0
670,2763,214.54,1,2.0,0.0,0.0
671,2768,214.54,1,2.0,0.0,0.0
672,2772,214.54,1,2.0,0.0,0.0
673,2776,214.54,1,2.0,0.0,0.0
674,2780,214.54,1,2.0,0.0,0.0
675,2785,214.54,1,2.0,0.0,0.0
676,2789,214.54,1,2.0,0.0,0.0
677,2793,214.54,1,2.0,0.0,0.0
678,2799,214.54,1,2.0,0.0,0.0
679,2803,214.54,1,2.0,0.0,0.0
680,2807,202.89,1,2.0,0.0,0.0
681,2812,202.89,1,2.0,0.0,0.0
682,2817,202.89,1,2.0,0.0,0.0
683,2821,202.89,1,2.0,0.0,0.0
684,2825,202.89,1,2.0,0.0,0.0
685,2830,202.89,1,2.0,0.0,0.0
686,2834,202.89,1,2.0,0.0,0.0
687,2837,202.89,1,2.0,0.0,0.0
688,2842,202.89,1,2.0,0.0,0.0
689,2846,202.89,1,2.0,0.0,0.0
690,2850,191.77,1,2.0,0.0,0.0
691,2855,191.77,1,2.0,0.0,0.0
692,2859,191.77,1,2.0,0.0,0.0
693,2864,191.77,1,2.0,0.0,0.0
694,2868,191.77,1,2.0,0.0,0.0
695,2873,191.77,1,2.0,0.0,0.0
696,2877,191.77,1,2.0,0.0,0.0
697,2881,191.77,1,2.0,0.0,0.0
698,2886,191.77,1,2.0,0.0,0.0
699,2890,191.77,1,2.0,0.0,0.0
700,2894,180.12,1,2.0,0.0,0.0
701,2899,180.12,1,2.0,0.0,0.0
702,2903,180.12,1,2.0,0.0,0.0
703,2907,180.12,1,2.0,0.0,0.0
704,2913,180.12,1,2.0,0.0,0.0
705,2917,180.12,1,2.0,0.0,0.0
706,2921,180.12,1,2.0,0.0,0.0
707,2925,180.12,1,2.0,0.0,0.0
708,2930,180.12,1,2.0,0.0,0.0
709,2934,180.12,1,2.0,0.0,0.0
710,2938,168.6,1,2.0,0.0,0.0
711,2943,168.6,1,2.0,0.0,0.0
712,2947,168.6,1,2.0,0.0,0.0
713,2951,168.6,1,2.0,0.0,0.0
714,2956,168.6,1,2.0,0.0,0.0
715,2961,168.6,1,2.0,0.0,0.0
716,2965,168.6,1,2.0,0.0,0.0
717,2969,168.6,1,2.0,0.0,0.0
718,2974,168.6,1,2.0,0.0,0.0
719,2978,168.6,1,2.0,0.0,0.0
720,2982,157.08,1,2.0,0.0,0.0
721,2987,157.08,1,2.0,0.0,0.0
722,2991,157.08,1,2.0,0.0,0.0
723,2996,157.08,1,2.0,0.0,0.0
724,3001,157.08,1,2.0,0.0,0.0
725,3005,157.08,1,2.0,0.0,0.0
726,3009,157.08,1,2.0,0.0,0.0
727,3014,157.08,1,2.0,0.0,0.0
728,3019,157.08,1,2.0,0.0,0.0
729,3023,157.08,1,2.0,0.0,0.0
730,3027,145.17,1,2.0,0.0,0.0
731,3032,145.17,1,2.0,0.0,0.0
732,3035,145.17,1,2.0,0.0,0.0
733,3039,145.17,1,2.0,0.0,0.0
734,3044,145.17,1,2.0,0.0,0.0
735,3048,145.17,1,2.0,0.0,0.0
736,3052,145.17,1,2.0,0.0,0.0
737,3058,145.17,1,2.0,0.0,0.0
738,3062,145.17,1,2.0,0.0,0.0
739,3067,145.17,1,2.0,0.0,0.0
740,3071,133.78,1,2.0,0.0,0.0
741,3076,133.78,1,2.0,0.0,0.0
742,3080,133.78,1,2.0,0.0,0.0
743,3085,133.78,1,2.0,0.0,0.0
744,3090,133.78,1,2.0,0.0,0.0
745,3094,133.78,1,2.0,0.0,0.0
746,3098,133.78,1,2.0,0.0,0.0
747,3103,133.78,1,2.0,0.0,0.0
748,3107,133.78,1,2.0,0.0,0.0
749,3111,133.78,1,2.0,0.0,0.0
750,3115,121.87,1,2.0,0.0,0.0
751,3120,121.87,1,2.0,0.0,0.0
752,3124,121.87,1,2.0,0.0,0.0
753,3128,121.87,1,2.0,0.0,0.0
754,3134,121.87,1,2.0,0.0,0.0
755,3138,121.87,1,2.0,0.0,0.0
756,3143,121.87,1,2.0,0.0,0.0
757,3148,121.87,1,2.0,0.0,0.0
758,3150,121.87,1,2.0,0.0,0.0
759,3154,121.87,1,2.0,0.0,0.0
760,3160,110.87,1,2.0,0.0,0.0
761,3164,110.87,1,2.0,0.0,0.0
762,3168,110.87,1,2.0,0.0,0.0
763,3172,110.87,1,2.0,0.0,0.0
764,3177,110.87,1,2.0,0.0,0.0
765,3180,110.87,1,2.0,0.0,0.0
766,3184,110.87,1,2.0,0.0,0.0
767,3189,110.87,1,2.0,0.0,0.0
768,3193,110.87,1,2.0,0.0,0.0
769,3197,110.87,1,2.0,0.0,0.0
770,3202,99.61,1,2.0,0.0,0.0
771,3206,99.61,1,2.0,0.0,0.0
772,3210,99.61,1,2.0,0.0,0.0
773,3215,99.61,1,2.0,0.0,0.0
774,3219,99.61,1,2.0,0.0,0.0
775,3223,99.61,1,2.0,0.0,0.0
776,3228,99.61,1,2.0,0.0,0.0
777,3232,99.61,1,2.0,0.0,0.0
778,3236,99.61,1,2.0,0.0,0.0
779,3240,99.61,1,2.0,0.0,0.0
780,3245,88.36,1,2.0,0.0,0.0
781,3249,88.36,1,2.0,0.0,0.0
782,3254,88.36,1,2.0,0.0,0.0
783,3259,88.36,1,2.0,0.0,0.0
784,3265,88.36,1,2.0,0.0,0.0
785,3269,88.36,1,2.0,0.0,0.0
786,3274,88.36,1,2.0,0.0,0.0
787,3278,88.36,1,2.0,0.0,0.0
788,3282,88.36,1,2.0,0.0,0.0
789,3287,88.36,1,2.0,0.0,0.0
790,3291,75.92,1,2.0,0.0,0.0
791,3295,75.92,1,2.0,0.0,0.0
792,3299,75.92,1,2.0,0.0,0.0
793,3305,75.92,1,2.0,0.0,0.0
794,3309,75.92,1,2.0,0.0,0.0
795,3312,75.92,1,2.0,0.0,0.0
796,3317,75.92,1,2.0,0.0,0.0
797,3321,75.92,1,2.0,0.0,0.0
798,3325,75.92,1,2.0,0.0,0.0
799,3329,75.92,1,2.0,0.0,0.0
800,3333,65.45,1,2.0,0.0,0.0
801,3337,65.45,1,2.0,0.0,0.0
802,3342,65.45,1,2.0,0.0,0.0
803,3346,65.45,1,2.0,0.0,0.0
804,3350,65.45,1,2.0,0.0,0.0
805,3354,65.45,1,2.0,0.0,0.0
806,3359,65.45,1,2.0,0.0,0.0
807,3363,65.45,1,2.0,0.0,0.0
808,3367,65.45,1,2.0,0.0,0.0
809,3372,65.45,1,2.0,0.0,0.0
810,3377,54.06,1,2.0,0.0,0.0
811,3381,54.06,1,2.0,0.0,0.0
812,3386,54.06,1,2.0,0.0,0.0
813,3390,54.06,1,2.0,0.0,0.0
814,3394,54.06,1,2.0,0.0,0.0
815,3399,54.06,1,2.0,0.0,0.0
816,3404,54.06,1,2.0,0.0,0.0
817,3408,54.06,1,2.0,0.0,0.0
818,3412,54.06,1,2.0,0.0,0.0
819,3417,54.06,1,2.0,0.0,0.0
820,3421,42.02,1,2.0,0.0,0.0
821,3425,42.02,1,2.0,0.0,0.0
822,3430,42.02,1,2.0,0.0,0.0
823,3434,42.02,1,2.0,0.0,0.0
824,3438,42.02,1,2.0,0.0,0.0
825,3443,42.02,1,2.0,0.0,0.0
826,3447,42.02,1,2.0,0.0,0.0
827,3452,42.02,1,2.0,0.0,0.0
828,3456,42.02,1,2.0,0.0,0.0
829,3461,42.02,1,2.0,0.0,0.0
830,3465,30.63,1,2.0,0.0,0.0
831,3469,30.63,1,2.0,0.0,0.0
832,3475,30.63,1,2.0,0.0,0.0
833,3479,30.63,1,2.0,0.0,0.0
834,3483,30.63,1,2.0,0.0,0.0
835,3488,30.63,1,2.0,0.0,0.0
836,3492,30.63,1,2.0,0.0,0.0
837,3496,30.63,1,2.0,0.0,0.0
838,3501,30.63,1,2.0,0.0,0.0
839,3505,30.63,1,2.0,0.0,0.0
840,3509,19.11,1,2.0,0.0,0.0
841,3513,19.11,1,2.0,0.0,0.0
842,3518,19.11,1,2.0,0.0,0.0
843,3523,19.11,1,2.0,0.0,0.0
844,3527,19.11,1,2.0,0.0,0.0
845,3532,19.11,1,2.0,0.0,0.0
846,3536,19.11,1,2.0,0.0,0.0
847,3540,19.11,1,2.0,0.0,0.0
848,3545,19.11,1,2.0,0.0,0.0
849,3549,19.11,1,2.0,0.0,0.0
850,3553,7.59,1,2.0,0.0,0.0
851,3557,7.59,1,2.0,0.0,0.0
852,3562,7.59,1,2.0,0.0,0.0
853,3566,7.59,1,2.0,0.0,0.0
854,3570,7.59,1,2.0,0.0,0.0
855,3574,7.59,1,2.0,0.0,0.0
856,3578,7.59,1,2.0,0.0,0.0
857,3583,7.59,1,2.0,0.0,0.0
858,3587,7.59,1,2.0,0.0,0.0
859,3591,7.59,1,2.0,0.0,0.0
860,3594,-3.14,1,2.0,0.0,0.0
861,3598,-3.14,1,2.0,0.0,0.0
862,3602,-3.14,1,2.0,0.0,0.0
863,3606,-3.14,1,2.0,0.0,0.0
864,3609,-3.14,1,2.0,0.0,0.0
865,3612,-3.14,1,2.0,0.0,0.0
866,3616,-3.14,1,2.0,0.0,0.0
867,3619,-3.14,1,2.0,0.0,0.0
868,3622,-3.14,1,2.0,0.0,0.0
869,3625,-3.14,1,2.0,0.0,0.0
870,3628,-11.0,1,2.0,0.0,0.0
871,3630,-11.0,1,2.0,0.0,0.0
872,3633,-11.0,1,2.0,0.0,0.0
873,3635,-11.0,1,2.0,0.0,0.0
874,3637,-11.0,1,2.0,0.0,0.0
875,3639,-11.0,1,2.0,0.0,0.0
876,3640,-11.0,1,2.0,0.0,0.0
877,3642,-11.0,1,2.0,0.0,0.0
878,3643,-11.0,1,2.0,0.0,0.0
879,3644,-11.0,1,2.0,0.0,0.0
880,3645,-14.01,1,2.0,0.0,0.0
881,3646,-14.01,1,2.0,0.0,0.0
882,3647,-14.01,1,2.0,0.0,0.0
883,3647,-14.01,1,2.0,0.0,0.0
884,3648,-14.01,1,2.0,0.0,0.0
885,3648,-14.01,1,2.0,0.0,0.0
886,3648,-14.01,1,2.0,0.0,0.0
887,3647,-14.01,1,2.0,0.0,0.0
888,3647,-14.01,1,2.0,0.0,0.0
889,3646,-14.01,1,2.0,0.0,0.0
890,3646,-12.3,1,2.0,0.0,0.0
891,3645,-12.3,1,2.0,0.0,0.0
892,3644,-12.3,1,2.0,0.0,0.0
893,3642,-12.3,1,2.0,0.0,0.0
894,3641,-12.3,1,2.0,0.0,0.0
895,3640,-12.3,1,2.0,0.0,0.0
896,3638,-12.3,1,2.0,0.0,0.0
897,3637,-12.3,1,2.0,0.0,0.0
898,3635,-12.3,1,2.0,0.0,0.0
899,3634,-12.3,1,2.0,0.0,0.0
900,3632,-6.94,1,2.0,0.0,0.0
901,3630,-6.94,1,2.0,0.0,0.0
902,3628,-6.94,1,2.0,0.0,0.0
903,3626,-6.94,1,2.0,0.0,0.0
904,3624,-6.94,1,2.0,0.0,0.0
905,3622,-6.94,1,2.0,0.0,0.0
906,3620,-6.94,1,2.0,0.0,0.0
907,3618,-6.94,1,2.0,0.0,0.0
908,3616,-6.94,1,2.0,0.0,0.0
909,3614,-6.94,1,2.0,0.0,0.0
910,3612,-1.18,1,2.0,0.0,0.0
911,3610,-1.18,1,2.0,0.0,0.0
912,3608,-1.18,1,2.0,0.0,0.0
913,3606,-1.18,1,2.0,0.0,0.0
914,3604,-1.18,1,2.0,0.0,0.0
915,3602,-1.18,1,2.0,0.0,0.0
916,3600,-1.18,1,2.0,0.0,0.0
917,3599,-1.18,1,2.0,0.0,0.0
918,3597,-1.18,1,2.0,0.0,0.0
919,3595,-1.18,1,2.0,0.0,0.0
920,3594,3.8,1,2.0,0.0,0.0
921,3592,3.8,1,2.0,0.0,0.0
922,3591,3.8,1,2.0,0.0,0.0
923,3589,3.8,1,2.0,0.0,0.0
924,3588,3.8,1,2.0,0.0,0.0
925,3587,3.8,1,2.0,0.0,0.0
926,3586,3.8,1,2.0,0.0,0.0
927,3585,3.8,1,2.0,0.0,0.0
928,3584,3.8,1,2.0,0.0,0.0
929,3583,3.8,1,2.0,0.0,0.0
930,3582,6.02,1,2.0,0.0,0.0
931,3582,6.02,1,2.0,0.0,0.0
932,3581,6.02,1,2.0,0.0,0.0
933,3581,6.02,1,2.0,0.0,0.0
934,3580,6.02,1,2.0,0.0,0.0
935,3580,6.02,1,2.0,0.0,0.0
936,3580,6.02,1,2.0,0.0,0.0
937,3580,6.02,1,2.0,0.0,0.0
938,3580,6.02,1,2.0,0.0,0.0
939,3580,6.02,1,2.0,0.0,0.0
940,3580,5.63,1,2.0,0.0,0.0
941,3581,5.63,1,2.0,0.0,0.0
942,3581,5.63,1,2.0,0.0,0.0
943,3582,5.63,1,2.0,0.0,0.0
944,3582,5.63,1,2.0,0.0,0.0
945,3583,5.63,1,2.0,0.0,0.0
946,3583,5.63,1,2.0,0.0,0.0
947,3584,5.63,1,2.0,0.0,0.0
948,3585,5.63,1,2.0,0.0,0.0
949,3586,5.63,1,2.0,0.0,0.0
950,3586,2.88,1,2.0,0.0,0.0
951,3587,2.88,1,2.0,0.0,0.0
952,3588,2.88,1,2.0,0.0,0.0
953,3589,2.88,1,2.0,0.0,0.0
954,3590,2.88,1,2.0,0.0,0.0
955,3591,2.88,1,2.0,0.0,0.0
956,3592,2.88,1,2.0,0.0,0.0
957,3593,2.88,1,2.0,0.0,0.0
958,3593,2.88,1,2.0,0.0,0.0
959,3594,2.88,1,2.0,0.0,0.0
960,3595,0.52,1,2.0,0.0,0.0
961,3596,0.52,1,2.0,0.0,0.0
962,3597,0.52,1,2.0,0.0,0.0
963,3598,0.52,1,2.0,0.0,0.0
964,3599,0.52,1,2.0,0.0,0.0
965,3600,0.52,1,2.0,0.0,0.0
966,3600,0.52,1,2.0,0.0,0.0
967,3601,0.52,1,2.0,0.0,0.0
968,3602,0.52,1,2.0,0.0,0.0
969,3602,0.52,1,2.0,0.0,0.0
970,3603,-1.57,1,2.0,0.0,0.0
971,3604,-1.57,1,2.0,0.0,0.0
972,3604,-1.57,1,2.0,0.0,0.0
973,3605,-1.57,1,2.0,0.0,0.0
974,3605,-1.57,1,2.0,0.0,0.0
975,3606,-1.57,1,2.0,0.0,0.0
976,3606,-1.57,1,2.0,0.0,0.0
977,3607,-1.57,1,2.0,0.0,0.0
978,3607,-1.57,1,2.0,0.0,0.0
979,3607,-1.57,1,2.0,0.0,0.0
980,3607,-2.49,1,2.0,0.0,0.0
981,3608,-2.49,1,2.0,0.0,0.0
982,3608,-2.49,1,2.0,0.0,0.0
983,3608,-2.49,1,2.0,0.0,0.0
984,3608,-2.49,1,2.0,0.0,0.0
985,3608,-2.49,1,2.0,0.0,0.0
986,3608,-2.49,1,2.0,0.0,0.0
987,3608,-2.49,1,2.0,0.0,0.0
988,3608,-2.49,1,2.0,0.0,0.0
989,3608,-2.49,1,2.0,0.0,0.0
990,3608,-2.23,1,2.0,0.0,0.0
991,3608,-2.23,1,2.0,0.0,0.0
992,3607,-2.23,1,2.0,0.0,0.0
993,3607,-2.23,1,2.0,0.0,0.0
994,3607,-2.23,1,2.0,0.0,0.0
995,3607,-2.23,1,2.0,0.0,0.0
996,3606,-2.23,1,2.0,0.0,0.0
997,3606,-2.23,1,2.0,0.0,0.0
998,3606,-2.23,1,2.0,0.0,0.0
999,3605,-2.23,1,2.0,0.0,0.0
1000,3605,-0.92,1,2.0,0.0,0.0
1001,3605,-0.92,1,2.0,0.0,0.0
1002,3604,-0.92,1,2.0,0.0,0.0
1003,3604,-0.92,1,2.0,0.0,0.0
1004,3604,-0.92,1,2.0,0.0,0.0
1005,3603,-0.92,1,2.0,0.0,0.0
1006,3603,-0.92,1,2.0,0.0,0.0
1007,3603,-0.92,1,2.0,0.0,0.0
1008,3602,-0.92,1,2.0,0.0,0.0
1009,3602,-0.92,1,2.0,0.0,0.0
1010,3602,-0.13,1,2.0,0.0,0.0
1011,3601,-0.13,1,2.0,0.0,0.0
1012,3601,-0.13,1,2.0,0.0,0.0
1013,3601,-0.13,1,2.0,0.0,0.0
1014,3600,-0.13,1,2.0,0.0,0.0
1015,3600,-0.13,1,2.0,0.0,0.0
1016,3600,-0.13,1,2.0,0.0,0.0
1017,3600,-0.13,1,2.0,0.0,0.0
1018,3599,-0.13,1,2.0,0.0,0.0
1019,3599,-0.13,1,2.0,0.0,0.0
1020,3599,0.65,1,2.0,0.0,0.0
1021,3599,0.65,1,2.0,0.0,0.0
1022,3599,0.65,1,2.0,0.0,0.0
1023,3598,0.65,1,2.0,0.0,0.0
1024,3598,0.65,1,2.0,0.0,0.0
1025,3598,0.65,1,2.0,0.0,0.0
1026,3598,0.65,1,2.0,0.0,0.0
1027,3598,0.65,1,2.0,0.0,0.0
1028,3598,0.65,1,2.0,0.0,0.0
1029,3598,0.65,1,2.0,0.0,0.0
1030,3598,0.65,1,2.0,0.0,0.0
1031,3598,0.65,1,2.0,0.0,0.0
1032,3598,0.65,1,2.0,0.0,0.0
1033,3598,0.65,1,2.0,0.0,0.0
1034,3598,0.65,1,2.0,0.0,0.0
1035,3598,0.65,1,2.0,0.0,0.0
1036,3598,0.65,1,2.0,0.0,0.0
1037,3598,0.65,1,2.0,0.0,0.0
1038,3598,0.65,1,2.0,0.0,0.0
1039,3598,0.65,1,2.0,0.0,0.0
1040,3598,0.52,1,2.0,0.0,0.0
1041,3598,0.52,1,2.0,0.0,0.0
1042,3598,0.52,1,2.0,0.0,0.0
1043,3599,0.52,1,2.0,0.0,0.0
1044,3599,0.52,1,2.0,0.0,0.0
1045,3599,0.52,1,2.0,0.0,0.0
1046,3599,0.52,1,2.0,0.0,0.0
1047,3599,0.52,1,2.0,0.0,0.0
1048,3599,0.52,1,2.0,0.0,0.0
1049,3599,0.52,1,2.0,0.0,0.0
1050,3599,0.13,1,2.0,0.0,0.0
1051,3599,0.13,1,2.0,0.0,0.0
1052,3600,0.13,1,2.0,0.0,0.0
1053,3600,0.13,1,2.0,0.0,0.0
1054,3600,0.13,1,2.0,0.0,0.0
1055,3600,0.13,1,2.0,0.0,0.0
1056,3600,0.13,1,2.0,0.0,0.0
1057,3600,0.13,1,2.0,0.0,0.0
1058,3600,0.13,1,2.0,0.0,0.0
1059,3600,0.13,1,2.0,0.0,0.0
0,0,-0.26,1,2.0,0.0,0.0
1,0,-0.26,1,2.0,0.0,0.0
2,0,-0.26,1,2.0,0.0,0.0
3,0,-0.26,1,2.0,0.0,0.0
4,0,-0.26,1,2.0,0.0,0.0
5,0,-0.26,1,2.0,0.0,0.0
6,0,-0.26,1,2.0,0.0,0.0
7,0,-0.26,1,2.0,0.0,0.0
8,0,-0.26,1,2.0,0.0,0.0
9,0,-0.26,1,2.0,0.0,0.0
10,0,1178.36,1,2.0,0.0,0.0
11,0,1178.36,1,2.0,0.0,0.0
12,0,1178.36,1,2.0,0.0,0.0
13,0,1178.36,1,2.0,0.0,0.0
14,1,1178.36,1,2.0,0.0,0.0
15,1,1178.36,1,2.0,0.0,0.0
16,2,1178.36,1,2.0,0.0,0.0
17,3,1178.36,1,2.0,0.0,0.0
18,4,1178.36,1,2.0,0.0,0.0
19,5,1178.36,1,2.0,0.0,0.0
20,6,940.84,1,2.0,0.0,0.0
21,8,940.84,1,2.0,0.0,0.0
22,9,940.84,1,2.0,0.0,0.0
23,11,940.84,1,2.0,0.0,0.0
24,12,940.84,1,2.0,0.0,0.0
25,14,940.84,1,2.0,0.0,0.0
26,16,940.84,1,2.0,0.0,0.0
27,18,940.84,1,2.0,0.0,0.0
28,19,940.84,1,2.0,0.0,0.0
29,22,940.84,1,2.0,0.0,0.0
30,24,935.61,1,2.0,0.0,0.0
31,26,935.61,1,2.0,0.0,0.0
32,28,935.61,1,2.0,0.0,0.0
33,30,935.61,1,2.0,0.0,0.0
34,33,935.61,1,2.0,0.0,0.0
35,35,935.61,1,2.0,0.0,0.0
36,38,935.61,1,2.0,0.0,0.0
37,40,935.61,1,2.0,0.0,0.0
38,43,935.61,1,2.0,0.0,0.0
39,46,935.61,1,2.0,0.0,0.0
40,48,928.86,1,2.0,0.0,0.0
41,51,928.86,1,2.0,0.0,0.0
42,54,928.86,1,2.0,0.0,0.0
43,57,928.86,1,2.0,0.0,0.0
44,60,928.86,1,2.0,0.0,0.0
45,63,928.86,1,2.0,0.0,0.0
46,66,928.86,1,2.0,0.0,0.0
47,69,928.86,1,2.0,0.0,0.0
48,72,928.86,1,2.0,0.0,0.0
49,75,928.86,1,2.0,0.0,0.0
50,79,920.62,1,2.0,0.0,0.0
51,82,920.62,1,2.0,0.0,0.0
52,86,920.62,1,2.0,0.0,0.0
53,89,920.62,1,2.0,0.0,0.0
54,93,920.62,1,2.0,0.0,0.0
55,96,920.62,1,2.0,0.0,0.0
56,99,920.62,1,2.0,0.0,0.0
57,103,920.62,1,2.0,0.0,0.0
58,106,920.62,1,2.0,0.0,0.0
59,110,920.62,1,2.0,0.0,0.0
60,113,911.45,1,2.0,0.0,0.0
61,117,911.45,1,2.0,0.0,0.0
62,120,911.45,1,2.0,0.0,0.0
63,124,911.45,1,2.0,0.0,0.0
64,128,911.45,1,2.0,0.0,0.0
65,131,911.45,1,2.0,0.0,0.0
66,135,911.45,1,2.0,0.0,0.0
67,139,911.45,1,2.0,0.0,0.0
68,142,911.45,1,2.0,0.0,0.0
69,146,911.45,1,2.0,0.0,0.0
70,151,901.9,1,2.0,0.0,0.0
71,155,901.9,1,2.0,0.0,0.0
72,158,901.9,1,2.0,0.0,0.0
73,162,901.9,1,2.0,0.0,0.0
74,167,901.9,1,2.0,0.0,0.0
75,171,901.9,1,2.0,0.0,0.0
76,175,901.9,1,2.0,0.0,0.0
77,179,901.9,1,2.0,0.0,0.0
78,183,901.9,1,2.0,0.0,0.0
79,187,901.9,1,2.0,0.0,0.0
80,191,890.84,1,2.0,0.0,0.0
81,195,890.84,1,2.0,0.0,0.0
82,199,890.84,1,2.0,0.0,0.0
83,203,890.84,1,2.0,0.0,0.0
84,207,890.84,1,2.0,0.0,0.0
85,211,890.84,1,2.0,0.0,0.0
86,215,890.84,1,2.0,0.0,0.0
87,219,890.84,1,2.0,0.0,0.0
88,223,890.84,1,2.0,0.0,0.0
89,227,890.84,1,2.0,0.0,0.0
90,231,880.43,1,2.0,0.0,0.0
91,235,880.43,1,2.0,0.0,0.0
92,239,880.43,1,2.0,0.0,0.0
93,243,880.43,1,2.0,0.0,0.0
94,247,880.43,1,2.0,0.0,0.0
95,251,880.43,1,2.0,0.0,0.0
96,255,880.43,1,2.0,0.0,0.0
97,259,880.43,1,2.0,0.0,0.0
98,263,880.43,1,2.0,0.0,0.0
99,269,880.43,1,2.0,0.0,0.0
100,273,869.3,1,2.0,0.0,0.0
101,277,869.3,1,2.0,0.0,0.0
102,281,869.3,1,2.0,0.0,0.0
103,285,869.3,1,2.0,0.0,0.0
104,290,869.3,1,2.0,0.0,0.0
105,294,869.3,1,2.0,0.0,0.0
106,299,869.3,1,2.0,0.0,0.0
107,303,869.3,1,2.0,0.0,0.0
108,307,869.3,1,2.0,0.0,0.0
109,311,869.3,1,2.0,0.0,0.0
110,316,857.98,1,2.0,0.0,0.0
111,321,857.98,1,2.0,0.0,0.0
112,325,857.98,1,2.0,0.0,0.0
113,329,857.98,1,2.0,0.0,0.0
114,333,857.98,1,2.0,0.0,0.0
115,337,857.98,1,2.0,0.0,0.0
116,341,857.98,1,2.0,0.0,0.0
117,346,857.98,1,2.0,0.0,0.0
118,351,857.98,1,2.0,0.0,0.0
119,355,857.98,1,2.0,0.0,0.0
120,359,846.72,1,2.0,0.0,0.0
121,363,846.72,1,2.0,0.0,0.0
122,369,846.72,1,2.0,0.0,0.0
123,373,846.72,1,2.0,0.0,0.0
124,377,846.72,1,2.0,0.0,0.0
125,381,846.72,1,2.0,0.0,0.0
126,385,846.72,1,2.0,0.0,0.0
127,390,846.72,1,2.0,0.0,0.0
128,394,846.72,1,2.0,0.0,0.0
129,398,846.72,1,2.0,0.0,0.0
130,402,835.47,1,2.0,0.0,0.0
131,407,835.47,1,2.0,0.0,0.0
132,411,835.47,1,2.0,0.0,0.0
133,415,835.47,1,2.0,0.0,0.0
134,419,835.47,1,2.0,0.0,0.0
135,424,835.47,1,2.0,0.0,0.0
136,428,835.47,1,2.0,0.0,0.0
137,432,835.47,1,2.0,0.0,0.0
138,436,835.47,1,2.0,0.0,0.0
139,440,835.47,1,2.0,0.0,0.0
140,445,824.21,1,2.0,0.0,0.0
141,449,824.21,1,2.0,0.0,0.0
142,453,824.21,1,2.0,0.0,0.0
143,458,824.21,1,2.0,0.0,0.0
144,462,824.21,1,2.0,0.0,0.0
145,466,824.21,1,2.0,0.0,0.0
146,469,824.21,1,2.0,0.0,0.0
147,473,824.21,1,2.0,0.0,0.0
148,478,824.21,1,2.0,0.0,0.0
149,482,824.21,1,2.0,0.0,0.0
150,486,813.61,1,2.0,0.0,0.0
151,491,813.61,1,2.0,0.0,0.0
152,495,813.61,1,2.0,0.0,0.0
153,499,813.61,1,2.0,0.0,0.0
154,503,813.61,1,2.0,0.0,0.0
155,508,813.61,1,2.0,0.0,0.0
156,513,813.61,1,2.0,0.0,0.0
157,517,813.61,1,2.0,0.0,0.0
158,520,813.61,1,2.0,0.0,0.0
159,525,813.61,1,2.0,0.0,0.0
160,529,802.22,1,2.0,0.0,0.0
161,534,802.22,1,2.0,0.0,0.0
162,539,802.22,1,2.0,0.0,0.0
163,543,802.22,1,2.0,0.0,0.0
164,547,802.22,1,2.0,0.0,0.0
165,551,802.22,1,2.0,0.0,0.0
166,556,802.22,1,2.0,0.0,0.0
167,561,802.22,1,2.0,0.0,0.0
168,565,802.22,1,2.0,0.0,0.0
169,569,802.22,1,2.0,0.0,0.0
170,574,790.31,1,2.0,0.0,0.0
171,578,790.31,1,2.0,0.0,0.0
172,582,790.31,1,2.0,0.0,0.0
173,587,790.31,1,2.0,0.0,0.0
174,592,790.31,1,2.0,0.0,0.0
175,596,790.31,1,2.0,0.0,0.0
176,601,790.31,1,2.0,0.0,0.0
177,605,790.31,1,2.0,0.0,0.0
178,609,790.31,1,2.0,0.0,0.0
179,613,790.31,1,2.0,0.0,0.0
180,619,778.85,1,2.0,0.0,0.0
181,623,778.85,1,2.0,0.0,0.0
182,627,778.85,1,2.0,0.0,0.0
183,631,778.85,1,2.0,0.0,0.0
184,636,778.85,1,2.0,0.0,0.0
185,640,778.85,1,2.0,0.0,0.0
186,644,778.85,1,2.0,0.0,0.0
187,649,778.85,1,2.0,0.0,0.0
188,653,778.85,1,2.0,0.0,0.0
189,658,778.85,1,2.0,0.0,0.0
190,663,767.01,1,2.0,0.0,0.0
191,667,767.01,1,2.0,0.0,0.0
192,671,767.01,1,2.0,0.0,0.0
193,675,767.01,1,2.0,0.0,0.0
194,680,767.01,1,2.0,0.0,0.0
195,684,767.01,1,2.0,0.0,0.0
196,688,767.01,1,2.0,0.0,0.0
197,694,767.01,1,2.0,0.0,0.0
198,694,767.01,1,2.0,0.0,0.0
199,694,767.01,1,2.0,0.0,0.0
200,695,758.5,1,2.0,0.0,0.0
201,700,758.5,1,2.0,0.0,0.0
202,704,758.5,1,2.0,0.0,0.0
203,708,758.5,1,2.0,0.0,0.0
204,713,758.5,1,2.0,0.0,0.0
205,717,758.5,1,2.0,0.0,0.0
206,721,758.5,1,2.0,0.0,0.0
207,726,758.5,1,2.0,0.0,0.0
208,731,758.5,1,2.0,0.0,0.0
209,735,758.5,1,2.0,0.0,0.0
210,740,747.04,1,2.0,0.0,0.0
211,744,747.04,1,2.0,0.0,0.0
212,749,747.04,1,2.0,0.0,0.0
213,754,747.04,1,2.0,0.0,0.0
214,759,747.04,1,2.0,0.0,0.0
215,763,747.04,1,2.0,0.0,0.0
216,767,747.04,1,2.0,0.0,0.0
217,772,747.04,1,2.0,0.0,0.0
218,776,747.04,1,2.0,0.0,0.0
219,780,747.04,1,2.0,0.0,0.0
220,785,735.07,1,2.0,0.0,0.0
221,789,735.07,1,2.0,0.0,0.0
222,789,735.07,1,2.0,0.0,0.0
223,789,735.07,1,2.0,0.0,0.0
224,789,735.07,1,2.0,0.0,0.0
225,792,735.07,1,2.0,0.0,0.0
226,796,735.07,1,2.0,0.0,0.0
227,801,735.07,1,2.0,0.0,0.0
228,805,735.07,1,2.0,0.0,0.0
229,809,735.07,1,2.0,0.0,0.0
230,815,728.52,1,2.0,0.0,0.0
231,819,728.52,1,2.0,0.0,0.0
232,823,728.52,1,2.0,0.0,0.0
233,828,728.52,1,2.0,0.0,0.0
234,833,728.52,1,2.0,0.0,0.0
235,837,728.52,1,2.0,0.0,0.0
236,840,728.52,1,2.0,0.0,0.0
237,845,728.52,1,2.0,0.0,0.0
238,849,728.52,1,2.0,0.0,0.0
239,853,728.52,1,2.0,0.0,0.0
240,859,715.69,1,2.0,0.0,0.0
241,863,715.69,1,2.0,0.0,0.0
242,867,715.69,1,2.0,0.0,0.0
243,872,715.69,1,2.0,0.0,0.0
244,876,715.69,1,2.0,0.0,0.0
245,880,715.69,1,2.0,0.0,0.0
246,885,715.69,1,2.0,0.0,0.0
247,889,715.69,1,2.0,0.0,0.0
248,893,715.69,1,2.0,0.0,0.0
249,897,715.69,1,2.0,0.0,0.0
250,902,704.57,1,2.0,0.0,0.0
251,906,704.57,1,2.0,0.0,0.0
252,910,704.57,1,2.0,0.0,0.0
253,916,704.57,1,2.0,0.0,0.0
254,920,704.57,1,2.0,0.0,0.0
255,924,704.57,1,2.0,0.0,0.0
256,929,704.57,1,2.0,0.0,0.0
257,933,704.57,1,2.0,0.0,0.0
258,938,704.57,1,2.0,0.0,0.0
259,942,704.57,1,2.0,0.0,0.0
260,947,692.66,1,2.0,0.0,0.0
261,951,692.66,1,2.0,0.0,0.0
262,956,692.66,1,2.0,0.0,0.0
263,961,692.66,1,2.0,0.0,0.0
264,965,692.66,1,2.0,0.0,0.0
265,969,692.66,1,2.0,0.0,0.0
266,974,692.66,1,2.0,0.0,0.0
267,979,692.66,1,2.0,0.0,0.0
268,983,692.66,1,2.0,0.0,0.0
269,987,692.66,1,2.0,0.0,0.0
270,992,680.87,1,2.0,0.0,0.0
271,996,680.87,1,2.0,0.0,0.0
272,1000,680.87,1,2.0,0.0,0.0
273,1006,680.87,1,2.0,0.0,0.0
274,1010,680.87,1,2.0,0.0,0.0
275,1015,680.87,1,2.0,0.0,0.0
276,1020,680.87,1,2.0,0.0,0.0
277,1024,680.87,1,2.0,0.0,0.0
278,1028,680.87,1,2.0,0.0,0.0
279,1032,680.87,1,2.0,0.0,0.0
280,1037,669.09,1,2.0,0.0,0.0
281,1041,669.09,1,2.0,0.0,0.0
282,1045,669.09,1,2.0,0.0,0.0
283,1050,669.09,1,2.0,0.0,0.0
284,1055,669.09,1,2.0,0.0,0.0
285,1059,669.09,1,2.0,0.0,0.0
286,1065,669.09,1,2.0,0.0,0.0
287,1069,669.09,1,2.0,0.0,0.0
288,1073,669.09,1,2.0,0.0,0.0
289,1078,669.09,1,2.0,0.0,0.0
290,1083,657.31,1,2.0,0.0,0.0
291,1087,657.31,1,2.0,0.0,0.0
292,1091,657.31,1,2.0,0.0,0.0
293,1096,657.31,1,2.0,0.0,0.0
294,1100,657.31,1,2.0,0.0,0.0
295,1103,657.31,1,2.0,0.0,0.0
296,1108,657.31,1,2.0,0.0,0.0
297,1112,657.31,1,2.0,0.0,0.0
298,1116,657.31,1,2.0,0.0,0.0
299,1121,657.31,1,2.0,0.0,0.0
300,1125,646.19,1,2.0,0.0,0.0
301,1130,646.19,1,2.0,0.0,0.0
302,1134,646.19,1,2.0,0.0,0.0
303,1139,646.19,1,2.0,0.0,0.0
304,1143,646.19,1,2.0,0.0,0.0
305,1147,646.19,1,2.0,0.0,0.0
306,1152,646.19,1,2.0,0.0,0.0
307,1156,646.19,1,2.0,0.0,0.0
308,1160,646.19,1,2.0,0.0,0.0
309,1165,646.19,1,2.0,0.0,0.0
310,1169,634.6,1,2.0,0.0,0.0
311,1173,634.6,1,2.0,0.0,0.0
312,1179,634.6,1,2.0,0.0,0.0
313,1183,634.6,1,2.0,0.0,0.0
314,1187,634.6,1,2.0,0.0,0.0
315,1191,634.6,1,2.0,0.0,0.0
316,1196,634.6,1,2.0,0.0,0.0
317,1200,634.6,1,2.0,0.0,0.0
318,1205,634.6,1,2.0,0.0,0.0
319,1211,634.6,1,2.0,0.0,0.0
320,1215,622.43,1,2.0,0.0,0.0
321,1219,622.43,1,2.0,0.0,0.0
322,1224,622.43,1,2.0,0.0,0.0
323,1228,622.43,1,2.0,0.0,0.0
324,1232,622.43,1,2.0,0.0,0.0
325,1236,622.43,1,2.0,0.0,0.0
326,1241,622.43,1,2.0,0.0,0.0
327,1245,622.43,1,2.0,0.0,0.0
328,1249,622.43,1,2.0,0.0,0.0
329,1253,622.43,1,2.0,0.0,0.0
330,1257,611.69,1,2.0,0.0,0.0
331,1262,611.69,1,2.0,0.0,0.0
332,1267,611.69,1,2.0,0.0,0.0
333,1271,611.69,1,2.0,0.0,0.0
334,1275,611.69,1,2.0,0.0,0.0
335,1280,611.69,1,2.0,0.0,0.0
336,1286,611.69,1,2.0,0.0,0.0
337,1290,611.69,1,2.0,0.0,0.0
338,1294,611.69,1,2.0,0.0,0.0
339,1299,611.69,1,2.0,0.0,0.0
340,1302,599.39,1,2.0,0.0,0.0
341,1306,599.39,1,2.0,0.0,0.0
342,1312,599.39,1,2.0,0.0,0.0
343,1316,599.39,1,2.0,0.0,0.0
344,1320,599.39,1,2.0,0.0,0.0
345,1326,599.39,1,2.0,0.0,0.0
346,1330,599.39,1,2.0,0.0,0.0
347,1334,599.39,1,2.0,0.0,0.0
348,1338,599.39,1,2.0,0.0,0.0
349,1343,599.39,1,2.0,0.0,0.0
350,1347,588.0,1,2.0,0.0,0.0
351,1351,588.0,1,2.0,0.0,0.0
352,1356,588.0,1,2.0,0.0,0.0
353,1361,588.0,1,2.0,0.0,0.0
354,1365,588.0,1,2.0,0.0,0.0
355,1370,588.0,1,2.0,0.0,0.0
356,1374,588.0,1,2.0,0.0,0.0
357,1378,588.0,1,2.0,0.0,0.0
358,1383,588.0,1,2.0,0.0,0.0
359,1387,588.0,1,2.0,0.0,0.0
360,1391,576.48,1,2.0,0.0,0.0
361,1395,576.48,1,2.0,0.0,0.0
362,1401,576.48,1,2.0,0.0,0.0
363,1405,576.48,1,2.0,0.0,0.0
364,1409,576.48,1,2.0,0.0,0.0
365,1414,576.48,1,2.0,0.0,0.0
366,1418,576.48,1,2.0,0.0,0.0
367,1422,576.48,1,2.0,0.0,0.0
368,1428,576.48,1,2.0,0.0,0.0
369,1432,576.48,1,2.0,0.0,0.0
370,1436,564.64,1,2.0,0.0,0.0
371,1441,564.64,1,2.0,0.0,0.0
372,1445,564.64,1,2.0,0.0,0.0
373,1450,564.64,1,2.0,0.0,0.0
374,1455,564.64,1,2.0,0.0,0.0
375,1459,564.64,1,2.0,0.0,0.0
376,1463,564.64,1,2.0,0.0,0.0
377,1468,564.64,1,2.0,0.0,0.0
378,1472,564.64,1,2.0,0.0,0.0
379,1476,564.64,1,2.0,0.0,0.0
380,1480,553.18,1,2.0,0.0,0.0
381,1485,553.18,1,2.0,0.0,0.0
382,1489,553.18,1,2.0,0.0,0.0
383,1493,553.18,1,2.0,0.0,0.0
384,1499,553.18,1,2.0,0.0,0.0
385,1503,553.18,1,2.0,0.0,0.0
386,1508,553.18,1,2.0,0.0,0.0
387,1513,553.18,1,2.0,0.0,0.0
388,1517,553.18,1,2.0,0.0,0.0
389,1521,553.18,1,2.0,0.0,0.0
390,1526,541.34,1,2.0,0.0,0.0
391,1531,541.34,1,2.0,0.0,0.0
392,1535,541.34,1,2.0,0.0,0.0
393,1539,541.34,1,2.0,0.0,0.0
394,1544,541.34,1,2.0,0.0,0.0
395,1548,541.34,1,2.0,0.0,0.0
396,1553,541.34,1,2.0,0.0,0.0
397,1559,541.34,1,2.0,0.0,0.0
398,1563,541.34,1,2.0,0.0,0.0
399,1567,541.34,1,2.0,0.0,0.0
400,1572,528.9,1,2.0,0.0,0.0
401,1576,528.9,1,2.0,0.0,0.0
402,1580,528.9,1,2.0,0.0,0.0
403,1583,528.9,1,2.0,0.0,0.0
404,1588,528.9,1,2.0,0.0,0.0
405,1592,528.9,1,2.0,0.0,0.0
406,1596,528.9,1,2.0,0.0,0.0
407,1602,528.9,1,2.0,0.0,0.0
408,1606,528.9,1,2.0,0.0,0.0
409,1610,528.9,1,2.0,0.0,0.0
410,1615,517.9,1,2.0,0.0,0.0
411,1619,517.9,1,2.0,0.0,0.0
412,1624,517.9,1,2.0,0.0,0.0
413,1628,517.9,1,2.0,0.0,0.0
414,1633,517.9,1,2.0,0.0,0.0
415,1637,517.9,1,2.0,0.0,0.0
416,1641,517.9,1,2.0,0.0,0.0
417,1646,517.9,1,2.0,0.0,0.0
418,1650,517.9,1,2.0,0.0,0.0
419,1654,517.9,1,2.0,0.0,0.0
420,1660,506.32,1,2.0,0.0,0.0
421,1664,506.32,1,2.0,0.0,0.0
422,1668,506.32,1,2.0,0.0,0.0
423,1673,506.32,1,2.0,0.0,0.0
424,1678,506.32,1,2.0,0.0,0.0
425,1682,506.32,1,2.0,0.0,0.0
426,1686,506.32,1,2.0,0.0,0.0
427,1691,506.32,1,2.0,0.0,0.0
428,1695,506.32,1,2.0,0.0,0.0
429,1700,506.32,1,2.0,0.0,0.0
430,1705,494.15,1,2.0,0.0,0.0
431,1709,494.15,1,2.0,0.0,0.0
432,1713,494.15,1,2.0,0.0,0.0
433,1718,494.15,1,2.0,0.0,0.0
434,1722,494.15,1,2.0,0.0,0.0
435,1726,494.15,1,2.0,0.0,0.0
436,1730,494.15,1,2.0,0.0,0.0
437,1735,494.15,1,2.0,0.0,0.0
438,1739,494.15,1,2.0,0.0,0.0
439,1743,494.15,1,2.0,0.0,0.0
440,1747,483.09,1,2.0,0.0,0.0
441,1751,483.09,1,2.0,0.0,0.0
442,1756,483.09,1,2.0,0.0,0.0
443,1761,483.09,1,2.0,0.0,0.0
444,1765,483.09,1,2.0,0.0,0.0
445,1769,483.09,1,2.0,0.0,0.0
446,1775,483.09,1,2.0,0.0,0.0
447,1779,483.09,1,2.0,0.0,0.0
448,1782,483.09,1,2.0,0.0,0.0
449,1786,483.09,1,2.0,0.0,0.0
450,1791,471.83,1,2.0,0.0,0.0
451,1795,471.83,1,2.0,0.0,0.0
452,1799,471.83,1,2.0,0.0,0.0
453,1805,471.83,1,2.0,0.0,0.0
454,1809,471.83,1,2.0,0.0,0.0
455,1813,471.83,1,2.0,0.0,0.0
456,1818,471.83,1,2.0,0.0,0.0
457,1822,471.83,1,2.0,0.0,0.0
458,1826,471.83,1,2.0,0.0,0.0
459,1831,471.83,1,2.0,0.0,0.0
460,1836,459.92,1,2.0,0.0,0.0
461,1840,459.92,1,2.0,0.0,0.0
462,1844,459.92,1,2.0,0.0,0.0
463,1849,459.92,1,2.0,0.0,0.0
464,1854,459.92,1,2.0,0.0,0.0
465,1858,459.92,1,2.0,0.0,0.0
466,1863,459.92,1,2.0,0.0,0.0
467,1867,459.92,1,2.0,0.0,0.0
468,1872,459.92,1,2.0,0.0,0.0
469,1877,459.92,1,2.0,0.0,0.0
470,1881,448.14,1,2.0,0.0,0.0
471,1885,448.14,1,2.0,0.0,0.0
472,1889,448.14,1,2.0,0.0,0.0
473,1894,448.14,1,2.0,0.0,0.0
474,1899,448.14,1,2.0,0.0,0.0
475,1904,448.14,1,2.0,0.0,0.0
476,1909,448.14,1,2.0,0.0,0.0
477,1913,448.14,1,2.0,0.0,0.0
478,1917,448.14,1,2.0,0.0,0.0
479,1923,448.14,1,2.0,0.0,0.0
480,1927,436.03,1,2.0,0.0,0.0
481,1931,436.03,1,2.0,0.0,0.0
482,1936,436.03,1,2.0,0.0,0.0
483,1941,436.03,1,2.0,0.0,0.0
484,1945,436.03,1,2.0,0.0,0.0
485,1949,436.03,1,2.0,0.0,0.0
486,1954,436.03,1,2.0,0.0,0.0
487,1958,436.03,1,2.0,0.0,0.0
488,1963,436.03,1,2.0,0.0,0.0
489,1967,436.03,1,2.0,0.0,0.0
490,1971,424.64,1,2.0,0.0,0.0
491,1975,424.64,1,2.0,0.0,0.0
492,1980,424.64,1,2.0,0.0,0.0
493,1984,424.64,1,2.0,0.0,0.0
494,1988,424.64,1,2.0,0.0,0.0
495,1992,424.64,1,2.0,0.0,0.0
496,1997,424.64,1,2.0,0.0,0.0
497,2001,424.64,1,2.0,0.0,0.0
498,2006,424.64,1,2.0,0.0,0.0
499,2010,424.64,1,2.0,0.0,0.0
500,2014,413.45,1,2.0,0.0,0.0
501,2019,413.45,1,2.0,0.0,0.0
502,2024,413.45,1,2.0,0.0,0.0
503,2028,413.45,1,2.0,0.0,0.0
504,2032,413.45,1,2.0,0.0,0.0
505,2037,413.45,1,2.0,0.0,0.0
506,2041,413.45,1,2.0,0.0,0.0
507,2044,413.45,1,2.0,0.0,0.0
508,2049,413.45,1,2.0,0.0,0.0
509,2053,413.45,1,2.0,0.0,0.0
510,2057,402.19,1,2.0,0.0,0.0
511,2062,402.19,1,2.0,0.0,0.0
512,2066,402.19,1,2.0,0.0,0.0
513,2071,402.19,1,2.0,0.0,0.0
514,2076,402.19,1,2.0,0.0,0.0
515,2081,402.19,1,2.0,0.0,0.0
516,2085,402.19,1,2.0,0.0,0.0
517,2089,402.19,1,2.0,0.0,0.0
518,2096,402.19,1,2.0,0.0,0.0
519,2100,402.19,1,2.0,0.0,0.0
520,2104,389.62,1,2.0,0.0,0.0
521,2109,389.62,1,2.0,0.0,0.0
522,2113,389.62,1,2.0,0.0,0.0
523,2117,389.62,1,2.0,0.0,0.0
524,2123,389.62,1,2.0,0.0,0.0
525,2127,389.62,1,2.0,0.0,0.0
526,2131,389.62,1,2.0,0.0,0.0
527,2135,389.62,1,2.0,0.0,0.0
528,2140,389.62,1,2.0,0.0,0.0
529,2144,389.62,1,2.0,0.0,0.0
530,2148,378.3,1,2.0,0.0,0.0
531,2154,378.3,1,2.0,0.0,0.0
532,2158,378.3,1,2.0,0.0,0.0
533,2162,378.3,1,2.0,0.0,0.0
534,2167,378.3,1,2.0,0.0,0.0
535,2171,378.3,1,2.0,0.0,0.0
536,2175,378.3,1,2.0,0.0,0.0
537,2179,378.3,1,2.0,0.0,0.0
538,2184,378.3,1,2.0,0.0,0.0
539,2188,378.3,1,2.0,0.0,0.0
540,2193,366.78,1,2.0,0.0,0.0
541,2198,366.78,1,2.0,0.0,0.0
542,2202,366.78,1,2.0,0.0,0.0
543,2206,366.78,1,2.0,0.0,0.0
544,2211,366.78,1,2.0,0.0,0.0
545,2215,366.78,1,2.0,0.0,0.0
546,2219,366.78,1,2.0,0.0,0.0
547,2224,366.78,1,2.0,0.0,0.0
548,2228,366.78,1,2.0,0.0,0.0
549,2232,366.78,1,2.0,0.0,0.0
550,2236,355.26,1,2.0,0.0,0.0
551,2241,355.26,1,2.0,0.0,0.0
552,2246,355.26,1,2.0,0.0,0.0
553,2250,355.26,1,2.0,0.0,0.0
554,2255,355.26,1,2.0,0.0,0.0
555,2259,355.26,1,2.0,0.0,0.0
556,2263,355.26,1,2.0,0.0,0.0
557,2269,355.26,1,2.0,0.0,0.0
558,2273,355.26,1,2.0,0.0,0.0
559,2278,355.26,1,2.0,0.0,0.0
560,2283,342.76,1,2.0,0.0,0.0
561,2287,342.76,1,2.0,0.0,0.0
562,2291,342.76,1,2.0,0.0,0.0
563,2295,342.76,1,2.0,0.0,0.0
564,2300,342.76,1,2.0,0.0,0.0
565,2304,342.76,1,2.0,0.0,0.0
566,2309,342.76,1,2.0,0.0,0.0
567,2313,342.76,1,2.0,0.0,0.0
568,2318,342.76,1,2.0,0.0,0.0
569,2322,342.76,1,2.0,0.0,0.0
570,2327,331.44,1,2.0,0.0,0.0
571,2331,331.44,1,2.0,0.0,0.0
572,2335,331.44,1,2.0,0.0,0.0
573,2339,331.44,1,2.0,0.0,0.0
574,2344,331.44,1,2.0,0.0,0.0
575,2348,331.44,1,2.0,0.0,0.0
576,2354,331.44,1,2.0,0.0,0.0
577,2358,331.44,1,2.0,0.0,0.0
578,2362,331.44,1,2.0,0.0,0.0
579,2367,331.44,1,2.0,0.0,0.0
580,2372,319.59,1,2.0,0.0,0.0
581,2377,319.59,1,2.0,0.0,0.0
582,2381,319.59,1,2.0,0.0,0.0
583,2386,319.59,1,2.0,0.0,0.0
584,2390,319.59,1,2.0,0.0,0.0
585,2395,319.59,1,2.0,0.0,0.0
586,2400,319.59,1,2.0,0.0,0.0
587,2404,319.59,1,2.0,0.0,0.0
588,2408,319.59,1,2.0,0.0,0.0
589,2413,319.59,1,2.0,0.0,0.0
590,2417,307.81,1,2.0,0.0,0.0
591,2421,307.81,1,2.0,0.0,0.0
592,2424,307.81,1,2.0,0.0,0.0
593,2429,307.81,1,2.0,0.0,0.0
594,2433,307.81,1,2.0,0.0,0.0
595,2437,307.81,1,2.0,0.0,0.0
596,2441,307.81,1,2.0,0.0,0.0
597,2445,307.81,1,2.0,0.0,0.0
598,2449,307.81,1,2.0,0.0,0.0
599,2454,307.81,1,2.0,0.0,0.0
600,2458,297.34,1,2.0,0.0,0.0
601,2462,297.34,1,2.0,0.0,0.0
602,2467,297.34,1,2.0,0.0,0.0
603,2471,297.34,1,2.0,0.0,0.0
604,2477,297.34,1,2.0,0.0,0.0
605,2481,297.34,1,2.0,0.0,0.0
606,2486,297.34,1,2.0,0.0,0.0
607,2491,297.34,1,2.0,0.0,0.0
608,2495,297.34,1,2.0,0.0,0.0
609,2500,297.34,1,2.0,0.0,0.0
610,2504,284.97,1,2.0,0.0,0.0
611,2508,284.97,1,2.0,0.0,0.0
612,2513,284.97,1,2.0,0.0,0.0
613,2518,284.97,1,2.0,0.0,0.0
614,2522,284.97,1,2.0,0.0,0.0
615,2526,284.97,1,2.0,0.0,0.0
616,2531,284.97,1,2.0,0.0,0.0
617,2535,284.97,1,2.0,0.0,0.0
618,2539,284.97,1,2.0,0.0,0.0
619,2545,284.97,1,2.0,0.0,0.0
620,2550,273.25,1,2.0,0.0,0.0
621,2554,273.25,1,2.0,0.0,0.0
622,2559,273.25,1,2.0,0.0,0.0
623,2563,273.25,1,2.0,0.0,0.0
624,2567,273.25,1,2.0,0.0,0.0
625,2572,273.25,1,2.0,0.0,0.0
626,2576,273.25,1,2.0,0.0,0.0
627,2580,273.25,1,2.0,0.0,0.0
628,2584,273.25,1,2.0,0.0,0.0
629,2589,273.25,1,2.0,0.0,0.0
630,2593,261.8,1,2.0,0.0,0.0
631,2597,261.8,1,2.0,0.0,0.0
632,2603,261.8,1,2.0,0.0,0.0
633,2607,261.8,1,2.0,0.0,0.0
634,2611,261.8,1,2.0,0.0,0.0
635,2617,261.8,1,2.0,0.0,0.0
636,2621,261.8,1,2.0,0.0,0.0
637,2624,261.8,1,2.0,0.0,0.0
638,2628,261.8,1,2.0,0.0,0.0
639,2633,261.8,1,2.0,0.0,0.0
640,2637,250.28,1,2.0,0.0,0.0
641,2641,250.28,1,2.0,0.0,0.0
642,2646,250.28,1,2.0,0.0,0.0
643,2650,250.28,1,2.0,0.0,0.0
644,2654,250.28,1,2.0,0.0,0.0
645,2659,250.28,1,2.0,0.0,0.0
646,2663,250.28,1,2.0,0.0,0.0
647,2667,250.28,1,2.0,0.0,0.0
648,2672,250.28,1,2.0,0.0,0.0
649,2677,250.28,1,2.0,0.0,0.0
650,2681,238.76,1,2.0,0.0,0.0
651,2685,238.76,1,2.0,0.0,0.0
652,2690,238.76,1,2.0,0.0,0.0
653,2694,238.76,1,2.0,0.0,0.0
654,2698,238.76,1,2.0,0.0,0.0
655,2703,238.76,1,2.0,0.0,0.0
656,2707,238.76,1,2.0,0.0,0.0
657,2711,238.76,1,2.0,0.0,0.0
658,2717,238.76,1,2.0,0.0,0.0
659,2722,238.76,1,2.0,0.0,0.0
660,2726,226.91,1,2.0,0.0,0.0
661,2730,226.91,1,2.0,0.0,0.0
662,2735,226.91,1,2.0,0.0,0.0
663,2740,226.91,1,2.0,0.0,0.0
664,2744,226.91,1,2.0,0.0,0.0
665,2750,226.91,1,2.0,0.0,0.0
666,2754,226.91,1,2.0,0.0,0.0
667,2758,226.91,1,2.0,0.0,0.0
668,2763,226.91,1,2.0,0.0,0.0
669,2768,226.91,1,2.0,0.0,0.0
670,2773,214.81,1,2.0,0.0,0.0
671,2778,214.81,1,2.0,0.0,0.0
672,2782,214.81,1,2.0,0.0,0.0
673,2786,214.81,1,2.0,0.0,0.0
674,2791,214.81,1,2.0,0.0,0.0
675,2796,214.81,1,2.0,0.0,0.0
676,2800,214.81,1,2.0,0.0,0.0
677,2804,214.81,1,2.0,0.0,0.0
678,2809,214.81,1,2.0,0.0,0.0
679,2813,214.81,1,2.0,0.0,0.0
680,2818,203.09,1,2.0,0.0,0.0
681,2823,203.09,1,2.0,0.0,0.0
682,2828,203.09,1,2.0,0.0,0.0
683,2832,203.09,1,2.0,0.0,0.0
684,2837,203.09,1,2.0,0.0,0.0
685,2841,203.09,1,2.0,0.0,0.0
686,2845,203.09,1,2.0,0.0,0.0
687,2850,203.09,1,2.0,0.0,0.0
688,2854,203.09,1,2.0,0.0,0.0
689,2858,203.09,1,2.0,0.0,0.0
690,2862,190.98,1,2.0,0.0,0.0
691,2867,190.98,1,2.0,0.0,0.0
692,2871,190.98,1,2.0,0.0,0.0
693,2874,190.98,1,2.0,0.0,0.0
694,2879,190.98,1,2.0,0.0,0.0
695,2883,190.98,1,2.0,0.0,0.0
696,2887,190.98,1,2.0,0.0,0.0
697,2891,190.98,1,2.0,0.0,0.0
698,2897,190.98,1,2.0,0.0,0.0
699,2901,190.98,1,2.0,0.0,0.0
700,2906,179.92,1,2.0,0.0,0.0
701,2910,179.92,1,2.0,0.0,0.0
702,2914,179.92,1,2.0,0.0,0.0
703,2918,179.92,1,2.0,0.0,0.0
704,2924,179.92,1,2.0,0.0,0.0
705,2928,179.92,1,2.0,0.0,0.0
706,2932,179.92,1,2.0,0.0,0.0
707,2937,179.92,1,2.0,0.0,0.0
708,2942,179.92,1,2.0,0.0,0.0
709,2946,179.92,1,2.0,0.0,0.0
710,2952,167.68,1,2.0,0.0,0.0
711,2956,167.68,1,2.0,0.0,0.0
712,2960,167.68,1,2.0,0.0,0.0
713,2965,167.68,1,2.0,0.0,0.0
714,2969,167.68,1,2.0,0.0,0.0
715,2975,167.68,1,2.0,0.0,0.0
716,2979,167.68,1,2.0,0.0,0.0
717,2984,167.68,1,2.0,0.0,0.0
718,2988,167.68,1,2.0,0.0,0.0
719,2992,167.68,1,2.0,0.0,0.0
720,2997,155.97,1,2.0,0.0,0.0
721,3002,155.97,1,2.0,0.0,0.0
722,3006,155.97,1,2.0,0.0,0.0
723,3011,155.97,1,2.0,0.0,0.0
724,3016,155.97,1,2.0,0.0,0.0
725,3020,155.97,1,2.0,0.0,0.0
726,3024,155.97,1,2.0,0.0,0.0
727,3029,155.97,1,2.0,0.0,0.0
728,3033,155.97,1,2.0,0.0,0.0
729,3037,155.97,1,2.0,0.0,0.0
730,3042,144.19,1,2.0,0.0,0.0
731,3046,144.19,1,2.0,0.0,0.0
732,3051,144.19,1,2.0,0.0,0.0
733,3056,144.19,1,2.0,0.0,0.0
734,3060,144.19,1,2.0,0.0,0.0
735,3064,144.19,1,2.0,0.0,0.0
736,3070,144.19,1,2.0,0.0,0.0
737,3074,144.19,1,2.0,0.0,0.0
738,3078,144.19,1,2.0,0.0,0.0
739,3082,144.19,1,2.0,0.0,0.0
740,3087,132.41,1,2.0,0.0,0.0
741,3092,132.41,1,2.0,0.0,0.0
742,3096,132.41,1,2.0,0.0,0.0
743,3101,132.41,1,2.0,0.0,0.0
744,3105,132.41,1,2.0,0.0,0.0
745,3109,132.41,1,2.0,0.0,0.0
746,3114,132.41,1,2.0,0.0,0.0
747,3118,132.41,1,2.0,0.0,0.0
748,3122,132.41,1,2.0,0.0,0.0
749,3126,132.41,1,2.0,0.0,0.0
750,3131,120.95,1,2.0,0.0,0.0
751,3135,120.95,1,2.0,0.0,0.0
752,3139,120.95,1,2.0,0.0,0.0
753,3144,120.95,1,2.0,0.0,0.0
754,3149,120.95,1,2.0,0.0,0.0
755,3153,120.95,1,2.0,0.0,0.0
756,3158,120.95,1,2.0,0.0,0.0
757,3162,120.95,1,2.0,0.0,0.0
758,3167,120.95,1,2.0,0.0,0.0
759,3172,120.95,1,2.0,0.0,0.0
760,3176,109.1,1,2.0,0.0,0.0
761,3180,109.1,1,2.0,0.0,0.0
762,3184,109.1,1,2.0,0.0,0.0
763,3189,109.1,1,2.0,0.0,0.0
764,3193,109.1,1,2.0,0.0,0.0
765,3199,109.1,1,2.0,0.0,0.0
766,3203,109.1,1,2.0,0.0,0.0
767,3207,109.1,1,2.0,0.0,0.0
768,3211,109.1,1,2.0,0.0,0.0
769,3216,109.1,1,2.0,0.0,0.0
770,3220,97.65,1,2.0,0.0,0.0
771,3223,97.65,1,2.0,0.0,0.0
772,3228,97.65,1,2.0,0.0,0.0
773,3232,97.65,1,2.0,0.0,0.0
774,3236,97.65,1,2.0,0.0,0.0
775,3240,97.65,1,2.0,0.0,0.0
776,3245,97.65,1,2.0,0.0,0.0
777,3249,97.65,1,2.0,0.0,0.0
778,3254,97.65,1,2.0,0.0,0.0
779,3258,97.65,1,2.0,0.0,0.0
780,3262,86.79,1,2.0,0.0,0.0
781,3267,86.79,1,2.0,0.0,0.0
782,3270,86.79,1,2.0,0.0,0.0
783,3274,86.79,1,2.0,0.0,0.0
784,3278,86.79,1,2.0,0.0,0.0
785,3283,86.79,1,2.0,0.0,0.0
786,3287,86.79,1,2.0,0.0,0.0
787,3291,86.79,1,2.0,0.0,0.0
788,3296,86.79,1,2.0,0.0,0.0
789,3300,86.79,1,2.0,0.0,0.0
790,3304,75.79,1,2.0,0.0,0.0
791,3309,75.79,1,2.0,0.0,0.0
792,3313,75.79,1,2.0,0.0,0.0
793,3318,75.79,1,2.0,0.0,0.0
794,3322,75.79,1,2.0,0.0,0.0
795,3327,75.79,1,2.0,0.0,0.0
796,3331,75.79,1,2.0,0.0,0.0
797,3334,75.79,1,2.0,0.0,0.0
798,3339,75.79,1,2.0,0.0,0.0
799,3343,75.79,1,2.0,0.0,0.0
800,3347,64.47,1,2.0,0.0,0.0
801,3352,64.47,1,2.0,0.0,0.0
802,3356,64.47,1,2.0,0.0,0.0
803,3360,64.47,1,2.0,0.0,0.0
804,3366,64.47,1,2.0,0.0,0.0
805,3370,64.47,1,2.0,0.0,0.0
806,3374,64.47,1,2.0,0.0,0.0
807,3378,64.47,1,2.0,0.0,0.0
808,3383,64.47,1,2.0,0.0,0.0
809,3387,64.47,1,2.0,0.0,0.0
810,3392,52.88,1,2.0,0.0,0.0
811,3397,52.88,1,2.0,0.0,0.0
812,3401,52.88,1,2.0,0.0,0.0
813,3405,52.88,1,2.0,0.0,0.0
814,3410,52.88,1,2.0,0.0,0.0
815,3414,52.88,1,2.0,0.0,0.0
816,3418,52.88,1,2.0,0.0,0.0
817,3423,52.88,1,2.0,0.0,0.0
818,3427,52.88,1,2.0,0.0,0.0
819,3432,52.88,1,2.0,0.0,0.0
820,3437,41.04,1,2.0,0.0,0.0
821,3443,41.04,1,2.0,0.0,0.0
822,3447,41.04,1,2.0,0.0,0.0
823,3452,41.04,1,2.0,0.0,0.0
824,3456,41.04,1,2.0,0.0,0.0
825,3460,41.04,1,2.0,0.0,0.0
826,3463,41.04,1,2.0,0.0,0.0
827,3468,41.04,1,2.0,0.0,0.0
828,3472,41.04,1,2.0,0.0,0.0
829,3476,41.04,1,2.0,0.0,0.0
830,3481,29.26,1,2.0,0.0,0.0
831,3485,29.26,1,2.0,0.0,0.0
832,3489,29.26,1,2.0,0.0,0.0
833,3494,29.26,1,2.0,0.0,0.0
834,3498,29.26,1,2.0,0.0,0.0
835,3502,29.26,1,2.0,0.0,0.0
836,3507,29.26,1,2.0,0.0,0.0
837,3511,29.26,1,2.0,0.0,0.0
838,3514,29.26,1,2.0,0.0,0.0
839,3518,29.26,1,2.0,0.0,0.0
840,3523,18.46,1,2.0,0.0,0.0
841,3528,18.46,1,2.0,0.0,0.0
842,3532,18.46,1,2.0,0.0,0.0
843,3538,18.46,1,2.0,0.0,0.0
844,3542,18.46,1,2.0,0.0,0.0
845,3546,18.46,1,2.0,0.0,0.0
846,3551,18.46,1,2.0,0.0,0.0
847,3556,18.46,1,2.0,0.0,0.0
848,3560,18.46,1,2.0,0.0,0.0
849,3564,18.46,1,2.0,0.0,0.0
850,3569,6.15,1,2.0,0.0,0.0
851,3573,6.15,1,2.0,0.0,0.0
852,3577,6.15,1,2.0,0.0,0.0
853,3581,6.15,1,2.0,0.0,0.0
854,3586,6.15,1,2.0,0.0,0.0
855,3590,6.15,1,2.0,0.0,0.0
856,3594,6.15,1,2.0,0.0,0.0
857,3598,6.15,1,2.0,0.0,0.0
858,3602,6.15,1,2.0,0.0,0.0
859,3606,6.15,1,2.0,0.0,0.0
860,3609,-4.25,1,2.0,0.0,0.0
861,3613,-4.25,1,2.0,0.0,0.0
862,3617,-4.25,1,2.0,0.0,0.0
863,3620,-4.25,1,2.0,0.0,0.0
864,3623,-4.25,1,2.0,0.0,0.0
865,3627,-4.25,1,2.0,0.0,0.0
866,3630,-4.25,1,2.0,0.0,0.0
867,3633,-4.25,1,2.0,0.0,0.0
868,3636,-4.25,1,2.0,0.0,0.0
869,3638,-4.25,1,2.0,0.0,0.0
870,3641,-12.04,1,2.0,0.0,0.0
871,3643,-12.04,1,2.0,0.0,0.0
872,3645,-12.04,1,2.0,0.0,0.0
873,3647,-12.04,1,2.0,0.0,0.0
874,3649,-12.04,1,2.0,0.0,0.0
875,3651,-12.04,1,2.0,0.0,0.0
876,3652,-12.04,1,2.0,0.0,0.0
877,3653,-12.04,1,2.0,0.0,0.0
878,3654,-12.04,1,2.0,0.0,0.0
879,3655,-12.04,1,2.0,0.0,0.0
880,3656,-15.51,1,2.0,0.0,0.0
881,3656,-15.51,1,2.0,0.0,0.0
882,3657,-15.51,1,2.0,0.0,0.0
883,3657,-15.51,1,2.0,0.0,0.0
884,3657,-15.51,1,2.0,0.0,0.0
885,3657,-15.51,1,2.0,0.0,0.0
886,3657,-15.51,1,2.0,0.0,0.0
887,3656,-15.51,1,2.0,0.0,0.0
888,3656,-15.51,1,2.0,0.0,0.0
889,3655,-15.51,1,2.0,0.0,0.0
890,3654,-14.4,1,2.0,0.0,0.0
891,3653,-14.4,1,2.0,0.0,0.0
892,3652,-14.4,1,2.0,0.0,0.0
893,3651,-14.4,1,2.0,0.0,0.0
894,3650,-14.4,1,2.0,0.0,0.0
895,3648,-14.4,1,2.0,0.0,0.0
896,3647,-14.4,1,2.0,0.0,0.0
897,3645,-14.4,1,2.0,0.0,0.0
898,3643,-14.4,1,2.0,0.0,0.0
899,3642,-14.4,1,2.0,0.0,0.0
900,3640,-9.82,1,2.0,0.0,0.0
901,3638,-9.82,1,2.0,0.0,0.0
902,3636,-9.82,1,2.0,0.0,0.0
903,3634,-9.82,1,2.0,0.0,0.0
904,3631,-9.82,1,2.0,0.0,0.0
905,3629,-9.82,1,2.0,0.0,0.0
906,3627,-9.82,1,2.0,0.0,0.0
907,3625,-9.82,1,2.0,0.0,0.0
908,3622,-9.82,1,2.0,0.0,0.0
909,3620,-9.82,1,2.0,0.0,0.0
910,3618,-3.86,1,2.0,0.0,0.0
911,3615,-3.86,1,2.0,0.0,0.0
912,3613,-3.86,1,2.0,0.0,0.0
913,3611,-3.86,1,2.0,0.0,0.0
914,3608,-3.86,1,2.0,0.0,0.0
915,3606,-3.86,1,2.0,0.0,0.0
916,3604,-3.86,1,2.0,0.0,0.0
917,3602,-3.86,1,2.0,0.0,0.0
918,3599,-3.86,1,2.0,0.0,0.0
919,3597,-3.86,1,2.0,0.0,0.0
920,3595,2.29,1,2.0,0.0,0.0
921,3593,2.29,1,2.0,0.0,0.0
922,3591,2.29,1,2.0,0.0,0.0
923,3589,2.29,1,2.0,0.0,0.0
924,3587,2.29,1,2.0,0.0,0.0
925,3585,2.29,1,2.0,0.0,0.0
926,3584,2.29,1,2.0,0.0,0.0
927,3582,2.29,1,2.0,0.0,0.0
928,3581,2.29,1,2.0,0.0,0.0
929,3579,2.29,1,2.0,0.0,0.0
930,3578,6.68,1,2.0,0.0,0.0
931,3577,6.68,1,2.0,0.0,0.0
932,3576,6.68,1,2.0,0.0,0.0
933,3575,6.68,1,2.0,0.0,0.0
934,3574,6.68,1,2.0,0.0,0.0
935,3573,6.68,1,2.0,0.0,0.0
936,3572,6.68,1,2.0,0.0,0.0
937,3572,6.68,1,2.0,0.0,0.0
938,3572,6.68,1,2.0,0.0,0.0
939,3571,6.68,1,2.0,0.0,0.0
940,3571,8.12,1,2.0,0.0,0.0
941,3571,8.12,1,2.0,0.0,0.0
942,3571,8.12,1,2.0,0.0,0.0
943,3571,8.12,1,2.0,0.0,0.0
944,3572,8.12,1,2.0,0.0,0.0
945,3572,8.12,1,2.0,0.0,0.0
946,3573,8.12,1,2.0,0.0,0.0
947,3573,8.12,1,2.0,0.0,0.0
948,3574,8.12,1,2.0,0.0,0.0
949,3575,8.12,1,2.0,0.0,0.0
950,3576,6.28,1,2.0,0.0,0.0
951,3577,6.28,1,2.0,0.0,0.0
952,3578,6.28,1,2.0,0.0,0.0
953,3579,6.28,1,2.0,0.0,0.0
954,3580,6.28,1,2.0,0.0,0.0
955,3581,6.28,1,2.0,0.0,0.0
956,3582,6.28,1,2.0,0.0,0.0
957,3583,6.28,1,2.0,0.0,0.0
958,3585,6.28,1,2.0,0.0,0.0
959,3586,6.28,1,2.0,0.0,0.0
960,3587,2.95,1,2.0,0.0,0.0
961,3589,2.95,1,2.0,0.0,0.0
962,3590,2.95,1,2.0,0.0,0.0
963,3591,2.95,1,2.0,0.0,0.0
964,3593,2.95,1,2.0,0.0,0.0
965,3594,2.95,1,2.0,0.0,0.0
966,3595,2.95,1,2.0,0.0,0.0
967,3597,2.95,1,2.0,0.0,0.0
968,3598,2.95,1,2.0,0.0,0.0
969,3599,2.95,1,2.0,0.0,0.0
970,3600,-0.59,1,2.0,0.0,0.0
971,3602,-0.59,1,2.0,0.0,0.0
972,3603,-0.59,1,2.0,0.0,0.0
973,3604,-0.59,1,2.0,0.0,0.0
974,3605,-0.59,1,2.0,0.0,0.0
975,3606,-0.59,1,2.0,0.0,0.0
976,3607,-0.59,1,2.0,0.0,0.0
977,3608,-0.59,1,2.0,0.0,0.0
978,3609,-0.59,1,2.0,0.0,0.0
979,3610,-0.59,1,2.0,0.0,0.0
980,3611,-3.34,1,2.0,0.0,0.0
981,3611,-3.34,1,2.0,0.0,0.0
982,3612,-3.34,1,2.0,0.0,0.0
983,3613,-3.34,1,2.0,0.0,0.0
984,3613,-3.34,1,2.0,0.0,0.0
985,3614,-3.34,1,2.0,0.0,0.0
986,3614,-3.34,1,2.0,0.0,0.0
987,3614,-3.34,1,2.0,0.0,0.0
988,3615,-3.34,1,2.0,0.0,0.0
989,3615,-3.34,1,2.0,0.0,0.0
990,3615,-4.25,1,2.0,0.0,0.0
991,3615,-4.25,1,2.0,0.0,0.0
992,3615,-4.25,1,2.0,0.0,0.0
993,3615,-4.25,1,2.0,0.0,0.0
994,3615,-4.25,1,2.0,0.0,0.0
995,3615,-4.25,1,2.0,0.0,0.0
996,3615,-4.25,1,2.0,0.0,0.0
997,3614,-4.25,1,2.0,0.0,0.0
998,3614,-4.25,1,2.0,0.0,0.0
999,3614,-4.25,1,2.0,0.0,0.0
1000,3613,-3.6,1,2.0,0.0,0.0
1001,3613,-3.6,1,2.0,0.0,0.0
1002,3612,-3.6,1,2.0,0.0,0.0
1003,3612,-3.6,1,2.0,0.0,0.0
1004,3611,-3.6,1,2.0,0.0,0.0
1005,3611,-3.6,1,2.0,0.0,0.0
1006,3610,-3.6,1,2.0,0.0,0.0
1007,3609,-3.6,1,2.0,0.0,0.0
1008,3609,-3.6,1,2.0,0.0,0.0
1009,3608,-3.6,1,2.0,0.0,0.0
1010,3607,-1.7,1,2.0,0.0,0.0
1011,3607,-1.7,1,2.0,0.0,0.0
1012,3606,-1.7,1,2.0,0.0,0.0
1013,3605,-1.7,1,2.0,0.0,0.0
1014,3604,-1.7,1,2.0,0.0,0.0
1015,3604,-1.7,1,2.0,0.0,0.0
1016,3603,-1.7,1,2.0,0.0,0.0
1017,3602,-1.7,1,2.0,0.0,0.0
1018,3602,-1.7,1,2.0,0.0,0.0
1019,3601,-1.7,1,2.0,0.0,0.0
