TIME,PULSES,CONTROLLERVOLTAGE,CONTROLLER,KP,TAUD,TAUI 
0,0,0.0,0,2.5,0.0,0.0
1,0,0.0,0,2.5,0.0,0.0
2,0,0.0,0,2.5,0.0,0.0
3,0,0.0,0,2.5,0.0,0.0
4,0,0.0,0,2.5,0.0,0.0
5,0,0.0,0,2.5,0.0,0.0
6,0,0.0,0,2.5,0.0,0.0
7,0,0.0,0,2.5,0.0,0.0
8,0,0.0,0,2.5,0.0,0.0
9,0,0.0,0,2.5,0.0,0.0
10,0,1178.1,0,2.5,0.0,0.0
11,0,1178.1,0,2.5,0.0,0.0
12,1,1178.1,0,2.5,0.0,0.0
13,1,1178.1,0,2.5,0.0,0.0
14,1,1178.1,0,2.5,0.0,0.0
15,2,1178.1,0,2.5,0.0,0.0
16,2,1178.1,0,2.5,0.0,0.0
17,3,1178.1,0,2.5,0.0,0.0
18,4,1178.1,0,2.5,0.0,0.0
19,5,1178.1,0,2.5,0.0,0.0
20,6,1176.46,0,2.5,0.0,0.0
21,7,1176.46,0,2.5,0.0,0.0
22,9,1176.46,0,2.5,0.0,0.0
23,10,1176.46,0,2.5,0.0,0.0
24,12,1176.46,0,2.5,0.0,0.0
25,13,1176.46,0,2.5,0.0,0.0
26,15,1176.46,0,2.5,0.0,0.0
27,17,1176.46,0,2.5,0.0,0.0
28,19,1176.46,0,2.5,0.0,0.0
29,21,1176.46,0,2.5,0.0,0.0
30,23,1171.23,0,2.5,0.0,0.0
31,25,1171.23,0,2.5,0.0,0.0
32,27,1171.23,0,2.5,0.0,0.0
33,29,1171.23,0,2.5,0.0,0.0
34,32,1171.23,0,2.5,0.0,0.0
35,34,1171.23,0,2.5,0.0,0.0
36,37,1171.23,0,2.5,0.0,0.0
37,39,1171.23,0,2.5,0.0,0.0
38,42,1171.23,0,2.5,0.0,0.0
39,45,1171.23,0,2.5,0.0,0.0
40,47,1163.37,0,2.5,0.0,0.0
41,50,1163.37,0,2.5,0.0,0.0
42,53,1163.37,0,2.5,0.0,0.0
43,56,1163.37,0,2.5,0.0,0.0
44,59,1163.37,0,2.5,0.0,0.0
45,61,1163.37,0,2.5,0.0,0.0
46,64,1163.37,0,2.5,0.0,0.0
47,67,1163.37,0,2.5,0.0,0.0
48,70,1163.37,0,2.5,0.0,0.0
49,73,1163.37,0,2.5,0.0,0.0
50,77,1153.88,0,2.5,0.0,0.0
51,80,1153.88,0,2.5,0.0,0.0
52,83,1153.88,0,2.5,0.0,0.0
53,86,1153.88,0,2.5,0.0,0.0
54,90,1153.88,0,2.5,0.0,0.0
55,93,1153.88,0,2.5,0.0,0.0
56,96,1153.88,0,2.5,0.0,0.0
57,100,1153.88,0,2.5,0.0,0.0
58,103,1153.88,0,2.5,0.0,0.0
59,106,1153.88,0,2.5,0.0,0.0
60,110,1143.08,0,2.5,0.0,0.0
61,113,1143.08,0,2.5,0.0,0.0
62,117,1143.08,0,2.5,0.0,0.0
63,120,1143.08,0,2.5,0.0,0.0
64,124,1143.08,0,2.5,0.0,0.0
65,127,1143.08,0,2.5,0.0,0.0
66,131,1143.08,0,2.5,0.0,0.0
67,135,1143.08,0,2.5,0.0,0.0
68,138,1143.08,0,2.5,0.0,0.0
69,142,1143.08,0,2.5,0.0,0.0
70,146,1131.63,0,2.5,0.0,0.0
71,149,1131.63,0,2.5,0.0,0.0
72,153,1131.63,0,2.5,0.0,0.0
73,157,1131.63,0,2.5,0.0,0.0
74,160,1131.63,0,2.5,0.0,0.0
75,164,1131.63,0,2.5,0.0,0.0
76,168,1131.63,0,2.5,0.0,0.0
77,172,1131.63,0,2.5,0.0,0.0
78,176,1131.63,0,2.5,0.0,0.0
79,179,1131.63,0,2.5,0.0,0.0
80,183,1119.19,0,2.5,0.0,0.0
81,187,1119.19,0,2.5,0.0,0.0
82,191,1119.19,0,2.5,0.0,0.0
83,196,1119.19,0,2.5,0.0,0.0
84,200,1119.19,0,2.5,0.0,0.0
85,204,1119.19,0,2.5,0.0,0.0
86,208,1119.19,0,2.5,0.0,0.0
87,212,1119.19,0,2.5,0.0,0.0
88,216,1119.19,0,2.5,0.0,0.0
89,220,1119.19,0,2.5,0.0,0.0
90,224,1105.78,0,2.5,0.0,0.0
91,228,1105.78,0,2.5,0.0,0.0
92,232,1105.78,0,2.5,0.0,0.0
93,236,1105.78,0,2.5,0.0,0.0
94,240,1105.78,0,2.5,0.0,0.0
95,244,1105.78,0,2.5,0.0,0.0
96,248,1105.78,0,2.5,0.0,0.0
97,252,1105.78,0,2.5,0.0,0.0
98,256,1105.78,0,2.5,0.0,0.0
99,261,1105.78,0,2.5,0.0,0.0
100,265,1092.36,0,2.5,0.0,0.0
101,269,1092.36,0,2.5,0.0,0.0
102,273,1092.36,0,2.5,0.0,0.0
103,277,1092.36,0,2.5,0.0,0.0
104,282,1092.36,0,2.5,0.0,0.0
105,287,1092.36,0,2.5,0.0,0.0
106,291,1092.36,0,2.5,0.0,0.0
107,295,1092.36,0,2.5,0.0,0.0
108,299,1092.36,0,2.5,0.0,0.0
109,303,1092.36,0,2.5,0.0,0.0
110,307,1078.94,0,2.5,0.0,0.0
111,311,1078.94,0,2.5,0.0,0.0
112,315,1078.94,0,2.5,0.0,0.0
113,319,1078.94,0,2.5,0.0,0.0
114,324,1078.94,0,2.5,0.0,0.0
115,328,1078.94,0,2.5,0.0,0.0
116,332,1078.94,0,2.5,0.0,0.0
117,336,1078.94,0,2.5,0.0,0.0
118,340,1078.94,0,2.5,0.0,0.0
119,344,1078.94,0,2.5,0.0,0.0
120,348,1065.2,0,2.5,0.0,0.0
121,353,1065.2,0,2.5,0.0,0.0
122,357,1065.2,0,2.5,0.0,0.0
123,361,1065.2,0,2.5,0.0,0.0
124,365,1065.2,0,2.5,0.0,0.0
125,369,1065.2,0,2.5,0.0,0.0
126,373,1065.2,0,2.5,0.0,0.0
127,378,1065.2,0,2.5,0.0,0.0
128,382,1065.2,0,2.5,0.0,0.0
129,386,1065.2,0,2.5,0.0,0.0
130,390,1051.78,0,2.5,0.0,0.0
131,394,1051.78,0,2.5,0.0,0.0
132,399,1051.78,0,2.5,0.0,0.0
133,403,1051.78,0,2.5,0.0,0.0
134,408,1051.78,0,2.5,0.0,0.0
135,412,1051.78,0,2.5,0.0,0.0
136,416,1051.78,0,2.5,0.0,0.0
137,421,1051.78,0,2.5,0.0,0.0
138,425,1051.78,0,2.5,0.0,0.0
139,429,1051.78,0,2.5,0.0,0.0
140,433,1037.71,0,2.5,0.0,0.0
141,438,1037.71,0,2.5,0.0,0.0
142,442,1037.71,0,2.5,0.0,0.0
143,446,1037.71,0,2.5,0.0,0.0
144,450,1037.71,0,2.5,0.0,0.0
145,455,1037.71,0,2.5,0.0,0.0
146,460,1037.71,0,2.5,0.0,0.0
147,464,1037.71,0,2.5,0.0,0.0
148,468,1037.71,0,2.5,0.0,0.0
149,472,1037.71,0,2.5,0.0,0.0
150,477,1023.31,0,2.5,0.0,0.0
151,481,1023.31,0,2.5,0.0,0.0
152,485,1023.31,0,2.5,0.0,0.0
153,489,1023.31,0,2.5,0.0,0.0
154,494,1023.31,0,2.5,0.0,0.0
155,498,1023.31,0,2.5,0.0,0.0
156,502,1023.31,0,2.5,0.0,0.0
157,507,1023.31,0,2.5,0.0,0.0
158,512,1023.31,0,2.5,0.0,0.0
159,516,1023.31,0,2.5,0.0,0.0
160,520,1009.24,0,2.5,0.0,0.0
161,524,1009.24,0,2.5,0.0,0.0
162,529,1009.24,0,2.5,0.0,0.0
163,533,1009.24,0,2.5,0.0,0.0
164,537,1009.24,0,2.5,0.0,0.0
165,541,1009.24,0,2.5,0.0,0.0
166,546,1009.24,0,2.5,0.0,0.0
167,550,1009.24,0,2.5,0.0,0.0
168,555,1009.24,0,2.5,0.0,0.0
169,559,1009.24,0,2.5,0.0,0.0
170,564,994.84,0,2.5,0.0,0.0
171,568,994.84,0,2.5,0.0,0.0
172,572,994.84,0,2.5,0.0,0.0
173,577,994.84,0,2.5,0.0,0.0
174,581,994.84,0,2.5,0.0,0.0
175,585,994.84,0,2.5,0.0,0.0
176,589,994.84,0,2.5,0.0,0.0
177,594,994.84,0,2.5,0.0,0.0
178,598,994.84,0,2.5,0.0,0.0
179,603,994.84,0,2.5,0.0,0.0
180,607,980.77,0,2.5,0.0,0.0
181,612,980.77,0,2.5,0.0,0.0
182,616,980.77,0,2.5,0.0,0.0
183,620,980.77,0,2.5,0.0,0.0
184,625,980.77,0,2.5,0.0,0.0
185,629,980.77,0,2.5,0.0,0.0
186,633,980.77,0,2.5,0.0,0.0
187,637,980.77,0,2.5,0.0,0.0
188,642,980.77,0,2.5,0.0,0.0
189,646,980.77,0,2.5,0.0,0.0
190,651,966.69,0,2.5,0.0,0.0
191,655,966.69,0,2.5,0.0,0.0
192,660,966.69,0,2.5,0.0,0.0
193,664,966.69,0,2.5,0.0,0.0
194,668,966.69,0,2.5,0.0,0.0
195,673,966.69,0,2.5,0.0,0.0
196,677,966.69,0,2.5,0.0,0.0
197,681,966.69,0,2.5,0.0,0.0
198,686,966.69,0,2.5,0.0,0.0
199,690,966.69,0,2.5,0.0,0.0
200,694,952.3,0,2.5,0.0,0.0
201,697,952.3,0,2.5,0.0,0.0
202,702,952.3,0,2.5,0.0,0.0
203,706,952.3,0,2.5,0.0,0.0
204,710,952.3,0,2.5,0.0,0.0
205,714,952.3,0,2.5,0.0,0.0
206,719,952.3,0,2.5,0.0,0.0
207,723,952.3,0,2.5,0.0,0.0
208,727,952.3,0,2.5,0.0,0.0
209,732,952.3,0,2.5,0.0,0.0
210,736,938.55,0,2.5,0.0,0.0
211,740,938.55,0,2.5,0.0,0.0
212,744,938.55,0,2.5,0.0,0.0
213,750,938.55,0,2.5,0.0,0.0
214,754,938.55,0,2.5,0.0,0.0
215,758,938.55,0,2.5,0.0,0.0
216,763,938.55,0,2.5,0.0,0.0
217,767,938.55,0,2.5,0.0,0.0
218,771,938.55,0,2.5,0.0,0.0
219,776,938.55,0,2.5,0.0,0.0
220,780,924.15,0,2.5,0.0,0.0
221,784,924.15,0,2.5,0.0,0.0
222,789,924.15,0,2.5,0.0,0.0
223,793,924.15,0,2.5,0.0,0.0
224,797,924.15,0,2.5,0.0,0.0
225,801,924.15,0,2.5,0.0,0.0
226,806,924.15,0,2.5,0.0,0.0
227,810,924.15,0,2.5,0.0,0.0
228,814,924.15,0,2.5,0.0,0.0
229,819,924.15,0,2.5,0.0,0.0
230,823,910.08,0,2.5,0.0,0.0
231,827,910.08,0,2.5,0.0,0.0
232,831,910.08,0,2.5,0.0,0.0
233,836,910.08,0,2.5,0.0,0.0
234,840,910.08,0,2.5,0.0,0.0
235,844,910.08,0,2.5,0.0,0.0
236,849,910.08,0,2.5,0.0,0.0
237,853,910.08,0,2.5,0.0,0.0
238,857,910.08,0,2.5,0.0,0.0
239,861,910.08,0,2.5,0.0,0.0
240,866,896.01,0,2.5,0.0,0.0
241,870,896.01,0,2.5,0.0,0.0
242,874,896.01,0,2.5,0.0,0.0
243,879,896.01,0,2.5,0.0,0.0
244,883,896.01,0,2.5,0.0,0.0
245,887,896.01,0,2.5,0.0,0.0
246,893,896.01,0,2.5,0.0,0.0
247,897,896.01,0,2.5,0.0,0.0
248,901,896.01,0,2.5,0.0,0.0
249,905,896.01,0,2.5,0.0,0.0
250,910,881.61,0,2.5,0.0,0.0
251,914,881.61,0,2.5,0.0,0.0
252,918,881.61,0,2.5,0.0,0.0
253,923,881.61,0,2.5,0.0,0.0
254,927,881.61,0,2.5,0.0,0.0
255,931,881.61,0,2.5,0.0,0.0
256,936,881.61,0,2.5,0.0,0.0
257,940,881.61,0,2.5,0.0,0.0
258,944,881.61,0,2.5,0.0,0.0
259,948,881.61,0,2.5,0.0,0.0
260,953,867.54,0,2.5,0.0,0.0
261,957,867.54,0,2.5,0.0,0.0
262,961,867.54,0,2.5,0.0,0.0
263,966,867.54,0,2.5,0.0,0.0
264,970,867.54,0,2.5,0.0,0.0
265,974,867.54,0,2.5,0.0,0.0
266,978,867.54,0,2.5,0.0,0.0
267,983,867.54,0,2.5,0.0,0.0
268,987,867.54,0,2.5,0.0,0.0
269,990,867.54,0,2.5,0.0,0.0
270,995,853.79,0,2.5,0.0,0.0
271,999,853.79,0,2.5,0.0,0.0
272,1003,853.79,0,2.5,0.0,0.0
273,1008,853.79,0,2.5,0.0,0.0
274,1012,853.79,0,2.5,0.0,0.0
275,1016,853.79,0,2.5,0.0,0.0
276,1021,853.79,0,2.5,0.0,0.0
277,1025,853.79,0,2.5,0.0,0.0
278,1029,853.79,0,2.5,0.0,0.0
279,1033,853.79,0,2.5,0.0,0.0
280,1037,839.72,0,2.5,0.0,0.0
281,1041,839.72,0,2.5,0.0,0.0
282,1045,839.72,0,2.5,0.0,0.0
283,1050,839.72,0,2.5,0.0,0.0
284,1054,839.72,0,2.5,0.0,0.0
285,1058,839.72,0,2.5,0.0,0.0
286,1062,839.72,0,2.5,0.0,0.0
287,1067,839.72,0,2.5,0.0,0.0
288,1071,839.72,0,2.5,0.0,0.0
289,1075,839.72,0,2.5,0.0,0.0
290,1080,825.98,0,2.5,0.0,0.0
291,1083,825.98,0,2.5,0.0,0.0
292,1087,825.98,0,2.5,0.0,0.0
293,1092,825.98,0,2.5,0.0,0.0
294,1096,825.98,0,2.5,0.0,0.0
295,1100,825.98,0,2.5,0.0,0.0
296,1104,825.98,0,2.5,0.0,0.0
297,1109,825.98,0,2.5,0.0,0.0
298,1113,825.98,0,2.5,0.0,0.0
299,1117,825.98,0,2.5,0.0,0.0
300,1122,812.23,0,2.5,0.0,0.0
301,1126,812.23,0,2.5,0.0,0.0
302,1130,812.23,0,2.5,0.0,0.0
303,1135,812.23,0,2.5,0.0,0.0
304,1139,812.23,0,2.5,0.0,0.0
305,1143,812.23,0,2.5,0.0,0.0
306,1147,812.23,0,2.5,0.0,0.0
307,1152,812.23,0,2.5,0.0,0.0
308,1156,812.23,0,2.5,0.0,0.0
309,1160,812.23,0,2.5,0.0,0.0
310,1165,798.16,0,2.5,0.0,0.0
311,1169,798.16,0,2.5,0.0,0.0
312,1173,798.16,0,2.5,0.0,0.0
313,1179,798.16,0,2.5,0.0,0.0
314,1183,798.16,0,2.5,0.0,0.0
315,1187,798.16,0,2.5,0.0,0.0
316,1191,798.16,0,2.5,0.0,0.0
317,1196,798.16,0,2.5,0.0,0.0
318,1200,798.16,0,2.5,0.0,0.0
319,1204,798.16,0,2.5,0.0,0.0
320,1209,783.76,0,2.5,0.0,0.0
321,1213,783.76,0,2.5,0.0,0.0
322,1217,783.76,0,2.5,0.0,0.0
323,1222,783.76,0,2.5,0.0,0.0
324,1226,783.76,0,2.5,0.0,0.0
325,1230,783.76,0,2.5,0.0,0.0
326,1234,783.76,0,2.5,0.0,0.0
327,1239,783.76,0,2.5,0.0,0.0
328,1243,783.76,0,2.5,0.0,0.0
329,1247,783.76,0,2.5,0.0,0.0
330,1252,769.69,0,2.5,0.0,0.0
331,1256,769.69,0,2.5,0.0,0.0
332,1260,769.69,0,2.5,0.0,0.0
333,1265,769.69,0,2.5,0.0,0.0
334,1269,769.69,0,2.5,0.0,0.0
335,1273,769.69,0,2.5,0.0,0.0
336,1278,769.69,0,2.5,0.0,0.0
337,1283,769.69,0,2.5,0.0,0.0
338,1287,769.69,0,2.5,0.0,0.0
339,1291,769.69,0,2.5,0.0,0.0
340,1296,755.29,0,2.5,0.0,0.0
341,1300,755.29,0,2.5,0.0,0.0
342,1304,755.29,0,2.5,0.0,0.0
343,1309,755.29,0,2.5,0.0,0.0
344,1313,755.29,0,2.5,0.0,0.0
345,1317,755.29,0,2.5,0.0,0.0
346,1322,755.29,0,2.5,0.0,0.0
347,1326,755.29,0,2.5,0.0,0.0
348,1330,755.29,0,2.5,0.0,0.0
349,1334,755.29,0,2.5,0.0,0.0
350,1339,741.22,0,2.5,0.0,0.0
351,1343,741.22,0,2.5,0.0,0.0
352,1347,741.22,0,2.5,0.0,0.0
353,1352,741.22,0,2.5,0.0,0.0
354,1356,741.22,0,2.5,0.0,0.0
355,1360,741.22,0,2.5,0.0,0.0
356,1365,741.22,0,2.5,0.0,0.0
357,1369,741.22,0,2.5,0.0,0.0
358,1373,741.22,0,2.5,0.0,0.0
359,1377,741.22,0,2.5,0.0,0.0
360,1382,727.15,0,2.5,0.0,0.0
361,1386,727.15,0,2.5,0.0,0.0
362,1390,727.15,0,2.5,0.0,0.0
363,1395,727.15,0,2.5,0.0,0.0
364,1399,727.15,0,2.5,0.0,0.0
365,1403,727.15,0,2.5,0.0,0.0
366,1408,727.15,0,2.5,0.0,0.0
367,1412,727.15,0,2.5,0.0,0.0
368,1416,727.15,0,2.5,0.0,0.0
369,1420,727.15,0,2.5,0.0,0.0
370,1424,713.4,0,2.5,0.0,0.0
371,1428,713.4,0,2.5,0.0,0.0
372,1433,713.4,0,2.5,0.0,0.0
373,1437,713.4,0,2.5,0.0,0.0
374,1441,713.4,0,2.5,0.0,0.0
375,1445,713.4,0,2.5,0.0,0.0
376,1451,713.4,0,2.5,0.0,0.0
377,1455,713.4,0,2.5,0.0,0.0
378,1459,713.4,0,2.5,0.0,0.0
379,1464,713.4,0,2.5,0.0,0.0
380,1468,699.0,0,2.5,0.0,0.0
381,1472,699.0,0,2.5,0.0,0.0
382,1477,699.0,0,2.5,0.0,0.0
383,1481,699.0,0,2.5,0.0,0.0
384,1485,699.0,0,2.5,0.0,0.0
385,1490,699.0,0,2.5,0.0,0.0
386,1494,699.0,0,2.5,0.0,0.0
387,1498,699.0,0,2.5,0.0,0.0
388,1502,699.0,0,2.5,0.0,0.0
389,1507,699.0,0,2.5,0.0,0.0
390,1511,684.93,0,2.5,0.0,0.0
391,1515,684.93,0,2.5,0.0,0.0
392,1520,684.93,0,2.5,0.0,0.0
393,1524,684.93,0,2.5,0.0,0.0
394,1528,684.93,0,2.5,0.0,0.0
395,1532,684.93,0,2.5,0.0,0.0
396,1537,684.93,0,2.5,0.0,0.0
397,1541,684.93,0,2.5,0.0,0.0
398,1546,684.93,0,2.5,0.0,0.0
399,1550,684.93,0,2.5,0.0,0.0
400,1554,670.86,0,2.5,0.0,0.0
401,1558,670.86,0,2.5,0.0,0.0
402,1564,670.86,0,2.5,0.0,0.0
403,1568,670.86,0,2.5,0.0,0.0
404,1572,670.86,0,2.5,0.0,0.0
405,1576,670.86,0,2.5,0.0,0.0
406,1581,670.86,0,2.5,0.0,0.0
407,1585,670.86,0,2.5,0.0,0.0
408,1590,670.86,0,2.5,0.0,0.0
409,1594,670.86,0,2.5,0.0,0.0
410,1598,656.46,0,2.5,0.0,0.0
411,1602,656.46,0,2.5,0.0,0.0
412,1607,656.46,0,2.5,0.0,0.0
413,1611,656.46,0,2.5,0.0,0.0
414,1616,656.46,0,2.5,0.0,0.0
415,1621,656.46,0,2.5,0.0,0.0
416,1625,656.46,0,2.5,0.0,0.0
417,1629,656.46,0,2.5,0.0,0.0
418,1634,656.46,0,2.5,0.0,0.0
419,1638,656.46,0,2.5,0.0,0.0
420,1642,642.06,0,2.5,0.0,0.0
421,1647,642.06,0,2.5,0.0,0.0
422,1651,642.06,0,2.5,0.0,0.0
423,1655,642.06,0,2.5,0.0,0.0
424,1659,642.06,0,2.5,0.0,0.0
425,1666,642.06,0,2.5,0.0,0.0
426,1670,642.06,0,2.5,0.0,0.0
427,1674,642.06,0,2.5,0.0,0.0
428,1679,642.06,0,2.5,0.0,0.0
429,1683,642.06,0,2.5,0.0,0.0
430,1687,627.34,0,2.5,0.0,0.0
431,1692,627.34,0,2.5,0.0,0.0
432,1696,627.34,0,2.5,0.0,0.0
433,1700,627.34,0,2.5,0.0,0.0
434,1705,627.34,0,2.5,0.0,0.0
435,1709,627.34,0,2.5,0.0,0.0
436,1714,627.34,0,2.5,0.0,0.0
437,1718,627.34,0,2.5,0.0,0.0
438,1723,627.34,0,2.5,0.0,0.0
439,1727,627.34,0,2.5,0.0,0.0
440,1731,612.94,0,2.5,0.0,0.0
441,1736,612.94,0,2.5,0.0,0.0
442,1740,612.94,0,2.5,0.0,0.0
443,1743,612.94,0,2.5,0.0,0.0
444,1748,612.94,0,2.5,0.0,0.0
445,1752,612.94,0,2.5,0.0,0.0
446,1756,612.94,0,2.5,0.0,0.0
447,1759,612.94,0,2.5,0.0,0.0
448,1764,612.94,0,2.5,0.0,0.0
449,1768,612.94,0,2.5,0.0,0.0
450,1772,599.52,0,2.5,0.0,0.0
451,1777,599.52,0,2.5,0.0,0.0
452,1781,599.52,0,2.5,0.0,0.0
453,1785,599.52,0,2.5,0.0,0.0
454,1790,599.52,0,2.5,0.0,0.0
455,1794,599.52,0,2.5,0.0,0.0
456,1798,599.52,0,2.5,0.0,0.0
457,1803,599.52,0,2.5,0.0,0.0
458,1807,599.52,0,2.5,0.0,0.0
459,1811,599.52,0,2.5,0.0,0.0
460,1815,585.45,0,2.5,0.0,0.0
461,1820,585.45,0,2.5,0.0,0.0
462,1824,585.45,0,2.5,0.0,0.0
463,1828,585.45,0,2.5,0.0,0.0
464,1833,585.45,0,2.5,0.0,0.0
465,1837,585.45,0,2.5,0.0,0.0
466,1841,585.45,0,2.5,0.0,0.0
467,1846,585.45,0,2.5,0.0,0.0
468,1850,585.45,0,2.5,0.0,0.0
469,1854,585.45,0,2.5,0.0,0.0
470,1858,571.38,0,2.5,0.0,0.0
471,1863,571.38,0,2.5,0.0,0.0
472,1867,571.38,0,2.5,0.0,0.0
473,1871,571.38,0,2.5,0.0,0.0
474,1876,571.38,0,2.5,0.0,0.0
475,1880,571.38,0,2.5,0.0,0.0
476,1884,571.38,0,2.5,0.0,0.0
477,1889,571.38,0,2.5,0.0,0.0
478,1893,571.38,0,2.5,0.0,0.0
479,1897,571.38,0,2.5,0.0,0.0
480,1902,556.98,0,2.5,0.0,0.0
481,1906,556.98,0,2.5,0.0,0.0
482,1910,556.98,0,2.5,0.0,0.0
483,1914,556.98,0,2.5,0.0,0.0
484,1919,556.98,0,2.5,0.0,0.0
485,1923,556.98,0,2.5,0.0,0.0
486,1928,556.98,0,2.5,0.0,0.0
487,1932,556.98,0,2.5,0.0,0.0
488,1936,556.98,0,2.5,0.0,0.0
489,1940,556.98,0,2.5,0.0,0.0
490,1945,542.91,0,2.5,0.0,0.0
491,1949,542.91,0,2.5,0.0,0.0
492,1954,542.91,0,2.5,0.0,0.0
493,1959,542.91,0,2.5,0.0,0.0
494,1963,542.91,0,2.5,0.0,0.0
495,1967,542.91,0,2.5,0.0,0.0
496,1972,542.91,0,2.5,0.0,0.0
497,1976,542.91,0,2.5,0.0,0.0
498,1980,542.91,0,2.5,0.0,0.0
499,1985,542.91,0,2.5,0.0,0.0
500,1989,528.51,0,2.5,0.0,0.0
501,1993,528.51,0,2.5,0.0,0.0
502,1997,528.51,0,2.5,0.0,0.0
503,2002,528.51,0,2.5,0.0,0.0
504,2006,528.51,0,2.5,0.0,0.0
505,2010,528.51,0,2.5,0.0,0.0
506,2015,528.51,0,2.5,0.0,0.0
507,2019,528.51,0,2.5,0.0,0.0
508,2023,528.51,0,2.5,0.0,0.0
509,2028,528.51,0,2.5,0.0,0.0
510,2032,514.44,0,2.5,0.0,0.0
511,2036,514.44,0,2.5,0.0,0.0
512,2041,514.44,0,2.5,0.0,0.0
513,2045,514.44,0,2.5,0.0,0.0
514,2049,514.44,0,2.5,0.0,0.0
515,2053,514.44,0,2.5,0.0,0.0
516,2058,514.44,0,2.5,0.0,0.0
517,2062,514.44,0,2.5,0.0,0.0
518,2066,514.44,0,2.5,0.0,0.0
519,2071,514.44,0,2.5,0.0,0.0
520,2075,500.36,0,2.5,0.0,0.0
521,2078,500.36,0,2.5,0.0,0.0
522,2083,500.36,0,2.5,0.0,0.0
523,2087,500.36,0,2.5,0.0,0.0
524,2091,500.36,0,2.5,0.0,0.0
525,2097,500.36,0,2.5,0.0,0.0
526,2101,500.36,0,2.5,0.0,0.0
527,2105,500.36,0,2.5,0.0,0.0
528,2109,500.36,0,2.5,0.0,0.0
529,2114,500.36,0,2.5,0.0,0.0
530,2118,486.29,0,2.5,0.0,0.0
531,2122,486.29,0,2.5,0.0,0.0
532,2126,486.29,0,2.5,0.0,0.0
533,2130,486.29,0,2.5,0.0,0.0
534,2134,486.29,0,2.5,0.0,0.0
535,2139,486.29,0,2.5,0.0,0.0
536,2143,486.29,0,2.5,0.0,0.0
537,2147,486.29,0,2.5,0.0,0.0
538,2151,486.29,0,2.5,0.0,0.0
539,2156,486.29,0,2.5,0.0,0.0
540,2160,472.55,0,2.5,0.0,0.0
541,2164,472.55,0,2.5,0.0,0.0
542,2169,472.55,0,2.5,0.0,0.0
543,2173,472.55,0,2.5,0.0,0.0
544,2177,472.55,0,2.5,0.0,0.0
545,2182,472.55,0,2.5,0.0,0.0
546,2186,472.55,0,2.5,0.0,0.0
547,2189,472.55,0,2.5,0.0,0.0
548,2194,472.55,0,2.5,0.0,0.0
549,2198,472.55,0,2.5,0.0,0.0
550,2202,458.8,0,2.5,0.0,0.0
551,2206,458.8,0,2.5,0.0,0.0
552,2211,458.8,0,2.5,0.0,0.0
553,2215,458.8,0,2.5,0.0,0.0
554,2220,458.8,0,2.5,0.0,0.0
555,2225,458.8,0,2.5,0.0,0.0
556,2229,458.8,0,2.5,0.0,0.0
557,2233,458.8,0,2.5,0.0,0.0
558,2238,458.8,0,2.5,0.0,0.0
559,2242,458.8,0,2.5,0.0,0.0
560,2246,444.4,0,2.5,0.0,0.0
561,2251,444.4,0,2.5,0.0,0.0
562,2255,444.4,0,2.5,0.0,0.0
563,2259,444.4,0,2.5,0.0,0.0
564,2264,444.4,0,2.5,0.0,0.0
565,2268,444.4,0,2.5,0.0,0.0
566,2272,444.4,0,2.5,0.0,0.0
567,2276,444.4,0,2.5,0.0,0.0
568,2281,444.4,0,2.5,0.0,0.0
569,2285,444.4,0,2.5,0.0,0.0
570,2290,430.01,0,2.5,0.0,0.0
571,2295,430.01,0,2.5,0.0,0.0
572,2299,430.01,0,2.5,0.0,0.0
573,2303,430.01,0,2.5,0.0,0.0
574,2308,430.01,0,2.5,0.0,0.0
575,2312,430.01,0,2.5,0.0,0.0
576,2316,430.01,0,2.5,0.0,0.0
577,2321,430.01,0,2.5,0.0,0.0
578,2325,430.01,0,2.5,0.0,0.0
579,2329,430.01,0,2.5,0.0,0.0
580,2333,415.93,0,2.5,0.0,0.0
581,2337,415.93,0,2.5,0.0,0.0
582,2341,415.93,0,2.5,0.0,0.0
583,2345,415.93,0,2.5,0.0,0.0
584,2350,415.93,0,2.5,0.0,0.0
585,2354,415.93,0,2.5,0.0,0.0
586,2358,415.93,0,2.5,0.0,0.0
587,2363,415.93,0,2.5,0.0,0.0
588,2367,415.93,0,2.5,0.0,0.0
589,2371,415.93,0,2.5,0.0,0.0
590,2376,401.86,0,2.5,0.0,0.0
591,2380,401.86,0,2.5,0.0,0.0
592,2384,401.86,0,2.5,0.0,0.0
593,2388,401.86,0,2.5,0.0,0.0
594,2393,401.86,0,2.5,0.0,0.0
595,2397,401.86,0,2.5,0.0,0.0
596,2401,401.86,0,2.5,0.0,0.0
597,2406,401.86,0,2.5,0.0,0.0
598,2410,401.86,0,2.5,0.0,0.0
599,2415,401.86,0,2.5,0.0,0.0
600,2420,387.46,0,2.5,0.0,0.0
601,2424,387.46,0,2.5,0.0,0.0
602,2428,387.46,0,2.5,0.0,0.0
603,2432,387.46,0,2.5,0.0,0.0
604,2437,387.46,0,2.5,0.0,0.0
605,2441,387.46,0,2.5,0.0,0.0
606,2445,387.46,0,2.5,0.0,0.0
607,2450,387.46,0,2.5,0.0,0.0
608,2454,387.46,0,2.5,0.0,0.0
609,2458,387.46,0,2.5,0.0,0.0
610,2464,373.39,0,2.5,0.0,0.0
611,2468,373.39,0,2.5,0.0,0.0
612,2472,373.39,0,2.5,0.0,0.0
613,2476,373.39,0,2.5,0.0,0.0
614,2482,373.39,0,2.5,0.0,0.0
615,2486,373.39,0,2.5,0.0,0.0
616,2490,373.39,0,2.5,0.0,0.0
617,2495,373.39,0,2.5,0.0,0.0
618,2499,373.39,0,2.5,0.0,0.0
619,2503,373.39,0,2.5,0.0,0.0
620,2508,358.67,0,2.5,0.0,0.0
621,2512,358.67,0,2.5,0.0,0.0
622,2516,358.67,0,2.5,0.0,0.0
623,2520,358.67,0,2.5,0.0,0.0
624,2525,358.67,0,2.5,0.0,0.0
625,2530,358.67,0,2.5,0.0,0.0
626,2534,358.67,0,2.5,0.0,0.0
627,2539,358.67,0,2.5,0.0,0.0
628,2543,358.67,0,2.5,0.0,0.0
629,2547,358.67,0,2.5,0.0,0.0
630,2552,344.27,0,2.5,0.0,0.0
631,2556,344.27,0,2.5,0.0,0.0
632,2560,344.27,0,2.5,0.0,0.0
633,2566,344.27,0,2.5,0.0,0.0
634,2570,344.27,0,2.5,0.0,0.0
635,2574,344.27,0,2.5,0.0,0.0
636,2579,344.27,0,2.5,0.0,0.0
637,2584,344.27,0,2.5,0.0,0.0
638,2588,344.27,0,2.5,0.0,0.0
639,2592,344.27,0,2.5,0.0,0.0
640,2597,329.54,0,2.5,0.0,0.0
641,2601,329.54,0,2.5,0.0,0.0
642,2605,329.54,0,2.5,0.0,0.0
643,2610,329.54,0,2.5,0.0,0.0
644,2614,329.54,0,2.5,0.0,0.0
645,2618,329.54,0,2.5,0.0,0.0
646,2622,329.54,0,2.5,0.0,0.0
647,2627,329.54,0,2.5,0.0,0.0
648,2631,329.54,0,2.5,0.0,0.0
649,2635,329.54,0,2.5,0.0,0.0
650,2640,315.47,0,2.5,0.0,0.0
651,2644,315.47,0,2.5,0.0,0.0
652,2648,315.47,0,2.5,0.0,0.0
653,2653,315.47,0,2.5,0.0,0.0
654,2657,315.47,0,2.5,0.0,0.0
655,2660,315.47,0,2.5,0.0,0.0
656,2665,315.47,0,2.5,0.0,0.0
657,2669,315.47,0,2.5,0.0,0.0
658,2673,315.47,0,2.5,0.0,0.0
659,2678,315.47,0,2.5,0.0,0.0
660,2683,301.4,0,2.5,0.0,0.0
661,2687,301.4,0,2.5,0.0,0.0
662,2691,301.4,0,2.5,0.0,0.0
663,2696,301.4,0,2.5,0.0,0.0
664,2700,301.4,0,2.5,0.0,0.0
665,2704,301.4,0,2.5,0.0,0.0
666,2709,301.4,0,2.5,0.0,0.0
667,2713,301.4,0,2.5,0.0,0.0
668,2717,301.4,0,2.5,0.0,0.0
669,2722,301.4,0,2.5,0.0,0.0
670,2727,287.32,0,2.5,0.0,0.0
671,2731,287.32,0,2.5,0.0,0.0
672,2735,287.32,0,2.5,0.0,0.0
673,2740,287.32,0,2.5,0.0,0.0
674,2744,287.32,0,2.5,0.0,0.0
675,2748,287.32,0,2.5,0.0,0.0
676,2753,287.32,0,2.5,0.0,0.0
677,2757,287.32,0,2.5,0.0,0.0
678,2761,287.32,0,2.5,0.0,0.0
679,2766,287.32,0,2.5,0.0,0.0
680,2770,272.93,0,2.5,0.0,0.0
681,2775,272.93,0,2.5,0.0,0.0
682,2779,272.93,0,2.5,0.0,0.0
683,2784,272.93,0,2.5,0.0,0.0
684,2788,272.93,0,2.5,0.0,0.0
685,2792,272.93,0,2.5,0.0,0.0
686,2797,272.93,0,2.5,0.0,0.0
687,2801,272.93,0,2.5,0.0,0.0
688,2805,272.93,0,2.5,0.0,0.0
689,2810,272.93,0,2.5,0.0,0.0
690,2814,258.53,0,2.5,0.0,0.0
691,2818,258.53,0,2.5,0.0,0.0
692,2822,258.53,0,2.5,0.0,0.0
693,2827,258.53,0,2.5,0.0,0.0
694,2831,258.53,0,2.5,0.0,0.0
695,2835,258.53,0,2.5,0.0,0.0
696,2840,258.53,0,2.5,0.0,0.0
697,2844,258.53,0,2.5,0.0,0.0
698,2848,258.53,0,2.5,0.0,0.0
699,2853,258.53,0,2.5,0.0,0.0
700,2857,244.46,0,2.5,0.0,0.0
701,2861,244.46,0,2.5,0.0,0.0
702,2865,244.46,0,2.5,0.0,0.0
703,2871,244.46,0,2.5,0.0,0.0
704,2875,244.46,0,2.5,0.0,0.0
705,2879,244.46,0,2.5,0.0,0.0
706,2884,244.46,0,2.5,0.0,0.0
707,2888,244.46,0,2.5,0.0,0.0
708,2892,244.46,0,2.5,0.0,0.0
709,2897,244.46,0,2.5,0.0,0.0
710,2901,230.06,0,2.5,0.0,0.0
711,2906,230.06,0,2.5,0.0,0.0
712,2911,230.06,0,2.5,0.0,0.0
713,2915,230.06,0,2.5,0.0,0.0
714,2919,230.06,0,2.5,0.0,0.0
715,2922,230.06,0,2.5,0.0,0.0
716,2927,230.06,0,2.5,0.0,0.0
717,2931,230.06,0,2.5,0.0,0.0
718,2935,230.06,0,2.5,0.0,0.0
719,2940,230.06,0,2.5,0.0,0.0
720,2944,215.98,0,2.5,0.0,0.0
721,2948,215.98,0,2.5,0.0,0.0
722,2953,215.98,0,2.5,0.0,0.0
723,2957,215.98,0,2.5,0.0,0.0
724,2961,215.98,0,2.5,0.0,0.0
725,2965,215.98,0,2.5,0.0,0.0
726,2970,215.98,0,2.5,0.0,0.0
727,2974,215.98,0,2.5,0.0,0.0
728,2978,215.98,0,2.5,0.0,0.0
729,2983,215.98,0,2.5,0.0,0.0
730,2987,201.91,0,2.5,0.0,0.0
731,2991,201.91,0,2.5,0.0,0.0
732,2996,201.91,0,2.5,0.0,0.0
733,2999,201.91,0,2.5,0.0,0.0
734,3003,201.91,0,2.5,0.0,0.0
735,3008,201.91,0,2.5,0.0,0.0
736,3012,201.91,0,2.5,0.0,0.0
737,3016,201.91,0,2.5,0.0,0.0
738,3020,201.91,0,2.5,0.0,0.0
739,3025,201.91,0,2.5,0.0,0.0
740,3029,188.17,0,2.5,0.0,0.0
741,3033,188.17,0,2.5,0.0,0.0
742,3038,188.17,0,2.5,0.0,0.0
743,3042,188.17,0,2.5,0.0,0.0
744,3047,188.17,0,2.5,0.0,0.0
745,3052,188.17,0,2.5,0.0,0.0
746,3056,188.17,0,2.5,0.0,0.0
747,3060,188.17,0,2.5,0.0,0.0
748,3064,188.17,0,2.5,0.0,0.0
749,3069,188.17,0,2.5,0.0,0.0
750,3073,173.77,0,2.5,0.0,0.0
751,3077,173.77,0,2.5,0.0,0.0
752,3082,173.77,0,2.5,0.0,0.0
753,3086,173.77,0,2.5,0.0,0.0
754,3090,173.77,0,2.5,0.0,0.0
755,3094,173.77,0,2.5,0.0,0.0
756,3098,173.77,0,2.5,0.0,0.0
757,3103,173.77,0,2.5,0.0,0.0
758,3107,173.77,0,2.5,0.0,0.0
759,3111,173.77,0,2.5,0.0,0.0
760,3115,160.02,0,2.5,0.0,0.0
761,3119,160.02,0,2.5,0.0,0.0
762,3124,160.02,0,2.5,0.0,0.0
763,3128,160.02,0,2.5,0.0,0.0
764,3132,160.02,0,2.5,0.0,0.0
765,3137,160.02,0,2.5,0.0,0.0
766,3141,160.02,0,2.5,0.0,0.0
767,3145,160.02,0,2.5,0.0,0.0
768,3149,160.02,0,2.5,0.0,0.0
769,3154,160.02,0,2.5,0.0,0.0
770,3158,145.95,0,2.5,0.0,0.0
771,3162,145.95,0,2.5,0.0,0.0
772,3167,145.95,0,2.5,0.0,0.0
773,3171,145.95,0,2.5,0.0,0.0
774,3175,145.95,0,2.5,0.0,0.0
775,3180,145.95,0,2.5,0.0,0.0
776,3184,145.95,0,2.5,0.0,0.0
777,3188,145.95,0,2.5,0.0,0.0
778,3193,145.95,0,2.5,0.0,0.0
779,3197,145.95,0,2.5,0.0,0.0
780,3201,131.88,0,2.5,0.0,0.0
781,3205,131.88,0,2.5,0.0,0.0
782,3210,131.88,0,2.5,0.0,0.0
783,3214,131.88,0,2.5,0.0,0.0
784,3218,131.88,0,2.5,0.0,0.0
785,3222,131.88,0,2.5,0.0,0.0
786,3227,131.88,0,2.5,0.0,0.0
787,3231,131.88,0,2.5,0.0,0.0
788,3236,131.88,0,2.5,0.0,0.0
789,3240,131.88,0,2.5,0.0,0.0
790,3244,117.81,0,2.5,0.0,0.0
791,3248,117.81,0,2.5,0.0,0.0
792,3253,117.81,0,2.5,0.0,0.0
793,3257,117.81,0,2.5,0.0,0.0
794,3261,117.81,0,2.5,0.0,0.0
795,3266,117.81,0,2.5,0.0,0.0
796,3270,117.81,0,2.5,0.0,0.0
797,3274,117.81,0,2.5,0.0,0.0
798,3279,117.81,0,2.5,0.0,0.0
799,3283,117.81,0,2.5,0.0,0.0
800,3288,103.74,0,2.5,0.0,0.0
801,3292,103.74,0,2.5,0.0,0.0
802,3298,103.74,0,2.5,0.0,0.0
803,3302,103.74,0,2.5,0.0,0.0
804,3307,103.74,0,2.5,0.0,0.0
805,3312,103.74,0,2.5,0.0,0.0
806,3316,103.74,0,2.5,0.0,0.0
807,3320,103.74,0,2.5,0.0,0.0
808,3324,103.74,0,2.5,0.0,0.0
809,3329,103.74,0,2.5,0.0,0.0
810,3333,88.68,0,2.5,0.0,0.0
811,3338,88.68,0,2.5,0.0,0.0
812,3342,88.68,0,2.5,0.0,0.0
813,3346,88.68,0,2.5,0.0,0.0
814,3350,88.68,0,2.5,0.0,0.0
815,3356,88.68,0,2.5,0.0,0.0
816,3360,88.68,0,2.5,0.0,0.0
817,3364,88.68,0,2.5,0.0,0.0
818,3369,88.68,0,2.5,0.0,0.0
819,3373,88.68,0,2.5,0.0,0.0
820,3377,74.29,0,2.5,0.0,0.0
821,3382,74.29,0,2.5,0.0,0.0
822,3387,74.29,0,2.5,0.0,0.0
823,3391,74.29,0,2.5,0.0,0.0
824,3395,74.29,0,2.5,0.0,0.0
825,3400,74.29,0,2.5,0.0,0.0
826,3404,74.29,0,2.5,0.0,0.0
827,3408,74.29,0,2.5,0.0,0.0
828,3413,74.29,0,2.5,0.0,0.0
829,3417,74.29,0,2.5,0.0,0.0
830,3421,59.89,0,2.5,0.0,0.0
831,3426,59.89,0,2.5,0.0,0.0
832,3430,59.89,0,2.5,0.0,0.0
833,3434,59.89,0,2.5,0.0,0.0
834,3438,59.89,0,2.5,0.0,0.0
835,3442,59.89,0,2.5,0.0,0.0
836,3446,59.89,0,2.5,0.0,0.0
837,3451,59.89,0,2.5,0.0,0.0
838,3456,59.89,0,2.5,0.0,0.0
839,3460,59.89,0,2.5,0.0,0.0
840,3464,45.81,0,2.5,0.0,0.0
841,3469,45.81,0,2.5,0.0,0.0
842,3473,45.81,0,2.5,0.0,0.0
843,3477,45.81,0,2.5,0.0,0.0
844,3482,45.81,0,2.5,0.0,0.0
845,3485,45.81,0,2.5,0.0,0.0
846,3489,45.81,0,2.5,0.0,0.0
847,3493,45.81,0,2.5,0.0,0.0
848,3498,45.81,0,2.5,0.0,0.0
849,3502,45.81,0,2.5,0.0,0.0
850,3506,32.07,0,2.5,0.0,0.0
851,3511,32.07,0,2.5,0.0,0.0
852,3515,32.07,0,2.5,0.0,0.0
853,3519,32.07,0,2.5,0.0,0.0
854,3524,32.07,0,2.5,0.0,0.0
855,3528,32.07,0,2.5,0.0,0.0
856,3533,32.07,0,2.5,0.0,0.0
857,3538,32.07,0,2.5,0.0,0.0
858,3542,32.07,0,2.5,0.0,0.0
859,3546,32.07,0,2.5,0.0,0.0
860,3551,17.34,0,2.5,0.0,0.0
861,3556,17.34,0,2.5,0.0,0.0
862,3560,17.34,0,2.5,0.0,0.0
863,3564,17.34,0,2.5,0.0,0.0
864,3569,17.34,0,2.5,0.0,0.0
865,3573,17.34,0,2.5,0.0,0.0
866,3577,17.34,0,2.5,0.0,0.0
867,3583,17.34,0,2.5,0.0,0.0
868,3587,17.34,0,2.5,0.0,0.0
869,3591,17.34,0,2.5,0.0,0.0
870,3596,2.62,0,2.5,0.0,0.0
871,3599,2.62,0,2.5,0.0,0.0
872,3603,2.62,0,2.5,0.0,0.0
873,3607,2.62,0,2.5,0.0,0.0
874,3611,2.62,0,2.5,0.0,0.0
875,3615,2.62,0,2.5,0.0,0.0
876,3619,2.62,0,2.5,0.0,0.0
877,3623,2.62,0,2.5,0.0,0.0
878,3626,2.62,0,2.5,0.0,0.0
879,3630,2.62,0,2.5,0.0,0.0
880,3633,-9.82,0,2.5,0.0,0.0
881,3637,-9.82,0,2.5,0.0,0.0
882,3640,-9.82,0,2.5,0.0,0.0
883,3643,-9.82,0,2.5,0.0,0.0
884,3646,-9.82,0,2.5,0.0,0.0
885,3649,-9.82,0,2.5,0.0,0.0
886,3651,-9.82,0,2.5,0.0,0.0
887,3653,-9.82,0,2.5,0.0,0.0
888,3655,-9.82,0,2.5,0.0,0.0
889,3657,-9.82,0,2.5,0.0,0.0
890,3659,-18.98,0,2.5,0.0,0.0
891,3661,-18.98,0,2.5,0.0,0.0
892,3662,-18.98,0,2.5,0.0,0.0
893,3664,-18.98,0,2.5,0.0,0.0
894,3665,-18.98,0,2.5,0.0,0.0
895,3666,-18.98,0,2.5,0.0,0.0
896,3666,-18.98,0,2.5,0.0,0.0
897,3667,-18.98,0,2.5,0.0,0.0
898,3667,-18.98,0,2.5,0.0,0.0
899,3667,-18.98,0,2.5,0.0,0.0
900,3668,-21.93,0,2.5,0.0,0.0
901,3668,-21.93,0,2.5,0.0,0.0
902,3668,-21.93,0,2.5,0.0,0.0
903,3667,-21.93,0,2.5,0.0,0.0
904,3666,-21.93,0,2.5,0.0,0.0
905,3667,-21.93,0,2.5,0.0,0.0
906,3666,-21.93,0,2.5,0.0,0.0
907,3666,-21.93,0,2.5,0.0,0.0
908,3665,-21.93,0,2.5,0.0,0.0
909,3664,-21.93,0,2.5,0.0,0.0
910,3663,-20.94,0,2.5,0.0,0.0
911,3662,-20.94,0,2.5,0.0,0.0
912,3661,-20.94,0,2.5,0.0,0.0
913,3659,-20.94,0,2.5,0.0,0.0
914,3658,-20.94,0,2.5,0.0,0.0
915,3656,-20.94,0,2.5,0.0,0.0
916,3655,-20.94,0,2.5,0.0,0.0
917,3653,-20.94,0,2.5,0.0,0.0
918,3651,-20.94,0,2.5,0.0,0.0
919,3649,-20.94,0,2.5,0.0,0.0
920,3647,-16.04,0,2.5,0.0,0.0
921,3645,-16.04,0,2.5,0.0,0.0
922,3643,-16.04,0,2.5,0.0,0.0
923,3641,-16.04,0,2.5,0.0,0.0
924,3639,-16.04,0,2.5,0.0,0.0
925,3637,-16.04,0,2.5,0.0,0.0
926,3634,-16.04,0,2.5,0.0,0.0
927,3632,-16.04,0,2.5,0.0,0.0
928,3629,-16.04,0,2.5,0.0,0.0
929,3627,-16.04,0,2.5,0.0,0.0
930,3624,-8.84,0,2.5,0.0,0.0
931,3621,-8.84,0,2.5,0.0,0.0
932,3619,-8.84,0,2.5,0.0,0.0
933,3616,-8.84,0,2.5,0.0,0.0
934,3613,-8.84,0,2.5,0.0,0.0
935,3611,-8.84,0,2.5,0.0,0.0
936,3608,-8.84,0,2.5,0.0,0.0
937,3605,-8.84,0,2.5,0.0,0.0
938,3602,-8.84,0,2.5,0.0,0.0
939,3600,-8.84,0,2.5,0.0,0.0
940,3597,0.33,0,2.5,0.0,0.0
941,3594,0.33,0,2.5,0.0,0.0
942,3591,0.33,0,2.5,0.0,0.0
943,3589,0.33,0,2.5,0.0,0.0
944,3586,0.33,0,2.5,0.0,0.0
945,3584,0.33,0,2.5,0.0,0.0
946,3581,0.33,0,2.5,0.0,0.0
947,3579,0.33,0,2.5,0.0,0.0
948,3577,0.33,0,2.5,0.0,0.0
949,3575,0.33,0,2.5,0.0,0.0
950,3573,8.18,0,2.5,0.0,0.0
951,3571,8.18,0,2.5,0.0,0.0
952,3569,8.18,0,2.5,0.0,0.0
953,3567,8.18,0,2.5,0.0,0.0
954,3566,8.18,0,2.5,0.0,0.0
955,3564,8.18,0,2.5,0.0,0.0
956,3563,8.18,0,2.5,0.0,0.0
957,3562,8.18,0,2.5,0.0,0.0
958,3561,8.18,0,2.5,0.0,0.0
959,3560,8.18,0,2.5,0.0,0.0
960,3559,13.09,0,2.5,0.0,0.0
961,3559,13.09,0,2.5,0.0,0.0
962,3559,13.09,0,2.5,0.0,0.0
963,3559,13.09,0,2.5,0.0,0.0
964,3559,13.09,0,2.5,0.0,0.0
965,3559,13.09,0,2.5,0.0,0.0
966,3559,13.09,0,2.5,0.0,0.0
967,3560,13.09,0,2.5,0.0,0.0
968,3560,13.09,0,2.5,0.0,0.0
969,3561,13.09,0,2.5,0.0,0.0
970,3562,12.76,0,2.5,0.0,0.0
971,3563,12.76,0,2.5,0.0,0.0
972,3564,12.76,0,2.5,0.0,0.0
973,3566,12.76,0,2.5,0.0,0.0
974,3567,12.76,0,2.5,0.0,0.0
975,3569,12.76,0,2.5,0.0,0.0
976,3570,12.76,0,2.5,0.0,0.0
977,3572,12.76,0,2.5,0.0,0.0
978,3574,12.76,0,2.5,0.0,0.0
979,3575,12.76,0,2.5,0.0,0.0
980,3577,7.85,0,2.5,0.0,0.0
981,3579,7.85,0,2.5,0.0,0.0
982,3581,7.85,0,2.5,0.0,0.0
983,3583,7.85,0,2.5,0.0,0.0
984,3585,7.85,0,2.5,0.0,0.0
985,3587,7.85,0,2.5,0.0,0.0
986,3590,7.85,0,2.5,0.0,0.0
987,3592,7.85,0,2.5,0.0,0.0
988,3594,7.85,0,2.5,0.0,0.0
989,3596,7.85,0,2.5,0.0,0.0
990,3598,1.31,0,2.5,0.0,0.0
991,3601,1.31,0,2.5,0.0,0.0
992,3603,1.31,0,2.5,0.0,0.0
993,3605,1.31,0,2.5,0.0,0.0
994,3607,1.31,0,2.5,0.0,0.0
995,3609,1.31,0,2.5,0.0,0.0
996,3611,1.31,0,2.5,0.0,0.0
997,3613,1.31,0,2.5,0.0,0.0
998,3614,1.31,0,2.5,0.0,0.0
999,3616,1.31,0,2.5,0.0,0.0
1000,3618,-5.56,0,2.5,0.0,0.0
1001,3620,-5.56,0,2.5,0.0,0.0
1002,3621,-5.56,0,2.5,0.0,0.0
1003,3623,-5.56,0,2.5,0.0,0.0
1004,3624,-5.56,0,2.5,0.0,0.0
1005,3625,-5.56,0,2.5,0.0,0.0
1006,3626,-5.56,0,2.5,0.0,0.0
1007,3627,-5.56,0,2.5,0.0,0.0
1008,3628,-5.56,0,2.5,0.0,0.0
1009,3629,-5.56,0,2.5,0.0,0.0
1010,3630,-9.49,0,2.5,0.0,0.0
1011,3630,-9.49,0,2.5,0.0,0.0
1012,3631,-9.49,0,2.5,0.0,0.0
1013,3631,-9.49,0,2.5,0.0,0.0
1014,3631,-9.49,0,2.5,0.0,0.0
1015,3631,-9.49,0,2.5,0.0,0.0
1016,3631,-9.49,0,2.5,0.0,0.0
1017,3631,-9.49,0,2.5,0.0,0.0
1018,3630,-9.49,0,2.5,0.0,0.0
1019,3630,-9.49,0,2.5,0.0,0.0
1020,3630,-9.82,0,2.5,0.0,0.0
1021,3630,-9.82,0,2.5,0.0,0.0
1022,3630,-9.82,0,2.5,0.0,0.0
1023,3630,-9.82,0,2.5,0.0,0.0
1024,3630,-9.82,0,2.5,0.0,0.0
1025,3630,-9.82,0,2.5,0.0,0.0
1026,3630,-9.82,0,2.5,0.0,0.0
1027,3630,-9.82,0,2.5,0.0,0.0
1028,3630,-9.82,0,2.5,0.0,0.0
1029,3628,-9.82,0,2.5,0.0,0.0
1030,3627,-9.16,0,2.5,0.0,0.0
1031,3625,-9.16,0,2.5,0.0,0.0
1032,3624,-9.16,0,2.5,0.0,0.0
1033,3622,-9.16,0,2.5,0.0,0.0
1034,3620,-9.16,0,2.5,0.0,0.0
1035,3618,-9.16,0,2.5,0.0,0.0
1036,3617,-9.16,0,2.5,0.0,0.0
1037,3615,-9.16,0,2.5,0.0,0.0
1038,3613,-9.16,0,2.5,0.0,0.0
1039,3611,-9.16,0,2.5,0.0,0.0
1040,3609,-3.6,0,2.5,0.0,0.0
1041,3607,-3.6,0,2.5,0.0,0.0
1042,3605,-3.6,0,2.5,0.0,0.0
1043,3603,-3.6,0,2.5,0.0,0.0
1044,3601,-3.6,0,2.5,0.0,0.0
1045,3599,-3.6,0,2.5,0.0,0.0
1046,3597,-3.6,0,2.5,0.0,0.0
1047,3595,-3.6,0,2.5,0.0,0.0
1048,3593,-3.6,0,2.5,0.0,0.0
1049,3592,-3.6,0,2.5,0.0,0.0
1050,3590,2.95,0,2.5,0.0,0.0
1051,3588,2.95,0,2.5,0.0,0.0
1052,3586,2.95,0,2.5,0.0,0.0
1053,3585,2.95,0,2.5,0.0,0.0
1054,3583,2.95,0,2.5,0.0,0.0
1055,3582,2.95,0,2.5,0.0,0.0
1056,3580,2.95,0,2.5,0.0,0.0
1057,3579,2.95,0,2.5,0.0,0.0
1058,3578,2.95,0,2.5,0.0,0.0
1059,3577,2.95,0,2.5,0.0,0.0
1060,3576,7.53,0,2.5,0.0,0.0
1061,3575,7.53,0,2.5,0.0,0.0
1062,3574,7.53,0,2.5,0.0,0.0
1063,3573,7.53,0,2.5,0.0,0.0
1064,3573,7.53,0,2.5,0.0,0.0
1065,3573,7.53,0,2.5,0.0,0.0
1066,3572,7.53,0,2.5,0.0,0.0
1067,3572,7.53,0,2.5,0.0,0.0
1068,3572,7.53,0,2.5,0.0,0.0
1069,3572,7.53,0,2.5,0.0,0.0
1070,3572,9.16,0,2.5,0.0,0.0
1071,3572,9.16,0,2.5,0.0,0.0
1072,3572,9.16,0,2.5,0.0,0.0
1073,3572,9.16,0,2.5,0.0,0.0
1074,3573,9.16,0,2.5,0.0,0.0
1075,3573,9.16,0,2.5,0.0,0.0
1076,3574,9.16,0,2.5,0.0,0.0
1077,3574,9.16,0,2.5,0.0,0.0
1078,3575,9.16,0,2.5,0.0,0.0
1079,3576,9.16,0,2.5,0.0,0.0
1080,3577,7.85,0,2.5,0.0,0.0
1081,3578,7.85,0,2.5,0.0,0.0
1082,3579,7.85,0,2.5,0.0,0.0
1083,3580,7.85,0,2.5,0.0,0.0
1084,3582,7.85,0,2.5,0.0,0.0
1085,3583,7.85,0,2.5,0.0,0.0
1086,3584,7.85,0,2.5,0.0,0.0
1087,3586,7.85,0,2.5,0.0,0.0
1088,3587,7.85,0,2.5,0.0,0.0
1089,3589,7.85,0,2.5,0.0,0.0
1090,3590,3.6,0,2.5,0.0,0.0
1091,3592,3.6,0,2.5,0.0,0.0
1092,3593,3.6,0,2.5,0.0,0.0
1093,3595,3.6,0,2.5,0.0,0.0
1094,3596,3.6,0,2.5,0.0,0.0
1095,3598,3.6,0,2.5,0.0,0.0
1096,3599,3.6,0,2.5,0.0,0.0
1097,3601,3.6,0,2.5,0.0,0.0
1098,3602,3.6,0,2.5,0.0,0.0
1099,3604,3.6,0,2.5,0.0,0.0
1100,3605,-1.31,0,2.5,0.0,0.0
1101,3606,-1.31,0,2.5,0.0,0.0
1102,3608,-1.31,0,2.5,0.0,0.0
1103,3609,-1.31,0,2.5,0.0,0.0
1104,3610,-1.31,0,2.5,0.0,0.0
1105,3612,-1.31,0,2.5,0.0,0.0
1106,3613,-1.31,0,2.5,0.0,0.0
1107,3614,-1.31,0,2.5,0.0,0.0
1108,3615,-1.31,0,2.5,0.0,0.0
1109,3616,-1.31,0,2.5,0.0,0.0
1110,3617,-5.24,0,2.5,0.0,0.0
1111,3617,-5.24,0,2.5,0.0,0.0
1112,3618,-5.24,0,2.5,0.0,0.0
1113,3619,-5.24,0,2.5,0.0,0.0
1114,3619,-5.24,0,2.5,0.0,0.0
1115,3620,-5.24,0,2.5,0.0,0.0
1116,3620,-5.24,0,2.5,0.0,0.0
1117,3620,-5.24,0,2.5,0.0,0.0
1118,3621,-5.24,0,2.5,0.0,0.0
1119,3621,-5.24,0,2.5,0.0,0.0
1120,3621,-6.87,0,2.5,0.0,0.0
1121,3621,-6.87,0,2.5,0.0,0.0
1122,3621,-6.87,0,2.5,0.0,0.0
1123,3621,-6.87,0,2.5,0.0,0.0
1124,3621,-6.87,0,2.5,0.0,0.0
1125,3620,-6.87,0,2.5,0.0,0.0
1126,3620,-6.87,0,2.5,0.0,0.0
1127,3620,-6.87,0,2.5,0.0,0.0
1128,3619,-6.87,0,2.5,0.0,0.0
1129,3618,-6.87,0,2.5,0.0,0.0
1130,3618,-5.89,0,2.5,0.0,0.0
1131,3617,-5.89,0,2.5,0.0,0.0
1132,3617,-5.89,0,2.5,0.0,0.0
1133,3616,-5.89,0,2.5,0.0,0.0
1134,3615,-5.89,0,2.5,0.0,0.0
1135,3614,-5.89,0,2.5,0.0,0.0
1136,3613,-5.89,0,2.5,0.0,0.0
1137,3612,-5.89,0,2.5,0.0,0.0
1138,3611,-5.89,0,2.5,0.0,0.0
1139,3610,-5.89,0,2.5,0.0,0.0
1140,3609,-3.27,0,2.5,0.0,0.0
1141,3608,-3.27,0,2.5,0.0,0.0
1142,3607,-3.27,0,2.5,0.0,0.0
1143,3606,-3.27,0,2.5,0.0,0.0
1144,3605,-3.27,0,2.5,0.0,0.0
1145,3604,-3.27,0,2.5,0.0,0.0
1146,3603,-3.27,0,2.5,0.0,0.0
1147,3602,-3.27,0,2.5,0.0,0.0
1148,3601,-3.27,0,2.5,0.0,0.0
1149,3600,-3.27,0,2.5,0.0,0.0
1150,3599,0.33,0,2.5,0.0,0.0
1151,3597,0.33,0,2.5,0.0,0.0
1152,3596,0.33,0,2.5,0.0,0.0
1153,3595,0.33,0,2.5,0.0,0.0
1154,3594,0.33,0,2.5,0.0,0.0
1155,3593,0.33,0,2.5,0.0,0.0
1156,3593,0.33,0,2.5,0.0,0.0
1157,3592,0.33,0,2.5,0.0,0.0
1158,3591,0.33,0,2.5,0.0,0.0
1159,3590,0.33,0,2.5,0.0,0.0
1160,3589,3.27,0,2.5,0.0,0.0
1161,3589,3.27,0,2.5,0.0,0.0
1162,3588,3.27,0,2.5,0.0,0.0
1163,3587,3.27,0,2.5,0.0,0.0
1164,3587,3.27,0,2.5,0.0,0.0
1165,3586,3.27,0,2.5,0.0,0.0
1166,3586,3.27,0,2.5,0.0,0.0
1167,3585,3.27,0,2.5,0.0,0.0
1168,3585,3.27,0,2.5,0.0,0.0
1169,3585,3.27,0,2.5,0.0,0.0
1170,3585,4.91,0,2.5,0.0,0.0
1171,3585,4.91,0,2.5,0.0,0.0
1172,3585,4.91,0,2.5,0.0,0.0
1173,3585,4.91,0,2.5,0.0,0.0
1174,3585,4.91,0,2.5,0.0,0.0
1175,3585,4.91,0,2.5,0.0,0.0
1176,3585,4.91,0,2.5,0.0,0.0
1177,3586,4.91,0,2.5,0.0,0.0
1178,3586,4.91,0,2.5,0.0,0.0
1179,3587,4.91,0,2.5,0.0,0.0
1180,3587,4.25,0,2.5,0.0,0.0
1181,3588,4.25,0,2.5,0.0,0.0
1182,3588,4.25,0,2.5,0.0,0.0
1183,3589,4.25,0,2.5,0.0,0.0
1184,3589,4.25,0,2.5,0.0,0.0
1185,3590,4.25,0,2.5,0.0,0.0
1186,3591,4.25,0,2.5,0.0,0.0
1187,3592,4.25,0,2.5,0.0,0.0
1188,3592,4.25,0,2.5,0.0,0.0
1189,3593,4.25,0,2.5,0.0,0.0
1190,3594,2.29,0,2.5,0.0,0.0
1191,3595,2.29,0,2.5,0.0,0.0
1192,3595,2.29,0,2.5,0.0,0.0
1193,3596,2.29,0,2.5,0.0,0.0
1194,3597,2.29,0,2.5,0.0,0.0
1195,3598,2.29,0,2.5,0.0,0.0
1196,3599,2.29,0,2.5,0.0,0.0
1197,3600,2.29,0,2.5,0.0,0.0
1198,3600,2.29,0,2.5,0.0,0.0
1199,3601,2.29,0,2.5,0.0,0.0
1200,3602,-0.33,0,2.5,0.0,0.0
1201,3603,-0.33,0,2.5,0.0,0.0
1202,3603,-0.33,0,2.5,0.0,0.0
1203,3604,-0.33,0,2.5,0.0,0.0
1204,3605,-0.33,0,2.5,0.0,0.0
1205,3606,-0.33,0,2.5,0.0,0.0
1206,3606,-0.33,0,2.5,0.0,0.0
1207,3607,-0.33,0,2.5,0.0,0.0
1208,3608,-0.33,0,2.5,0.0,0.0
1209,3608,-0.33,0,2.5,0.0,0.0
1210,3609,-2.62,0,2.5,0.0,0.0
1211,3609,-2.62,0,2.5,0.0,0.0
1212,3610,-2.62,0,2.5,0.0,0.0
1213,3610,-2.62,0,2.5,0.0,0.0
1214,3610,-2.62,0,2.5,0.0,0.0
1215,3611,-2.62,0,2.5,0.0,0.0
1216,3611,-2.62,0,2.5,0.0,0.0
1217,3611,-2.62,0,2.5,0.0,0.0
1218,3611,-2.62,0,2.5,0.0,0.0
1219,3611,-2.62,0,2.5,0.0,0.0
1220,3611,-3.6,0,2.5,0.0,0.0
1221,3612,-3.6,0,2.5,0.0,0.0
1222,3612,-3.6,0,2.5,0.0,0.0
1223,3612,-3.6,0,2.5,0.0,0.0
1224,3612,-3.6,0,2.5,0.0,0.0
1225,3611,-3.6,0,2.5,0.0,0.0
1226,3611,-3.6,0,2.5,0.0,0.0
1227,3611,-3.6,0,2.5,0.0,0.0
1228,3611,-3.6,0,2.5,0.0,0.0
1229,3611,-3.6,0,2.5,0.0,0.0
1230,3610,-3.6,0,2.5,0.0,0.0
1231,3610,-3.6,0,2.5,0.0,0.0
1232,3610,-3.6,0,2.5,0.0,0.0
1233,3609,-3.6,0,2.5,0.0,0.0
1234,3609,-3.6,0,2.5,0.0,0.0
1235,3608,-3.6,0,2.5,0.0,0.0
1236,3608,-3.6,0,2.5,0.0,0.0
1237,3607,-3.6,0,2.5,0.0,0.0
1238,3607,-3.6,0,2.5,0.0,0.0
1239,3606,-3.6,0,2.5,0.0,0.0
1240,3606,-1.96,0,2.5,0.0,0.0
1241,3605,-1.96,0,2.5,0.0,0.0
1242,3605,-1.96,0,2.5,0.0,0.0
1243,3604,-1.96,0,2.5,0.0,0.0
1244,3603,-1.96,0,2.5,0.0,0.0
1245,3603,-1.96,0,2.5,0.0,0.0
1246,3602,-1.96,0,2.5,0.0,0.0
1247,3601,-1.96,0,2.5,0.0,0.0
1248,3601,-1.96,0,2.5,0.0,0.0
1249,3600,-1.96,0,2.5,0.0,0.0
1250,3600,0.0,0,2.5,0.0,0.0
1251,3599,0.0,0,2.5,0.0,0.0
1252,3598,0.0,0,2.5,0.0,0.0
1253,3598,0.0,0,2.5,0.0,0.0
1254,3597,0.0,0,2.5,0.0,0.0
1255,3597,0.0,0,2.5,0.0,0.0
1256,3596,0.0,0,2.5,0.0,0.0
1257,3596,0.0,0,2.5,0.0,0.0
1258,3595,0.0,0,2.5,0.0,0.0
1259,3595,0.0,0,2.5,0.0,0.0
1260,3594,1.64,0,2.5,0.0,0.0
1261,3594,1.64,0,2.5,0.0,0.0
1262,3594,1.64,0,2.5,0.0,0.0
1263,3593,1.64,0,2.5,0.0,0.0
1264,3593,1.64,0,2.5,0.0,0.0
1265,3593,1.64,0,2.5,0.0,0.0
1266,3593,1.64,0,2.5,0.0,0.0
1267,3593,1.64,0,2.5,0.0,0.0
1268,3592,1.64,0,2.5,0.0,0.0
1269,3592,1.64,0,2.5,0.0,0.0
1270,3592,2.62,0,2.5,0.0,0.0
1271,3592,2.62,0,2.5,0.0,0.0
1272,3592,2.62,0,2.5,0.0,0.0
1273,3592,2.62,0,2.5,0.0,0.0
1274,3592,2.62,0,2.5,0.0,0.0
1275,3592,2.62,0,2.5,0.0,0.0
1276,3593,2.62,0,2.5,0.0,0.0
1277,3593,2.62,0,2.5,0.0,0.0
1278,3593,2.62,0,2.5,0.0,0.0
1279,3593,2.62,0,2.5,0.0,0.0
1280,3594,2.29,0,2.5,0.0,0.0
1281,3594,2.29,0,2.5,0.0,0.0
1282,3594,2.29,0,2.5,0.0,0.0
1283,3595,2.29,0,2.5,0.0,0.0
1284,3595,2.29,0,2.5,0.0,0.0
1285,3595,2.29,0,2.5,0.0,0.0
1286,3596,2.29,0,2.5,0.0,0.0
1287,3596,2.29,0,2.5,0.0,0.0
1288,3597,2.29,0,2.5,0.0,0.0
1289,3597,2.29,0,2.5,0.0,0.0
1290,3597,0.98,0,2.5,0.0,0.0
1291,3598,0.98,0,2.5,0.0,0.0
1292,3598,0.98,0,2.5,0.0,0.0
1293,3599,0.98,0,2.5,0.0,0.0
1294,3599,0.98,0,2.5,0.0,0.0
1295,3600,0.98,0,2.5,0.0,0.0
1296,3600,0.98,0,2.5,0.0,0.0
1297,3600,0.98,0,2.5,0.0,0.0
1298,3601,0.98,0,2.5,0.0,0.0
1299,3601,0.98,0,2.5,0.0,0.0
1300,3602,-0.33,0,2.5,0.0,0.0
1301,3602,-0.33,0,2.5,0.0,0.0
1302,3602,-0.33,0,2.5,0.0,0.0
1303,3603,-0.33,0,2.5,0.0,0.0
1304,3603,-0.33,0,2.5,0.0,0.0
1305,3603,-0.33,0,2.5,0.0,0.0
1306,3604,-0.33,0,2.5,0.0,0.0
1307,3604,-0.33,0,2.5,0.0,0.0
1308,3604,-0.33,0,2.5,0.0,0.0
1309,3604,-0.33,0,2.5,0.0,0.0
1310,3605,-1.31,0,2.5,0.0,0.0
1311,3605,-1.31,0,2.5,0.0,0.0
1312,3605,-1.31,0,2.5,0.0,0.0
1313,3605,-1.31,0,2.5,0.0,0.0
1314,3606,-1.31,0,2.5,0.0,0.0
1315,3606,-1.31,0,2.5,0.0,0.0
1316,3606,-1.31,0,2.5,0.0,0.0
1317,3606,-1.31,0,2.5,0.0,0.0
1318,3606,-1.31,0,2.5,0.0,0.0
1319,3606,-1.31,0,2.5,0.0,0.0
1320,3606,-1.96,0,2.5,0.0,0.0
1321,3606,-1.96,0,2.5,0.0,0.0
1322,3606,-1.96,0,2.5,0.0,0.0
1323,3606,-1.96,0,2.5,0.0,0.0
1324,3606,-1.96,0,2.5,0.0,0.0
1325,3606,-1.96,0,2.5,0.0,0.0
1326,3605,-1.96,0,2.5,0.0,0.0
1327,3605,-1.96,0,2.5,0.0,0.0
1328,3605,-1.96,0,2.5,0.0,0.0
1329,3605,-1.96,0,2.5,0.0,0.0
1330,3604,-1.64,0,2.5,0.0,0.0
1331,3604,-1.64,0,2.5,0.0,0.0
1332,3604,-1.64,0,2.5,0.0,0.0
1333,3604,-1.64,0,2.5,0.0,0.0
1334,3603,-1.64,0,2.5,0.0,0.0
1335,3603,-1.64,0,2.5,0.0,0.0
1336,3603,-1.64,0,2.5,0.0,0.0
1337,3603,-1.64,0,2.5,0.0,0.0
1338,3602,-1.64,0,2.5,0.0,0.0
1339,3602,-1.64,0,2.5,0.0,0.0
1340,3602,-0.65,0,2.5,0.0,0.0
1341,3601,-0.65,0,2.5,0.0,0.0
1342,3601,-0.65,0,2.5,0.0,0.0
1343,3601,-0.65,0,2.5,0.0,0.0
1344,3600,-0.65,0,2.5,0.0,0.0
1345,3600,-0.65,0,2.5,0.0,0.0
1346,3600,-0.65,0,2.5,0.0,0.0
1347,3600,-0.65,0,2.5,0.0,0.0
1348,3599,-0.65,0,2.5,0.0,0.0
1349,3599,-0.65,0,2.5,0.0,0.0
1350,3599,0.33,0,2.5,0.0,0.0
1351,3599,0.33,0,2.5,0.0,0.0
1352,3598,0.33,0,2.5,0.0,0.0
1353,3598,0.33,0,2.5,0.0,0.0
1354,3598,0.33,0,2.5,0.0,0.0
1355,3598,0.33,0,2.5,0.0,0.0
1356,3598,0.33,0,2.5,0.0,0.0
1357,3597,0.33,0,2.5,0.0,0.0
1358,3597,0.33,0,2.5,0.0,0.0
1359,3597,0.33,0,2.5,0.0,0.0
1360,3597,0.98,0,2.5,0.0,0.0
1361,3597,0.98,0,2.5,0.0,0.0
1362,3597,0.98,0,2.5,0.0,0.0
1363,3596,0.98,0,2.5,0.0,0.0
1364,3596,0.98,0,2.5,0.0,0.0
1365,3596,0.98,0,2.5,0.0,0.0
1366,3596,0.98,0,2.5,0.0,0.0
1367,3596,0.98,0,2.5,0.0,0.0
1368,3596,0.98,0,2.5,0.0,0.0
1369,3596,0.98,0,2.5,0.0,0.0
1370,3596,1.31,0,2.5,0.0,0.0
1371,3596,1.31,0,2.5,0.0,0.0
1372,3596,1.31,0,2.5,0.0,0.0
1373,3596,1.31,0,2.5,0.0,0.0
1374,3596,1.31,0,2.5,0.0,0.0
1375,3596,1.31,0,2.5,0.0,0.0
1376,3596,1.31,0,2.5,0.0,0.0
1377,3596,1.31,0,2.5,0.0,0.0
1378,3596,1.31,0,2.5,0.0,0.0
1379,3596,1.31,0,2.5,0.0,0.0
1380,3596,1.31,0,2.5,0.0,0.0
1381,3596,1.31,0,2.5,0.0,0.0
1382,3596,1.31,0,2.5,0.0,0.0
1383,3597,1.31,0,2.5,0.0,0.0
1384,3597,1.31,0,2.5,0.0,0.0
1385,3597,1.31,0,2.5,0.0,0.0
1386,3597,1.31,0,2.5,0.0,0.0
1387,3597,1.31,0,2.5,0.0,0.0
1388,3597,1.31,0,2.5,0.0,0.0
1389,3597,1.31,0,2.5,0.0,0.0
1390,3598,0.98,0,2.5,0.0,0.0
1391,3598,0.98,0,2.5,0.0,0.0
1392,3598,0.98,0,2.5,0.0,0.0
1393,3598,0.98,0,2.5,0.0,0.0
1394,3598,0.98,0,2.5,0.0,0.0
1395,3598,0.98,0,2.5,0.0,0.0
1396,3599,0.98,0,2.5,0.0,0.0
1397,3599,0.98,0,2.5,0.0,0.0
1398,3599,0.98,0,2.5,0.0,0.0
1399,3599,0.98,0,2.5,0.0,0.0
1400,3599,0.33,0,2.5,0.0,0.0
1401,3599,0.33,0,2.5,0.0,0.0
1402,3600,0.33,0,2.5,0.0,0.0
1403,3600,0.33,0,2.5,0.0,0.0
1404,3600,0.33,0,2.5,0.0,0.0
1405,3600,0.33,0,2.5,0.0,0.0
1406,3600,0.33,0,2.5,0.0,0.0
1407,3600,0.33,0,2.5,0.0,0.0
1408,3600,0.33,0,2.5,0.0,0.0
1409,3600,0.33,0,2.5,0.0,0.0
1410,3601,0.0,0,2.5,0.0,0.0
1411,3601,0.0,0,2.5,0.0,0.0
1412,3601,0.0,0,2.5,0.0,0.0
1413,3601,0.0,0,2.5,0.0,0.0
1414,3601,0.0,0,2.5,0.0,0.0
1415,3601,0.0,0,2.5,0.0,0.0
1416,3601,0.0,0,2.5,0.0,0.0
1417,3601,0.0,0,2.5,0.0,0.0
1418,3601,0.0,0,2.5,0.0,0.0
1419,3601,0.0,0,2.5,0.0,0.0
1420,3601,-0.33,0,2.5,0.0,0.0
1421,3601,-0.33,0,2.5,0.0,0.0
1422,3601,-0.33,0,2.5,0.0,0.0
1423,3601,-0.33,0,2.5,0.0,0.0
1424,3601,-0.33,0,2.5,0.0,0.0
1425,3601,-0.33,0,2.5,0.0,0.0
1426,3601,-0.33,0,2.5,0.0,0.0
1427,3601,-0.33,0,2.5,0.0,0.0
1428,3601,-0.33,0,2.5,0.0,0.0
1429,3601,-0.33,0,2.5,0.0,0.0
1430,3602,-0.33,0,2.5,0.0,0.0
1431,3602,-0.33,0,2.5,0.0,0.0
1432,3602,-0.33,0,2.5,0.0,0.0
1433,3602,-0.33,0,2.5,0.0,0.0
1434,3602,-0.33,0,2.5,0.0,0.0
1435,3602,-0.33,0,2.5,0.0,0.0
1436,3602,-0.33,0,2.5,0.0,0.0
1437,3602,-0.33,0,2.5,0.0,0.0
1438,3602,-0.33,0,2.5,0.0,0.0
1439,3602,-0.33,0,2.5,0.0,0.0
1440,3602,-0.65,0,2.5,0.0,0.0
1441,3602,-0.65,0,2.5,0.0,0.0
1442,3602,-0.65,0,2.5,0.0,0.0
1443,3602,-0.65,0,2.5,0.0,0.0
1444,3602,-0.65,0,2.5,0.0,0.0
1445,3602,-0.65,0,2.5,0.0,0.0
1446,3602,-0.65,0,2.5,0.0,0.0
1447,3602,-0.65,0,2.5,0.0,0.0
1448,3602,-0.65,0,2.5,0.0,0.0
1449,3602,-0.65,0,2.5,0.0,0.0
1450,3602,-0.65,0,2.5,0.0,0.0
1451,3602,-0.65,0,2.5,0.0,0.0
1452,3602,-0.65,0,2.5,0.0,0.0
1453,3601,-0.65,0,2.5,0.0,0.0
1454,3601,-0.65,0,2.5,0.0,0.0
1455,3601,-0.65,0,2.5,0.0,0.0
1456,3601,-0.65,0,2.5,0.0,0.0
1457,3601,-0.65,0,2.5,0.0,0.0
1458,3601,-0.65,0,2.5,0.0,0.0
1459,3601,-0.65,0,2.5,0.0,0.0
1460,3601,-0.33,0,2.5,0.0,0.0
1461,3601,-0.33,0,2.5,0.0,0.0
1462,3601,-0.33,0,2.5,0.0,0.0
1463,3601,-0.33,0,2.5,0.0,0.0
1464,3601,-0.33,0,2.5,0.0,0.0
1465,3601,-0.33,0,2.5,0.0,0.0
1466,3601,-0.33,0,2.5,0.0,0.0
1467,3601,-0.33,0,2.5,0.0,0.0
1468,3601,-0.33,0,2.5,0.0,0.0
1469,3601,-0.33,0,2.5,0.0,0.0
1470,3601,-0.33,0,2.5,0.0,0.0
1471,3601,-0.33,0,2.5,0.0,0.0
1472,3601,-0.33,0,2.5,0.0,0.0
1473,3601,-0.33,0,2.5,0.0,0.0
1474,3601,-0.33,0,2.5,0.0,0.0
1475,3601,-0.33,0,2.5,0.0,0.0
1476,3601,-0.33,0,2.5,0.0,0.0
1477,3601,-0.33,0,2.5,0.0,0.0
1478,3601,-0.33,0,2.5,0.0,0.0
1479,3601,-0.33,0,2.5,0.0,0.0
1480,3601,-0.33,0,2.5,0.0,0.0
1481,3601,-0.33,0,2.5,0.0,0.0
1482,3601,-0.33,0,2.5,0.0,0.0
1483,3601,-0.33,0,2.5,0.0,0.0
1484,3601,-0.33,0,2.5,0.0,0.0
1485,3601,-0.33,0,2.5,0.0,0.0
1486,3601,-0.33,0,2.5,0.0,0.0
1487,3601,-0.33,0,2.5,0.0,0.0
1488,3601,-0.33,0,2.5,0.0,0.0
1489,3601,-0.33,0,2.5,0.0,0.0
1490,3601,-0.33,0,2.5,0.0,0.0
1491,3601,-0.33,0,2.5,0.0,0.0
1492,3601,-0.33,0,2.5,0.0,0.0
1493,3601,-0.33,0,2.5,0.0,0.0
1494,3601,-0.33,0,2.5,0.0,0.0
1495,3601,-0.33,0,2.5,0.0,0.0
1496,3601,-0.33,0,2.5,0.0,0.0
1497,3601,-0.33,0,2.5,0.0,0.0
1498,3601,-0.33,0,2.5,0.0,0.0
1499,3601,-0.33,0,2.5,0.0,0.0
1500,3601,-0.33,0,2.5,0.0,0.0
1501,3601,-0.33,0,2.5,0.0,0.0
1502,3601,-0.33,0,2.5,0.0,0.0
1503,3601,-0.33,0,2.5,0.0,0.0
1504,3601,-0.33,0,2.5,0.0,0.0
1505,3601,-0.33,0,2.5,0.0,0.0
1506,3601,-0.33,0,2.5,0.0,0.0
1507,3601,-0.33,0,2.5,0.0,0.0
1508,3601,-0.33,0,2.5,0.0,0.0
1509,3601,-0.33,0,2.5,0.0,0.0
1510,3601,-0.33,0,2.5,0.0,0.0
1511,3601,-0.33,0,2.5,0.0,0.0
1512,3601,-0.33,0,2.5,0.0,0.0
1513,3601,-0.33,0,2.5,0.0,0.0
1514,3601,-0.33,0,2.5,0.0,0.0
1515,3601,-0.33,0,2.5,0.0,0.0
1516,3601,-0.33,0,2.5,0.0,0.0
1517,3601,-0.33,0,2.5,0.0,0.0
1518,3601,-0.33,0,2.5,0.0,0.0
1519,3601,-0.33,0,2.5,0.0,0.0
1520,3601,-0.33,0,2.5,0.0,0.0
1521,3601,-0.33,0,2.5,0.0,0.0
1522,3601,-0.33,0,2.5,0.0,0.0
1523,3601,-0.33,0,2.5,0.0,0.0
1524,3601,-0.33,0,2.5,0.0,0.0
1525,3601,-0.33,0,2.5,0.0,0.0
1526,3601,-0.33,0,2.5,0.0,0.0
1527,3601,-0.33,0,2.5,0.0,0.0
1528,3601,-0.33,0,2.5,0.0,0.0
1529,3601,-0.33,0,2.5,0.0,0.0
1530,3601,-0.33,0,2.5,0.0,0.0
1531,3601,-0.33,0,2.5,0.0,0.0
1532,3601,-0.33,0,2.5,0.0,0.0
1533,3601,-0.33,0,2.5,0.0,0.0
1534,3601,-0.33,0,2.5,0.0,0.0
1535,3601,-0.33,0,2.5,0.0,0.0
1536,3601,-0.33,0,2.5,0.0,0.0
1537,3601,-0.33,0,2.5,0.0,0.0
1538,3601,-0.33,0,2.5,0.0,0.0
1539,3601,-0.33,0,2.5,0.0,0.0
1540,3601,-0.33,0,2.5,0.0,0.0
1541,3601,-0.33,0,2.5,0.0,0.0
1542,3601,-0.33,0,2.5,0.0,0.0
1543,3601,-0.33,0,2.5,0.0,0.0
1544,3601,-0.33,0,2.5,0.0,0.0
1545,3601,-0.33,0,2.5,0.0,0.0
1546,3601,-0.33,0,2.5,0.0,0.0
1547,3601,-0.33,0,2.5,0.0,0.0
1548,3601,-0.33,0,2.5,0.0,0.0
1549,3601,-0.33,0,2.5,0.0,0.0
1550,3601,-0.33,0,2.5,0.0,0.0
1551,3601,-0.33,0,2.5,0.0,0.0
1552,3601,-0.33,0,2.5,0.0,0.0
1553,3601,-0.33,0,2.5,0.0,0.0
1554,3601,-0.33,0,2.5,0.0,0.0
1555,3601,-0.33,0,2.5,0.0,0.0
1556,3601,-0.33,0,2.5,0.0,0.0
1557,3601,-0.33,0,2.5,0.0,0.0
1558,3601,-0.33,0,2.5,0.0,0.0
1559,3601,-0.33,0,2.5,0.0,0.0
1560,3601,-0.33,0,2.5,0.0,0.0
1561,3601,-0.33,0,2.5,0.0,0.0
1562,3601,-0.33,0,2.5,0.0,0.0
1563,3601,-0.33,0,2.5,0.0,0.0
1564,3601,-0.33,0,2.5,0.0,0.0
1565,3601,-0.33,0,2.5,0.0,0.0
1566,3601,-0.33,0,2.5,0.0,0.0
1567,3601,-0.33,0,2.5,0.0,0.0
1568,3601,-0.33,0,2.5,0.0,0.0
1569,3601,-0.33,0,2.5,0.0,0.0
1570,3601,-0.33,0,2.5,0.0,0.0
1571,3601,-0.33,0,2.5,0.0,0.0
1572,3601,-0.33,0,2.5,0.0,0.0
1573,3601,-0.33,0,2.5,0.0,0.0
1574,3601,-0.33,0,2.5,0.0,0.0
1575,3601,-0.33,0,2.5,0.0,0.0
1576,3601,-0.33,0,2.5,0.0,0.0
1577,3601,-0.33,0,2.5,0.0,0.0
1578,3601,-0.33,0,2.5,0.0,0.0
1579,3601,-0.33,0,2.5,0.0,0.0
1580,3601,-0.33,0,2.5,0.0,0.0
1581,3601,-0.33,0,2.5,0.0,0.0
1582,3601,-0.33,0,2.5,0.0,0.0
1583,3601,-0.33,0,2.5,0.0,0.0
1584,3601,-0.33,0,2.5,0.0,0.0
1585,3601,-0.33,0,2.5,0.0,0.0
1586,3601,-0.33,0,2.5,0.0,0.0
1587,3601,-0.33,0,2.5,0.0,0.0
1588,3601,-0.33,0,2.5,0.0,0.0
1589,3601,-0.33,0,2.5,0.0,0.0
1590,3601,-0.33,0,2.5,0.0,0.0
1591,3601,-0.33,0,2.5,0.0,0.0
1592,3601,-0.33,0,2.5,0.0,0.0
1593,3601,-0.33,0,2.5,0.0,0.0
1594,3601,-0.33,0,2.5,0.0,0.0
1595,3601,-0.33,0,2.5,0.0,0.0
1596,3601,-0.33,0,2.5,0.0,0.0
1597,3601,-0.33,0,2.5,0.0,0.0
1598,3601,-0.33,0,2.5,0.0,0.0
1599,3601,-0.33,0,2.5,0.0,0.0
1600,3601,-0.33,0,2.5,0.0,0.0
1601,3601,-0.33,0,2.5,0.0,0.0
1602,3601,-0.33,0,2.5,0.0,0.0
1603,3601,-0.33,0,2.5,0.0,0.0
1604,3601,-0.33,0,2.5,0.0,0.0
1605,3601,-0.33,0,2.5,0.0,0.0
1606,3601,-0.33,0,2.5,0.0,0.0
1607,3601,-0.33,0,2.5,0.0,0.0
1608,3601,-0.33,0,2.5,0.0,0.0
1609,3601,-0.33,0,2.5,0.0,0.0
1610,3601,-0.33,0,2.5,0.0,0.0
1611,3601,-0.33,0,2.5,0.0,0.0
1612,3601,-0.33,0,2.5,0.0,0.0
1613,3601,-0.33,0,2.5,0.0,0.0
1614,3601,-0.33,0,2.5,0.0,0.0
1615,3601,-0.33,0,2.5,0.0,0.0
1616,3601,-0.33,0,2.5,0.0,0.0
1617,3601,-0.33,0,2.5,0.0,0.0
1618,3601,-0.33,0,2.5,0.0,0.0
1619,3601,-0.33,0,2.5,0.0,0.0
1620,3601,-0.33,0,2.5,0.0,0.0
1621,3601,-0.33,0,2.5,0.0,0.0
1622,3601,-0.33,0,2.5,0.0,0.0
1623,3601,-0.33,0,2.5,0.0,0.0
1624,3601,-0.33,0,2.5,0.0,0.0
1625,3601,-0.33,0,2.5,0.0,0.0
1626,3601,-0.33,0,2.5,0.0,0.0
1627,3601,-0.33,0,2.5,0.0,0.0
1628,3601,-0.33,0,2.5,0.0,0.0
1629,3601,-0.33,0,2.5,0.0,0.0
1630,3601,-0.33,0,2.5,0.0,0.0
1631,3601,-0.33,0,2.5,0.0,0.0
1632,3601,-0.33,0,2.5,0.0,0.0
1633,3601,-0.33,0,2.5,0.0,0.0
1634,3601,-0.33,0,2.5,0.0,0.0
1635,3601,-0.33,0,2.5,0.0,0.0
1636,3601,-0.33,0,2.5,0.0,0.0
1637,3601,-0.33,0,2.5,0.0,0.0
1638,3601,-0.33,0,2.5,0.0,0.0
1639,3601,-0.33,0,2.5,0.0,0.0
1640,3601,-0.33,0,2.5,0.0,0.0
1641,3601,-0.33,0,2.5,0.0,0.0
1642,3601,-0.33,0,2.5,0.0,0.0
1643,3601,-0.33,0,2.5,0.0,0.0
1644,3601,-0.33,0,2.5,0.0,0.0
1645,3601,-0.33,0,2.5,0.0,0.0
1646,3601,-0.33,0,2.5,0.0,0.0
1647,3601,-0.33,0,2.5,0.0,0.0
1648,3601,-0.33,0,2.5,0.0,0.0
1649,3601,-0.33,0,2.5,0.0,0.0
1650,3601,-0.33,0,2.5,0.0,0.0
1651,3601,-0.33,0,2.5,0.0,0.0
1652,3601,-0.33,0,2.5,0.0,0.0
1653,3601,-0.33,0,2.5,0.0,0.0
1654,3601,-0.33,0,2.5,0.0,0.0
1655,3601,-0.33,0,2.5,0.0,0.0
1656,3601,-0.33,0,2.5,0.0,0.0
1657,3601,-0.33,0,2.5,0.0,0.0
1658,3601,-0.33,0,2.5,0.0,0.0
1659,3601,-0.33,0,2.5,0.0,0.0
1660,3601,-0.33,0,2.5,0.0,0.0
1661,3601,-0.33,0,2.5,0.0,0.0
1662,3601,-0.33,0,2.5,0.0,0.0
1663,3601,-0.33,0,2.5,0.0,0.0
1664,3601,-0.33,0,2.5,0.0,0.0
1665,3601,-0.33,0,2.5,0.0,0.0
1666,3601,-0.33,0,2.5,0.0,0.0
1667,3601,-0.33,0,2.5,0.0,0.0
1668,3601,-0.33,0,2.5,0.0,0.0
1669,3601,-0.33,0,2.5,0.0,0.0
1670,3601,-0.33,0,2.5,0.0,0.0
1671,3601,-0.33,0,2.5,0.0,0.0
1672,3601,-0.33,0,2.5,0.0,0.0
1673,3601,-0.33,0,2.5,0.0,0.0
1674,3601,-0.33,0,2.5,0.0,0.0
1675,3601,-0.33,0,2.5,0.0,0.0
1676,3601,-0.33,0,2.5,0.0,0.0
1677,3601,-0.33,0,2.5,0.0,0.0
1678,3601,-0.33,0,2.5,0.0,0.0
1679,3601,-0.33,0,2.5,0.0,0.0
1680,3601,-0.33,0,2.5,0.0,0.0
1681,3601,-0.33,0,2.5,0.0,0.0
1682,3601,-0.33,0,2.5,0.0,0.0
1683,3601,-0.33,0,2.5,0.0,0.0
1684,3601,-0.33,0,2.5,0.0,0.0
1685,3601,-0.33,0,2.5,0.0,0.0
1686,3601,-0.33,0,2.5,0.0,0.0
1687,3601,-0.33,0,2.5,0.0,0.0
1688,3601,-0.33,0,2.5,0.0,0.0
1689,3601,-0.33,0,2.5,0.0,0.0
1690,3601,-0.33,0,2.5,0.0,0.0
1691,3601,-0.33,0,2.5,0.0,0.0
1692,3601,-0.33,0,2.5,0.0,0.0
1693,3601,-0.33,0,2.5,0.0,0.0
1694,3601,-0.33,0,2.5,0.0,0.0
1695,3601,-0.33,0,2.5,0.0,0.0
1696,3601,-0.33,0,2.5,0.0,0.0
1697,3601,-0.33,0,2.5,0.0,0.0
1698,3601,-0.33,0,2.5,0.0,0.0
1699,3601,-0.33,0,2.5,0.0,0.0
1700,3601,-0.33,0,2.5,0.0,0.0
1701,3601,-0.33,0,2.5,0.0,0.0
1702,3601,-0.33,0,2.5,0.0,0.0
1703,3601,-0.33,0,2.5,0.0,0.0
1704,3601,-0.33,0,2.5,0.0,0.0
1705,3601,-0.33,0,2.5,0.0,0.0
1706,3601,-0.33,0,2.5,0.0,0.0
1707,3601,-0.33,0,2.5,0.0,0.0
1708,3601,-0.33,0,2.5,0.0,0.0
1709,3601,-0.33,0,2.5,0.0,0.0
1710,3601,-0.33,0,2.5,0.0,0.0
1711,3601,-0.33,0,2.5,0.0,0.0
1712,3601,-0.33,0,2.5,0.0,0.0
1713,3601,-0.33,0,2.5,0.0,0.0
1714,3601,-0.33,0,2.5,0.0,0.0
1715,3601,-0.33,0,2.5,0.0,0.0
1716,3601,-0.33,0,2.5,0.0,0.0
1717,3601,-0.33,0,2.5,0.0,0.0
1718,3601,-0.33,0,2.5,0.0,0.0
1719,3601,-0.33,0,2.5,0.0,0.0
1720,3601,-0.33,0,2.5,0.0,0.0
1721,3601,-0.33,0,2.5,0.0,0.0
1722,3601,-0.33,0,2.5,0.0,0.0
1723,3601,-0.33,0,2.5,0.0,0.0
1724,3601,-0.33,0,2.5,0.0,0.0
1725,3601,-0.33,0,2.5,0.0,0.0
1726,3601,-0.33,0,2.5,0.0,0.0
1727,3601,-0.33,0,2.5,0.0,0.0
1728,3601,-0.33,0,2.5,0.0,0.0
1729,3601,-0.33,0,2.5,0.0,0.0
1730,3601,-0.33,0,2.5,0.0,0.0
1731,3601,-0.33,0,2.5,0.0,0.0
1732,3601,-0.33,0,2.5,0.0,0.0
1733,3601,-0.33,0,2.5,0.0,0.0
1734,3601,-0.33,0,2.5,0.0,0.0
1735,3601,-0.33,0,2.5,0.0,0.0
1736,3601,-0.33,0,2.5,0.0,0.0
1737,3601,-0.33,0,2.5,0.0,0.0
1738,3601,-0.33,0,2.5,0.0,0.0
1739,3601,-0.33,0,2.5,0.0,0.0
1740,3601,-0.33,0,2.5,0.0,0.0
1741,3601,-0.33,0,2.5,0.0,0.0
1742,3601,-0.33,0,2.5,0.0,0.0
1743,3601,-0.33,0,2.5,0.0,0.0
1744,3601,-0.33,0,2.5,0.0,0.0
1745,3601,-0.33,0,2.5,0.0,0.0
1746,3601,-0.33,0,2.5,0.0,0.0
1747,3601,-0.33,0,2.5,0.0,0.0
1748,3601,-0.33,0,2.5,0.0,0.0
1749,3601,-0.33,0,2.5,0.0,0.0
1750,3601,-0.33,0,2.5,0.0,0.0
1751,3601,-0.33,0,2.5,0.0,0.0
1752,3601,-0.33,0,2.5,0.0,0.0
1753,3601,-0.33,0,2.5,0.0,0.0
1754,3601,-0.33,0,2.5,0.0,0.0
1755,3601,-0.33,0,2.5,0.0,0.0
1756,3601,-0.33,0,2.5,0.0,0.0
1757,3601,-0.33,0,2.5,0.0,0.0
1758,3601,-0.33,0,2.5,0.0,0.0
1759,3601,-0.33,0,2.5,0.0,0.0
1760,3601,-0.33,0,2.5,0.0,0.0
1761,3601,-0.33,0,2.5,0.0,0.0
1762,3601,-0.33,0,2.5,0.0,0.0
1763,3601,-0.33,0,2.5,0.0,0.0
1764,3601,-0.33,0,2.5,0.0,0.0
1765,3601,-0.33,0,2.5,0.0,0.0
1766,3601,-0.33,0,2.5,0.0,0.0
1767,3601,-0.33,0,2.5,0.0,0.0
1768,3601,-0.33,0,2.5,0.0,0.0
1769,3601,-0.33,0,2.5,0.0,0.0
1770,3601,-0.33,0,2.5,0.0,0.0
1771,3601,-0.33,0,2.5,0.0,0.0
1772,3601,-0.33,0,2.5,0.0,0.0
1773,3601,-0.33,0,2.5,0.0,0.0
1774,3601,-0.33,0,2.5,0.0,0.0
1775,3601,-0.33,0,2.5,0.0,0.0
1776,3601,-0.33,0,2.5,0.0,0.0
1777,3601,-0.33,0,2.5,0.0,0.0
1778,3601,-0.33,0,2.5,0.0,0.0
1779,3601,-0.33,0,2.5,0.0,0.0
1780,3601,-0.33,0,2.5,0.0,0.0
1781,3601,-0.33,0,2.5,0.0,0.0
1782,3601,-0.33,0,2.5,0.0,0.0
1783,3601,-0.33,0,2.5,0.0,0.0
1784,3601,-0.33,0,2.5,0.0,0.0
1785,3601,-0.33,0,2.5,0.0,0.0
1786,3601,-0.33,0,2.5,0.0,0.0
1787,3601,-0.33,0,2.5,0.0,0.0
1788,3601,-0.33,0,2.5,0.0,0.0
1789,3601,-0.33,0,2.5,0.0,0.0
1790,3601,-0.33,0,2.5,0.0,0.0
1791,3601,-0.33,0,2.5,0.0,0.0
1792,3601,-0.33,0,2.5,0.0,0.0
1793,3601,-0.33,0,2.5,0.0,0.0
1794,3601,-0.33,0,2.5,0.0,0.0
1795,3601,-0.33,0,2.5,0.0,0.0
1796,3601,-0.33,0,2.5,0.0,0.0
1797,3601,-0.33,0,2.5,0.0,0.0
1798,3601,-0.33,0,2.5,0.0,0.0
1799,3601,-0.33,0,2.5,0.0,0.0
1800,3601,-0.33,0,2.5,0.0,0.0
1801,3601,-0.33,0,2.5,0.0,0.0
1802,3601,-0.33,0,2.5,0.0,0.0
1803,3601,-0.33,0,2.5,0.0,0.0
1804,3601,-0.33,0,2.5,0.0,0.0
1805,3601,-0.33,0,2.5,0.0,0.0
1806,3601,-0.33,0,2.5,0.0,0.0
1807,3601,-0.33,0,2.5,0.0,0.0
1808,3601,-0.33,0,2.5,0.0,0.0
1809,3601,-0.33,0,2.5,0.0,0.0
1810,3601,-0.33,0,2.5,0.0,0.0
1811,3601,-0.33,0,2.5,0.0,0.0
1812,3601,-0.33,0,2.5,0.0,0.0
1813,3601,-0.33,0,2.5,0.0,0.0
1814,3601,-0.33,0,2.5,0.0,0.0
1815,3601,-0.33,0,2.5,0.0,0.0
1816,3601,-0.33,0,2.5,0.0,0.0
1817,3601,-0.33,0,2.5,0.0,0.0
1818,3601,-0.33,0,2.5,0.0,0.0
1819,3601,-0.33,0,2.5,0.0,0.0
1820,3601,-0.33,0,2.5,0.0,0.0
1821,3601,-0.33,0,2.5,0.0,0.0
1822,3601,-0.33,0,2.5,0.0,0.0
1823,3601,-0.33,0,2.5,0.0,0.0
1824,3601,-0.33,0,2.5,0.0,0.0
1825,3601,-0.33,0,2.5,0.0,0.0
1826,3601,-0.33,0,2.5,0.0,0.0
1827,3601,-0.33,0,2.5,0.0,0.0
1828,3601,-0.33,0,2.5,0.0,0.0
1829,3601,-0.33,0,2.5,0.0,0.0
1830,3601,-0.33,0,2.5,0.0,0.0
1831,3601,-0.33,0,2.5,0.0,0.0
1832,3601,-0.33,0,2.5,0.0,0.0
1833,3601,-0.33,0,2.5,0.0,0.0
1834,3601,-0.33,0,2.5,0.0,0.0
1835,3601,-0.33,0,2.5,0.0,0.0
1836,3601,-0.33,0,2.5,0.0,0.0
1837,3601,-0.33,0,2.5,0.0,0.0
1838,3601,-0.33,0,2.5,0.0,0.0
1839,3601,-0.33,0,2.5,0.0,0.0
1840,3601,-0.33,0,2.5,0.0,0.0
1841,3601,-0.33,0,2.5,0.0,0.0
1842,3601,-0.33,0,2.5,0.0,0.0
1843,3601,-0.33,0,2.5,0.0,0.0
1844,3601,-0.33,0,2.5,0.0,0.0
1845,3601,-0.33,0,2.5,0.0,0.0
1846,3601,-0.33,0,2.5,0.0,0.0
1847,3601,-0.33,0,2.5,0.0,0.0
1848,3601,-0.33,0,2.5,0.0,0.0
1849,3601,-0.33,0,2.5,0.0,0.0
1850,3601,-0.33,0,2.5,0.0,0.0
1851,3601,-0.33,0,2.5,0.0,0.0
1852,3601,-0.33,0,2.5,0.0,0.0
1853,3601,-0.33,0,2.5,0.0,0.0
1854,3601,-0.33,0,2.5,0.0,0.0
1855,3601,-0.33,0,2.5,0.0,0.0
1856,3601,-0.33,0,2.5,0.0,0.0
1857,3601,-0.33,0,2.5,0.0,0.0
1858,3601,-0.33,0,2.5,0.0,0.0
1859,3601,-0.33,0,2.5,0.0,0.0
1860,3601,-0.33,0,2.5,0.0,0.0
1861,3601,-0.33,0,2.5,0.0,0.0
1862,3601,-0.33,0,2.5,0.0,0.0
1863,3601,-0.33,0,2.5,0.0,0.0
1864,3601,-0.33,0,2.5,0.0,0.0
1865,3601,-0.33,0,2.5,0.0,0.0
1866,3601,-0.33,0,2.5,0.0,0.0
1867,3601,-0.33,0,2.5,0.0,0.0
1868,3601,-0.33,0,2.5,0.0,0.0
1869,3601,-0.33,0,2.5,0.0,0.0
1870,3601,-0.33,0,2.5,0.0,0.0
1871,3601,-0.33,0,2.5,0.0,0.0
1872,3601,-0.33,0,2.5,0.0,0.0
1873,3601,-0.33,0,2.5,0.0,0.0
1874,3601,-0.33,0,2.5,0.0,0.0
1875,3601,-0.33,0,2.5,0.0,0.0
1876,3601,-0.33,0,2.5,0.0,0.0
1877,3601,-0.33,0,2.5,0.0,0.0
1878,3601,-0.33,0,2.5,0.0,0.0
1879,3601,-0.33,0,2.5,0.0,0.0
1880,3601,-0.33,0,2.5,0.0,0.0
1881,3601,-0.33,0,2.5,0.0,0.0
1882,3601,-0.33,0,2.5,0.0,0.0
1883,3601,-0.33,0,2.5,0.0,0.0
1884,3601,-0.33,0,2.5,0.0,0.0
1885,3601,-0.33,0,2.5,0.0,0.0
1886,3601,-0.33,0,2.5,0.0,0.0
1887,3601,-0.33,0,2.5,0.0,0.0
1888,3601,-0.33,0,2.5,0.0,0.0
1889,3601,-0.33,0,2.5,0.0,0.0
1890,3601,-0.33,0,2.5,0.0,0.0
1891,3601,-0.33,0,2.5,0.0,0.0
1892,3601,-0.33,0,2.5,0.0,0.0
1893,3601,-0.33,0,2.5,0.0,0.0
1894,3601,-0.33,0,2.5,0.0,0.0
1895,3601,-0.33,0,2.5,0.0,0.0
1896,3601,-0.33,0,2.5,0.0,0.0
1897,3601,-0.33,0,2.5,0.0,0.0
1898,3601,-0.33,0,2.5,0.0,0.0
1899,3601,-0.33,0,2.5,0.0,0.0
1900,3601,-0.33,0,2.5,0.0,0.0
1901,3601,-0.33,0,2.5,0.0,0.0
1902,3601,-0.33,0,2.5,0.0,0.0
1903,3601,-0.33,0,2.5,0.0,0.0
1904,3601,-0.33,0,2.5,0.0,0.0
1905,3601,-0.33,0,2.5,0.0,0.0
1906,3601,-0.33,0,2.5,0.0,0.0
1907,3601,-0.33,0,2.5,0.0,0.0
1908,3601,-0.33,0,2.5,0.0,0.0
1909,3601,-0.33,0,2.5,0.0,0.0
1910,3601,-0.33,0,2.5,0.0,0.0
1911,3601,-0.33,0,2.5,0.0,0.0
1912,3601,-0.33,0,2.5,0.0,0.0
1913,3601,-0.33,0,2.5,0.0,0.0
1914,3601,-0.33,0,2.5,0.0,0.0
1915,3601,-0.33,0,2.5,0.0,0.0
1916,3601,-0.33,0,2.5,0.0,0.0
1917,3601,-0.33,0,2.5,0.0,0.0
1918,3601,-0.33,0,2.5,0.0,0.0
1919,3601,-0.33,0,2.5,0.0,0.0
1920,3601,-0.33,0,2.5,0.0,0.0
1921,3601,-0.33,0,2.5,0.0,0.0
1922,3601,-0.33,0,2.5,0.0,0.0
1923,3601,-0.33,0,2.5,0.0,0.0
1924,3601,-0.33,0,2.5,0.0,0.0
1925,3601,-0.33,0,2.5,0.0,0.0
1926,3601,-0.33,0,2.5,0.0,0.0
1927,3601,-0.33,0,2.5,0.0,0.0
1928,3601,-0.33,0,2.5,0.0,0.0
1929,3601,-0.33,0,2.5,0.0,0.0
1930,3601,-0.33,0,2.5,0.0,0.0
1931,3601,-0.33,0,2.5,0.0,0.0
1932,3601,-0.33,0,2.5,0.0,0.0
1933,3601,-0.33,0,2.5,0.0,0.0
1934,3601,-0.33,0,2.5,0.0,0.0
1935,3601,-0.33,0,2.5,0.0,0.0
1936,3601,-0.33,0,2.5,0.0,0.0
1937,3601,-0.33,0,2.5,0.0,0.0
1938,3601,-0.33,0,2.5,0.0,0.0
1939,3601,-0.33,0,2.5,0.0,0.0
1940,3601,-0.33,0,2.5,0.0,0.0
1941,3601,-0.33,0,2.5,0.0,0.0
1942,3601,-0.33,0,2.5,0.0,0.0
1943,3601,-0.33,0,2.5,0.0,0.0
1944,3601,-0.33,0,2.5,0.0,0.0
1945,3601,-0.33,0,2.5,0.0,0.0
1946,3601,-0.33,0,2.5,0.0,0.0
1947,3601,-0.33,0,2.5,0.0,0.0
1948,3601,-0.33,0,2.5,0.0,0.0
1949,3601,-0.33,0,2.5,0.0,0.0
1950,3601,-0.33,0,2.5,0.0,0.0
1951,3601,-0.33,0,2.5,0.0,0.0
1952,3601,-0.33,0,2.5,0.0,0.0
1953,3601,-0.33,0,2.5,0.0,0.0
1954,3601,-0.33,0,2.5,0.0,0.0
1955,3601,-0.33,0,2.5,0.0,0.0
1956,3601,-0.33,0,2.5,0.0,0.0
1957,3601,-0.33,0,2.5,0.0,0.0
1958,3601,-0.33,0,2.5,0.0,0.0
1959,3601,-0.33,0,2.5,0.0,0.0
1960,3601,-0.33,0,2.5,0.0,0.0
1961,3601,-0.33,0,2.5,0.0,0.0
1962,3601,-0.33,0,2.5,0.0,0.0
1963,3601,-0.33,0,2.5,0.0,0.0
1964,3601,-0.33,0,2.5,0.0,0.0
1965,3601,-0.33,0,2.5,0.0,0.0
1966,3601,-0.33,0,2.5,0.0,0.0
1967,3601,-0.33,0,2.5,0.0,0.0
1968,3601,-0.33,0,2.5,0.0,0.0
1969,3601,-0.33,0,2.5,0.0,0.0
1970,3601,-0.33,0,2.5,0.0,0.0
1971,3601,-0.33,0,2.5,0.0,0.0
1972,3601,-0.33,0,2.5,0.0,0.0
1973,3601,-0.33,0,2.5,0.0,0.0
1974,3601,-0.33,0,2.5,0.0,0.0
1975,3601,-0.33,0,2.5,0.0,0.0
1976,3601,-0.33,0,2.5,0.0,0.0
1977,3601,-0.33,0,2.5,0.0,0.0
1978,3601,-0.33,0,2.5,0.0,0.0
1979,3601,-0.33,0,2.5,0.0,0.0
1980,3601,-0.33,0,2.5,0.0,0.0
1981,3601,-0.33,0,2.5,0.0,0.0
1982,3601,-0.33,0,2.5,0.0,0.0
1983,3601,-0.33,0,2.5,0.0,0.0
1984,3601,-0.33,0,2.5,0.0,0.0
1985,3601,-0.33,0,2.5,0.0,0.0
1986,3601,-0.33,0,2.5,0.0,0.0
1987,3601,-0.33,0,2.5,0.0,0.0
1988,3601,-0.33,0,2.5,0.0,0.0
1989,3601,-0.33,0,2.5,0.0,0.0
1990,3601,-0.33,0,2.5,0.0,0.0
1991,3601,-0.33,0,2.5,0.0,0.0
1992,3601,-0.33,0,2.5,0.0,0.0
1993,3601,-0.33,0,2.5,0.0,0.0
1994,3601,-0.33,0,2.5,0.0,0.0
1995,3601,-0.33,0,2.5,0.0,0.0
1996,3601,-0.33,0,2.5,0.0,0.0
1997,3601,-0.33,0,2.5,0.0,0.0
1998,3601,-0.33,0,2.5,0.0,0.0
1999,3601,-0.33,0,2.5,0.0,0.0
2000,3601,-0.33,0,2.5,0.0,0.0
2001,3601,-0.33,0,2.5,0.0,0.0
2002,3601,-0.33,0,2.5,0.0,0.0
2003,3601,-0.33,0,2.5,0.0,0.0
2004,3601,-0.33,0,2.5,0.0,0.0
2005,3601,-0.33,0,2.5,0.0,0.0
2006,3601,-0.33,0,2.5,0.0,0.0
2007,3601,-0.33,0,2.5,0.0,0.0
2008,3601,-0.33,0,2.5,0.0,0.0
2009,3601,-0.33,0,2.5,0.0,0.0
2010,3601,-0.33,0,2.5,0.0,0.0
2011,3601,-0.33,0,2.5,0.0,0.0
2012,3601,-0.33,0,2.5,0.0,0.0
2013,3601,-0.33,0,2.5,0.0,0.0
2014,3601,-0.33,0,2.5,0.0,0.0
2015,3601,-0.33,0,2.5,0.0,0.0
2016,3601,-0.33,0,2.5,0.0,0.0
2017,3601,-0.33,0,2.5,0.0,0.0
2018,3601,-0.33,0,2.5,0.0,0.0
2019,3601,-0.33,0,2.5,0.0,0.0
2020,3601,-0.33,0,2.5,0.0,0.0
2021,3601,-0.33,0,2.5,0.0,0.0
2022,3601,-0.33,0,2.5,0.0,0.0
2023,3601,-0.33,0,2.5,0.0,0.0
2024,3601,-0.33,0,2.5,0.0,0.0
2025,3601,-0.33,0,2.5,0.0,0.0
2026,3601,-0.33,0,2.5,0.0,0.0
2027,3601,-0.33,0,2.5,0.0,0.0
2028,3601,-0.33,0,2.5,0.0,0.0
2029,3601,-0.33,0,2.5,0.0,0.0
2030,3601,-0.33,0,2.5,0.0,0.0
2031,3601,-0.33,0,2.5,0.0,0.0
2032,3601,-0.33,0,2.5,0.0,0.0
2033,3601,-0.33,0,2.5,0.0,0.0
2034,3601,-0.33,0,2.5,0.0,0.0
2035,3601,-0.33,0,2.5,0.0,0.0
2036,3601,-0.33,0,2.5,0.0,0.0
2037,3601,-0.33,0,2.5,0.0,0.0
2038,3601,-0.33,0,2.5,0.0,0.0
2039,3601,-0.33,0,2.5,0.0,0.0
2040,3601,-0.33,0,2.5,0.0,0.0
2041,3601,-0.33,0,2.5,0.0,0.0
2042,3601,-0.33,0,2.5,0.0,0.0
2043,3601,-0.33,0,2.5,0.0,0.0
2044,3601,-0.33,0,2.5,0.0,0.0
2045,3601,-0.33,0,2.5,0.0,0.0
2046,3601,-0.33,0,2.5,0.0,0.0
2047,3601,-0.33,0,2.5,0.0,0.0
2048,3601,-0.33,0,2.5,0.0,0.0
2049,3601,-0.33,0,2.5,0.0,0.0
2050,3601,-0.33,0,2.5,0.0,0.0
2051,3601,-0.33,0,2.5,0.0,0.0
2052,3601,-0.33,0,2.5,0.0,0.0
2053,3601,-0.33,0,2.5,0.0,0.0
2054,3601,-0.33,0,2.5,0.0,0.0
2055,3601,-0.33,0,2.5,0.0,0.0
2056,3601,-0.33,0,2.5,0.0,0.0
2057,3601,-0.33,0,2.5,0.0,0.0
2058,3601,-0.33,0,2.5,0.0,0.0
2059,3601,-0.33,0,2.5,0.0,0.0
2060,3601,-0.33,0,2.5,0.0,0.0
2061,3601,-0.33,0,2.5,0.0,0.0
2062,3601,-0.33,0,2.5,0.0,0.0
2063,3601,-0.33,0,2.5,0.0,0.0
2064,3601,-0.33,0,2.5,0.0,0.0
2065,3601,-0.33,0,2.5,0.0,0.0
2066,3601,-0.33,0,2.5,0.0,0.0
2067,3601,-0.33,0,2.5,0.0,0.0
2068,3601,-0.33,0,2.5,0.0,0.0
2069,3601,-0.33,0,2.5,0.0,0.0
2070,3601,-0.33,0,2.5,0.0,0.0
2071,3601,-0.33,0,2.5,0.0,0.0
2072,3601,-0.33,0,2.5,0.0,0.0
2073,3601,-0.33,0,2.5,0.0,0.0
2074,3601,-0.33,0,2.5,0.0,0.0
2075,3601,-0.33,0,2.5,0.0,0.0
2076,3601,-0.33,0,2.5,0.0,0.0
2077,3601,-0.33,0,2.5,0.0,0.0
2078,3601,-0.33,0,2.5,0.0,0.0
2079,3601,-0.33,0,2.5,0.0,0.0
2080,3601,-0.33,0,2.5,0.0,0.0
2081,3601,-0.33,0,2.5,0.0,0.0
2082,3601,-0.33,0,2.5,0.0,0.0
2083,3601,-0.33,0,2.5,0.0,0.0
2084,3601,-0.33,0,2.5,0.0,0.0
2085,3601,-0.33,0,2.5,0.0,0.0
2086,3601,-0.33,0,2.5,0.0,0.0
2087,3601,-0.33,0,2.5,0.0,0.0
2088,3601,-0.33,0,2.5,0.0,0.0
2089,3601,-0.33,0,2.5,0.0,0.0
2090,3601,-0.33,0,2.5,0.0,0.0
2091,3601,-0.33,0,2.5,0.0,0.0
2092,3601,-0.33,0,2.5,0.0,0.0
2093,3601,-0.33,0,2.5,0.0,0.0
2094,3601,-0.33,0,2.5,0.0,0.0
2095,3601,-0.33,0,2.5,0.0,0.0
2096,3601,-0.33,0,2.5,0.0,0.0
2097,3601,-0.33,0,2.5,0.0,0.0
2098,3601,-0.33,0,2.5,0.0,0.0
2099,3601,-0.33,0,2.5,0.0,0.0
2100,3601,-0.33,0,2.5,0.0,0.0
2101,3601,-0.33,0,2.5,0.0,0.0
2102,3601,-0.33,0,2.5,0.0,0.0
2103,3601,-0.33,0,2.5,0.0,0.0
2104,3601,-0.33,0,2.5,0.0,0.0
2105,3601,-0.33,0,2.5,0.0,0.0
2106,3601,-0.33,0,2.5,0.0,0.0
2107,3601,-0.33,0,2.5,0.0,0.0
2108,3601,-0.33,0,2.5,0.0,0.0
2109,3601,-0.33,0,2.5,0.0,0.0
2110,3601,-0.33,0,2.5,0.0,0.0
2111,3601,-0.33,0,2.5,0.0,0.0
2112,3601,-0.33,0,2.5,0.0,0.0
2113,3601,-0.33,0,2.5,0.0,0.0
2114,3601,-0.33,0,2.5,0.0,0.0
2115,3601,-0.33,0,2.5,0.0,0.0
2116,3601,-0.33,0,2.5,0.0,0.0
2117,3601,-0.33,0,2.5,0.0,0.0
2118,3601,-0.33,0,2.5,0.0,0.0
2119,3601,-0.33,0,2.5,0.0,0.0
2120,3601,-0.33,0,2.5,0.0,0.0
2121,3601,-0.33,0,2.5,0.0,0.0
2122,3601,-0.33,0,2.5,0.0,0.0
2123,3601,-0.33,0,2.5,0.0,0.0
2124,3601,-0.33,0,2.5,0.0,0.0
2125,3601,-0.33,0,2.5,0.0,0.0
2126,3601,-0.33,0,2.5,0.0,0.0
2127,3601,-0.33,0,2.5,0.0,0.0
2128,3601,-0.33,0,2.5,0.0,0.0
2129,3601,-0.33,0,2.5,0.0,0.0
2130,3601,-0.33,0,2.5,0.0,0.0
2131,3601,-0.33,0,2.5,0.0,0.0
2132,3601,-0.33,0,2.5,0.0,0.0
2133,3601,-0.33,0,2.5,0.0,0.0
2134,3601,-0.33,0,2.5,0.0,0.0
2135,3601,-0.33,0,2.5,0.0,0.0
2136,3601,-0.33,0,2.5,0.0,0.0
2137,3601,-0.33,0,2.5,0.0,0.0
2138,3601,-0.33,0,2.5,0.0,0.0
2139,3601,-0.33,0,2.5,0.0,0.0
2140,3601,-0.33,0,2.5,0.0,0.0
2141,3601,-0.33,0,2.5,0.0,0.0
2142,3601,-0.33,0,2.5,0.0,0.0
2143,3601,-0.33,0,2.5,0.0,0.0
2144,3601,-0.33,0,2.5,0.0,0.0
2145,3601,-0.33,0,2.5,0.0,0.0
2146,3601,-0.33,0,2.5,0.0,0.0
2147,3601,-0.33,0,2.5,0.0,0.0
2148,3601,-0.33,0,2.5,0.0,0.0
2149,3601,-0.33,0,2.5,0.0,0.0
2150,3601,-0.33,0,2.5,0.0,0.0
2151,3601,-0.33,0,2.5,0.0,0.0
2152,3601,-0.33,0,2.5,0.0,0.0
2153,3601,-0.33,0,2.5,0.0,0.0
2154,3601,-0.33,0,2.5,0.0,0.0
2155,3601,-0.33,0,2.5,0.0,0.0
2156,3601,-0.33,0,2.5,0.0,0.0
2157,3601,-0.33,0,2.5,0.0,0.0
2158,3601,-0.33,0,2.5,0.0,0.0
2159,3601,-0.33,0,2.5,0.0,0.0
2160,3601,-0.33,0,2.5,0.0,0.0
2161,3601,-0.33,0,2.5,0.0,0.0
2162,3601,-0.33,0,2.5,0.0,0.0
2163,3601,-0.33,0,2.5,0.0,0.0
2164,3601,-0.33,0,2.5,0.0,0.0
2165,3601,-0.33,0,2.5,0.0,0.0
2166,3601,-0.33,0,2.5,0.0,0.0
2167,3601,-0.33,0,2.5,0.0,0.0
2168,3601,-0.33,0,2.5,0.0,0.0
2169,3601,-0.33,0,2.5,0.0,0.0
2170,3601,-0.33,0,2.5,0.0,0.0
2171,3601,-0.33,0,2.5,0.0,0.0
2172,3601,-0.33,0,2.5,0.0,0.0
2173,3601,-0.33,0,2.5,0.0,0.0
2174,3601,-0.33,0,2.5,0.0,0.0
2175,3601,-0.33,0,2.5,0.0,0.0
2176,3601,-0.33,0,2.5,0.0,0.0
2177,3601,-0.33,0,2.5,0.0,0.0
2178,3601,-0.33,0,2.5,0.0,0.0
2179,3601,-0.33,0,2.5,0.0,0.0
2180,3601,-0.33,0,2.5,0.0,0.0
2181,3601,-0.33,0,2.5,0.0,0.0
2182,3601,-0.33,0,2.5,0.0,0.0
2183,3601,-0.33,0,2.5,0.0,0.0
2184,3601,-0.33,0,2.5,0.0,0.0
2185,3601,-0.33,0,2.5,0.0,0.0
2186,3601,-0.33,0,2.5,0.0,0.0
2187,3601,-0.33,0,2.5,0.0,0.0
2188,3601,-0.33,0,2.5,0.0,0.0
2189,3601,-0.33,0,2.5,0.0,0.0
2190,3601,-0.33,0,2.5,0.0,0.0
2191,3601,-0.33,0,2.5,0.0,0.0
2192,3601,-0.33,0,2.5,0.0,0.0
2193,3601,-0.33,0,2.5,0.0,0.0
2194,3601,-0.33,0,2.5,0.0,0.0
2195,3601,-0.33,0,2.5,0.0,0.0
2196,3601,-0.33,0,2.5,0.0,0.0
2197,3601,-0.33,0,2.5,0.0,0.0
2198,3601,-0.33,0,2.5,0.0,0.0
2199,3601,-0.33,0,2.5,0.0,0.0
2200,3601,-0.33,0,2.5,0.0,0.0
2201,3601,-0.33,0,2.5,0.0,0.0
2202,3601,-0.33,0,2.5,0.0,0.0
2203,3601,-0.33,0,2.5,0.0,0.0
2204,3601,-0.33,0,2.5,0.0,0.0
2205,3601,-0.33,0,2.5,0.0,0.0
2206,3601,-0.33,0,2.5,0.0,0.0
2207,3601,-0.33,0,2.5,0.0,0.0
2208,3601,-0.33,0,2.5,0.0,0.0
2209,3601,-0.33,0,2.5,0.0,0.0
2210,3601,-0.33,0,2.5,0.0,0.0
2211,3601,-0.33,0,2.5,0.0,0.0
2212,3601,-0.33,0,2.5,0.0,0.0
2213,3601,-0.33,0,2.5,0.0,0.0
2214,3601,-0.33,0,2.5,0.0,0.0
2215,3601,-0.33,0,2.5,0.0,0.0
2216,3601,-0.33,0,2.5,0.0,0.0
2217,3601,-0.33,0,2.5,0.0,0.0
2218,3601,-0.33,0,2.5,0.0,0.0
2219,3601,-0.33,0,2.5,0.0,0.0
2220,3601,-0.33,0,2.5,0.0,0.0
2221,3601,-0.33,0,2.5,0.0,0.0
2222,3601,-0.33,0,2.5,0.0,0.0
2223,3601,-0.33,0,2.5,0.0,0.0
2224,3601,-0.33,0,2.5,0.0,0.0
2225,3601,-0.33,0,2.5,0.0,0.0
2226,3601,-0.33,0,2.5,0.0,0.0
2227,3601,-0.33,0,2.5,0.0,0.0
2228,3601,-0.33,0,2.5,0.0,0.0
2229,3601,-0.33,0,2.5,0.0,0.0
2230,3601,-0.33,0,2.5,0.0,0.0
2231,3601,-0.33,0,2.5,0.0,0.0
2232,3601,-0.33,0,2.5,0.0,0.0
2233,3601,-0.33,0,2.5,0.0,0.0
2234,3601,-0.33,0,2.5,0.0,0.0
2235,3601,-0.33,0,2.5,0.0,0.0
2236,3601,-0.33,0,2.5,0.0,0.0
2237,3601,-0.33,0,2.5,0.0,0.0
2238,3601,-0.33,0,2.5,0.0,0.0
2239,3601,-0.33,0,2.5,0.0,0.0
2240,3601,-0.33,0,2.5,0.0,0.0
2241,3601,-0.33,0,2.5,0.0,0.0
2242,3601,-0.33,0,2.5,0.0,0.0
2243,3601,-0.33,0,2.5,0.0,0.0
2244,3601,-0.33,0,2.5,0.0,0.0
2245,3601,-0.33,0,2.5,0.0,0.0
2246,3601,-0.33,0,2.5,0.0,0.0
2247,3601,-0.33,0,2.5,0.0,0.0
2248,3601,-0.33,0,2.5,0.0,0.0
2249,3601,-0.33,0,2.5,0.0,0.0
2250,3601,-0.33,0,2.5,0.0,0.0
2251,3601,-0.33,0,2.5,0.0,0.0
2252,3601,-0.33,0,2.5,0.0,0.0
2253,3601,-0.33,0,2.5,0.0,0.0
2254,3601,-0.33,0,2.5,0.0,0.0
2255,3601,-0.33,0,2.5,0.0,0.0
2256,3601,-0.33,0,2.5,0.0,0.0
2257,3601,-0.33,0,2.5,0.0,0.0
2258,3601,-0.33,0,2.5,0.0,0.0
2259,3601,-0.33,0,2.5,0.0,0.0
2260,3601,-0.33,0,2.5,0.0,0.0
2261,3601,-0.33,0,2.5,0.0,0.0
2262,3601,-0.33,0,2.5,0.0,0.0
2263,3601,-0.33,0,2.5,0.0,0.0
2264,3601,-0.33,0,2.5,0.0,0.0
2265,3601,-0.33,0,2.5,0.0,0.0
2266,3601,-0.33,0,2.5,0.0,0.0
2267,3601,-0.33,0,2.5,0.0,0.0
2268,3601,-0.33,0,2.5,0.0,0.0
2269,3601,-0.33,0,2.5,0.0,0.0
2270,3601,-0.33,0,2.5,0.0,0.0
2271,3601,-0.33,0,2.5,0.0,0.0
2272,3601,-0.33,0,2.5,0.0,0.0
2273,3601,-0.33,0,2.5,0.0,0.0
2274,3601,-0.33,0,2.5,0.0,0.0
2275,3601,-0.33,0,2.5,0.0,0.0
2276,3601,-0.33,0,2.5,0.0,0.0
2277,3601,-0.33,0,2.5,0.0,0.0
2278,3601,-0.33,0,2.5,0.0,0.0
2279,3601,-0.33,0,2.5,0.0,0.0
2280,3601,-0.33,0,2.5,0.0,0.0
2281,3601,-0.33,0,2.5,0.0,0.0
2282,3601,-0.33,0,2.5,0.0,0.0
2283,3601,-0.33,0,2.5,0.0,0.0
2284,3601,-0.33,0,2.5,0.0,0.0
2285,3601,-0.33,0,2.5,0.0,0.0
2286,3601,-0.33,0,2.5,0.0,0.0
2287,3601,-0.33,0,2.5,0.0,0.0
2288,3601,-0.33,0,2.5,0.0,0.0
2289,3601,-0.33,0,2.5,0.0,0.0
2290,3601,-0.33,0,2.5,0.0,0.0
2291,3601,-0.33,0,2.5,0.0,0.0
2292,3601,-0.33,0,2.5,0.0,0.0
2293,3601,-0.33,0,2.5,0.0,0.0
2294,3601,-0.33,0,2.5,0.0,0.0
2295,3601,-0.33,0,2.5,0.0,0.0
2296,3601,-0.33,0,2.5,0.0,0.0
2297,3601,-0.33,0,2.5,0.0,0.0
2298,3601,-0.33,0,2.5,0.0,0.0
2299,3601,-0.33,0,2.5,0.0,0.0
2300,3601,-0.33,0,2.5,0.0,0.0
2301,3601,-0.33,0,2.5,0.0,0.0
2302,3601,-0.33,0,2.5,0.0,0.0
2303,3601,-0.33,0,2.5,0.0,0.0
2304,3601,-0.33,0,2.5,0.0,0.0
2305,3601,-0.33,0,2.5,0.0,0.0
2306,3601,-0.33,0,2.5,0.0,0.0
2307,3601,-0.33,0,2.5,0.0,0.0
2308,3601,-0.33,0,2.5,0.0,0.0
2309,3601,-0.33,0,2.5,0.0,0.0
2310,3601,-0.33,0,2.5,0.0,0.0
2311,3601,-0.33,0,2.5,0.0,0.0
2312,3601,-0.33,0,2.5,0.0,0.0
2313,3601,-0.33,0,2.5,0.0,0.0
2314,3601,-0.33,0,2.5,0.0,0.0
2315,3601,-0.33,0,2.5,0.0,0.0
2316,3601,-0.33,0,2.5,0.0,0.0
2317,3601,-0.33,0,2.5,0.0,0.0
2318,3601,-0.33,0,2.5,0.0,0.0
2319,3601,-0.33,0,2.5,0.0,0.0
2320,3601,-0.33,0,2.5,0.0,0.0
2321,3601,-0.33,0,2.5,0.0,0.0
2322,3601,-0.33,0,2.5,0.0,0.0
2323,3601,-0.33,0,2.5,0.0,0.0
2324,3601,-0.33,0,2.5,0.0,0.0
2325,3601,-0.33,0,2.5,0.0,0.0
2326,3601,-0.33,0,2.5,0.0,0.0
2327,3601,-0.33,0,2.5,0.0,0.0
2328,3601,-0.33,0,2.5,0.0,0.0
2329,3601,-0.33,0,2.5,0.0,0.0
2330,3601,-0.33,0,2.5,0.0,0.0
2331,3601,-0.33,0,2.5,0.0,0.0
2332,3601,-0.33,0,2.5,0.0,0.0
2333,3601,-0.33,0,2.5,0.0,0.0
2334,3601,-0.33,0,2.5,0.0,0.0
2335,3601,-0.33,0,2.5,0.0,0.0
2336,3601,-0.33,0,2.5,0.0,0.0
2337,3601,-0.33,0,2.5,0.0,0.0
2338,3601,-0.33,0,2.5,0.0,0.0
2339,3601,-0.33,0,2.5,0.0,0.0
2340,3601,-0.33,0,2.5,0.0,0.0
2341,3601,-0.33,0,2.5,0.0,0.0
2342,3601,-0.33,0,2.5,0.0,0.0
2343,3601,-0.33,0,2.5,0.0,0.0
2344,3601,-0.33,0,2.5,0.0,0.0
2345,3601,-0.33,0,2.5,0.0,0.0
2346,3601,-0.33,0,2.5,0.0,0.0
2347,3601,-0.33,0,2.5,0.0,0.0
2348,3601,-0.33,0,2.5,0.0,0.0
2349,3601,-0.33,0,2.5,0.0,0.0
2350,3601,-0.33,0,2.5,0.0,0.0
2351,3601,-0.33,0,2.5,0.0,0.0
2352,3601,-0.33,0,2.5,0.0,0.0
2353,3601,-0.33,0,2.5,0.0,0.0
2354,3601,-0.33,0,2.5,0.0,0.0
2355,3601,-0.33,0,2.5,0.0,0.0
2356,3601,-0.33,0,2.5,0.0,0.0
2357,3601,-0.33,0,2.5,0.0,0.0
2358,3601,-0.33,0,2.5,0.0,0.0
2359,3601,-0.33,0,2.5,0.0,0.0
2360,3601,-0.33,0,2.5,0.0,0.0
2361,3601,-0.33,0,2.5,0.0,0.0
2362,3601,-0.33,0,2.5,0.0,0.0
2363,3601,-0.33,0,2.5,0.0,0.0
2364,3601,-0.33,0,2.5,0.0,0.0
2365,3601,-0.33,0,2.5,0.0,0.0
2366,3601,-0.33,0,2.5,0.0,0.0
2367,3601,-0.33,0,2.5,0.0,0.0
2368,3601,-0.33,0,2.5,0.0,0.0
2369,3601,-0.33,0,2.5,0.0,0.0
2370,3601,-0.33,0,2.5,0.0,0.0
2371,3601,-0.33,0,2.5,0.0,0.0
2372,3601,-0.33,0,2.5,0.0,0.0
2373,3601,-0.33,0,2.5,0.0,0.0
2374,3601,-0.33,0,2.5,0.0,0.0
2375,3601,-0.33,0,2.5,0.0,0.0
2376,3601,-0.33,0,2.5,0.0,0.0
2377,3601,-0.33,0,2.5,0.0,0.0
2378,3601,-0.33,0,2.5,0.0,0.0
2379,3601,-0.33,0,2.5,0.0,0.0
2380,3601,-0.33,0,2.5,0.0,0.0
2381,3601,-0.33,0,2.5,0.0,0.0
2382,3601,-0.33,0,2.5,0.0,0.0
2383,3601,-0.33,0,2.5,0.0,0.0
2384,3601,-0.33,0,2.5,0.0,0.0
2385,3601,-0.33,0,2.5,0.0,0.0
2386,3601,-0.33,0,2.5,0.0,0.0
2387,3601,-0.33,0,2.5,0.0,0.0
2388,3601,-0.33,0,2.5,0.0,0.0
2389,3601,-0.33,0,2.5,0.0,0.0
2390,3601,-0.33,0,2.5,0.0,0.0
2391,3601,-0.33,0,2.5,0.0,0.0
2392,3601,-0.33,0,2.5,0.0,0.0
2393,3601,-0.33,0,2.5,0.0,0.0
2394,3601,-0.33,0,2.5,0.0,0.0
2395,3601,-0.33,0,2.5,0.0,0.0
2396,3601,-0.33,0,2.5,0.0,0.0
2397,3601,-0.33,0,2.5,0.0,0.0
2398,3601,-0.33,0,2.5,0.0,0.0
2399,3601,-0.33,0,2.5,0.0,0.0
2400,3601,-0.33,0,2.5,0.0,0.0
2401,3601,-0.33,0,2.5,0.0,0.0
2402,3601,-0.33,0,2.5,0.0,0.0
2403,3601,-0.33,0,2.5,0.0,0.0
2404,3601,-0.33,0,2.5,0.0,0.0
2405,3601,-0.33,0,2.5,0.0,0.0
2406,3601,-0.33,0,2.5,0.0,0.0
2407,3601,-0.33,0,2.5,0.0,0.0
2408,3601,-0.33,0,2.5,0.0,0.0
2409,3601,-0.33,0,2.5,0.0,0.0
2410,3601,-0.33,0,2.5,0.0,0.0
2411,3601,-0.33,0,2.5,0.0,0.0
2412,3601,-0.33,0,2.5,0.0,0.0
2413,3601,-0.33,0,2.5,0.0,0.0
2414,3601,-0.33,0,2.5,0.0,0.0
2415,3601,-0.33,0,2.5,0.0,0.0
2416,3601,-0.33,0,2.5,0.0,0.0
2417,3601,-0.33,0,2.5,0.0,0.0
2418,3601,-0.33,0,2.5,0.0,0.0
2419,3601,-0.33,0,2.5,0.0,0.0
2420,3601,-0.33,0,2.5,0.0,0.0
2421,3601,-0.33,0,2.5,0.0,0.0
2422,3601,-0.33,0,2.5,0.0,0.0
2423,3601,-0.33,0,2.5,0.0,0.0
2424,3601,-0.33,0,2.5,0.0,0.0
2425,3601,-0.33,0,2.5,0.0,0.0
2426,3601,-0.33,0,2.5,0.0,0.0
2427,3601,-0.33,0,2.5,0.0,0.0
2428,3601,-0.33,0,2.5,0.0,0.0
2429,3601,-0.33,0,2.5,0.0,0.0
2430,3601,-0.33,0,2.5,0.0,0.0
2431,3601,-0.33,0,2.5,0.0,0.0
2432,3601,-0.33,0,2.5,0.0,0.0
2433,3601,-0.33,0,2.5,0.0,0.0
2434,3601,-0.33,0,2.5,0.0,0.0
2435,3601,-0.33,0,2.5,0.0,0.0
2436,3601,-0.33,0,2.5,0.0,0.0
2437,3601,-0.33,0,2.5,0.0,0.0
2438,3601,-0.33,0,2.5,0.0,0.0
2439,3601,-0.33,0,2.5,0.0,0.0
2440,3601,-0.33,0,2.5,0.0,0.0
2441,3601,-0.33,0,2.5,0.0,0.0
2442,3601,-0.33,0,2.5,0.0,0.0
2443,3601,-0.33,0,2.5,0.0,0.0
2444,3601,-0.33,0,2.5,0.0,0.0
2445,3601,-0.33,0,2.5,0.0,0.0
2446,3601,-0.33,0,2.5,0.0,0.0
2447,3601,-0.33,0,2.5,0.0,0.0
2448,3601,-0.33,0,2.5,0.0,0.0
2449,3601,-0.33,0,2.5,0.0,0.0
2450,3601,-0.33,0,2.5,0.0,0.0
2451,3601,-0.33,0,2.5,0.0,0.0
2452,3601,-0.33,0,2.5,0.0,0.0
2453,3601,-0.33,0,2.5,0.0,0.0
2454,3601,-0.33,0,2.5,0.0,0.0
2455,3601,-0.33,0,2.5,0.0,0.0
2456,3601,-0.33,0,2.5,0.0,0.0
2457,3601,-0.33,0,2.5,0.0,0.0
2458,3601,-0.33,0,2.5,0.0,0.0
2459,3601,-0.33,0,2.5,0.0,0.0
2460,3601,-0.33,0,2.5,0.0,0.0
2461,3601,-0.33,0,2.5,0.0,0.0
2462,3601,-0.33,0,2.5,0.0,0.0
2463,3601,-0.33,0,2.5,0.0,0.0
2464,3601,-0.33,0,2.5,0.0,0.0
2465,3601,-0.33,0,2.5,0.0,0.0
2466,3601,-0.33,0,2.5,0.0,0.0
2467,3601,-0.33,0,2.5,0.0,0.0
2468,3601,-0.33,0,2.5,0.0,0.0
2469,3601,-0.33,0,2.5,0.0,0.0
2470,3601,-0.33,0,2.5,0.0,0.0
2471,3601,-0.33,0,2.5,0.0,0.0
2472,3601,-0.33,0,2.5,0.0,0.0
2473,3601,-0.33,0,2.5,0.0,0.0
2474,3601,-0.33,0,2.5,0.0,0.0
2475,3601,-0.33,0,2.5,0.0,0.0
2476,3601,-0.33,0,2.5,0.0,0.0
2477,3601,-0.33,0,2.5,0.0,0.0
2478,3601,-0.33,0,2.5,0.0,0.0
2479,3601,-0.33,0,2.5,0.0,0.0
2480,3601,-0.33,0,2.5,0.0,0.0
2481,3601,-0.33,0,2.5,0.0,0.0
2482,3601,-0.33,0,2.5,0.0,0.0
2483,3601,-0.33,0,2.5,0.0,0.0
2484,3601,-0.33,0,2.5,0.0,0.0
2485,3601,-0.33,0,2.5,0.0,0.0
2486,3601,-0.33,0,2.5,0.0,0.0
2487,3601,-0.33,0,2.5,0.0,0.0
2488,3601,-0.33,0,2.5,0.0,0.0
2489,3601,-0.33,0,2.5,0.0,0.0
2490,3601,-0.33,0,2.5,0.0,0.0
2491,3601,-0.33,0,2.5,0.0,0.0
2492,3601,-0.33,0,2.5,0.0,0.0
2493,3601,-0.33,0,2.5,0.0,0.0
2494,3601,-0.33,0,2.5,0.0,0.0
2495,3601,-0.33,0,2.5,0.0,0.0
2496,3601,-0.33,0,2.5,0.0,0.0
2497,3601,-0.33,0,2.5,0.0,0.0
2498,3601,-0.33,0,2.5,0.0,0.0
2499,3601,-0.33,0,2.5,0.0,0.0
2500,3601,-0.33,0,2.5,0.0,0.0
2501,3601,-0.33,0,2.5,0.0,0.0
2502,3601,-0.33,0,2.5,0.0,0.0
2503,3601,-0.33,0,2.5,0.0,0.0
2504,3601,-0.33,0,2.5,0.0,0.0
2505,3601,-0.33,0,2.5,0.0,0.0
2506,3601,-0.33,0,2.5,0.0,0.0
2507,3601,-0.33,0,2.5,0.0,0.0
2508,3601,-0.33,0,2.5,0.0,0.0
2509,3601,-0.33,0,2.5,0.0,0.0
2510,3601,-0.33,0,2.5,0.0,0.0
2511,3601,-0.33,0,2.5,0.0,0.0
2512,3601,-0.33,0,2.5,0.0,0.0
2513,3601,-0.33,0,2.5,0.0,0.0
2514,3601,-0.33,0,2.5,0.0,0.0
2515,3601,-0.33,0,2.5,0.0,0.0
2516,3601,-0.33,0,2.5,0.0,0.0
2517,3601,-0.33,0,2.5,0.0,0.0
2518,3601,-0.33,0,2.5,0.0,0.0
2519,3601,-0.33,0,2.5,0.0,0.0
2520,3601,-0.33,0,2.5,0.0,0.0
2521,3601,-0.33,0,2.5,0.0,0.0
2522,3601,-0.33,0,2.5,0.0,0.0
2523,3601,-0.33,0,2.5,0.0,0.0
2524,3601,-0.33,0,2.5,0.0,0.0
2525,3601,-0.33,0,2.5,0.0,0.0
2526,3601,-0.33,0,2.5,0.0,0.0
2527,3601,-0.33,0,2.5,0.0,0.0
2528,3601,-0.33,0,2.5,0.0,0.0
2529,3601,-0.33,0,2.5,0.0,0.0
2530,3601,-0.33,0,2.5,0.0,0.0
2531,3601,-0.33,0,2.5,0.0,0.0
2532,3601,-0.33,0,2.5,0.0,0.0
2533,3601,-0.33,0,2.5,0.0,0.0
2534,3601,-0.33,0,2.5,0.0,0.0
2535,3601,-0.33,0,2.5,0.0,0.0
2536,3601,-0.33,0,2.5,0.0,0.0
2537,3601,-0.33,0,2.5,0.0,0.0
2538,3601,-0.33,0,2.5,0.0,0.0
2539,3601,-0.33,0,2.5,0.0,0.0
2540,3601,-0.33,0,2.5,0.0,0.0
2541,3601,-0.33,0,2.5,0.0,0.0
2542,3601,-0.33,0,2.5,0.0,0.0
2543,3601,-0.33,0,2.5,0.0,0.0
2544,3601,-0.33,0,2.5,0.0,0.0
2545,3601,-0.33,0,2.5,0.0,0.0
2546,3601,-0.33,0,2.5,0.0,0.0
2547,3601,-0.33,0,2.5,0.0,0.0
2548,3601,-0.33,0,2.5,0.0,0.0
2549,3601,-0.33,0,2.5,0.0,0.0
2550,3601,-0.33,0,2.5,0.0,0.0
2551,3601,-0.33,0,2.5,0.0,0.0
2552,3601,-0.33,0,2.5,0.0,0.0
2553,3601,-0.33,0,2.5,0.0,0.0
2554,3601,-0.33,0,2.5,0.0,0.0
2555,3601,-0.33,0,2.5,0.0,0.0
2556,3601,-0.33,0,2.5,0.0,0.0
2557,3601,-0.33,0,2.5,0.0,0.0
2558,3601,-0.33,0,2.5,0.0,0.0
2559,3601,-0.33,0,2.5,0.0,0.0
2560,3601,-0.33,0,2.5,0.0,0.0
2561,3601,-0.33,0,2.5,0.0,0.0
2562,3601,-0.33,0,2.5,0.0,0.0
2563,3601,-0.33,0,2.5,0.0,0.0
2564,3601,-0.33,0,2.5,0.0,0.0
2565,3601,-0.33,0,2.5,0.0,0.0
2566,3601,-0.33,0,2.5,0.0,0.0
2567,3601,-0.33,0,2.5,0.0,0.0
2568,3601,-0.33,0,2.5,0.0,0.0
2569,3601,-0.33,0,2.5,0.0,0.0
2570,3601,-0.33,0,2.5,0.0,0.0
2571,3601,-0.33,0,2.5,0.0,0.0
2572,3601,-0.33,0,2.5,0.0,0.0
2573,3601,-0.33,0,2.5,0.0,0.0
2574,3601,-0.33,0,2.5,0.0,0.0
2575,3601,-0.33,0,2.5,0.0,0.0
2576,3601,-0.33,0,2.5,0.0,0.0
2577,3601,-0.33,0,2.5,0.0,0.0
2578,3601,-0.33,0,2.5,0.0,0.0
2579,3601,-0.33,0,2.5,0.0,0.0
2580,3601,-0.33,0,2.5,0.0,0.0
2581,3601,-0.33,0,2.5,0.0,0.0
2582,3601,-0.33,0,2.5,0.0,0.0
2583,3601,-0.33,0,2.5,0.0,0.0
2584,3601,-0.33,0,2.5,0.0,0.0
2585,3601,-0.33,0,2.5,0.0,0.0
2586,3601,-0.33,0,2.5,0.0,0.0
2587,3601,-0.33,0,2.5,0.0,0.0
2588,3601,-0.33,0,2.5,0.0,0.0
2589,3601,-0.33,0,2.5,0.0,0.0
2590,3601,-0.33,0,2.5,0.0,0.0
2591,3601,-0.33,0,2.5,0.0,0.0
2592,3601,-0.33,0,2.5,0.0,0.0
2593,3601,-0.33,0,2.5,0.0,0.0
2594,3601,-0.33,0,2.5,0.0,0.0
2595,3601,-0.33,0,2.5,0.0,0.0
2596,3601,-0.33,0,2.5,0.0,0.0
2597,3601,-0.33,0,2.5,0.0,0.0
2598,3601,-0.33,0,2.5,0.0,0.0
2599,3601,-0.33,0,2.5,0.0,0.0
2600,3601,-0.33,0,2.5,0.0,0.0
2601,3601,-0.33,0,2.5,0.0,0.0
2602,3601,-0.33,0,2.5,0.0,0.0
2603,3601,-0.33,0,2.5,0.0,0.0
2604,3601,-0.33,0,2.5,0.0,0.0
2605,3601,-0.33,0,2.5,0.0,0.0
2606,3601,-0.33,0,2.5,0.0,0.0
2607,3601,-0.33,0,2.5,0.0,0.0
2608,3601,-0.33,0,2.5,0.0,0.0
2609,3601,-0.33,0,2.5,0.0,0.0
2610,3601,-0.33,0,2.5,0.0,0.0
2611,3601,-0.33,0,2.5,0.0,0.0
2612,3601,-0.33,0,2.5,0.0,0.0
2613,3601,-0.33,0,2.5,0.0,0.0
2614,3601,-0.33,0,2.5,0.0,0.0
2615,3601,-0.33,0,2.5,0.0,0.0
2616,3601,-0.33,0,2.5,0.0,0.0
2617,3601,-0.33,0,2.5,0.0,0.0
2618,3601,-0.33,0,2.5,0.0,0.0
2619,3601,-0.33,0,2.5,0.0,0.0
2620,3601,-0.33,0,2.5,0.0,0.0
2621,3601,-0.33,0,2.5,0.0,0.0
2622,3601,-0.33,0,2.5,0.0,0.0
2623,3601,-0.33,0,2.5,0.0,0.0
2624,3601,-0.33,0,2.5,0.0,0.0
2625,3601,-0.33,0,2.5,0.0,0.0
2626,3601,-0.33,0,2.5,0.0,0.0
2627,3601,-0.33,0,2.5,0.0,0.0
2628,3601,-0.33,0,2.5,0.0,0.0
2629,3601,-0.33,0,2.5,0.0,0.0
2630,3601,-0.33,0,2.5,0.0,0.0
2631,3601,-0.33,0,2.5,0.0,0.0
2632,3601,-0.33,0,2.5,0.0,0.0
2633,3601,-0.33,0,2.5,0.0,0.0
2634,3601,-0.33,0,2.5,0.0,0.0
2635,3601,-0.33,0,2.5,0.0,0.0
2636,3601,-0.33,0,2.5,0.0,0.0
2637,3601,-0.33,0,2.5,0.0,0.0
2638,3601,-0.33,0,2.5,0.0,0.0
2639,3601,-0.33,0,2.5,0.0,0.0
2640,3601,-0.33,0,2.5,0.0,0.0
2641,3601,-0.33,0,2.5,0.0,0.0
2642,3601,-0.33,0,2.5,0.0,0.0
2643,3601,-0.33,0,2.5,0.0,0.0
2644,3601,-0.33,0,2.5,0.0,0.0
2645,3601,-0.33,0,2.5,0.0,0.0
2646,3601,-0.33,0,2.5,0.0,0.0
2647,3601,-0.33,0,2.5,0.0,0.0
2648,3601,-0.33,0,2.5,0.0,0.0
2649,3601,-0.33,0,2.5,0.0,0.0
2650,3601,-0.33,0,2.5,0.0,0.0
2651,3601,-0.33,0,2.5,0.0,0.0
2652,3601,-0.33,0,2.5,0.0,0.0
2653,3601,-0.33,0,2.5,0.0,0.0
2654,3601,-0.33,0,2.5,0.0,0.0
2655,3601,-0.33,0,2.5,0.0,0.0
2656,3601,-0.33,0,2.5,0.0,0.0
2657,3601,-0.33,0,2.5,0.0,0.0
2658,3601,-0.33,0,2.5,0.0,0.0
2659,3601,-0.33,0,2.5,0.0,0.0
2660,3601,-0.33,0,2.5,0.0,0.0
2661,3601,-0.33,0,2.5,0.0,0.0
2662,3601,-0.33,0,2.5,0.0,0.0
2663,3601,-0.33,0,2.5,0.0,0.0
2664,3601,-0.33,0,2.5,0.0,0.0
2665,3601,-0.33,0,2.5,0.0,0.0
2666,3601,-0.33,0,2.5,0.0,0.0
2667,3601,-0.33,0,2.5,0.0,0.0
2668,3601,-0.33,0,2.5,0.0,0.0
2669,3601,-0.33,0,2.5,0.0,0.0
2670,3601,-0.33,0,2.5,0.0,0.0
2671,3601,-0.33,0,2.5,0.0,0.0
2672,3601,-0.33,0,2.5,0.0,0.0
2673,3601,-0.33,0,2.5,0.0,0.0
2674,3601,-0.33,0,2.5,0.0,0.0
2675,3601,-0.33,0,2.5,0.0,0.0
2676,3601,-0.33,0,2.5,0.0,0.0
2677,3601,-0.33,0,2.5,0.0,0.0
2678,3601,-0.33,0,2.5,0.0,0.0
2679,3601,-0.33,0,2.5,0.0,0.0
2680,3601,-0.33,0,2.5,0.0,0.0
2681,3601,-0.33,0,2.5,0.0,0.0
2682,3601,-0.33,0,2.5,0.0,0.0
2683,3601,-0.33,0,2.5,0.0,0.0
2684,3601,-0.33,0,2.5,0.0,0.0
2685,3601,-0.33,0,2.5,0.0,0.0
2686,3601,-0.33,0,2.5,0.0,0.0
2687,3601,-0.33,0,2.5,0.0,0.0
2688,3601,-0.33,0,2.5,0.0,0.0
2689,3601,-0.33,0,2.5,0.0,0.0
2690,3601,-0.33,0,2.5,0.0,0.0
2691,3601,-0.33,0,2.5,0.0,0.0
2692,3601,-0.33,0,2.5,0.0,0.0
2693,3601,-0.33,0,2.5,0.0,0.0
2694,3601,-0.33,0,2.5,0.0,0.0
2695,3601,-0.33,0,2.5,0.0,0.0
2696,3601,-0.33,0,2.5,0.0,0.0
2697,3601,-0.33,0,2.5,0.0,0.0
2698,3601,-0.33,0,2.5,0.0,0.0
2699,3601,-0.33,0,2.5,0.0,0.0
2700,3601,-0.33,0,2.5,0.0,0.0
2701,3601,-0.33,0,2.5,0.0,0.0
2702,3601,-0.33,0,2.5,0.0,0.0
2703,3601,-0.33,0,2.5,0.0,0.0
2704,3601,-0.33,0,2.5,0.0,0.0
2705,3601,-0.33,0,2.5,0.0,0.0
2706,3601,-0.33,0,2.5,0.0,0.0
2707,3601,-0.33,0,2.5,0.0,0.0
2708,3601,-0.33,0,2.5,0.0,0.0
2709,3601,-0.33,0,2.5,0.0,0.0
2710,3601,-0.33,0,2.5,0.0,0.0
2711,3601,-0.33,0,2.5,0.0,0.0
2712,3601,-0.33,0,2.5,0.0,0.0
2713,3601,-0.33,0,2.5,0.0,0.0
2714,3601,-0.33,0,2.5,0.0,0.0
2715,3601,-0.33,0,2.5,0.0,0.0
2716,3601,-0.33,0,2.5,0.0,0.0
2717,3601,-0.33,0,2.5,0.0,0.0
2718,3601,-0.33,0,2.5,0.0,0.0
2719,3601,-0.33,0,2.5,0.0,0.0
2720,3601,-0.33,0,2.5,0.0,0.0
2721,3601,-0.33,0,2.5,0.0,0.0
2722,3601,-0.33,0,2.5,0.0,0.0
2723,3601,-0.33,0,2.5,0.0,0.0
2724,3601,-0.33,0,2.5,0.0,0.0
2725,3601,-0.33,0,2.5,0.0,0.0
2726,3601,-0.33,0,2.5,0.0,0.0
2727,3601,-0.33,0,2.5,0.0,0.0
2728,3601,-0.33,0,2.5,0.0,0.0
2729,3601,-0.33,0,2.5,0.0,0.0
2730,3601,-0.33,0,2.5,0.0,0.0
2731,3601,-0.33,0,2.5,0.0,0.0
2732,3601,-0.33,0,2.5,0.0,0.0
2733,3601,-0.33,0,2.5,0.0,0.0
2734,3601,-0.33,0,2.5,0.0,0.0
2735,3601,-0.33,0,2.5,0.0,0.0
2736,3601,-0.33,0,2.5,0.0,0.0
2737,3601,-0.33,0,2.5,0.0,0.0
2738,3601,-0.33,0,2.5,0.0,0.0
2739,3601,-0.33,0,2.5,0.0,0.0
2740,3601,-0.33,0,2.5,0.0,0.0
2741,3601,-0.33,0,2.5,0.0,0.0
2742,3601,-0.33,0,2.5,0.0,0.0
2743,3601,-0.33,0,2.5,0.0,0.0
2744,3601,-0.33,0,2.5,0.0,0.0
2745,3601,-0.33,0,2.5,0.0,0.0
2746,3601,-0.33,0,2.5,0.0,0.0
2747,3601,-0.33,0,2.5,0.0,0.0
2748,3601,-0.33,0,2.5,0.0,0.0
2749,3601,-0.33,0,2.5,0.0,0.0
2750,3601,-0.33,0,2.5,0.0,0.0
2751,3601,-0.33,0,2.5,0.0,0.0
2752,3601,-0.33,0,2.5,0.0,0.0
2753,3601,-0.33,0,2.5,0.0,0.0
2754,3601,-0.33,0,2.5,0.0,0.0
2755,3601,-0.33,0,2.5,0.0,0.0
2756,3601,-0.33,0,2.5,0.0,0.0
2757,3601,-0.33,0,2.5,0.0,0.0
2758,3601,-0.33,0,2.5,0.0,0.0
2759,3601,-0.33,0,2.5,0.0,0.0
2760,3601,-0.33,0,2.5,0.0,0.0
2761,3601,-0.33,0,2.5,0.0,0.0
2762,3601,-0.33,0,2.5,0.0,0.0
2763,3601,-0.33,0,2.5,0.0,0.0
2764,3601,-0.33,0,2.5,0.0,0.0
2765,3601,-0.33,0,2.5,0.0,0.0
2766,3601,-0.33,0,2.5,0.0,0.0
2767,3601,-0.33,0,2.5,0.0,0.0
2768,3601,-0.33,0,2.5,0.0,0.0
2769,3601,-0.33,0,2.5,0.0,0.0
2770,3601,-0.33,0,2.5,0.0,0.0
2771,3601,-0.33,0,2.5,0.0,0.0
2772,3601,-0.33,0,2.5,0.0,0.0
2773,3601,-0.33,0,2.5,0.0,0.0
2774,3601,-0.33,0,2.5,0.0,0.0
2775,3601,-0.33,0,2.5,0.0,0.0
2776,3601,-0.33,0,2.5,0.0,0.0
2777,3601,-0.33,0,2.5,0.0,0.0
2778,3601,-0.33,0,2.5,0.0,0.0
2779,3601,-0.33,0,2.5,0.0,0.0
2780,3601,-0.33,0,2.5,0.0,0.0
2781,3601,-0.33,0,2.5,0.0,0.0
2782,3601,-0.33,0,2.5,0.0,0.0
2783,3601,-0.33,0,2.5,0.0,0.0
2784,3601,-0.33,0,2.5,0.0,0.0
2785,3601,-0.33,0,2.5,0.0,0.0
2786,3601,-0.33,0,2.5,0.0,0.0
2787,3601,-0.33,0,2.5,0.0,0.0
2788,3601,-0.33,0,2.5,0.0,0.0
2789,3601,-0.33,0,2.5,0.0,0.0
2790,3601,-0.33,0,2.5,0.0,0.0
2791,3601,-0.33,0,2.5,0.0,0.0
2792,3601,-0.33,0,2.5,0.0,0.0
2793,3601,-0.33,0,2.5,0.0,0.0
2794,3601,-0.33,0,2.5,0.0,0.0
2795,3601,-0.33,0,2.5,0.0,0.0
2796,3601,-0.33,0,2.5,0.0,0.0
2797,3601,-0.33,0,2.5,0.0,0.0
2798,3601,-0.33,0,2.5,0.0,0.0
2799,3601,-0.33,0,2.5,0.0,0.0
2800,3601,-0.33,0,2.5,0.0,0.0
2801,3601,-0.33,0,2.5,0.0,0.0
2802,3601,-0.33,0,2.5,0.0,0.0
2803,3601,-0.33,0,2.5,0.0,0.0
2804,3601,-0.33,0,2.5,0.0,0.0
2805,3601,-0.33,0,2.5,0.0,0.0
2806,3601,-0.33,0,2.5,0.0,0.0
2807,3601,-0.33,0,2.5,0.0,0.0
2808,3601,-0.33,0,2.5,0.0,0.0
2809,3601,-0.33,0,2.5,0.0,0.0
2810,3601,-0.33,0,2.5,0.0,0.0
2811,3601,-0.33,0,2.5,0.0,0.0
2812,3601,-0.33,0,2.5,0.0,0.0
2813,3601,-0.33,0,2.5,0.0,0.0
2814,3601,-0.33,0,2.5,0.0,0.0
2815,3601,-0.33,0,2.5,0.0,0.0
2816,3601,-0.33,0,2.5,0.0,0.0
2817,3601,-0.33,0,2.5,0.0,0.0
2818,3601,-0.33,0,2.5,0.0,0.0
2819,3601,-0.33,0,2.5,0.0,0.0
2820,3601,-0.33,0,2.5,0.0,0.0
2821,3601,-0.33,0,2.5,0.0,0.0
2822,3601,-0.33,0,2.5,0.0,0.0
2823,3601,-0.33,0,2.5,0.0,0.0
2824,3601,-0.33,0,2.5,0.0,0.0
2825,3601,-0.33,0,2.5,0.0,0.0
2826,3601,-0.33,0,2.5,0.0,0.0
2827,3601,-0.33,0,2.5,0.0,0.0
2828,3601,-0.33,0,2.5,0.0,0.0
2829,3601,-0.33,0,2.5,0.0,0.0
2830,3601,-0.33,0,2.5,0.0,0.0
2831,3601,-0.33,0,2.5,0.0,0.0
2832,3601,-0.33,0,2.5,0.0,0.0
2833,3601,-0.33,0,2.5,0.0,0.0
2834,3601,-0.33,0,2.5,0.0,0.0
2835,3601,-0.33,0,2.5,0.0,0.0
2836,3601,-0.33,0,2.5,0.0,0.0
2837,3601,-0.33,0,2.5,0.0,0.0
2838,3601,-0.33,0,2.5,0.0,0.0
2839,3601,-0.33,0,2.5,0.0,0.0
2840,3601,-0.33,0,2.5,0.0,0.0
2841,3601,-0.33,0,2.5,0.0,0.0
2842,3601,-0.33,0,2.5,0.0,0.0
2843,3601,-0.33,0,2.5,0.0,0.0
2844,3601,-0.33,0,2.5,0.0,0.0
2845,3601,-0.33,0,2.5,0.0,0.0
2846,3601,-0.33,0,2.5,0.0,0.0
2847,3601,-0.33,0,2.5,0.0,0.0
2848,3601,-0.33,0,2.5,0.0,0.0
2849,3601,-0.33,0,2.5,0.0,0.0
2850,3601,-0.33,0,2.5,0.0,0.0
2851,3601,-0.33,0,2.5,0.0,0.0
2852,3601,-0.33,0,2.5,0.0,0.0
2853,3601,-0.33,0,2.5,0.0,0.0
2854,3601,-0.33,0,2.5,0.0,0.0
2855,3601,-0.33,0,2.5,0.0,0.0
2856,3601,-0.33,0,2.5,0.0,0.0
2857,3601,-0.33,0,2.5,0.0,0.0
2858,3601,-0.33,0,2.5,0.0,0.0
2859,3601,-0.33,0,2.5,0.0,0.0
2860,3601,-0.33,0,2.5,0.0,0.0
2861,3601,-0.33,0,2.5,0.0,0.0
2862,3601,-0.33,0,2.5,0.0,0.0
2863,3601,-0.33,0,2.5,0.0,0.0
2864,3601,-0.33,0,2.5,0.0,0.0
2865,3601,-0.33,0,2.5,0.0,0.0
2866,3601,-0.33,0,2.5,0.0,0.0
2867,3601,-0.33,0,2.5,0.0,0.0
2868,3601,-0.33,0,2.5,0.0,0.0
2869,3601,-0.33,0,2.5,0.0,0.0
2870,3601,-0.33,0,2.5,0.0,0.0
2871,3601,-0.33,0,2.5,0.0,0.0
2872,3601,-0.33,0,2.5,0.0,0.0
2873,3601,-0.33,0,2.5,0.0,0.0
2874,3601,-0.33,0,2.5,0.0,0.0
2875,3601,-0.33,0,2.5,0.0,0.0
2876,3601,-0.33,0,2.5,0.0,0.0
2877,3601,-0.33,0,2.5,0.0,0.0
2878,3601,-0.33,0,2.5,0.0,0.0
2879,3601,-0.33,0,2.5,0.0,0.0
2880,3601,-0.33,0,2.5,0.0,0.0
2881,3601,-0.33,0,2.5,0.0,0.0
2882,3601,-0.33,0,2.5,0.0,0.0
2883,3601,-0.33,0,2.5,0.0,0.0
2884,3601,-0.33,0,2.5,0.0,0.0
2885,3601,-0.33,0,2.5,0.0,0.0
2886,3601,-0.33,0,2.5,0.0,0.0
2887,3601,-0.33,0,2.5,0.0,0.0
2888,3601,-0.33,0,2.5,0.0,0.0
2889,3601,-0.33,0,2.5,0.0,0.0
2890,3601,-0.33,0,2.5,0.0,0.0
2891,3601,-0.33,0,2.5,0.0,0.0
2892,3601,-0.33,0,2.5,0.0,0.0
2893,3601,-0.33,0,2.5,0.0,0.0
2894,3601,-0.33,0,2.5,0.0,0.0
2895,3601,-0.33,0,2.5,0.0,0.0
2896,3601,-0.33,0,2.5,0.0,0.0
2897,3601,-0.33,0,2.5,0.0,0.0
2898,3601,-0.33,0,2.5,0.0,0.0
2899,3601,-0.33,0,2.5,0.0,0.0
2900,3601,-0.33,0,2.5,0.0,0.0
2901,3601,-0.33,0,2.5,0.0,0.0
2902,3601,-0.33,0,2.5,0.0,0.0
2903,3601,-0.33,0,2.5,0.0,0.0
2904,3601,-0.33,0,2.5,0.0,0.0
2905,3601,-0.33,0,2.5,0.0,0.0
2906,3601,-0.33,0,2.5,0.0,0.0
2907,3601,-0.33,0,2.5,0.0,0.0
2908,3601,-0.33,0,2.5,0.0,0.0
2909,3601,-0.33,0,2.5,0.0,0.0
2910,3601,-0.33,0,2.5,0.0,0.0
2911,3601,-0.33,0,2.5,0.0,0.0
2912,3601,-0.33,0,2.5,0.0,0.0
2913,3601,-0.33,0,2.5,0.0,0.0
2914,3601,-0.33,0,2.5,0.0,0.0
2915,3601,-0.33,0,2.5,0.0,0.0
2916,3601,-0.33,0,2.5,0.0,0.0
2917,3601,-0.33,0,2.5,0.0,0.0
2918,3601,-0.33,0,2.5,0.0,0.0
2919,3601,-0.33,0,2.5,0.0,0.0
2920,3601,-0.33,0,2.5,0.0,0.0
2921,3601,-0.33,0,2.5,0.0,0.0
2922,3601,-0.33,0,2.5,0.0,0.0
2923,3601,-0.33,0,2.5,0.0,0.0
2924,3601,-0.33,0,2.5,0.0,0.0
2925,3601,-0.33,0,2.5,0.0,0.0
2926,3601,-0.33,0,2.5,0.0,0.0
2927,3601,-0.33,0,2.5,0.0,0.0
2928,3601,-0.33,0,2.5,0.0,0.0
2929,3601,-0.33,0,2.5,0.0,0.0
2930,3601,-0.33,0,2.5,0.0,0.0
2931,3601,-0.33,0,2.5,0.0,0.0
2932,3601,-0.33,0,2.5,0.0,0.0
2933,3601,-0.33,0,2.5,0.0,0.0
2934,3601,-0.33,0,2.5,0.0,0.0
2935,3601,-0.33,0,2.5,0.0,0.0
2936,3601,-0.33,0,2.5,0.0,0.0
2937,3601,-0.33,0,2.5,0.0,0.0
2938,3601,-0.33,0,2.5,0.0,0.0
2939,3601,-0.33,0,2.5,0.0,0.0
2940,3601,-0.33,0,2.5,0.0,0.0
2941,3601,-0.33,0,2.5,0.0,0.0
2942,3601,-0.33,0,2.5,0.0,0.0
2943,3601,-0.33,0,2.5,0.0,0.0
2944,3601,-0.33,0,2.5,0.0,0.0
2945,3601,-0.33,0,2.5,0.0,0.0
2946,3601,-0.33,0,2.5,0.0,0.0
2947,3601,-0.33,0,2.5,0.0,0.0
2948,3601,-0.33,0,2.5,0.0,0.0
2949,3601,-0.33,0,2.5,0.0,0.0
2950,3601,-0.33,0,2.5,0.0,0.0
2951,3601,-0.33,0,2.5,0.0,0.0
2952,3601,-0.33,0,2.5,0.0,0.0
2953,3601,-0.33,0,2.5,0.0,0.0
2954,3601,-0.33,0,2.5,0.0,0.0
2955,3601,-0.33,0,2.5,0.0,0.0
2956,3601,-0.33,0,2.5,0.0,0.0
2957,3601,-0.33,0,2.5,0.0,0.0
2958,3601,-0.33,0,2.5,0.0,0.0
2959,3601,-0.33,0,2.5,0.0,0.0
2960,3601,-0.33,0,2.5,0.0,0.0
2961,3601,-0.33,0,2.5,0.0,0.0
2962,3601,-0.33,0,2.5,0.0,0.0
2963,3601,-0.33,0,2.5,0.0,0.0
2964,3601,-0.33,0,2.5,0.0,0.0
2965,3601,-0.33,0,2.5,0.0,0.0
2966,3601,-0.33,0,2.5,0.0,0.0
2967,3601,-0.33,0,2.5,0.0,0.0
2968,3601,-0.33,0,2.5,0.0,0.0
2969,3601,-0.33,0,2.5,0.0,0.0
2970,3601,-0.33,0,2.5,0.0,0.0
2971,3601,-0.33,0,2.5,0.0,0.0
2972,3601,-0.33,0,2.5,0.0,0.0
2973,3601,-0.33,0,2.5,0.0,0.0
2974,3601,-0.33,0,2.5,0.0,0.0
2975,3601,-0.33,0,2.5,0.0,0.0
2976,3601,-0.33,0,2.5,0.0,0.0
2977,3601,-0.33,0,2.5,0.0,0.0
2978,3601,-0.33,0,2.5,0.0,0.0
2979,3601,-0.33,0,2.5,0.0,0.0
2980,3601,-0.33,0,2.5,0.0,0.0
2981,3601,-0.33,0,2.5,0.0,0.0
2982,3601,-0.33,0,2.5,0.0,0.0
2983,3601,-0.33,0,2.5,0.0,0.0
2984,3601,-0.33,0,2.5,0.0,0.0
2985,3601,-0.33,0,2.5,0.0,0.0
2986,3601,-0.33,0,2.5,0.0,0.0
2987,3601,-0.33,0,2.5,0.0,0.0
2988,3601,-0.33,0,2.5,0.0,0.0
2989,3601,-0.33,0,2.5,0.0,0.0
2990,3601,-0.33,0,2.5,0.0,0.0
2991,3601,-0.33,0,2.5,0.0,0.0
2992,3601,-0.33,0,2.5,0.0,0.0
2993,3601,-0.33,0,2.5,0.0,0.0
2994,3601,-0.33,0,2.5,0.0,0.0
2995,3601,-0.33,0,2.5,0.0,0.0
2996,3601,-0.33,0,2.5,0.0,0.0
2997,3601,-0.33,0,2.5,0.0,0.0
2998,3601,-0.33,0,2.5,0.0,0.0
2999,3601,-0.33,0,2.5,0.0,0.0
3000,3601,-0.33,0,2.5,0.0,0.0
3001,3601,-0.33,0,2.5,0.0,0.0
3002,3601,-0.33,0,2.5,0.0,0.0
3003,3601,-0.33,0,2.5,0.0,0.0
3004,3601,-0.33,0,2.5,0.0,0.0
3005,3601,-0.33,0,2.5,0.0,0.0
3006,3601,-0.33,0,2.5,0.0,0.0
3007,3601,-0.33,0,2.5,0.0,0.0
3008,3601,-0.33,0,2.5,0.0,0.0
3009,3601,-0.33,0,2.5,0.0,0.0
