TIME,PULSES,CONTROLLERVOLTAGE,CONTROLLER,KP,TAUD,TAUI 
0,2,9.16,1,2.5,0.01,0.0
1,6,9.16,1,2.5,0.01,0.0
2,9,9.16,1,2.5,0.01,0.0
3,12,9.16,1,2.5,0.01,0.0
4,16,9.16,1,2.5,0.01,0.0
5,19,9.16,1,2.5,0.01,0.0
6,22,9.16,1,2.5,0.01,0.0
7,26,9.16,1,2.5,0.01,0.0
8,29,9.16,1,2.5,0.01,0.0
9,33,9.16,1,2.5,0.01,0.0
10,36,2332.63,1,2.5,0.01,0.0
11,39,2332.63,1,2.5,0.01,0.0
12,43,2332.63,1,2.5,0.01,0.0
13,46,2332.63,1,2.5,0.01,0.0
14,50,2332.63,1,2.5,0.01,0.0
15,53,2332.63,1,2.5,0.01,0.0
16,57,2332.63,1,2.5,0.01,0.0
17,60,2332.63,1,2.5,0.01,0.0
18,64,2332.63,1,2.5,0.01,0.0
19,67,2332.63,1,2.5,0.01,0.0
20,71,1145.05,1,2.5,0.01,0.0
21,74,1145.05,1,2.5,0.01,0.0
22,78,1145.05,1,2.5,0.01,0.0
23,82,1145.05,1,2.5,0.01,0.0
24,85,1145.05,1,2.5,0.01,0.0
25,89,1145.05,1,2.5,0.01,0.0
26,93,1145.05,1,2.5,0.01,0.0
27,97,1145.05,1,2.5,0.01,0.0
28,101,1145.05,1,2.5,0.01,0.0
29,104,1145.05,1,2.5,0.01,0.0
30,108,1131.3,1,2.5,0.01,0.0
31,112,1131.3,1,2.5,0.01,0.0
32,116,1131.3,1,2.5,0.01,0.0
33,120,1131.3,1,2.5,0.01,0.0
34,123,1131.3,1,2.5,0.01,0.0
35,127,1131.3,1,2.5,0.01,0.0
36,131,1131.3,1,2.5,0.01,0.0
37,135,1131.3,1,2.5,0.01,0.0
38,139,1131.3,1,2.5,0.01,0.0
39,143,1131.3,1,2.5,0.01,0.0
40,147,1118.21,1,2.5,0.01,0.0
41,151,1118.21,1,2.5,0.01,0.0
42,155,1118.21,1,2.5,0.01,0.0
43,159,1118.21,1,2.5,0.01,0.0
44,163,1118.21,1,2.5,0.01,0.0
45,167,1118.21,1,2.5,0.01,0.0
46,171,1118.21,1,2.5,0.01,0.0
47,175,1118.21,1,2.5,0.01,0.0
48,179,1118.21,1,2.5,0.01,0.0
49,183,1118.21,1,2.5,0.01,0.0
50,187,1104.79,1,2.5,0.01,0.0
51,192,1104.79,1,2.5,0.01,0.0
52,196,1104.79,1,2.5,0.01,0.0
53,200,1104.79,1,2.5,0.01,0.0
54,204,1104.79,1,2.5,0.01,0.0
55,208,1104.79,1,2.5,0.01,0.0
56,212,1104.79,1,2.5,0.01,0.0
57,216,1104.79,1,2.5,0.01,0.0
58,220,1104.79,1,2.5,0.01,0.0
59,225,1104.79,1,2.5,0.01,0.0
60,229,1091.05,1,2.5,0.01,0.0
61,233,1091.05,1,2.5,0.01,0.0
62,237,1091.05,1,2.5,0.01,0.0
63,241,1091.05,1,2.5,0.01,0.0
64,246,1091.05,1,2.5,0.01,0.0
65,250,1091.05,1,2.5,0.01,0.0
66,254,1091.05,1,2.5,0.01,0.0
67,258,1091.05,1,2.5,0.01,0.0
68,262,1091.05,1,2.5,0.01,0.0
69,267,1091.05,1,2.5,0.01,0.0
70,271,1076.98,1,2.5,0.01,0.0
71,275,1076.98,1,2.5,0.01,0.0
72,279,1076.98,1,2.5,0.01,0.0
73,284,1076.98,1,2.5,0.01,0.0
74,288,1076.98,1,2.5,0.01,0.0
75,292,1076.98,1,2.5,0.01,0.0
76,296,1076.98,1,2.5,0.01,0.0
77,301,1076.98,1,2.5,0.01,0.0
78,305,1076.98,1,2.5,0.01,0.0
79,309,1076.98,1,2.5,0.01,0.0
80,313,1063.23,1,2.5,0.01,0.0
81,318,1063.23,1,2.5,0.01,0.0
82,322,1063.23,1,2.5,0.01,0.0
83,326,1063.23,1,2.5,0.01,0.0
84,331,1063.23,1,2.5,0.01,0.0
85,335,1063.23,1,2.5,0.01,0.0
86,339,1063.23,1,2.5,0.01,0.0
87,343,1063.23,1,2.5,0.01,0.0
88,348,1063.23,1,2.5,0.01,0.0
89,352,1063.23,1,2.5,0.01,0.0
90,356,1048.83,1,2.5,0.01,0.0
91,361,1048.83,1,2.5,0.01,0.0
92,365,1048.83,1,2.5,0.01,0.0
93,369,1048.83,1,2.5,0.01,0.0
94,374,1048.83,1,2.5,0.01,0.0
95,378,1048.83,1,2.5,0.01,0.0
96,382,1048.83,1,2.5,0.01,0.0
97,388,1048.83,1,2.5,0.01,0.0
98,392,1048.83,1,2.5,0.01,0.0
99,396,1048.83,1,2.5,0.01,0.0
100,401,1033.45,1,2.5,0.01,0.0
101,406,1033.45,1,2.5,0.01,0.0
102,410,1033.45,1,2.5,0.01,0.0
103,415,1033.45,1,2.5,0.01,0.0
104,419,1033.45,1,2.5,0.01,0.0
105,423,1033.45,1,2.5,0.01,0.0
106,428,1033.45,1,2.5,0.01,0.0
107,432,1033.45,1,2.5,0.01,0.0
108,436,1033.45,1,2.5,0.01,0.0
109,441,1033.45,1,2.5,0.01,0.0
110,445,1019.38,1,2.5,0.01,0.0
111,449,1019.38,1,2.5,0.01,0.0
112,454,1019.38,1,2.5,0.01,0.0
113,458,1019.38,1,2.5,0.01,0.0
114,462,1019.38,1,2.5,0.01,0.0
115,467,1019.38,1,2.5,0.01,0.0
116,471,1019.38,1,2.5,0.01,0.0
117,476,1019.38,1,2.5,0.01,0.0
118,480,1019.38,1,2.5,0.01,0.0
119,484,1019.38,1,2.5,0.01,0.0
120,489,1004.98,1,2.5,0.01,0.0
121,493,1004.98,1,2.5,0.01,0.0
122,497,1004.98,1,2.5,0.01,0.0
123,503,1004.98,1,2.5,0.01,0.0
124,507,1004.98,1,2.5,0.01,0.0
125,512,1004.98,1,2.5,0.01,0.0
126,516,1004.98,1,2.5,0.01,0.0
127,520,1004.98,1,2.5,0.01,0.0
128,525,1004.98,1,2.5,0.01,0.0
129,529,1004.98,1,2.5,0.01,0.0
130,534,990.58,1,2.5,0.01,0.0
131,538,990.58,1,2.5,0.01,0.0
132,542,990.58,1,2.5,0.01,0.0
133,547,990.58,1,2.5,0.01,0.0
134,551,990.58,1,2.5,0.01,0.0
135,555,990.58,1,2.5,0.01,0.0
136,560,990.58,1,2.5,0.01,0.0
137,564,990.58,1,2.5,0.01,0.0
138,569,990.58,1,2.5,0.01,0.0
139,573,990.58,1,2.5,0.01,0.0
140,577,976.18,1,2.5,0.01,0.0
141,583,976.18,1,2.5,0.01,0.0
142,587,976.18,1,2.5,0.01,0.0
143,592,976.18,1,2.5,0.01,0.0
144,596,976.18,1,2.5,0.01,0.0
145,601,976.18,1,2.5,0.01,0.0
146,606,976.18,1,2.5,0.01,0.0
147,610,976.18,1,2.5,0.01,0.0
148,614,976.18,1,2.5,0.01,0.0
149,619,976.18,1,2.5,0.01,0.0
150,623,960.48,1,2.5,0.01,0.0
151,628,960.48,1,2.5,0.01,0.0
152,632,960.48,1,2.5,0.01,0.0
153,636,960.48,1,2.5,0.01,0.0
154,641,960.48,1,2.5,0.01,0.0
155,645,960.48,1,2.5,0.01,0.0
156,650,960.48,1,2.5,0.01,0.0
157,655,960.48,1,2.5,0.01,0.0
158,659,960.48,1,2.5,0.01,0.0
159,664,960.48,1,2.5,0.01,0.0
160,668,946.08,1,2.5,0.01,0.0
161,673,946.08,1,2.5,0.01,0.0
162,677,946.08,1,2.5,0.01,0.0
163,682,946.08,1,2.5,0.01,0.0
164,687,946.08,1,2.5,0.01,0.0
165,691,946.08,1,2.5,0.01,0.0
166,695,946.08,1,2.5,0.01,0.0
167,700,946.08,1,2.5,0.01,0.0
168,704,946.08,1,2.5,0.01,0.0
169,709,946.08,1,2.5,0.01,0.0
170,713,931.35,1,2.5,0.01,0.0
171,718,931.35,1,2.5,0.01,0.0
172,722,931.35,1,2.5,0.01,0.0
173,726,931.35,1,2.5,0.01,0.0
174,732,931.35,1,2.5,0.01,0.0
175,736,931.35,1,2.5,0.01,0.0
176,741,931.35,1,2.5,0.01,0.0
177,745,931.35,1,2.5,0.01,0.0
178,749,931.35,1,2.5,0.01,0.0
179,754,931.35,1,2.5,0.01,0.0
180,758,916.63,1,2.5,0.01,0.0
181,762,916.63,1,2.5,0.01,0.0
182,767,916.63,1,2.5,0.01,0.0
183,771,916.63,1,2.5,0.01,0.0
184,776,916.63,1,2.5,0.01,0.0
185,780,916.63,1,2.5,0.01,0.0
186,785,916.63,1,2.5,0.01,0.0
187,789,916.63,1,2.5,0.01,0.0
188,794,916.63,1,2.5,0.01,0.0
189,799,916.63,1,2.5,0.01,0.0
190,803,901.9,1,2.5,0.01,0.0
191,807,901.9,1,2.5,0.01,0.0
192,812,901.9,1,2.5,0.01,0.0
193,816,901.9,1,2.5,0.01,0.0
194,821,901.9,1,2.5,0.01,0.0
195,825,901.9,1,2.5,0.01,0.0
196,831,901.9,1,2.5,0.01,0.0
197,835,901.9,1,2.5,0.01,0.0
198,839,901.9,1,2.5,0.01,0.0
199,844,901.9,1,2.5,0.01,0.0
200,848,887.17,1,2.5,0.01,0.0
201,853,887.17,1,2.5,0.01,0.0
202,857,887.17,1,2.5,0.01,0.0
203,861,887.17,1,2.5,0.01,0.0
204,866,887.17,1,2.5,0.01,0.0
205,870,887.17,1,2.5,0.01,0.0
206,876,887.17,1,2.5,0.01,0.0
207,880,887.17,1,2.5,0.01,0.0
208,885,887.17,1,2.5,0.01,0.0
209,889,887.17,1,2.5,0.01,0.0
210,893,872.45,1,2.5,0.01,0.0
211,898,872.45,1,2.5,0.01,0.0
212,902,872.45,1,2.5,0.01,0.0
213,907,872.45,1,2.5,0.01,0.0
214,911,872.45,1,2.5,0.01,0.0
215,915,872.45,1,2.5,0.01,0.0
216,920,872.45,1,2.5,0.01,0.0
217,925,872.45,1,2.5,0.01,0.0
218,930,872.45,1,2.5,0.01,0.0
219,934,872.45,1,2.5,0.01,0.0
220,938,857.72,1,2.5,0.01,0.0
221,943,857.72,1,2.5,0.01,0.0
222,947,857.72,1,2.5,0.01,0.0
223,952,857.72,1,2.5,0.01,0.0
224,956,857.72,1,2.5,0.01,0.0
225,960,857.72,1,2.5,0.01,0.0
226,965,857.72,1,2.5,0.01,0.0
227,969,857.72,1,2.5,0.01,0.0
228,974,857.72,1,2.5,0.01,0.0
229,978,857.72,1,2.5,0.01,0.0
230,982,843.65,1,2.5,0.01,0.0
231,987,843.65,1,2.5,0.01,0.0
232,992,843.65,1,2.5,0.01,0.0
233,997,843.65,1,2.5,0.01,0.0
234,1001,843.65,1,2.5,0.01,0.0
235,1005,843.65,1,2.5,0.01,0.0
236,1010,843.65,1,2.5,0.01,0.0
237,1014,843.65,1,2.5,0.01,0.0
238,1019,843.65,1,2.5,0.01,0.0
239,1025,843.65,1,2.5,0.01,0.0
240,1030,826.63,1,2.5,0.01,0.0
241,1034,826.63,1,2.5,0.01,0.0
242,1038,826.63,1,2.5,0.01,0.0
243,1043,826.63,1,2.5,0.01,0.0
244,1047,826.63,1,2.5,0.01,0.0
245,1052,826.63,1,2.5,0.01,0.0
246,1056,826.63,1,2.5,0.01,0.0
247,1060,826.63,1,2.5,0.01,0.0
248,1065,826.63,1,2.5,0.01,0.0
249,1069,826.63,1,2.5,0.01,0.0
250,1074,813.54,1,2.5,0.01,0.0
251,1078,813.54,1,2.5,0.01,0.0
252,1082,813.54,1,2.5,0.01,0.0
253,1087,813.54,1,2.5,0.01,0.0
254,1090,813.54,1,2.5,0.01,0.0
255,1095,813.54,1,2.5,0.01,0.0
256,1099,813.54,1,2.5,0.01,0.0
257,1103,813.54,1,2.5,0.01,0.0
258,1108,813.54,1,2.5,0.01,0.0
259,1113,813.54,1,2.5,0.01,0.0
260,1118,799.14,1,2.5,0.01,0.0
261,1121,799.14,1,2.5,0.01,0.0
262,1126,799.14,1,2.5,0.01,0.0
263,1130,799.14,1,2.5,0.01,0.0
264,1134,799.14,1,2.5,0.01,0.0
265,1139,799.14,1,2.5,0.01,0.0
266,1143,799.14,1,2.5,0.01,0.0
267,1147,799.14,1,2.5,0.01,0.0
268,1152,799.14,1,2.5,0.01,0.0
269,1156,799.14,1,2.5,0.01,0.0
270,1161,785.4,1,2.5,0.01,0.0
271,1165,785.4,1,2.5,0.01,0.0
272,1170,785.4,1,2.5,0.01,0.0
273,1174,785.4,1,2.5,0.01,0.0
274,1178,785.4,1,2.5,0.01,0.0
275,1184,785.4,1,2.5,0.01,0.0
276,1188,785.4,1,2.5,0.01,0.0
277,1193,785.4,1,2.5,0.01,0.0
278,1197,785.4,1,2.5,0.01,0.0
279,1201,785.4,1,2.5,0.01,0.0
280,1206,770.02,1,2.5,0.01,0.0
281,1210,770.02,1,2.5,0.01,0.0
282,1215,770.02,1,2.5,0.01,0.0
283,1219,770.02,1,2.5,0.01,0.0
284,1223,770.02,1,2.5,0.01,0.0
285,1228,770.02,1,2.5,0.01,0.0
286,1233,770.02,1,2.5,0.01,0.0
287,1238,770.02,1,2.5,0.01,0.0
288,1242,770.02,1,2.5,0.01,0.0
289,1246,770.02,1,2.5,0.01,0.0
290,1251,755.29,1,2.5,0.01,0.0
291,1255,755.29,1,2.5,0.01,0.0
292,1260,755.29,1,2.5,0.01,0.0
293,1264,755.29,1,2.5,0.01,0.0
294,1269,755.29,1,2.5,0.01,0.0
295,1273,755.29,1,2.5,0.01,0.0
296,1277,755.29,1,2.5,0.01,0.0
297,1282,755.29,1,2.5,0.01,0.0
298,1286,755.29,1,2.5,0.01,0.0
299,1290,755.29,1,2.5,0.01,0.0
300,1295,741.22,1,2.5,0.01,0.0
301,1299,741.22,1,2.5,0.01,0.0
302,1304,741.22,1,2.5,0.01,0.0
303,1308,741.22,1,2.5,0.01,0.0
304,1313,741.22,1,2.5,0.01,0.0
305,1317,741.22,1,2.5,0.01,0.0
306,1321,741.22,1,2.5,0.01,0.0
307,1326,741.22,1,2.5,0.01,0.0
308,1330,741.22,1,2.5,0.01,0.0
309,1335,741.22,1,2.5,0.01,0.0
310,1339,726.82,1,2.5,0.01,0.0
311,1343,726.82,1,2.5,0.01,0.0
312,1348,726.82,1,2.5,0.01,0.0
313,1352,726.82,1,2.5,0.01,0.0
314,1357,726.82,1,2.5,0.01,0.0
315,1361,726.82,1,2.5,0.01,0.0
316,1365,726.82,1,2.5,0.01,0.0
317,1370,726.82,1,2.5,0.01,0.0
318,1374,726.82,1,2.5,0.01,0.0
319,1380,726.82,1,2.5,0.01,0.0
320,1384,711.77,1,2.5,0.01,0.0
321,1388,711.77,1,2.5,0.01,0.0
322,1393,711.77,1,2.5,0.01,0.0
323,1397,711.77,1,2.5,0.01,0.0
324,1402,711.77,1,2.5,0.01,0.0
325,1406,711.77,1,2.5,0.01,0.0
326,1411,711.77,1,2.5,0.01,0.0
327,1415,711.77,1,2.5,0.01,0.0
328,1419,711.77,1,2.5,0.01,0.0
329,1424,711.77,1,2.5,0.01,0.0
330,1428,697.7,1,2.5,0.01,0.0
331,1433,697.7,1,2.5,0.01,0.0
332,1437,697.7,1,2.5,0.01,0.0
333,1441,697.7,1,2.5,0.01,0.0
334,1446,697.7,1,2.5,0.01,0.0
335,1450,697.7,1,2.5,0.01,0.0
336,1455,697.7,1,2.5,0.01,0.0
337,1459,697.7,1,2.5,0.01,0.0
338,1463,697.7,1,2.5,0.01,0.0
339,1468,697.7,1,2.5,0.01,0.0
340,1472,683.3,1,2.5,0.01,0.0
341,1477,683.3,1,2.5,0.01,0.0
342,1481,683.3,1,2.5,0.01,0.0
343,1485,683.3,1,2.5,0.01,0.0
344,1490,683.3,1,2.5,0.01,0.0
345,1494,683.3,1,2.5,0.01,0.0
346,1499,683.3,1,2.5,0.01,0.0
347,1503,683.3,1,2.5,0.01,0.0
348,1508,683.3,1,2.5,0.01,0.0
349,1512,683.3,1,2.5,0.01,0.0
350,1516,668.9,1,2.5,0.01,0.0
351,1521,668.9,1,2.5,0.01,0.0
352,1526,668.9,1,2.5,0.01,0.0
353,1530,668.9,1,2.5,0.01,0.0
354,1535,668.9,1,2.5,0.01,0.0
355,1539,668.9,1,2.5,0.01,0.0
356,1544,668.9,1,2.5,0.01,0.0
357,1548,668.9,1,2.5,0.01,0.0
358,1553,668.9,1,2.5,0.01,0.0
359,1558,668.9,1,2.5,0.01,0.0
360,1562,653.19,1,2.5,0.01,0.0
361,1567,653.19,1,2.5,0.01,0.0
362,1571,653.19,1,2.5,0.01,0.0
363,1577,653.19,1,2.5,0.01,0.0
364,1581,653.19,1,2.5,0.01,0.0
365,1585,653.19,1,2.5,0.01,0.0
366,1590,653.19,1,2.5,0.01,0.0
367,1594,653.19,1,2.5,0.01,0.0
368,1599,653.19,1,2.5,0.01,0.0
369,1603,653.19,1,2.5,0.01,0.0
370,1609,638.79,1,2.5,0.01,0.0
371,1613,638.79,1,2.5,0.01,0.0
372,1617,638.79,1,2.5,0.01,0.0
373,1622,638.79,1,2.5,0.01,0.0
374,1626,638.79,1,2.5,0.01,0.0
375,1630,638.79,1,2.5,0.01,0.0
376,1635,638.79,1,2.5,0.01,0.0
377,1639,638.79,1,2.5,0.01,0.0
378,1644,638.79,1,2.5,0.01,0.0
379,1648,638.79,1,2.5,0.01,0.0
380,1653,624.06,1,2.5,0.01,0.0
381,1658,624.06,1,2.5,0.01,0.0
382,1662,624.06,1,2.5,0.01,0.0
383,1667,624.06,1,2.5,0.01,0.0
384,1671,624.06,1,2.5,0.01,0.0
385,1675,624.06,1,2.5,0.01,0.0
386,1680,624.06,1,2.5,0.01,0.0
387,1684,624.06,1,2.5,0.01,0.0
388,1689,624.06,1,2.5,0.01,0.0
389,1693,624.06,1,2.5,0.01,0.0
390,1699,609.34,1,2.5,0.01,0.0
391,1703,609.34,1,2.5,0.01,0.0
392,1708,609.34,1,2.5,0.01,0.0
393,1713,609.34,1,2.5,0.01,0.0
394,1717,609.34,1,2.5,0.01,0.0
395,1722,609.34,1,2.5,0.01,0.0
396,1726,609.34,1,2.5,0.01,0.0
397,1730,609.34,1,2.5,0.01,0.0
398,1735,609.34,1,2.5,0.01,0.0
399,1739,609.34,1,2.5,0.01,0.0
400,1744,593.96,1,2.5,0.01,0.0
401,1748,593.96,1,2.5,0.01,0.0
402,1753,593.96,1,2.5,0.01,0.0
403,1758,593.96,1,2.5,0.01,0.0
404,1762,593.96,1,2.5,0.01,0.0
405,1767,593.96,1,2.5,0.01,0.0
406,1770,593.96,1,2.5,0.01,0.0
407,1774,593.96,1,2.5,0.01,0.0
408,1779,593.96,1,2.5,0.01,0.0
409,1783,593.96,1,2.5,0.01,0.0
410,1788,579.56,1,2.5,0.01,0.0
411,1792,579.56,1,2.5,0.01,0.0
412,1796,579.56,1,2.5,0.01,0.0
413,1801,579.56,1,2.5,0.01,0.0
414,1805,579.56,1,2.5,0.01,0.0
415,1810,579.56,1,2.5,0.01,0.0
416,1814,579.56,1,2.5,0.01,0.0
417,1818,579.56,1,2.5,0.01,0.0
418,1823,579.56,1,2.5,0.01,0.0
419,1827,579.56,1,2.5,0.01,0.0
420,1832,565.49,1,2.5,0.01,0.0
421,1836,565.49,1,2.5,0.01,0.0
422,1841,565.49,1,2.5,0.01,0.0
423,1845,565.49,1,2.5,0.01,0.0
424,1850,565.49,1,2.5,0.01,0.0
425,1855,565.49,1,2.5,0.01,0.0
426,1859,565.49,1,2.5,0.01,0.0
427,1864,565.49,1,2.5,0.01,0.0
428,1868,565.49,1,2.5,0.01,0.0
429,1872,565.49,1,2.5,0.01,0.0
430,1877,550.43,1,2.5,0.01,0.0
431,1881,550.43,1,2.5,0.01,0.0
432,1886,550.43,1,2.5,0.01,0.0
433,1890,550.43,1,2.5,0.01,0.0
434,1894,550.43,1,2.5,0.01,0.0
435,1898,550.43,1,2.5,0.01,0.0
436,1902,550.43,1,2.5,0.01,0.0
437,1907,550.43,1,2.5,0.01,0.0
438,1911,550.43,1,2.5,0.01,0.0
439,1915,550.43,1,2.5,0.01,0.0
440,1920,537.02,1,2.5,0.01,0.0
441,1924,537.02,1,2.5,0.01,0.0
442,1929,537.02,1,2.5,0.01,0.0
443,1933,537.02,1,2.5,0.01,0.0
444,1938,537.02,1,2.5,0.01,0.0
445,1942,537.02,1,2.5,0.01,0.0
446,1946,537.02,1,2.5,0.01,0.0
447,1951,537.02,1,2.5,0.01,0.0
448,1955,537.02,1,2.5,0.01,0.0
449,1960,537.02,1,2.5,0.01,0.0
450,1965,522.29,1,2.5,0.01,0.0
451,1969,522.29,1,2.5,0.01,0.0
452,1974,522.29,1,2.5,0.01,0.0
453,1978,522.29,1,2.5,0.01,0.0
454,1983,522.29,1,2.5,0.01,0.0
455,1987,522.29,1,2.5,0.01,0.0
456,1991,522.29,1,2.5,0.01,0.0
457,1997,522.29,1,2.5,0.01,0.0
458,2001,522.29,1,2.5,0.01,0.0
459,2006,522.29,1,2.5,0.01,0.0
460,2010,506.58,1,2.5,0.01,0.0
461,2014,506.58,1,2.5,0.01,0.0
462,2019,506.58,1,2.5,0.01,0.0
463,2023,506.58,1,2.5,0.01,0.0
464,2028,506.58,1,2.5,0.01,0.0
465,2032,506.58,1,2.5,0.01,0.0
466,2036,506.58,1,2.5,0.01,0.0
467,2041,506.58,1,2.5,0.01,0.0
468,2046,506.58,1,2.5,0.01,0.0
469,2051,506.58,1,2.5,0.01,0.0
470,2055,492.18,1,2.5,0.01,0.0
471,2060,492.18,1,2.5,0.01,0.0
472,2065,492.18,1,2.5,0.01,0.0
473,2069,492.18,1,2.5,0.01,0.0
474,2074,492.18,1,2.5,0.01,0.0
475,2078,492.18,1,2.5,0.01,0.0
476,2082,492.18,1,2.5,0.01,0.0
477,2087,492.18,1,2.5,0.01,0.0
478,2091,492.18,1,2.5,0.01,0.0
479,2096,492.18,1,2.5,0.01,0.0
480,2100,477.46,1,2.5,0.01,0.0
481,2104,477.46,1,2.5,0.01,0.0
482,2109,477.46,1,2.5,0.01,0.0
483,2113,477.46,1,2.5,0.01,0.0
484,2118,477.46,1,2.5,0.01,0.0
485,2122,477.46,1,2.5,0.01,0.0
486,2126,477.46,1,2.5,0.01,0.0
487,2131,477.46,1,2.5,0.01,0.0
488,2135,477.46,1,2.5,0.01,0.0
489,2140,477.46,1,2.5,0.01,0.0
490,2144,463.39,1,2.5,0.01,0.0
491,2148,463.39,1,2.5,0.01,0.0
492,2153,463.39,1,2.5,0.01,0.0
493,2158,463.39,1,2.5,0.01,0.0
494,2163,463.39,1,2.5,0.01,0.0
495,2167,463.39,1,2.5,0.01,0.0
496,2171,463.39,1,2.5,0.01,0.0
497,2176,463.39,1,2.5,0.01,0.0
498,2180,463.39,1,2.5,0.01,0.0
499,2185,463.39,1,2.5,0.01,0.0
500,2189,448.33,1,2.5,0.01,0.0
501,2194,448.33,1,2.5,0.01,0.0
502,2198,448.33,1,2.5,0.01,0.0
503,2202,448.33,1,2.5,0.01,0.0
504,2206,448.33,1,2.5,0.01,0.0
505,2210,448.33,1,2.5,0.01,0.0
506,2214,448.33,1,2.5,0.01,0.0
507,2219,448.33,1,2.5,0.01,0.0
508,2223,448.33,1,2.5,0.01,0.0
509,2228,448.33,1,2.5,0.01,0.0
510,2232,434.91,1,2.5,0.01,0.0
511,2238,434.91,1,2.5,0.01,0.0
512,2242,434.91,1,2.5,0.01,0.0
513,2246,434.91,1,2.5,0.01,0.0
514,2251,434.91,1,2.5,0.01,0.0
515,2254,434.91,1,2.5,0.01,0.0
516,2258,434.91,1,2.5,0.01,0.0
517,2263,434.91,1,2.5,0.01,0.0
518,2267,434.91,1,2.5,0.01,0.0
519,2272,434.91,1,2.5,0.01,0.0
520,2276,420.19,1,2.5,0.01,0.0
521,2281,420.19,1,2.5,0.01,0.0
522,2286,420.19,1,2.5,0.01,0.0
523,2290,420.19,1,2.5,0.01,0.0
524,2295,420.19,1,2.5,0.01,0.0
525,2299,420.19,1,2.5,0.01,0.0
526,2304,420.19,1,2.5,0.01,0.0
527,2308,420.19,1,2.5,0.01,0.0
528,2312,420.19,1,2.5,0.01,0.0
529,2317,420.19,1,2.5,0.01,0.0
530,2321,405.13,1,2.5,0.01,0.0
531,2326,405.13,1,2.5,0.01,0.0
532,2330,405.13,1,2.5,0.01,0.0
533,2335,405.13,1,2.5,0.01,0.0
534,2340,405.13,1,2.5,0.01,0.0
535,2344,405.13,1,2.5,0.01,0.0
536,2349,405.13,1,2.5,0.01,0.0
537,2353,405.13,1,2.5,0.01,0.0
538,2357,405.13,1,2.5,0.01,0.0
539,2362,405.13,1,2.5,0.01,0.0
540,2366,390.41,1,2.5,0.01,0.0
541,2370,390.41,1,2.5,0.01,0.0
542,2375,390.41,1,2.5,0.01,0.0
543,2379,390.41,1,2.5,0.01,0.0
544,2384,390.41,1,2.5,0.01,0.0
545,2388,390.41,1,2.5,0.01,0.0
546,2393,390.41,1,2.5,0.01,0.0
547,2397,390.41,1,2.5,0.01,0.0
548,2401,390.41,1,2.5,0.01,0.0
549,2406,390.41,1,2.5,0.01,0.0
550,2410,376.34,1,2.5,0.01,0.0
551,2415,376.34,1,2.5,0.01,0.0
552,2419,376.34,1,2.5,0.01,0.0
553,2423,376.34,1,2.5,0.01,0.0
554,2428,376.34,1,2.5,0.01,0.0
555,2432,376.34,1,2.5,0.01,0.0
556,2437,376.34,1,2.5,0.01,0.0
557,2441,376.34,1,2.5,0.01,0.0
558,2445,376.34,1,2.5,0.01,0.0
559,2450,376.34,1,2.5,0.01,0.0
560,2454,361.94,1,2.5,0.01,0.0
561,2458,361.94,1,2.5,0.01,0.0
562,2463,361.94,1,2.5,0.01,0.0
563,2467,361.94,1,2.5,0.01,0.0
564,2472,361.94,1,2.5,0.01,0.0
565,2476,361.94,1,2.5,0.01,0.0
566,2482,361.94,1,2.5,0.01,0.0
567,2486,361.94,1,2.5,0.01,0.0
568,2490,361.94,1,2.5,0.01,0.0
569,2495,361.94,1,2.5,0.01,0.0
570,2500,346.88,1,2.5,0.01,0.0
571,2504,346.88,1,2.5,0.01,0.0
572,2509,346.88,1,2.5,0.01,0.0
573,2513,346.88,1,2.5,0.01,0.0
574,2518,346.88,1,2.5,0.01,0.0
575,2522,346.88,1,2.5,0.01,0.0
576,2527,346.88,1,2.5,0.01,0.0
577,2532,346.88,1,2.5,0.01,0.0
578,2536,346.88,1,2.5,0.01,0.0
579,2541,346.88,1,2.5,0.01,0.0
580,2545,331.5,1,2.5,0.01,0.0
581,2549,331.5,1,2.5,0.01,0.0
582,2554,331.5,1,2.5,0.01,0.0
583,2558,331.5,1,2.5,0.01,0.0
584,2563,331.5,1,2.5,0.01,0.0
585,2567,331.5,1,2.5,0.01,0.0
586,2572,331.5,1,2.5,0.01,0.0
587,2576,331.5,1,2.5,0.01,0.0
588,2580,331.5,1,2.5,0.01,0.0
589,2585,331.5,1,2.5,0.01,0.0
590,2589,317.76,1,2.5,0.01,0.0
591,2593,317.76,1,2.5,0.01,0.0
592,2598,317.76,1,2.5,0.01,0.0
593,2602,317.76,1,2.5,0.01,0.0
594,2607,317.76,1,2.5,0.01,0.0
595,2611,317.76,1,2.5,0.01,0.0
596,2615,317.76,1,2.5,0.01,0.0
597,2620,317.76,1,2.5,0.01,0.0
598,2624,317.76,1,2.5,0.01,0.0
599,2628,317.76,1,2.5,0.01,0.0
600,2632,304.01,1,2.5,0.01,0.0
601,2636,304.01,1,2.5,0.01,0.0
602,2641,304.01,1,2.5,0.01,0.0
603,2645,304.01,1,2.5,0.01,0.0
604,2650,304.01,1,2.5,0.01,0.0
605,2654,304.01,1,2.5,0.01,0.0
606,2658,304.01,1,2.5,0.01,0.0
607,2663,304.01,1,2.5,0.01,0.0
608,2667,304.01,1,2.5,0.01,0.0
609,2672,304.01,1,2.5,0.01,0.0
610,2676,289.29,1,2.5,0.01,0.0
611,2680,289.29,1,2.5,0.01,0.0
612,2685,289.29,1,2.5,0.01,0.0
613,2689,289.29,1,2.5,0.01,0.0
614,2694,289.29,1,2.5,0.01,0.0
615,2698,289.29,1,2.5,0.01,0.0
616,2702,289.29,1,2.5,0.01,0.0
617,2707,289.29,1,2.5,0.01,0.0
618,2711,289.29,1,2.5,0.01,0.0
619,2716,289.29,1,2.5,0.01,0.0
620,2720,274.89,1,2.5,0.01,0.0
621,2725,274.89,1,2.5,0.01,0.0
622,2730,274.89,1,2.5,0.01,0.0
623,2734,274.89,1,2.5,0.01,0.0
624,2739,274.89,1,2.5,0.01,0.0
625,2743,274.89,1,2.5,0.01,0.0
626,2747,274.89,1,2.5,0.01,0.0
627,2752,274.89,1,2.5,0.01,0.0
628,2756,274.89,1,2.5,0.01,0.0
629,2761,274.89,1,2.5,0.01,0.0
630,2765,259.84,1,2.5,0.01,0.0
631,2771,259.84,1,2.5,0.01,0.0
632,2775,259.84,1,2.5,0.01,0.0
633,2779,259.84,1,2.5,0.01,0.0
634,2784,259.84,1,2.5,0.01,0.0
635,2788,259.84,1,2.5,0.01,0.0
636,2792,259.84,1,2.5,0.01,0.0
637,2797,259.84,1,2.5,0.01,0.0
638,2801,259.84,1,2.5,0.01,0.0
639,2806,259.84,1,2.5,0.01,0.0
640,2810,245.11,1,2.5,0.01,0.0
641,2815,245.11,1,2.5,0.01,0.0
642,2819,245.11,1,2.5,0.01,0.0
643,2823,245.11,1,2.5,0.01,0.0
644,2828,245.11,1,2.5,0.01,0.0
645,2832,245.11,1,2.5,0.01,0.0
646,2837,245.11,1,2.5,0.01,0.0
647,2842,245.11,1,2.5,0.01,0.0
648,2846,245.11,1,2.5,0.01,0.0
649,2851,245.11,1,2.5,0.01,0.0
650,2855,230.38,1,2.5,0.01,0.0
651,2860,230.38,1,2.5,0.01,0.0
652,2864,230.38,1,2.5,0.01,0.0
653,2868,230.38,1,2.5,0.01,0.0
654,2873,230.38,1,2.5,0.01,0.0
655,2877,230.38,1,2.5,0.01,0.0
656,2882,230.38,1,2.5,0.01,0.0
657,2886,230.38,1,2.5,0.01,0.0
658,2890,230.38,1,2.5,0.01,0.0
659,2895,230.38,1,2.5,0.01,0.0
660,2899,216.31,1,2.5,0.01,0.0
661,2903,216.31,1,2.5,0.01,0.0
662,2908,216.31,1,2.5,0.01,0.0
663,2912,216.31,1,2.5,0.01,0.0
664,2918,216.31,1,2.5,0.01,0.0
665,2922,216.31,1,2.5,0.01,0.0
666,2927,216.31,1,2.5,0.01,0.0
667,2931,216.31,1,2.5,0.01,0.0
668,2936,216.31,1,2.5,0.01,0.0
669,2941,216.31,1,2.5,0.01,0.0
670,2945,200.6,1,2.5,0.01,0.0
671,2950,200.6,1,2.5,0.01,0.0
672,2954,200.6,1,2.5,0.01,0.0
673,2958,200.6,1,2.5,0.01,0.0
674,2963,200.6,1,2.5,0.01,0.0
675,2967,200.6,1,2.5,0.01,0.0
676,2972,200.6,1,2.5,0.01,0.0
677,2976,200.6,1,2.5,0.01,0.0
678,2980,200.6,1,2.5,0.01,0.0
679,2985,200.6,1,2.5,0.01,0.0
680,2989,186.86,1,2.5,0.01,0.0
681,2993,186.86,1,2.5,0.01,0.0
682,2998,186.86,1,2.5,0.01,0.0
683,3002,186.86,1,2.5,0.01,0.0
684,3007,186.86,1,2.5,0.01,0.0
685,3011,186.86,1,2.5,0.01,0.0
686,3017,186.86,1,2.5,0.01,0.0
687,3021,186.86,1,2.5,0.01,0.0
688,3025,186.86,1,2.5,0.01,0.0
689,3030,186.86,1,2.5,0.01,0.0
690,3035,171.81,1,2.5,0.01,0.0
691,3039,171.81,1,2.5,0.01,0.0
692,3044,171.81,1,2.5,0.01,0.0
693,3048,171.81,1,2.5,0.01,0.0
694,3053,171.81,1,2.5,0.01,0.0
695,3057,171.81,1,2.5,0.01,0.0
696,3062,171.81,1,2.5,0.01,0.0
697,3065,171.81,1,2.5,0.01,0.0
698,3069,171.81,1,2.5,0.01,0.0
699,3074,171.81,1,2.5,0.01,0.0
700,3078,157.73,1,2.5,0.01,0.0
701,3082,157.73,1,2.5,0.01,0.0
702,3087,157.73,1,2.5,0.01,0.0
703,3091,157.73,1,2.5,0.01,0.0
704,3096,157.73,1,2.5,0.01,0.0
705,3100,157.73,1,2.5,0.01,0.0
706,3105,157.73,1,2.5,0.01,0.0
707,3109,157.73,1,2.5,0.01,0.0
708,3114,157.73,1,2.5,0.01,0.0
709,3119,157.73,1,2.5,0.01,0.0
710,3123,142.68,1,2.5,0.01,0.0
711,3129,142.68,1,2.5,0.01,0.0
712,3133,142.68,1,2.5,0.01,0.0
713,3137,142.68,1,2.5,0.01,0.0
714,3142,142.68,1,2.5,0.01,0.0
715,3146,142.68,1,2.5,0.01,0.0
716,3151,142.68,1,2.5,0.01,0.0
717,3155,142.68,1,2.5,0.01,0.0
718,3159,142.68,1,2.5,0.01,0.0
719,3165,142.68,1,2.5,0.01,0.0
720,3169,127.3,1,2.5,0.01,0.0
721,3174,127.3,1,2.5,0.01,0.0
722,3178,127.3,1,2.5,0.01,0.0
723,3182,127.3,1,2.5,0.01,0.0
724,3187,127.3,1,2.5,0.01,0.0
725,3191,127.3,1,2.5,0.01,0.0
726,3196,127.3,1,2.5,0.01,0.0
727,3200,127.3,1,2.5,0.01,0.0
728,3204,127.3,1,2.5,0.01,0.0
729,3209,127.3,1,2.5,0.01,0.0
730,3215,113.56,1,2.5,0.01,0.0
731,3220,113.56,1,2.5,0.01,0.0
732,3224,113.56,1,2.5,0.01,0.0
733,3228,113.56,1,2.5,0.01,0.0
734,3233,113.56,1,2.5,0.01,0.0
735,3237,113.56,1,2.5,0.01,0.0
736,3241,113.56,1,2.5,0.01,0.0
737,3246,113.56,1,2.5,0.01,0.0
738,3250,113.56,1,2.5,0.01,0.0
739,3255,113.56,1,2.5,0.01,0.0
740,3259,97.85,1,2.5,0.01,0.0
741,3264,97.85,1,2.5,0.01,0.0
742,3268,97.85,1,2.5,0.01,0.0
743,3272,97.85,1,2.5,0.01,0.0
744,3278,97.85,1,2.5,0.01,0.0
745,3282,97.85,1,2.5,0.01,0.0
746,3287,97.85,1,2.5,0.01,0.0
747,3291,97.85,1,2.5,0.01,0.0
748,3295,97.85,1,2.5,0.01,0.0
749,3300,97.85,1,2.5,0.01,0.0
750,3304,83.45,1,2.5,0.01,0.0
751,3309,83.45,1,2.5,0.01,0.0
752,3313,83.45,1,2.5,0.01,0.0
753,3317,83.45,1,2.5,0.01,0.0
754,3322,83.45,1,2.5,0.01,0.0
755,3326,83.45,1,2.5,0.01,0.0
756,3331,83.45,1,2.5,0.01,0.0
757,3335,83.45,1,2.5,0.01,0.0
758,3339,83.45,1,2.5,0.01,0.0
759,3344,83.45,1,2.5,0.01,0.0
760,3348,69.38,1,2.5,0.01,0.0
761,3353,69.38,1,2.5,0.01,0.0
762,3358,69.38,1,2.5,0.01,0.0
763,3362,69.38,1,2.5,0.01,0.0
764,3367,69.38,1,2.5,0.01,0.0
765,3371,69.38,1,2.5,0.01,0.0
766,3376,69.38,1,2.5,0.01,0.0
767,3380,69.38,1,2.5,0.01,0.0
768,3384,69.38,1,2.5,0.01,0.0
769,3389,69.38,1,2.5,0.01,0.0
770,3393,54.32,1,2.5,0.01,0.0
771,3398,54.32,1,2.5,0.01,0.0
772,3402,54.32,1,2.5,0.01,0.0
773,3407,54.32,1,2.5,0.01,0.0
774,3412,54.32,1,2.5,0.01,0.0
775,3416,54.32,1,2.5,0.01,0.0
776,3421,54.32,1,2.5,0.01,0.0
777,3425,54.32,1,2.5,0.01,0.0
778,3429,54.32,1,2.5,0.01,0.0
779,3434,54.32,1,2.5,0.01,0.0
780,3438,39.6,1,2.5,0.01,0.0
781,3443,39.6,1,2.5,0.01,0.0
782,3447,39.6,1,2.5,0.01,0.0
783,3451,39.6,1,2.5,0.01,0.0
784,3457,39.6,1,2.5,0.01,0.0
785,3461,39.6,1,2.5,0.01,0.0
786,3466,39.6,1,2.5,0.01,0.0
787,3470,39.6,1,2.5,0.01,0.0
788,3475,39.6,1,2.5,0.01,0.0
789,3480,39.6,1,2.5,0.01,0.0
790,3484,24.22,1,2.5,0.01,0.0
791,3489,24.22,1,2.5,0.01,0.0
792,3493,24.22,1,2.5,0.01,0.0
793,3498,24.22,1,2.5,0.01,0.0
794,3502,24.22,1,2.5,0.01,0.0
795,3506,24.22,1,2.5,0.01,0.0
796,3511,24.22,1,2.5,0.01,0.0
797,3515,24.22,1,2.5,0.01,0.0
798,3519,24.22,1,2.5,0.01,0.0
799,3525,24.22,1,2.5,0.01,0.0
800,3529,9.82,1,2.5,0.01,0.0
801,3534,9.82,1,2.5,0.01,0.0
802,3538,9.82,1,2.5,0.01,0.0
803,3542,9.82,1,2.5,0.01,0.0
804,3547,9.82,1,2.5,0.01,0.0
805,3551,9.82,1,2.5,0.01,0.0
806,3555,9.82,1,2.5,0.01,0.0
807,3560,9.82,1,2.5,0.01,0.0
808,3564,9.82,1,2.5,0.01,0.0
809,3568,9.82,1,2.5,0.01,0.0
810,3572,-3.6,1,2.5,0.01,0.0
811,3576,-3.6,1,2.5,0.01,0.0
812,3580,-3.6,1,2.5,0.01,0.0
813,3584,-3.6,1,2.5,0.01,0.0
814,3588,-3.6,1,2.5,0.01,0.0
815,3592,-3.6,1,2.5,0.01,0.0
816,3595,-3.6,1,2.5,0.01,0.0
817,3598,-3.6,1,2.5,0.01,0.0
818,3602,-3.6,1,2.5,0.01,0.0
819,3605,-3.6,1,2.5,0.01,0.0
820,3608,-13.74,1,2.5,0.01,0.0
821,3610,-13.74,1,2.5,0.01,0.0
822,3612,-13.74,1,2.5,0.01,0.0
823,3613,-13.74,1,2.5,0.01,0.0
824,3614,-13.74,1,2.5,0.01,0.0
825,3616,-13.74,1,2.5,0.01,0.0
826,3618,-13.74,1,2.5,0.01,0.0
827,3620,-13.74,1,2.5,0.01,0.0
828,3621,-13.74,1,2.5,0.01,0.0
829,3622,-13.74,1,2.5,0.01,0.0
830,3623,-12.76,1,2.5,0.01,0.0
831,3625,-12.76,1,2.5,0.01,0.0
832,3625,-12.76,1,2.5,0.01,0.0
833,3625,-12.76,1,2.5,0.01,0.0
834,3626,-12.76,1,2.5,0.01,0.0
835,3626,-12.76,1,2.5,0.01,0.0
836,3626,-12.76,1,2.5,0.01,0.0
837,3626,-12.76,1,2.5,0.01,0.0
838,3626,-12.76,1,2.5,0.01,0.0
839,3625,-12.76,1,2.5,0.01,0.0
840,3625,-9.16,1,2.5,0.01,0.0
841,3624,-9.16,1,2.5,0.01,0.0
842,3623,-9.16,1,2.5,0.01,0.0
843,3624,-9.16,1,2.5,0.01,0.0
844,3623,-9.16,1,2.5,0.01,0.0
845,3622,-9.16,1,2.5,0.01,0.0
846,3621,-9.16,1,2.5,0.01,0.0
847,3619,-9.16,1,2.5,0.01,0.0
848,3618,-9.16,1,2.5,0.01,0.0
849,3617,-9.16,1,2.5,0.01,0.0
850,3615,-2.29,1,2.5,0.01,0.0
851,3614,-2.29,1,2.5,0.01,0.0
852,3612,-2.29,1,2.5,0.01,0.0
853,3611,-2.29,1,2.5,0.01,0.0
854,3609,-2.29,1,2.5,0.01,0.0
855,3608,-2.29,1,2.5,0.01,0.0
856,3607,-2.29,1,2.5,0.01,0.0
857,3605,-2.29,1,2.5,0.01,0.0
858,3604,-2.29,1,2.5,0.01,0.0
859,3602,-2.29,1,2.5,0.01,0.0
860,3601,3.93,1,2.5,0.01,0.0
861,3600,3.93,1,2.5,0.01,0.0
862,3599,3.93,1,2.5,0.01,0.0
863,3597,3.93,1,2.5,0.01,0.0
864,3596,3.93,1,2.5,0.01,0.0
865,3596,3.93,1,2.5,0.01,0.0
866,3595,3.93,1,2.5,0.01,0.0
867,3594,3.93,1,2.5,0.01,0.0
868,3593,3.93,1,2.5,0.01,0.0
869,3593,3.93,1,2.5,0.01,0.0
870,3592,5.24,1,2.5,0.01,0.0
871,3592,5.24,1,2.5,0.01,0.0
872,3591,5.24,1,2.5,0.01,0.0
873,3591,5.24,1,2.5,0.01,0.0
874,3591,5.24,1,2.5,0.01,0.0
875,3591,5.24,1,2.5,0.01,0.0
876,3590,5.24,1,2.5,0.01,0.0
877,3590,5.24,1,2.5,0.01,0.0
878,3590,5.24,1,2.5,0.01,0.0
879,3591,5.24,1,2.5,0.01,0.0
880,3591,3.6,1,2.5,0.01,0.0
881,3591,3.6,1,2.5,0.01,0.0
882,3591,3.6,1,2.5,0.01,0.0
883,3592,3.6,1,2.5,0.01,0.0
884,3592,3.6,1,2.5,0.01,0.0
885,3593,3.6,1,2.5,0.01,0.0
886,3593,3.6,1,2.5,0.01,0.0
887,3594,3.6,1,2.5,0.01,0.0
888,3594,3.6,1,2.5,0.01,0.0
889,3595,3.6,1,2.5,0.01,0.0
890,3595,0.33,1,2.5,0.01,0.0
891,3596,0.33,1,2.5,0.01,0.0
892,3596,0.33,1,2.5,0.01,0.0
893,3597,0.33,1,2.5,0.01,0.0
894,3597,0.33,1,2.5,0.01,0.0
895,3598,0.33,1,2.5,0.01,0.0
896,3598,0.33,1,2.5,0.01,0.0
897,3599,0.33,1,2.5,0.01,0.0
898,3599,0.33,1,2.5,0.01,0.0
899,3599,0.33,1,2.5,0.01,0.0
900,3600,-0.98,1,2.5,0.01,0.0
901,3600,-0.98,1,2.5,0.01,0.0
902,3601,-0.98,1,2.5,0.01,0.0
903,3601,-0.98,1,2.5,0.01,0.0
904,3601,-0.98,1,2.5,0.01,0.0
905,3602,-0.98,1,2.5,0.01,0.0
906,3602,-0.98,1,2.5,0.01,0.0
907,3602,-0.98,1,2.5,0.01,0.0
908,3602,-0.98,1,2.5,0.01,0.0
909,3602,-0.98,1,2.5,0.01,0.0
910,3603,-1.64,1,2.5,0.01,0.0
911,3603,-1.64,1,2.5,0.01,0.0
912,3603,-1.64,1,2.5,0.01,0.0
913,3603,-1.64,1,2.5,0.01,0.0
914,3603,-1.64,1,2.5,0.01,0.0
915,3603,-1.64,1,2.5,0.01,0.0
916,3603,-1.64,1,2.5,0.01,0.0
917,3603,-1.64,1,2.5,0.01,0.0
918,3603,-1.64,1,2.5,0.01,0.0
919,3603,-1.64,1,2.5,0.01,0.0
920,3602,-1.31,1,2.5,0.01,0.0
921,3602,-1.31,1,2.5,0.01,0.0
922,3602,-1.31,1,2.5,0.01,0.0
923,3602,-1.31,1,2.5,0.01,0.0
924,3602,-1.31,1,2.5,0.01,0.0
925,3602,-1.31,1,2.5,0.01,0.0
926,3601,-1.31,1,2.5,0.01,0.0
927,3601,-1.31,1,2.5,0.01,0.0
928,3601,-1.31,1,2.5,0.01,0.0
929,3601,-1.31,1,2.5,0.01,0.0
930,3600,0.33,1,2.5,0.01,0.0
931,3600,0.33,1,2.5,0.01,0.0
932,3600,0.33,1,2.5,0.01,0.0
933,3600,0.33,1,2.5,0.01,0.0
934,3599,0.33,1,2.5,0.01,0.0
935,3599,0.33,1,2.5,0.01,0.0
936,3599,0.33,1,2.5,0.01,0.0
937,3599,0.33,1,2.5,0.01,0.0
938,3598,0.33,1,2.5,0.01,0.0
939,3598,0.33,1,2.5,0.01,0.0
940,3598,1.64,1,2.5,0.01,0.0
941,3598,1.64,1,2.5,0.01,0.0
942,3598,1.64,1,2.5,0.01,0.0
943,3598,1.64,1,2.5,0.01,0.0
944,3598,1.64,1,2.5,0.01,0.0
945,3598,1.64,1,2.5,0.01,0.0
946,3598,1.64,1,2.5,0.01,0.0
947,3598,1.64,1,2.5,0.01,0.0
948,3598,1.64,1,2.5,0.01,0.0
949,3598,1.64,1,2.5,0.01,0.0
950,3598,0.65,1,2.5,0.01,0.0
951,3598,0.65,1,2.5,0.01,0.0
952,3598,0.65,1,2.5,0.01,0.0
953,3599,0.65,1,2.5,0.01,0.0
954,3599,0.65,1,2.5,0.01,0.0
955,3599,0.65,1,2.5,0.01,0.0
956,3599,0.65,1,2.5,0.01,0.0
957,3599,0.65,1,2.5,0.01,0.0
958,3599,0.65,1,2.5,0.01,0.0
959,3600,0.65,1,2.5,0.01,0.0
960,3600,-0.65,1,2.5,0.01,0.0
961,3600,-0.65,1,2.5,0.01,0.0
962,3600,-0.65,1,2.5,0.01,0.0
963,3600,-0.65,1,2.5,0.01,0.0
964,3600,-0.65,1,2.5,0.01,0.0
965,3601,-0.65,1,2.5,0.01,0.0
966,3601,-0.65,1,2.5,0.01,0.0
967,3601,-0.65,1,2.5,0.01,0.0
968,3601,-0.65,1,2.5,0.01,0.0
969,3601,-0.65,1,2.5,0.01,0.0
970,3601,-0.65,1,2.5,0.01,0.0
971,3601,-0.65,1,2.5,0.01,0.0
972,3601,-0.65,1,2.5,0.01,0.0
973,3601,-0.65,1,2.5,0.01,0.0
974,3601,-0.65,1,2.5,0.01,0.0
975,3601,-0.65,1,2.5,0.01,0.0
976,3601,-0.65,1,2.5,0.01,0.0
977,3601,-0.65,1,2.5,0.01,0.0
978,3601,-0.65,1,2.5,0.01,0.0
979,3601,-0.65,1,2.5,0.01,0.0
980,3601,-0.33,1,2.5,0.01,0.0
981,3601,-0.33,1,2.5,0.01,0.0
982,3601,-0.33,1,2.5,0.01,0.0
983,3601,-0.33,1,2.5,0.01,0.0
984,3601,-0.33,1,2.5,0.01,0.0
985,3601,-0.33,1,2.5,0.01,0.0
986,3601,-0.33,1,2.5,0.01,0.0
987,3601,-0.33,1,2.5,0.01,0.0
988,3600,-0.33,1,2.5,0.01,0.0
989,3600,-0.33,1,2.5,0.01,0.0
990,3600,0.33,1,2.5,0.01,0.0
991,3600,0.33,1,2.5,0.01,0.0
992,3600,0.33,1,2.5,0.01,0.0
993,3600,0.33,1,2.5,0.01,0.0
994,3600,0.33,1,2.5,0.01,0.0
995,3600,0.33,1,2.5,0.01,0.0
996,3600,0.33,1,2.5,0.01,0.0
997,3600,0.33,1,2.5,0.01,0.0
998,3600,0.33,1,2.5,0.01,0.0
999,3600,0.33,1,2.5,0.01,0.0
1000,3600,0.0,1,2.5,0.01,0.0
1001,3600,0.0,1,2.5,0.01,0.0
1002,3600,0.0,1,2.5,0.01,0.0
1003,3600,0.0,1,2.5,0.01,0.0
1004,3600,0.0,1,2.5,0.01,0.0
1005,3600,0.0,1,2.5,0.01,0.0
1006,3600,0.0,1,2.5,0.01,0.0
1007,3600,0.0,1,2.5,0.01,0.0
1008,3600,0.0,1,2.5,0.01,0.0
1009,3600,0.0,1,2.5,0.01,0.0
1010,3600,0.0,1,2.5,0.01,0.0
1011,3600,0.0,1,2.5,0.01,0.0
1012,3600,0.0,1,2.5,0.01,0.0
1013,3600,0.0,1,2.5,0.01,0.0
1014,3600,0.0,1,2.5,0.01,0.0
1015,3600,0.0,1,2.5,0.01,0.0
1016,3600,0.0,1,2.5,0.01,0.0
1017,3600,0.0,1,2.5,0.01,0.0
1018,3600,0.0,1,2.5,0.01,0.0
1019,3600,0.0,1,2.5,0.01,0.0
1020,3600,0.0,1,2.5,0.01,0.0
1021,3600,0.0,1,2.5,0.01,0.0
1022,3600,0.0,1,2.5,0.01,0.0
1023,3600,0.0,1,2.5,0.01,0.0
1024,3600,0.0,1,2.5,0.01,0.0
1025,3600,0.0,1,2.5,0.01,0.0
1026,3600,0.0,1,2.5,0.01,0.0
1027,3600,0.0,1,2.5,0.01,0.0
1028,3600,0.0,1,2.5,0.01,0.0
1029,3600,0.0,1,2.5,0.01,0.0
1030,3600,0.0,1,2.5,0.01,0.0
1031,3600,0.0,1,2.5,0.01,0.0
1032,3600,0.0,1,2.5,0.01,0.0
1033,3600,0.0,1,2.5,0.01,0.0
1034,3600,0.0,1,2.5,0.01,0.0
1035,3600,0.0,1,2.5,0.01,0.0
1036,3600,0.0,1,2.5,0.01,0.0
1037,3600,0.0,1,2.5,0.01,0.0
1038,3600,0.0,1,2.5,0.01,0.0
1039,3600,0.0,1,2.5,0.01,0.0
1040,3600,0.0,1,2.5,0.01,0.0
1041,3600,0.0,1,2.5,0.01,0.0
1042,3600,0.0,1,2.5,0.01,0.0
1043,3600,0.0,1,2.5,0.01,0.0
1044,3600,0.0,1,2.5,0.01,0.0
1045,3600,0.0,1,2.5,0.01,0.0
1046,3600,0.0,1,2.5,0.01,0.0
1047,3600,0.0,1,2.5,0.01,0.0
1048,3600,0.0,1,2.5,0.01,0.0
1049,3600,0.0,1,2.5,0.01,0.0
1050,3600,0.0,1,2.5,0.01,0.0
1051,3600,0.0,1,2.5,0.01,0.0
1052,3600,0.0,1,2.5,0.01,0.0
1053,3600,0.0,1,2.5,0.01,0.0
1054,3600,0.0,1,2.5,0.01,0.0
1055,3600,0.0,1,2.5,0.01,0.0
1056,3600,0.0,1,2.5,0.01,0.0
1057,3600,0.0,1,2.5,0.01,0.0
1058,3600,0.0,1,2.5,0.01,0.0
1059,3600,0.0,1,2.5,0.01,0.0
1060,3600,0.0,1,2.5,0.01,0.0
1061,3600,0.0,1,2.5,0.01,0.0
1062,3600,0.0,1,2.5,0.01,0.0
1063,3600,0.0,1,2.5,0.01,0.0
1064,3600,0.0,1,2.5,0.01,0.0
1065,3600,0.0,1,2.5,0.01,0.0
1066,3600,0.0,1,2.5,0.01,0.0
1067,3600,0.0,1,2.5,0.01,0.0
1068,3600,0.0,1,2.5,0.01,0.0
1069,3600,0.0,1,2.5,0.01,0.0
1070,3600,0.0,1,2.5,0.01,0.0
1071,3600,0.0,1,2.5,0.01,0.0
1072,3600,0.0,1,2.5,0.01,0.0
1073,3600,0.0,1,2.5,0.01,0.0
1074,3600,0.0,1,2.5,0.01,0.0
1075,3600,0.0,1,2.5,0.01,0.0
1076,3600,0.0,1,2.5,0.01,0.0
1077,3600,0.0,1,2.5,0.01,0.0
1078,3600,0.0,1,2.5,0.01,0.0
1079,3600,0.0,1,2.5,0.01,0.0
1080,3600,0.0,1,2.5,0.01,0.0
1081,3600,0.0,1,2.5,0.01,0.0
1082,3600,0.0,1,2.5,0.01,0.0
1083,3600,0.0,1,2.5,0.01,0.0
1084,3600,0.0,1,2.5,0.01,0.0
1085,3600,0.0,1,2.5,0.01,0.0
1086,3600,0.0,1,2.5,0.01,0.0
1087,3600,0.0,1,2.5,0.01,0.0
1088,3600,0.0,1,2.5,0.01,0.0
1089,3600,0.0,1,2.5,0.01,0.0
1090,3600,0.0,1,2.5,0.01,0.0
1091,3600,0.0,1,2.5,0.01,0.0
1092,3600,0.0,1,2.5,0.01,0.0
1093,3600,0.0,1,2.5,0.01,0.0
1094,3600,0.0,1,2.5,0.01,0.0
1095,3600,0.0,1,2.5,0.01,0.0
1096,3600,0.0,1,2.5,0.01,0.0
1097,3600,0.0,1,2.5,0.01,0.0
1098,3600,0.0,1,2.5,0.01,0.0
1099,3600,0.0,1,2.5,0.01,0.0
1100,3600,0.0,1,2.5,0.01,0.0
1101,3600,0.0,1,2.5,0.01,0.0
1102,3600,0.0,1,2.5,0.01,0.0
1103,3600,0.0,1,2.5,0.01,0.0
1104,3600,0.0,1,2.5,0.01,0.0
1105,3600,0.0,1,2.5,0.01,0.0
1106,3600,0.0,1,2.5,0.01,0.0
1107,3600,0.0,1,2.5,0.01,0.0
1108,3600,0.0,1,2.5,0.01,0.0
1109,3600,0.0,1,2.5,0.01,0.0
1110,3600,0.0,1,2.5,0.01,0.0
1111,3600,0.0,1,2.5,0.01,0.0
1112,3600,0.0,1,2.5,0.01,0.0
1113,3600,0.0,1,2.5,0.01,0.0
1114,3600,0.0,1,2.5,0.01,0.0
1115,3600,0.0,1,2.5,0.01,0.0
1116,3600,0.0,1,2.5,0.01,0.0
1117,3600,0.0,1,2.5,0.01,0.0
1118,3600,0.0,1,2.5,0.01,0.0
1119,3600,0.0,1,2.5,0.01,0.0
1120,3600,0.0,1,2.5,0.01,0.0
1121,3600,0.0,1,2.5,0.01,0.0
1122,3600,0.0,1,2.5,0.01,0.0
1123,3600,0.0,1,2.5,0.01,0.0
1124,3600,0.0,1,2.5,0.01,0.0
1125,3600,0.0,1,2.5,0.01,0.0
1126,3600,0.0,1,2.5,0.01,0.0
1127,3600,0.0,1,2.5,0.01,0.0
1128,3600,0.0,1,2.5,0.01,0.0
1129,3600,0.0,1,2.5,0.01,0.0
1130,3600,0.0,1,2.5,0.01,0.0
1131,3600,0.0,1,2.5,0.01,0.0
1132,3600,0.0,1,2.5,0.01,0.0
1133,3600,0.0,1,2.5,0.01,0.0
1134,3600,0.0,1,2.5,0.01,0.0
1135,3600,0.0,1,2.5,0.01,0.0
1136,3600,0.0,1,2.5,0.01,0.0
1137,3600,0.0,1,2.5,0.01,0.0
1138,3600,0.0,1,2.5,0.01,0.0
1139,3600,0.0,1,2.5,0.01,0.0
1140,3600,0.0,1,2.5,0.01,0.0
1141,3600,0.0,1,2.5,0.01,0.0
1142,3600,0.0,1,2.5,0.01,0.0
1143,3600,0.0,1,2.5,0.01,0.0
1144,3600,0.0,1,2.5,0.01,0.0
1145,3600,0.0,1,2.5,0.01,0.0
1146,3600,0.0,1,2.5,0.01,0.0
1147,3600,0.0,1,2.5,0.01,0.0
1148,3600,0.0,1,2.5,0.01,0.0
1149,3600,0.0,1,2.5,0.01,0.0
1150,3600,0.0,1,2.5,0.01,0.0
1151,3600,0.0,1,2.5,0.01,0.0
1152,3600,0.0,1,2.5,0.01,0.0
1153,3600,0.0,1,2.5,0.01,0.0
1154,3600,0.0,1,2.5,0.01,0.0
1155,3600,0.0,1,2.5,0.01,0.0
1156,3600,0.0,1,2.5,0.01,0.0
1157,3600,0.0,1,2.5,0.01,0.0
1158,3600,0.0,1,2.5,0.01,0.0
1159,3600,0.0,1,2.5,0.01,0.0
1160,3600,0.0,1,2.5,0.01,0.0
1161,3600,0.0,1,2.5,0.01,0.0
1162,3600,0.0,1,2.5,0.01,0.0
1163,3600,0.0,1,2.5,0.01,0.0
1164,3600,0.0,1,2.5,0.01,0.0
1165,3600,0.0,1,2.5,0.01,0.0
1166,3600,0.0,1,2.5,0.01,0.0
1167,3600,0.0,1,2.5,0.01,0.0
1168,3600,0.0,1,2.5,0.01,0.0
1169,3600,0.0,1,2.5,0.01,0.0
1170,3600,0.0,1,2.5,0.01,0.0
1171,3600,0.0,1,2.5,0.01,0.0
1172,3600,0.0,1,2.5,0.01,0.0
1173,3600,0.0,1,2.5,0.01,0.0
1174,3600,0.0,1,2.5,0.01,0.0
1175,3600,0.0,1,2.5,0.01,0.0
1176,3600,0.0,1,2.5,0.01,0.0
1177,3600,0.0,1,2.5,0.01,0.0
1178,3600,0.0,1,2.5,0.01,0.0
1179,3600,0.0,1,2.5,0.01,0.0
1180,3600,0.0,1,2.5,0.01,0.0
1181,3600,0.0,1,2.5,0.01,0.0
1182,3600,0.0,1,2.5,0.01,0.0
1183,3600,0.0,1,2.5,0.01,0.0
1184,3600,0.0,1,2.5,0.01,0.0
1185,3600,0.0,1,2.5,0.01,0.0
1186,3600,0.0,1,2.5,0.01,0.0
1187,3600,0.0,1,2.5,0.01,0.0
1188,3600,0.0,1,2.5,0.01,0.0
1189,3600,0.0,1,2.5,0.01,0.0
1190,3600,0.0,1,2.5,0.01,0.0
1191,3600,0.0,1,2.5,0.01,0.0
1192,3600,0.0,1,2.5,0.01,0.0
1193,3600,0.0,1,2.5,0.01,0.0
1194,3600,0.0,1,2.5,0.01,0.0
1195,3600,0.0,1,2.5,0.01,0.0
1196,3600,0.0,1,2.5,0.01,0.0
1197,3600,0.0,1,2.5,0.01,0.0
1198,3600,0.0,1,2.5,0.01,0.0
1199,3600,0.0,1,2.5,0.01,0.0
1200,3600,0.0,1,2.5,0.01,0.0
1201,3600,0.0,1,2.5,0.01,0.0
1202,3600,0.0,1,2.5,0.01,0.0
1203,3600,0.0,1,2.5,0.01,0.0
1204,3600,0.0,1,2.5,0.01,0.0
1205,3600,0.0,1,2.5,0.01,0.0
1206,3600,0.0,1,2.5,0.01,0.0
1207,3600,0.0,1,2.5,0.01,0.0
1208,3600,0.0,1,2.5,0.01,0.0
1209,3600,0.0,1,2.5,0.01,0.0
1210,3600,0.0,1,2.5,0.01,0.0
1211,3600,0.0,1,2.5,0.01,0.0
1212,3600,0.0,1,2.5,0.01,0.0
1213,3600,0.0,1,2.5,0.01,0.0
1214,3600,0.0,1,2.5,0.01,0.0
1215,3600,0.0,1,2.5,0.01,0.0
1216,3600,0.0,1,2.5,0.01,0.0
1217,3600,0.0,1,2.5,0.01,0.0
1218,3600,0.0,1,2.5,0.01,0.0
1219,3600,0.0,1,2.5,0.01,0.0
1220,3600,0.0,1,2.5,0.01,0.0
1221,3600,0.0,1,2.5,0.01,0.0
1222,3600,0.0,1,2.5,0.01,0.0
1223,3600,0.0,1,2.5,0.01,0.0
1224,3600,0.0,1,2.5,0.01,0.0
1225,3600,0.0,1,2.5,0.01,0.0
1226,3600,0.0,1,2.5,0.01,0.0
1227,3600,0.0,1,2.5,0.01,0.0
1228,3600,0.0,1,2.5,0.01,0.0
1229,3600,0.0,1,2.5,0.01,0.0
1230,3600,0.0,1,2.5,0.01,0.0
1231,3600,0.0,1,2.5,0.01,0.0
1232,3600,0.0,1,2.5,0.01,0.0
1233,3600,0.0,1,2.5,0.01,0.0
1234,3600,0.0,1,2.5,0.01,0.0
1235,3600,0.0,1,2.5,0.01,0.0
1236,3600,0.0,1,2.5,0.01,0.0
1237,3600,0.0,1,2.5,0.01,0.0
1238,3600,0.0,1,2.5,0.01,0.0
1239,3600,0.0,1,2.5,0.01,0.0
1240,3600,0.0,1,2.5,0.01,0.0
1241,3600,0.0,1,2.5,0.01,0.0
1242,3600,0.0,1,2.5,0.01,0.0
1243,3600,0.0,1,2.5,0.01,0.0
1244,3600,0.0,1,2.5,0.01,0.0
1245,3600,0.0,1,2.5,0.01,0.0
1246,3600,0.0,1,2.5,0.01,0.0
1247,3600,0.0,1,2.5,0.01,0.0
1248,3600,0.0,1,2.5,0.01,0.0
1249,3600,0.0,1,2.5,0.01,0.0
1250,3600,0.0,1,2.5,0.01,0.0
1251,3600,0.0,1,2.5,0.01,0.0
1252,3600,0.0,1,2.5,0.01,0.0
1253,3600,0.0,1,2.5,0.01,0.0
1254,3600,0.0,1,2.5,0.01,0.0
1255,3600,0.0,1,2.5,0.01,0.0
1256,3600,0.0,1,2.5,0.01,0.0
1257,3600,0.0,1,2.5,0.01,0.0
1258,3600,0.0,1,2.5,0.01,0.0
1259,3600,0.0,1,2.5,0.01,0.0
1260,3600,0.0,1,2.5,0.01,0.0
1261,3600,0.0,1,2.5,0.01,0.0
1262,3600,0.0,1,2.5,0.01,0.0
1263,3600,0.0,1,2.5,0.01,0.0
1264,3600,0.0,1,2.5,0.01,0.0
1265,3600,0.0,1,2.5,0.01,0.0
1266,3600,0.0,1,2.5,0.01,0.0
1267,3600,0.0,1,2.5,0.01,0.0
1268,3600,0.0,1,2.5,0.01,0.0
1269,3600,0.0,1,2.5,0.01,0.0
1270,3600,0.0,1,2.5,0.01,0.0
1271,3600,0.0,1,2.5,0.01,0.0
1272,3600,0.0,1,2.5,0.01,0.0
1273,3600,0.0,1,2.5,0.01,0.0
1274,3600,0.0,1,2.5,0.01,0.0
1275,3600,0.0,1,2.5,0.01,0.0
1276,3600,0.0,1,2.5,0.01,0.0
1277,3600,0.0,1,2.5,0.01,0.0
1278,3600,0.0,1,2.5,0.01,0.0
1279,3600,0.0,1,2.5,0.01,0.0
1280,3600,0.0,1,2.5,0.01,0.0
1281,3600,0.0,1,2.5,0.01,0.0
1282,3600,0.0,1,2.5,0.01,0.0
1283,3600,0.0,1,2.5,0.01,0.0
1284,3600,0.0,1,2.5,0.01,0.0
1285,3600,0.0,1,2.5,0.01,0.0
1286,3600,0.0,1,2.5,0.01,0.0
1287,3600,0.0,1,2.5,0.01,0.0
1288,3600,0.0,1,2.5,0.01,0.0
1289,3600,0.0,1,2.5,0.01,0.0
1290,3600,0.0,1,2.5,0.01,0.0
1291,3600,0.0,1,2.5,0.01,0.0
1292,3600,0.0,1,2.5,0.01,0.0
1293,3600,0.0,1,2.5,0.01,0.0
1294,3600,0.0,1,2.5,0.01,0.0
1295,3600,0.0,1,2.5,0.01,0.0
1296,3600,0.0,1,2.5,0.01,0.0
1297,3600,0.0,1,2.5,0.01,0.0
1298,3600,0.0,1,2.5,0.01,0.0
1299,3600,0.0,1,2.5,0.01,0.0
1300,3600,0.0,1,2.5,0.01,0.0
1301,3600,0.0,1,2.5,0.01,0.0
1302,3600,0.0,1,2.5,0.01,0.0
1303,3600,0.0,1,2.5,0.01,0.0
1304,3600,0.0,1,2.5,0.01,0.0
1305,3600,0.0,1,2.5,0.01,0.0
1306,3600,0.0,1,2.5,0.01,0.0
1307,3600,0.0,1,2.5,0.01,0.0
1308,3600,0.0,1,2.5,0.01,0.0
1309,3600,0.0,1,2.5,0.01,0.0
1310,3600,0.0,1,2.5,0.01,0.0
1311,3600,0.0,1,2.5,0.01,0.0
1312,3600,0.0,1,2.5,0.01,0.0
1313,3600,0.0,1,2.5,0.01,0.0
1314,3600,0.0,1,2.5,0.01,0.0
1315,3600,0.0,1,2.5,0.01,0.0
1316,3600,0.0,1,2.5,0.01,0.0
1317,3600,0.0,1,2.5,0.01,0.0
1318,3600,0.0,1,2.5,0.01,0.0
1319,3600,0.0,1,2.5,0.01,0.0
1320,3600,0.0,1,2.5,0.01,0.0
1321,3600,0.0,1,2.5,0.01,0.0
1322,3600,0.0,1,2.5,0.01,0.0
1323,3600,0.0,1,2.5,0.01,0.0
1324,3600,0.0,1,2.5,0.01,0.0
1325,3600,0.0,1,2.5,0.01,0.0
1326,3600,0.0,1,2.5,0.01,0.0
1327,3600,0.0,1,2.5,0.01,0.0
1328,3600,0.0,1,2.5,0.01,0.0
1329,3600,0.0,1,2.5,0.01,0.0
1330,3600,0.0,1,2.5,0.01,0.0
1331,3600,0.0,1,2.5,0.01,0.0
1332,3600,0.0,1,2.5,0.01,0.0
1333,3600,0.0,1,2.5,0.01,0.0
1334,3600,0.0,1,2.5,0.01,0.0
1335,3600,0.0,1,2.5,0.01,0.0
1336,3600,0.0,1,2.5,0.01,0.0
1337,3600,0.0,1,2.5,0.01,0.0
1338,3600,0.0,1,2.5,0.01,0.0
1339,3600,0.0,1,2.5,0.01,0.0
1340,3600,0.0,1,2.5,0.01,0.0
1341,3600,0.0,1,2.5,0.01,0.0
1342,3600,0.0,1,2.5,0.01,0.0
1343,3600,0.0,1,2.5,0.01,0.0
1344,3600,0.0,1,2.5,0.01,0.0
1345,3600,0.0,1,2.5,0.01,0.0
1346,3600,0.0,1,2.5,0.01,0.0
1347,3600,0.0,1,2.5,0.01,0.0
1348,3600,0.0,1,2.5,0.01,0.0
1349,3600,0.0,1,2.5,0.01,0.0
1350,3600,0.0,1,2.5,0.01,0.0
1351,3600,0.0,1,2.5,0.01,0.0
1352,3600,0.0,1,2.5,0.01,0.0
1353,3600,0.0,1,2.5,0.01,0.0
1354,3600,0.0,1,2.5,0.01,0.0
1355,3600,0.0,1,2.5,0.01,0.0
1356,3600,0.0,1,2.5,0.01,0.0
1357,3600,0.0,1,2.5,0.01,0.0
1358,3600,0.0,1,2.5,0.01,0.0
1359,3600,0.0,1,2.5,0.01,0.0
1360,3600,0.0,1,2.5,0.01,0.0
1361,3600,0.0,1,2.5,0.01,0.0
1362,3600,0.0,1,2.5,0.01,0.0
1363,3600,0.0,1,2.5,0.01,0.0
1364,3600,0.0,1,2.5,0.01,0.0
1365,3600,0.0,1,2.5,0.01,0.0
1366,3600,0.0,1,2.5,0.01,0.0
1367,3600,0.0,1,2.5,0.01,0.0
1368,3600,0.0,1,2.5,0.01,0.0
1369,3600,0.0,1,2.5,0.01,0.0
1370,3600,0.0,1,2.5,0.01,0.0
1371,3600,0.0,1,2.5,0.01,0.0
1372,3600,0.0,1,2.5,0.01,0.0
1373,3600,0.0,1,2.5,0.01,0.0
1374,3600,0.0,1,2.5,0.01,0.0
1375,3600,0.0,1,2.5,0.01,0.0
1376,3600,0.0,1,2.5,0.01,0.0
1377,3600,0.0,1,2.5,0.01,0.0
1378,3600,0.0,1,2.5,0.01,0.0
1379,3600,0.0,1,2.5,0.01,0.0
1380,3600,0.0,1,2.5,0.01,0.0
1381,3600,0.0,1,2.5,0.01,0.0
1382,3600,0.0,1,2.5,0.01,0.0
1383,3600,0.0,1,2.5,0.01,0.0
1384,3600,0.0,1,2.5,0.01,0.0
1385,3600,0.0,1,2.5,0.01,0.0
1386,3600,0.0,1,2.5,0.01,0.0
1387,3600,0.0,1,2.5,0.01,0.0
1388,3600,0.0,1,2.5,0.01,0.0
1389,3600,0.0,1,2.5,0.01,0.0
1390,3600,0.0,1,2.5,0.01,0.0
1391,3600,0.0,1,2.5,0.01,0.0
1392,3600,0.0,1,2.5,0.01,0.0
1393,3600,0.0,1,2.5,0.01,0.0
1394,3600,0.0,1,2.5,0.01,0.0
1395,3600,0.0,1,2.5,0.01,0.0
1396,3600,0.0,1,2.5,0.01,0.0
1397,3600,0.0,1,2.5,0.01,0.0
1398,3600,0.0,1,2.5,0.01,0.0
1399,3600,0.0,1,2.5,0.01,0.0
1400,3600,0.0,1,2.5,0.01,0.0
1401,3600,0.0,1,2.5,0.01,0.0
1402,3600,0.0,1,2.5,0.01,0.0
1403,3600,0.0,1,2.5,0.01,0.0
1404,3600,0.0,1,2.5,0.01,0.0
1405,3600,0.0,1,2.5,0.01,0.0
1406,3600,0.0,1,2.5,0.01,0.0
1407,3600,0.0,1,2.5,0.01,0.0
1408,3600,0.0,1,2.5,0.01,0.0
1409,3600,0.0,1,2.5,0.01,0.0
1410,3600,0.0,1,2.5,0.01,0.0
1411,3600,0.0,1,2.5,0.01,0.0
1412,3600,0.0,1,2.5,0.01,0.0
1413,3600,0.0,1,2.5,0.01,0.0
1414,3600,0.0,1,2.5,0.01,0.0
1415,3600,0.0,1,2.5,0.01,0.0
1416,3600,0.0,1,2.5,0.01,0.0
1417,3600,0.0,1,2.5,0.01,0.0
1418,3600,0.0,1,2.5,0.01,0.0
1419,3600,0.0,1,2.5,0.01,0.0
1420,3600,0.0,1,2.5,0.01,0.0
1421,3600,0.0,1,2.5,0.01,0.0
1422,3600,0.0,1,2.5,0.01,0.0
1423,3600,0.0,1,2.5,0.01,0.0
1424,3600,0.0,1,2.5,0.01,0.0
1425,3600,0.0,1,2.5,0.01,0.0
1426,3600,0.0,1,2.5,0.01,0.0
1427,3600,0.0,1,2.5,0.01,0.0
1428,3600,0.0,1,2.5,0.01,0.0
1429,3600,0.0,1,2.5,0.01,0.0
1430,3600,0.0,1,2.5,0.01,0.0
1431,3600,0.0,1,2.5,0.01,0.0
1432,3600,0.0,1,2.5,0.01,0.0
1433,3600,0.0,1,2.5,0.01,0.0
1434,3600,0.0,1,2.5,0.01,0.0
1435,3600,0.0,1,2.5,0.01,0.0
1436,3600,0.0,1,2.5,0.01,0.0
1437,3600,0.0,1,2.5,0.01,0.0
1438,3600,0.0,1,2.5,0.01,0.0
1439,3600,0.0,1,2.5,0.01,0.0
1440,3600,0.0,1,2.5,0.01,0.0
1441,3600,0.0,1,2.5,0.01,0.0
1442,3600,0.0,1,2.5,0.01,0.0
1443,3600,0.0,1,2.5,0.01,0.0
1444,3600,0.0,1,2.5,0.01,0.0
1445,3600,0.0,1,2.5,0.01,0.0
1446,3600,0.0,1,2.5,0.01,0.0
1447,3600,0.0,1,2.5,0.01,0.0
1448,3600,0.0,1,2.5,0.01,0.0
1449,3600,0.0,1,2.5,0.01,0.0
1450,3600,0.0,1,2.5,0.01,0.0
1451,3600,0.0,1,2.5,0.01,0.0
1452,3600,0.0,1,2.5,0.01,0.0
1453,3600,0.0,1,2.5,0.01,0.0
1454,3600,0.0,1,2.5,0.01,0.0
1455,3600,0.0,1,2.5,0.01,0.0
1456,3600,0.0,1,2.5,0.01,0.0
1457,3600,0.0,1,2.5,0.01,0.0
1458,3600,0.0,1,2.5,0.01,0.0
1459,3600,0.0,1,2.5,0.01,0.0
1460,3600,0.0,1,2.5,0.01,0.0
1461,3600,0.0,1,2.5,0.01,0.0
1462,3600,0.0,1,2.5,0.01,0.0
1463,3600,0.0,1,2.5,0.01,0.0
1464,3600,0.0,1,2.5,0.01,0.0
1465,3600,0.0,1,2.5,0.01,0.0
1466,3600,0.0,1,2.5,0.01,0.0
1467,3600,0.0,1,2.5,0.01,0.0
1468,3600,0.0,1,2.5,0.01,0.0
1469,3600,0.0,1,2.5,0.01,0.0
1470,3600,0.0,1,2.5,0.01,0.0
1471,3600,0.0,1,2.5,0.01,0.0
1472,3600,0.0,1,2.5,0.01,0.0
1473,3600,0.0,1,2.5,0.01,0.0
1474,3600,0.0,1,2.5,0.01,0.0
1475,3600,0.0,1,2.5,0.01,0.0
1476,3600,0.0,1,2.5,0.01,0.0
1477,3600,0.0,1,2.5,0.01,0.0
1478,3600,0.0,1,2.5,0.01,0.0
1479,3600,0.0,1,2.5,0.01,0.0
1480,3600,0.0,1,2.5,0.01,0.0
1481,3600,0.0,1,2.5,0.01,0.0
1482,3600,0.0,1,2.5,0.01,0.0
1483,3600,0.0,1,2.5,0.01,0.0
1484,3600,0.0,1,2.5,0.01,0.0
1485,3600,0.0,1,2.5,0.01,0.0
1486,3600,0.0,1,2.5,0.01,0.0
1487,3600,0.0,1,2.5,0.01,0.0
1488,3600,0.0,1,2.5,0.01,0.0
1489,3600,0.0,1,2.5,0.01,0.0
1490,3600,0.0,1,2.5,0.01,0.0
1491,3600,0.0,1,2.5,0.01,0.0
1492,3600,0.0,1,2.5,0.01,0.0
1493,3600,0.0,1,2.5,0.01,0.0
1494,3600,0.0,1,2.5,0.01,0.0
1495,3600,0.0,1,2.5,0.01,0.0
1496,3600,0.0,1,2.5,0.01,0.0
1497,3600,0.0,1,2.5,0.01,0.0
1498,3600,0.0,1,2.5,0.01,0.0
1499,3600,0.0,1,2.5,0.01,0.0
1500,3600,0.0,1,2.5,0.01,0.0
1501,3600,0.0,1,2.5,0.01,0.0
1502,3600,0.0,1,2.5,0.01,0.0
1503,3600,0.0,1,2.5,0.01,0.0
1504,3600,0.0,1,2.5,0.01,0.0
1505,3600,0.0,1,2.5,0.01,0.0
1506,3600,0.0,1,2.5,0.01,0.0
1507,3600,0.0,1,2.5,0.01,0.0
1508,3600,0.0,1,2.5,0.01,0.0
1509,3600,0.0,1,2.5,0.01,0.0
1510,3600,0.0,1,2.5,0.01,0.0
1511,3600,0.0,1,2.5,0.01,0.0
1512,3600,0.0,1,2.5,0.01,0.0
1513,3600,0.0,1,2.5,0.01,0.0
1514,3600,0.0,1,2.5,0.01,0.0
1515,3600,0.0,1,2.5,0.01,0.0
1516,3600,0.0,1,2.5,0.01,0.0
1517,3600,0.0,1,2.5,0.01,0.0
1518,3600,0.0,1,2.5,0.01,0.0
1519,3600,0.0,1,2.5,0.01,0.0
1520,3600,0.0,1,2.5,0.01,0.0
1521,3600,0.0,1,2.5,0.01,0.0
1522,3600,0.0,1,2.5,0.01,0.0
1523,3600,0.0,1,2.5,0.01,0.0
1524,3600,0.0,1,2.5,0.01,0.0
1525,3600,0.0,1,2.5,0.01,0.0
1526,3600,0.0,1,2.5,0.01,0.0
1527,3600,0.0,1,2.5,0.01,0.0
1528,3600,0.0,1,2.5,0.01,0.0
1529,3600,0.0,1,2.5,0.01,0.0
1530,3600,0.0,1,2.5,0.01,0.0
1531,3600,0.0,1,2.5,0.01,0.0
1532,3600,0.0,1,2.5,0.01,0.0
1533,3600,0.0,1,2.5,0.01,0.0
1534,3600,0.0,1,2.5,0.01,0.0
1535,3600,0.0,1,2.5,0.01,0.0
1536,3600,0.0,1,2.5,0.01,0.0
1537,3600,0.0,1,2.5,0.01,0.0
1538,3600,0.0,1,2.5,0.01,0.0
1539,3600,0.0,1,2.5,0.01,0.0
1540,3600,0.0,1,2.5,0.01,0.0
1541,3600,0.0,1,2.5,0.01,0.0
1542,3600,0.0,1,2.5,0.01,0.0
1543,3600,0.0,1,2.5,0.01,0.0
1544,3600,0.0,1,2.5,0.01,0.0
1545,3600,0.0,1,2.5,0.01,0.0
1546,3600,0.0,1,2.5,0.01,0.0
1547,3600,0.0,1,2.5,0.01,0.0
1548,3600,0.0,1,2.5,0.01,0.0
1549,3600,0.0,1,2.5,0.01,0.0
1550,3600,0.0,1,2.5,0.01,0.0
1551,3600,0.0,1,2.5,0.01,0.0
1552,3600,0.0,1,2.5,0.01,0.0
1553,3600,0.0,1,2.5,0.01,0.0
1554,3600,0.0,1,2.5,0.01,0.0
1555,3600,0.0,1,2.5,0.01,0.0
1556,3600,0.0,1,2.5,0.01,0.0
1557,3600,0.0,1,2.5,0.01,0.0
1558,3600,0.0,1,2.5,0.01,0.0
1559,3600,0.0,1,2.5,0.01,0.0
1560,3600,0.0,1,2.5,0.01,0.0
1561,3600,0.0,1,2.5,0.01,0.0
1562,3600,0.0,1,2.5,0.01,0.0
1563,3600,0.0,1,2.5,0.01,0.0
1564,3600,0.0,1,2.5,0.01,0.0
1565,3600,0.0,1,2.5,0.01,0.0
1566,3600,0.0,1,2.5,0.01,0.0
1567,3600,0.0,1,2.5,0.01,0.0
1568,3600,0.0,1,2.5,0.01,0.0
1569,3600,0.0,1,2.5,0.01,0.0
1570,3600,0.0,1,2.5,0.01,0.0
1571,3600,0.0,1,2.5,0.01,0.0
1572,3600,0.0,1,2.5,0.01,0.0
1573,3600,0.0,1,2.5,0.01,0.0
1574,3600,0.0,1,2.5,0.01,0.0
1575,3600,0.0,1,2.5,0.01,0.0
1576,3600,0.0,1,2.5,0.01,0.0
1577,3600,0.0,1,2.5,0.01,0.0
1578,3600,0.0,1,2.5,0.01,0.0
1579,3600,0.0,1,2.5,0.01,0.0
1580,3600,0.0,1,2.5,0.01,0.0
1581,3600,0.0,1,2.5,0.01,0.0
1582,3600,0.0,1,2.5,0.01,0.0
1583,3600,0.0,1,2.5,0.01,0.0
1584,3600,0.0,1,2.5,0.01,0.0
1585,3600,0.0,1,2.5,0.01,0.0
1586,3600,0.0,1,2.5,0.01,0.0
1587,3600,0.0,1,2.5,0.01,0.0
1588,3600,0.0,1,2.5,0.01,0.0
1589,3600,0.0,1,2.5,0.01,0.0
1590,3600,0.0,1,2.5,0.01,0.0
1591,3600,0.0,1,2.5,0.01,0.0
1592,3600,0.0,1,2.5,0.01,0.0
1593,3600,0.0,1,2.5,0.01,0.0
1594,3600,0.0,1,2.5,0.01,0.0
1595,3600,0.0,1,2.5,0.01,0.0
1596,3600,0.0,1,2.5,0.01,0.0
1597,3600,0.0,1,2.5,0.01,0.0
1598,3600,0.0,1,2.5,0.01,0.0
1599,3600,0.0,1,2.5,0.01,0.0
1600,3600,0.0,1,2.5,0.01,0.0
1601,3600,0.0,1,2.5,0.01,0.0
1602,3600,0.0,1,2.5,0.01,0.0
1603,3600,0.0,1,2.5,0.01,0.0
1604,3600,0.0,1,2.5,0.01,0.0
1605,3600,0.0,1,2.5,0.01,0.0
1606,3600,0.0,1,2.5,0.01,0.0
1607,3600,0.0,1,2.5,0.01,0.0
1608,3600,0.0,1,2.5,0.01,0.0
1609,3600,0.0,1,2.5,0.01,0.0
1610,3600,0.0,1,2.5,0.01,0.0
1611,3600,0.0,1,2.5,0.01,0.0
1612,3600,0.0,1,2.5,0.01,0.0
1613,3600,0.0,1,2.5,0.01,0.0
1614,3600,0.0,1,2.5,0.01,0.0
1615,3600,0.0,1,2.5,0.01,0.0
1616,3600,0.0,1,2.5,0.01,0.0
1617,3600,0.0,1,2.5,0.01,0.0
1618,3600,0.0,1,2.5,0.01,0.0
1619,3600,0.0,1,2.5,0.01,0.0
1620,3600,0.0,1,2.5,0.01,0.0
1621,3600,0.0,1,2.5,0.01,0.0
1622,3600,0.0,1,2.5,0.01,0.0
1623,3600,0.0,1,2.5,0.01,0.0
1624,3600,0.0,1,2.5,0.01,0.0
1625,3600,0.0,1,2.5,0.01,0.0
1626,3600,0.0,1,2.5,0.01,0.0
1627,3600,0.0,1,2.5,0.01,0.0
1628,3600,0.0,1,2.5,0.01,0.0
1629,3600,0.0,1,2.5,0.01,0.0
1630,3600,0.0,1,2.5,0.01,0.0
1631,3600,0.0,1,2.5,0.01,0.0
1632,3600,0.0,1,2.5,0.01,0.0
1633,3600,0.0,1,2.5,0.01,0.0
1634,3600,0.0,1,2.5,0.01,0.0
1635,3600,0.0,1,2.5,0.01,0.0
1636,3600,0.0,1,2.5,0.01,0.0
1637,3600,0.0,1,2.5,0.01,0.0
1638,3600,0.0,1,2.5,0.01,0.0
1639,3600,0.0,1,2.5,0.01,0.0
1640,3600,0.0,1,2.5,0.01,0.0
1641,3600,0.0,1,2.5,0.01,0.0
1642,3600,0.0,1,2.5,0.01,0.0
1643,3600,0.0,1,2.5,0.01,0.0
1644,3600,0.0,1,2.5,0.01,0.0
1645,3600,0.0,1,2.5,0.01,0.0
1646,3600,0.0,1,2.5,0.01,0.0
1647,3600,0.0,1,2.5,0.01,0.0
1648,3600,0.0,1,2.5,0.01,0.0
1649,3600,0.0,1,2.5,0.01,0.0
1650,3600,0.0,1,2.5,0.01,0.0
1651,3600,0.0,1,2.5,0.01,0.0
1652,3600,0.0,1,2.5,0.01,0.0
1653,3600,0.0,1,2.5,0.01,0.0
1654,3600,0.0,1,2.5,0.01,0.0
1655,3600,0.0,1,2.5,0.01,0.0
1656,3600,0.0,1,2.5,0.01,0.0
1657,3600,0.0,1,2.5,0.01,0.0
1658,3600,0.0,1,2.5,0.01,0.0
1659,3600,0.0,1,2.5,0.01,0.0
1660,3600,0.0,1,2.5,0.01,0.0
1661,3600,0.0,1,2.5,0.01,0.0
1662,3600,0.0,1,2.5,0.01,0.0
1663,3600,0.0,1,2.5,0.01,0.0
1664,3600,0.0,1,2.5,0.01,0.0
1665,3600,0.0,1,2.5,0.01,0.0
1666,3600,0.0,1,2.5,0.01,0.0
1667,3600,0.0,1,2.5,0.01,0.0
1668,3600,0.0,1,2.5,0.01,0.0
1669,3600,0.0,1,2.5,0.01,0.0
1670,3600,0.0,1,2.5,0.01,0.0
1671,3600,0.0,1,2.5,0.01,0.0
1672,3600,0.0,1,2.5,0.01,0.0
1673,3600,0.0,1,2.5,0.01,0.0
1674,3600,0.0,1,2.5,0.01,0.0
1675,3600,0.0,1,2.5,0.01,0.0
1676,3600,0.0,1,2.5,0.01,0.0
1677,3600,0.0,1,2.5,0.01,0.0
1678,3600,0.0,1,2.5,0.01,0.0
1679,3600,0.0,1,2.5,0.01,0.0
1680,3600,0.0,1,2.5,0.01,0.0
1681,3600,0.0,1,2.5,0.01,0.0
1682,3600,0.0,1,2.5,0.01,0.0
1683,3600,0.0,1,2.5,0.01,0.0
1684,3600,0.0,1,2.5,0.01,0.0
1685,3600,0.0,1,2.5,0.01,0.0
1686,3600,0.0,1,2.5,0.01,0.0
1687,3600,0.0,1,2.5,0.01,0.0
1688,3600,0.0,1,2.5,0.01,0.0
1689,3600,0.0,1,2.5,0.01,0.0
1690,3600,0.0,1,2.5,0.01,0.0
1691,3600,0.0,1,2.5,0.01,0.0
1692,3600,0.0,1,2.5,0.01,0.0
1693,3600,0.0,1,2.5,0.01,0.0
1694,3600,0.0,1,2.5,0.01,0.0
1695,3600,0.0,1,2.5,0.01,0.0
1696,3600,0.0,1,2.5,0.01,0.0
1697,3600,0.0,1,2.5,0.01,0.0
1698,3600,0.0,1,2.5,0.01,0.0
1699,3600,0.0,1,2.5,0.01,0.0
1700,3600,0.0,1,2.5,0.01,0.0
1701,3600,0.0,1,2.5,0.01,0.0
1702,3600,0.0,1,2.5,0.01,0.0
1703,3600,0.0,1,2.5,0.01,0.0
1704,3600,0.0,1,2.5,0.01,0.0
1705,3600,0.0,1,2.5,0.01,0.0
1706,3600,0.0,1,2.5,0.01,0.0
1707,3600,0.0,1,2.5,0.01,0.0
1708,3600,0.0,1,2.5,0.01,0.0
1709,3600,0.0,1,2.5,0.01,0.0
1710,3600,0.0,1,2.5,0.01,0.0
1711,3600,0.0,1,2.5,0.01,0.0
1712,3600,0.0,1,2.5,0.01,0.0
1713,3600,0.0,1,2.5,0.01,0.0
1714,3600,0.0,1,2.5,0.01,0.0
1715,3600,0.0,1,2.5,0.01,0.0
1716,3600,0.0,1,2.5,0.01,0.0
1717,3600,0.0,1,2.5,0.01,0.0
1718,3600,0.0,1,2.5,0.01,0.0
1719,3600,0.0,1,2.5,0.01,0.0
1720,3600,0.0,1,2.5,0.01,0.0
1721,3600,0.0,1,2.5,0.01,0.0
1722,3600,0.0,1,2.5,0.01,0.0
1723,3600,0.0,1,2.5,0.01,0.0
1724,3600,0.0,1,2.5,0.01,0.0
1725,3600,0.0,1,2.5,0.01,0.0
1726,3600,0.0,1,2.5,0.01,0.0
1727,3600,0.0,1,2.5,0.01,0.0
1728,3600,0.0,1,2.5,0.01,0.0
1729,3600,0.0,1,2.5,0.01,0.0
1730,3600,0.0,1,2.5,0.01,0.0
1731,3600,0.0,1,2.5,0.01,0.0
1732,3600,0.0,1,2.5,0.01,0.0
1733,3600,0.0,1,2.5,0.01,0.0
1734,3600,0.0,1,2.5,0.01,0.0
1735,3600,0.0,1,2.5,0.01,0.0
1736,3600,0.0,1,2.5,0.01,0.0
1737,3600,0.0,1,2.5,0.01,0.0
1738,3600,0.0,1,2.5,0.01,0.0
1739,3600,0.0,1,2.5,0.01,0.0
1740,3600,0.0,1,2.5,0.01,0.0
1741,3600,0.0,1,2.5,0.01,0.0
1742,3600,0.0,1,2.5,0.01,0.0
1743,3600,0.0,1,2.5,0.01,0.0
1744,3600,0.0,1,2.5,0.01,0.0
1745,3600,0.0,1,2.5,0.01,0.0
1746,3600,0.0,1,2.5,0.01,0.0
1747,3600,0.0,1,2.5,0.01,0.0
1748,3600,0.0,1,2.5,0.01,0.0
1749,3600,0.0,1,2.5,0.01,0.0
1750,3600,0.0,1,2.5,0.01,0.0
1751,3600,0.0,1,2.5,0.01,0.0
1752,3600,0.0,1,2.5,0.01,0.0
1753,3600,0.0,1,2.5,0.01,0.0
1754,3600,0.0,1,2.5,0.01,0.0
1755,3600,0.0,1,2.5,0.01,0.0
1756,3600,0.0,1,2.5,0.01,0.0
1757,3600,0.0,1,2.5,0.01,0.0
1758,3600,0.0,1,2.5,0.01,0.0
1759,3600,0.0,1,2.5,0.01,0.0
1760,3600,0.0,1,2.5,0.01,0.0
1761,3600,0.0,1,2.5,0.01,0.0
1762,3600,0.0,1,2.5,0.01,0.0
1763,3600,0.0,1,2.5,0.01,0.0
1764,3600,0.0,1,2.5,0.01,0.0
1765,3600,0.0,1,2.5,0.01,0.0
1766,3600,0.0,1,2.5,0.01,0.0
1767,3600,0.0,1,2.5,0.01,0.0
1768,3600,0.0,1,2.5,0.01,0.0
1769,3600,0.0,1,2.5,0.01,0.0
1770,3600,0.0,1,2.5,0.01,0.0
1771,3600,0.0,1,2.5,0.01,0.0
1772,3600,0.0,1,2.5,0.01,0.0
1773,3600,0.0,1,2.5,0.01,0.0
1774,3600,0.0,1,2.5,0.01,0.0
1775,3600,0.0,1,2.5,0.01,0.0
1776,3600,0.0,1,2.5,0.01,0.0
1777,3600,0.0,1,2.5,0.01,0.0
1778,3600,0.0,1,2.5,0.01,0.0
1779,3600,0.0,1,2.5,0.01,0.0
1780,3600,0.0,1,2.5,0.01,0.0
1781,3600,0.0,1,2.5,0.01,0.0
1782,3600,0.0,1,2.5,0.01,0.0
1783,3600,0.0,1,2.5,0.01,0.0
1784,3600,0.0,1,2.5,0.01,0.0
1785,3600,0.0,1,2.5,0.01,0.0
1786,3600,0.0,1,2.5,0.01,0.0
1787,3600,0.0,1,2.5,0.01,0.0
1788,3600,0.0,1,2.5,0.01,0.0
1789,3600,0.0,1,2.5,0.01,0.0
1790,3600,0.0,1,2.5,0.01,0.0
1791,3600,0.0,1,2.5,0.01,0.0
1792,3600,0.0,1,2.5,0.01,0.0
1793,3600,0.0,1,2.5,0.01,0.0
1794,3600,0.0,1,2.5,0.01,0.0
1795,3600,0.0,1,2.5,0.01,0.0
1796,3600,0.0,1,2.5,0.01,0.0
1797,3600,0.0,1,2.5,0.01,0.0
1798,3600,0.0,1,2.5,0.01,0.0
1799,3600,0.0,1,2.5,0.01,0.0
1800,3600,0.0,1,2.5,0.01,0.0
1801,3600,0.0,1,2.5,0.01,0.0
1802,3600,0.0,1,2.5,0.01,0.0
1803,3600,0.0,1,2.5,0.01,0.0
1804,3600,0.0,1,2.5,0.01,0.0
1805,3600,0.0,1,2.5,0.01,0.0
1806,3600,0.0,1,2.5,0.01,0.0
1807,3600,0.0,1,2.5,0.01,0.0
1808,3600,0.0,1,2.5,0.01,0.0
1809,3600,0.0,1,2.5,0.01,0.0
1810,3600,0.0,1,2.5,0.01,0.0
1811,3600,0.0,1,2.5,0.01,0.0
1812,3600,0.0,1,2.5,0.01,0.0
1813,3600,0.0,1,2.5,0.01,0.0
1814,3600,0.0,1,2.5,0.01,0.0
1815,3600,0.0,1,2.5,0.01,0.0
1816,3600,0.0,1,2.5,0.01,0.0
1817,3600,0.0,1,2.5,0.01,0.0
1818,3600,0.0,1,2.5,0.01,0.0
1819,3600,0.0,1,2.5,0.01,0.0
1820,3600,0.0,1,2.5,0.01,0.0
1821,3600,0.0,1,2.5,0.01,0.0
1822,3600,0.0,1,2.5,0.01,0.0
1823,3600,0.0,1,2.5,0.01,0.0
1824,3600,0.0,1,2.5,0.01,0.0
1825,3600,0.0,1,2.5,0.01,0.0
1826,3600,0.0,1,2.5,0.01,0.0
1827,3600,0.0,1,2.5,0.01,0.0
1828,3600,0.0,1,2.5,0.01,0.0
1829,3600,0.0,1,2.5,0.01,0.0
1830,3600,0.0,1,2.5,0.01,0.0
1831,3600,0.0,1,2.5,0.01,0.0
1832,3600,0.0,1,2.5,0.01,0.0
1833,3600,0.0,1,2.5,0.01,0.0
1834,3600,0.0,1,2.5,0.01,0.0
1835,3600,0.0,1,2.5,0.01,0.0
1836,3600,0.0,1,2.5,0.01,0.0
1837,3600,0.0,1,2.5,0.01,0.0
1838,3600,0.0,1,2.5,0.01,0.0
1839,3600,0.0,1,2.5,0.01,0.0
1840,3600,0.0,1,2.5,0.01,0.0
1841,3600,0.0,1,2.5,0.01,0.0
1842,3600,0.0,1,2.5,0.01,0.0
1843,3600,0.0,1,2.5,0.01,0.0
1844,3600,0.0,1,2.5,0.01,0.0
1845,3600,0.0,1,2.5,0.01,0.0
1846,3600,0.0,1,2.5,0.01,0.0
1847,3600,0.0,1,2.5,0.01,0.0
1848,3600,0.0,1,2.5,0.01,0.0
1849,3600,0.0,1,2.5,0.01,0.0
1850,3600,0.0,1,2.5,0.01,0.0
1851,3600,0.0,1,2.5,0.01,0.0
1852,3600,0.0,1,2.5,0.01,0.0
1853,3600,0.0,1,2.5,0.01,0.0
1854,3600,0.0,1,2.5,0.01,0.0
1855,3600,0.0,1,2.5,0.01,0.0
1856,3600,0.0,1,2.5,0.01,0.0
1857,3600,0.0,1,2.5,0.01,0.0
1858,3600,0.0,1,2.5,0.01,0.0
1859,3600,0.0,1,2.5,0.01,0.0
1860,3600,0.0,1,2.5,0.01,0.0
1861,3600,0.0,1,2.5,0.01,0.0
1862,3600,0.0,1,2.5,0.01,0.0
1863,3600,0.0,1,2.5,0.01,0.0
1864,3600,0.0,1,2.5,0.01,0.0
1865,3600,0.0,1,2.5,0.01,0.0
1866,3600,0.0,1,2.5,0.01,0.0
1867,3600,0.0,1,2.5,0.01,0.0
1868,3600,0.0,1,2.5,0.01,0.0
1869,3600,0.0,1,2.5,0.01,0.0
1870,3600,0.0,1,2.5,0.01,0.0
1871,3600,0.0,1,2.5,0.01,0.0
1872,3600,0.0,1,2.5,0.01,0.0
1873,3600,0.0,1,2.5,0.01,0.0
1874,3600,0.0,1,2.5,0.01,0.0
1875,3600,0.0,1,2.5,0.01,0.0
1876,3600,0.0,1,2.5,0.01,0.0
1877,3600,0.0,1,2.5,0.01,0.0
1878,3600,0.0,1,2.5,0.01,0.0
1879,3600,0.0,1,2.5,0.01,0.0
1880,3600,0.0,1,2.5,0.01,0.0
1881,3600,0.0,1,2.5,0.01,0.0
1882,3600,0.0,1,2.5,0.01,0.0
1883,3600,0.0,1,2.5,0.01,0.0
1884,3600,0.0,1,2.5,0.01,0.0
1885,3600,0.0,1,2.5,0.01,0.0
1886,3600,0.0,1,2.5,0.01,0.0
1887,3600,0.0,1,2.5,0.01,0.0
1888,3600,0.0,1,2.5,0.01,0.0
1889,3600,0.0,1,2.5,0.01,0.0
1890,3600,0.0,1,2.5,0.01,0.0
1891,3600,0.0,1,2.5,0.01,0.0
1892,3600,0.0,1,2.5,0.01,0.0
1893,3600,0.0,1,2.5,0.01,0.0
1894,3600,0.0,1,2.5,0.01,0.0
1895,3600,0.0,1,2.5,0.01,0.0
1896,3600,0.0,1,2.5,0.01,0.0
1897,3600,0.0,1,2.5,0.01,0.0
1898,3600,0.0,1,2.5,0.01,0.0
1899,3600,0.0,1,2.5,0.01,0.0
1900,3600,0.0,1,2.5,0.01,0.0
1901,3600,0.0,1,2.5,0.01,0.0
1902,3600,0.0,1,2.5,0.01,0.0
1903,3600,0.0,1,2.5,0.01,0.0
1904,3600,0.0,1,2.5,0.01,0.0
1905,3600,0.0,1,2.5,0.01,0.0
1906,3600,0.0,1,2.5,0.01,0.0
1907,3600,0.0,1,2.5,0.01,0.0
1908,3600,0.0,1,2.5,0.01,0.0
1909,3600,0.0,1,2.5,0.01,0.0
1910,3600,0.0,1,2.5,0.01,0.0
1911,3600,0.0,1,2.5,0.01,0.0
1912,3600,0.0,1,2.5,0.01,0.0
1913,3600,0.0,1,2.5,0.01,0.0
1914,3600,0.0,1,2.5,0.01,0.0
1915,3600,0.0,1,2.5,0.01,0.0
1916,3600,0.0,1,2.5,0.01,0.0
1917,3600,0.0,1,2.5,0.01,0.0
1918,3600,0.0,1,2.5,0.01,0.0
1919,3600,0.0,1,2.5,0.01,0.0
1920,3600,0.0,1,2.5,0.01,0.0
1921,3600,0.0,1,2.5,0.01,0.0
1922,3600,0.0,1,2.5,0.01,0.0
1923,3600,0.0,1,2.5,0.01,0.0
1924,3600,0.0,1,2.5,0.01,0.0
1925,3600,0.0,1,2.5,0.01,0.0
1926,3600,0.0,1,2.5,0.01,0.0
1927,3600,0.0,1,2.5,0.01,0.0
1928,3600,0.0,1,2.5,0.01,0.0
1929,3600,0.0,1,2.5,0.01,0.0
1930,3600,0.0,1,2.5,0.01,0.0
1931,3600,0.0,1,2.5,0.01,0.0
1932,3600,0.0,1,2.5,0.01,0.0
1933,3600,0.0,1,2.5,0.01,0.0
1934,3600,0.0,1,2.5,0.01,0.0
1935,3600,0.0,1,2.5,0.01,0.0
1936,3600,0.0,1,2.5,0.01,0.0
1937,3600,0.0,1,2.5,0.01,0.0
1938,3600,0.0,1,2.5,0.01,0.0
1939,3600,0.0,1,2.5,0.01,0.0
1940,3600,0.0,1,2.5,0.01,0.0
1941,3600,0.0,1,2.5,0.01,0.0
1942,3600,0.0,1,2.5,0.01,0.0
1943,3600,0.0,1,2.5,0.01,0.0
1944,3600,0.0,1,2.5,0.01,0.0
1945,3600,0.0,1,2.5,0.01,0.0
1946,3600,0.0,1,2.5,0.01,0.0
1947,3600,0.0,1,2.5,0.01,0.0
1948,3600,0.0,1,2.5,0.01,0.0
1949,3600,0.0,1,2.5,0.01,0.0
1950,3600,0.0,1,2.5,0.01,0.0
1951,3600,0.0,1,2.5,0.01,0.0
1952,3600,0.0,1,2.5,0.01,0.0
1953,3600,0.0,1,2.5,0.01,0.0
1954,3600,0.0,1,2.5,0.01,0.0
1955,3600,0.0,1,2.5,0.01,0.0
1956,3600,0.0,1,2.5,0.01,0.0
1957,3600,0.0,1,2.5,0.01,0.0
1958,3600,0.0,1,2.5,0.01,0.0
1959,3600,0.0,1,2.5,0.01,0.0
1960,3600,0.0,1,2.5,0.01,0.0
1961,3600,0.0,1,2.5,0.01,0.0
1962,3600,0.0,1,2.5,0.01,0.0
1963,3600,0.0,1,2.5,0.01,0.0
1964,3600,0.0,1,2.5,0.01,0.0
1965,3600,0.0,1,2.5,0.01,0.0
1966,3600,0.0,1,2.5,0.01,0.0
1967,3600,0.0,1,2.5,0.01,0.0
1968,3600,0.0,1,2.5,0.01,0.0
1969,3600,0.0,1,2.5,0.01,0.0
1970,3600,0.0,1,2.5,0.01,0.0
1971,3600,0.0,1,2.5,0.01,0.0
1972,3600,0.0,1,2.5,0.01,0.0
1973,3600,0.0,1,2.5,0.01,0.0
1974,3600,0.0,1,2.5,0.01,0.0
1975,3600,0.0,1,2.5,0.01,0.0
1976,3600,0.0,1,2.5,0.01,0.0
1977,3600,0.0,1,2.5,0.01,0.0
1978,3600,0.0,1,2.5,0.01,0.0
1979,3600,0.0,1,2.5,0.01,0.0
1980,3600,0.0,1,2.5,0.01,0.0
1981,3600,0.0,1,2.5,0.01,0.0
1982,3600,0.0,1,2.5,0.01,0.0
1983,3600,0.0,1,2.5,0.01,0.0
1984,3600,0.0,1,2.5,0.01,0.0
1985,3600,0.0,1,2.5,0.01,0.0
1986,3600,0.0,1,2.5,0.01,0.0
1987,3600,0.0,1,2.5,0.01,0.0
1988,3600,0.0,1,2.5,0.01,0.0
1989,3600,0.0,1,2.5,0.01,0.0
1990,3600,0.0,1,2.5,0.01,0.0
1991,3600,0.0,1,2.5,0.01,0.0
1992,3600,0.0,1,2.5,0.01,0.0
1993,3600,0.0,1,2.5,0.01,0.0
1994,3600,0.0,1,2.5,0.01,0.0
1995,3600,0.0,1,2.5,0.01,0.0
1996,3600,0.0,1,2.5,0.01,0.0
1997,3600,0.0,1,2.5,0.01,0.0
1998,3600,0.0,1,2.5,0.01,0.0
1999,3600,0.0,1,2.5,0.01,0.0
2000,3600,0.0,1,2.5,0.01,0.0
2001,3600,0.0,1,2.5,0.01,0.0
2002,3600,0.0,1,2.5,0.01,0.0
2003,3600,0.0,1,2.5,0.01,0.0
2004,3600,0.0,1,2.5,0.01,0.0
2005,3600,0.0,1,2.5,0.01,0.0
2006,3600,0.0,1,2.5,0.01,0.0
2007,3600,0.0,1,2.5,0.01,0.0
2008,3600,0.0,1,2.5,0.01,0.0
2009,3600,0.0,1,2.5,0.01,0.0
2010,3600,0.0,1,2.5,0.01,0.0
2011,3600,0.0,1,2.5,0.01,0.0
2012,3600,0.0,1,2.5,0.01,0.0
2013,3600,0.0,1,2.5,0.01,0.0
2014,3600,0.0,1,2.5,0.01,0.0
2015,3600,0.0,1,2.5,0.01,0.0
2016,3600,0.0,1,2.5,0.01,0.0
2017,3600,0.0,1,2.5,0.01,0.0
2018,3600,0.0,1,2.5,0.01,0.0
2019,3600,0.0,1,2.5,0.01,0.0
2020,3600,0.0,1,2.5,0.01,0.0
2021,3600,0.0,1,2.5,0.01,0.0
2022,3600,0.0,1,2.5,0.01,0.0
2023,3600,0.0,1,2.5,0.01,0.0
2024,3600,0.0,1,2.5,0.01,0.0
2025,3600,0.0,1,2.5,0.01,0.0
2026,3600,0.0,1,2.5,0.01,0.0
2027,3600,0.0,1,2.5,0.01,0.0
2028,3600,0.0,1,2.5,0.01,0.0
2029,3600,0.0,1,2.5,0.01,0.0
2030,3600,0.0,1,2.5,0.01,0.0
2031,3600,0.0,1,2.5,0.01,0.0
2032,3600,0.0,1,2.5,0.01,0.0
2033,3600,0.0,1,2.5,0.01,0.0
2034,3600,0.0,1,2.5,0.01,0.0
2035,3600,0.0,1,2.5,0.01,0.0
2036,3600,0.0,1,2.5,0.01,0.0
2037,3600,0.0,1,2.5,0.01,0.0
2038,3600,0.0,1,2.5,0.01,0.0
2039,3600,0.0,1,2.5,0.01,0.0
2040,3600,0.0,1,2.5,0.01,0.0
2041,3600,0.0,1,2.5,0.01,0.0
2042,3600,0.0,1,2.5,0.01,0.0
2043,3600,0.0,1,2.5,0.01,0.0
2044,3600,0.0,1,2.5,0.01,0.0
2045,3600,0.0,1,2.5,0.01,0.0
2046,3600,0.0,1,2.5,0.01,0.0
2047,3600,0.0,1,2.5,0.01,0.0
2048,3600,0.0,1,2.5,0.01,0.0
2049,3600,0.0,1,2.5,0.01,0.0
2050,3600,0.0,1,2.5,0.01,0.0
2051,3600,0.0,1,2.5,0.01,0.0
2052,3600,0.0,1,2.5,0.01,0.0
2053,3600,0.0,1,2.5,0.01,0.0
2054,3600,0.0,1,2.5,0.01,0.0
2055,3600,0.0,1,2.5,0.01,0.0
2056,3600,0.0,1,2.5,0.01,0.0
2057,3600,0.0,1,2.5,0.01,0.0
2058,3600,0.0,1,2.5,0.01,0.0
2059,3600,0.0,1,2.5,0.01,0.0
2060,3600,0.0,1,2.5,0.01,0.0
2061,3600,0.0,1,2.5,0.01,0.0
2062,3600,0.0,1,2.5,0.01,0.0
2063,3600,0.0,1,2.5,0.01,0.0
2064,3600,0.0,1,2.5,0.01,0.0
2065,3600,0.0,1,2.5,0.01,0.0
2066,3600,0.0,1,2.5,0.01,0.0
2067,3600,0.0,1,2.5,0.01,0.0
2068,3600,0.0,1,2.5,0.01,0.0
2069,3600,0.0,1,2.5,0.01,0.0
2070,3600,0.0,1,2.5,0.01,0.0
2071,3600,0.0,1,2.5,0.01,0.0
2072,3600,0.0,1,2.5,0.01,0.0
2073,3600,0.0,1,2.5,0.01,0.0
2074,3600,0.0,1,2.5,0.01,0.0
2075,3600,0.0,1,2.5,0.01,0.0
2076,3600,0.0,1,2.5,0.01,0.0
2077,3600,0.0,1,2.5,0.01,0.0
2078,3600,0.0,1,2.5,0.01,0.0
2079,3600,0.0,1,2.5,0.01,0.0
2080,3600,0.0,1,2.5,0.01,0.0
2081,3600,0.0,1,2.5,0.01,0.0
2082,3600,0.0,1,2.5,0.01,0.0
2083,3600,0.0,1,2.5,0.01,0.0
2084,3600,0.0,1,2.5,0.01,0.0
2085,3600,0.0,1,2.5,0.01,0.0
2086,3600,0.0,1,2.5,0.01,0.0
2087,3600,0.0,1,2.5,0.01,0.0
2088,3600,0.0,1,2.5,0.01,0.0
2089,3600,0.0,1,2.5,0.01,0.0
2090,3600,0.0,1,2.5,0.01,0.0
2091,3600,0.0,1,2.5,0.01,0.0
2092,3600,0.0,1,2.5,0.01,0.0
2093,3600,0.0,1,2.5,0.01,0.0
2094,3600,0.0,1,2.5,0.01,0.0
2095,3600,0.0,1,2.5,0.01,0.0
2096,3600,0.0,1,2.5,0.01,0.0
2097,3600,0.0,1,2.5,0.01,0.0
2098,3600,0.0,1,2.5,0.01,0.0
2099,3600,0.0,1,2.5,0.01,0.0
2100,3600,0.0,1,2.5,0.01,0.0
2101,3600,0.0,1,2.5,0.01,0.0
2102,3600,0.0,1,2.5,0.01,0.0
2103,3600,0.0,1,2.5,0.01,0.0
2104,3600,0.0,1,2.5,0.01,0.0
2105,3600,0.0,1,2.5,0.01,0.0
2106,3600,0.0,1,2.5,0.01,0.0
2107,3600,0.0,1,2.5,0.01,0.0
2108,3600,0.0,1,2.5,0.01,0.0
2109,3600,0.0,1,2.5,0.01,0.0
2110,3600,0.0,1,2.5,0.01,0.0
2111,3600,0.0,1,2.5,0.01,0.0
2112,3600,0.0,1,2.5,0.01,0.0
2113,3600,0.0,1,2.5,0.01,0.0
2114,3600,0.0,1,2.5,0.01,0.0
2115,3600,0.0,1,2.5,0.01,0.0
2116,3600,0.0,1,2.5,0.01,0.0
2117,3600,0.0,1,2.5,0.01,0.0
2118,3600,0.0,1,2.5,0.01,0.0
2119,3600,0.0,1,2.5,0.01,0.0
2120,3600,0.0,1,2.5,0.01,0.0
2121,3600,0.0,1,2.5,0.01,0.0
2122,3600,0.0,1,2.5,0.01,0.0
2123,3600,0.0,1,2.5,0.01,0.0
2124,3600,0.0,1,2.5,0.01,0.0
2125,3600,0.0,1,2.5,0.01,0.0
2126,3600,0.0,1,2.5,0.01,0.0
2127,3600,0.0,1,2.5,0.01,0.0
2128,3600,0.0,1,2.5,0.01,0.0
2129,3600,0.0,1,2.5,0.01,0.0
2130,3600,0.0,1,2.5,0.01,0.0
2131,3600,0.0,1,2.5,0.01,0.0
2132,3600,0.0,1,2.5,0.01,0.0
2133,3600,0.0,1,2.5,0.01,0.0
2134,3600,0.0,1,2.5,0.01,0.0
2135,3600,0.0,1,2.5,0.01,0.0
2136,3600,0.0,1,2.5,0.01,0.0
2137,3600,0.0,1,2.5,0.01,0.0
2138,3600,0.0,1,2.5,0.01,0.0
2139,3600,0.0,1,2.5,0.01,0.0
2140,3600,0.0,1,2.5,0.01,0.0
2141,3600,0.0,1,2.5,0.01,0.0
2142,3600,0.0,1,2.5,0.01,0.0
2143,3600,0.0,1,2.5,0.01,0.0
2144,3600,0.0,1,2.5,0.01,0.0
2145,3600,0.0,1,2.5,0.01,0.0
2146,3600,0.0,1,2.5,0.01,0.0
2147,3600,0.0,1,2.5,0.01,0.0
2148,3600,0.0,1,2.5,0.01,0.0
2149,3600,0.0,1,2.5,0.01,0.0
2150,3600,0.0,1,2.5,0.01,0.0
2151,3600,0.0,1,2.5,0.01,0.0
2152,3600,0.0,1,2.5,0.01,0.0
2153,3600,0.0,1,2.5,0.01,0.0
2154,3600,0.0,1,2.5,0.01,0.0
2155,3600,0.0,1,2.5,0.01,0.0
2156,3600,0.0,1,2.5,0.01,0.0
2157,3600,0.0,1,2.5,0.01,0.0
2158,3600,0.0,1,2.5,0.01,0.0
2159,3600,0.0,1,2.5,0.01,0.0
2160,3600,0.0,1,2.5,0.01,0.0
2161,3600,0.0,1,2.5,0.01,0.0
2162,3600,0.0,1,2.5,0.01,0.0
2163,3600,0.0,1,2.5,0.01,0.0
2164,3600,0.0,1,2.5,0.01,0.0
2165,3600,0.0,1,2.5,0.01,0.0
2166,3600,0.0,1,2.5,0.01,0.0
2167,3600,0.0,1,2.5,0.01,0.0
2168,3600,0.0,1,2.5,0.01,0.0
2169,3600,0.0,1,2.5,0.01,0.0
2170,3600,0.0,1,2.5,0.01,0.0
2171,3600,0.0,1,2.5,0.01,0.0
2172,3600,0.0,1,2.5,0.01,0.0
2173,3600,0.0,1,2.5,0.01,0.0
2174,3600,0.0,1,2.5,0.01,0.0
2175,3600,0.0,1,2.5,0.01,0.0
2176,3600,0.0,1,2.5,0.01,0.0
2177,3600,0.0,1,2.5,0.01,0.0
2178,3600,0.0,1,2.5,0.01,0.0
2179,3600,0.0,1,2.5,0.01,0.0
2180,3600,0.0,1,2.5,0.01,0.0
2181,3600,0.0,1,2.5,0.01,0.0
2182,3600,0.0,1,2.5,0.01,0.0
2183,3600,0.0,1,2.5,0.01,0.0
2184,3600,0.0,1,2.5,0.01,0.0
2185,3600,0.0,1,2.5,0.01,0.0
2186,3600,0.0,1,2.5,0.01,0.0
2187,3600,0.0,1,2.5,0.01,0.0
2188,3600,0.0,1,2.5,0.01,0.0
2189,3600,0.0,1,2.5,0.01,0.0
2190,3600,0.0,1,2.5,0.01,0.0
2191,3600,0.0,1,2.5,0.01,0.0
2192,3600,0.0,1,2.5,0.01,0.0
2193,3600,0.0,1,2.5,0.01,0.0
2194,3600,0.0,1,2.5,0.01,0.0
2195,3600,0.0,1,2.5,0.01,0.0
2196,3600,0.0,1,2.5,0.01,0.0
2197,3600,0.0,1,2.5,0.01,0.0
2198,3600,0.0,1,2.5,0.01,0.0
2199,3600,0.0,1,2.5,0.01,0.0
2200,3600,0.0,1,2.5,0.01,0.0
2201,3600,0.0,1,2.5,0.01,0.0
2202,3600,0.0,1,2.5,0.01,0.0
2203,3600,0.0,1,2.5,0.01,0.0
2204,3600,0.0,1,2.5,0.01,0.0
2205,3600,0.0,1,2.5,0.01,0.0
2206,3600,0.0,1,2.5,0.01,0.0
2207,3600,0.0,1,2.5,0.01,0.0
2208,3600,0.0,1,2.5,0.01,0.0
2209,3600,0.0,1,2.5,0.01,0.0
2210,3600,0.0,1,2.5,0.01,0.0
2211,3600,0.0,1,2.5,0.01,0.0
2212,3600,0.0,1,2.5,0.01,0.0
2213,3600,0.0,1,2.5,0.01,0.0
2214,3600,0.0,1,2.5,0.01,0.0
2215,3600,0.0,1,2.5,0.01,0.0
2216,3600,0.0,1,2.5,0.01,0.0
2217,3600,0.0,1,2.5,0.01,0.0
2218,3600,0.0,1,2.5,0.01,0.0
2219,3600,0.0,1,2.5,0.01,0.0
2220,3600,0.0,1,2.5,0.01,0.0
2221,3600,0.0,1,2.5,0.01,0.0
2222,3600,0.0,1,2.5,0.01,0.0
2223,3600,0.0,1,2.5,0.01,0.0
2224,3600,0.0,1,2.5,0.01,0.0
2225,3600,0.0,1,2.5,0.01,0.0
2226,3600,0.0,1,2.5,0.01,0.0
2227,3600,0.0,1,2.5,0.01,0.0
2228,3600,0.0,1,2.5,0.01,0.0
2229,3600,0.0,1,2.5,0.01,0.0
2230,3600,0.0,1,2.5,0.01,0.0
2231,3600,0.0,1,2.5,0.01,0.0
2232,3600,0.0,1,2.5,0.01,0.0
2233,3600,0.0,1,2.5,0.01,0.0
2234,3600,0.0,1,2.5,0.01,0.0
2235,3600,0.0,1,2.5,0.01,0.0
2236,3600,0.0,1,2.5,0.01,0.0
2237,3600,0.0,1,2.5,0.01,0.0
2238,3600,0.0,1,2.5,0.01,0.0
2239,3600,0.0,1,2.5,0.01,0.0
2240,3600,0.0,1,2.5,0.01,0.0
2241,3600,0.0,1,2.5,0.01,0.0
2242,3600,0.0,1,2.5,0.01,0.0
2243,3600,0.0,1,2.5,0.01,0.0
2244,3600,0.0,1,2.5,0.01,0.0
2245,3600,0.0,1,2.5,0.01,0.0
2246,3600,0.0,1,2.5,0.01,0.0
2247,3600,0.0,1,2.5,0.01,0.0
2248,3600,0.0,1,2.5,0.01,0.0
2249,3600,0.0,1,2.5,0.01,0.0
2250,3600,0.0,1,2.5,0.01,0.0
2251,3600,0.0,1,2.5,0.01,0.0
2252,3600,0.0,1,2.5,0.01,0.0
2253,3600,0.0,1,2.5,0.01,0.0
2254,3600,0.0,1,2.5,0.01,0.0
2255,3600,0.0,1,2.5,0.01,0.0
2256,3600,0.0,1,2.5,0.01,0.0
2257,3600,0.0,1,2.5,0.01,0.0
2258,3600,0.0,1,2.5,0.01,0.0
2259,3600,0.0,1,2.5,0.01,0.0
2260,3600,0.0,1,2.5,0.01,0.0
2261,3600,0.0,1,2.5,0.01,0.0
2262,3600,0.0,1,2.5,0.01,0.0
2263,3600,0.0,1,2.5,0.01,0.0
2264,3600,0.0,1,2.5,0.01,0.0
2265,3600,0.0,1,2.5,0.01,0.0
2266,3600,0.0,1,2.5,0.01,0.0
2267,3600,0.0,1,2.5,0.01,0.0
2268,3600,0.0,1,2.5,0.01,0.0
2269,3600,0.0,1,2.5,0.01,0.0
2270,3600,0.0,1,2.5,0.01,0.0
2271,3600,0.0,1,2.5,0.01,0.0
2272,3600,0.0,1,2.5,0.01,0.0
2273,3600,0.0,1,2.5,0.01,0.0
2274,3600,0.0,1,2.5,0.01,0.0
2275,3600,0.0,1,2.5,0.01,0.0
2276,3600,0.0,1,2.5,0.01,0.0
2277,3600,0.0,1,2.5,0.01,0.0
2278,3600,0.0,1,2.5,0.01,0.0
2279,3600,0.0,1,2.5,0.01,0.0
2280,3600,0.0,1,2.5,0.01,0.0
2281,3600,0.0,1,2.5,0.01,0.0
2282,3600,0.0,1,2.5,0.01,0.0
2283,3600,0.0,1,2.5,0.01,0.0
2284,3600,0.0,1,2.5,0.01,0.0
2285,3600,0.0,1,2.5,0.01,0.0
2286,3600,0.0,1,2.5,0.01,0.0
2287,3600,0.0,1,2.5,0.01,0.0
2288,3600,0.0,1,2.5,0.01,0.0
2289,3600,0.0,1,2.5,0.01,0.0
2290,3600,0.0,1,2.5,0.01,0.0
2291,3600,0.0,1,2.5,0.01,0.0
2292,3600,0.0,1,2.5,0.01,0.0
2293,3600,0.0,1,2.5,0.01,0.0
2294,3600,0.0,1,2.5,0.01,0.0
2295,3600,0.0,1,2.5,0.01,0.0
2296,3600,0.0,1,2.5,0.01,0.0
2297,3600,0.0,1,2.5,0.01,0.0
2298,3600,0.0,1,2.5,0.01,0.0
2299,3600,0.0,1,2.5,0.01,0.0
2300,3600,0.0,1,2.5,0.01,0.0
2301,3600,0.0,1,2.5,0.01,0.0
2302,3600,0.0,1,2.5,0.01,0.0
2303,3600,0.0,1,2.5,0.01,0.0
2304,3600,0.0,1,2.5,0.01,0.0
2305,3600,0.0,1,2.5,0.01,0.0
2306,3600,0.0,1,2.5,0.01,0.0
2307,3600,0.0,1,2.5,0.01,0.0
2308,3600,0.0,1,2.5,0.01,0.0
2309,3600,0.0,1,2.5,0.01,0.0
2310,3600,0.0,1,2.5,0.01,0.0
2311,3600,0.0,1,2.5,0.01,0.0
2312,3600,0.0,1,2.5,0.01,0.0
2313,3600,0.0,1,2.5,0.01,0.0
2314,3600,0.0,1,2.5,0.01,0.0
2315,3600,0.0,1,2.5,0.01,0.0
2316,3600,0.0,1,2.5,0.01,0.0
2317,3600,0.0,1,2.5,0.01,0.0
2318,3600,0.0,1,2.5,0.01,0.0
2319,3600,0.0,1,2.5,0.01,0.0
2320,3600,0.0,1,2.5,0.01,0.0
2321,3600,0.0,1,2.5,0.01,0.0
2322,3600,0.0,1,2.5,0.01,0.0
2323,3600,0.0,1,2.5,0.01,0.0
2324,3600,0.0,1,2.5,0.01,0.0
2325,3600,0.0,1,2.5,0.01,0.0
2326,3600,0.0,1,2.5,0.01,0.0
2327,3600,0.0,1,2.5,0.01,0.0
2328,3600,0.0,1,2.5,0.01,0.0
2329,3600,0.0,1,2.5,0.01,0.0
2330,3600,0.0,1,2.5,0.01,0.0
2331,3600,0.0,1,2.5,0.01,0.0
2332,3600,0.0,1,2.5,0.01,0.0
2333,3600,0.0,1,2.5,0.01,0.0
2334,3600,0.0,1,2.5,0.01,0.0
2335,3600,0.0,1,2.5,0.01,0.0
2336,3600,0.0,1,2.5,0.01,0.0
2337,3600,0.0,1,2.5,0.01,0.0
2338,3600,0.0,1,2.5,0.01,0.0
2339,3600,0.0,1,2.5,0.01,0.0
2340,3600,0.0,1,2.5,0.01,0.0
2341,3600,0.0,1,2.5,0.01,0.0
2342,3600,0.0,1,2.5,0.01,0.0
2343,3600,0.0,1,2.5,0.01,0.0
2344,3600,0.0,1,2.5,0.01,0.0
2345,3600,0.0,1,2.5,0.01,0.0
2346,3600,0.0,1,2.5,0.01,0.0
2347,3600,0.0,1,2.5,0.01,0.0
2348,3600,0.0,1,2.5,0.01,0.0
2349,3600,0.0,1,2.5,0.01,0.0
2350,3600,0.0,1,2.5,0.01,0.0
2351,3600,0.0,1,2.5,0.01,0.0
2352,3600,0.0,1,2.5,0.01,0.0
2353,3600,0.0,1,2.5,0.01,0.0
2354,3600,0.0,1,2.5,0.01,0.0
2355,3600,0.0,1,2.5,0.01,0.0
2356,3600,0.0,1,2.5,0.01,0.0
2357,3600,0.0,1,2.5,0.01,0.0
2358,3600,0.0,1,2.5,0.01,0.0
2359,3600,0.0,1,2.5,0.01,0.0
2360,3600,0.0,1,2.5,0.01,0.0
2361,3600,0.0,1,2.5,0.01,0.0
2362,3600,0.0,1,2.5,0.01,0.0
2363,3600,0.0,1,2.5,0.01,0.0
2364,3600,0.0,1,2.5,0.01,0.0
2365,3600,0.0,1,2.5,0.01,0.0
2366,3600,0.0,1,2.5,0.01,0.0
2367,3600,0.0,1,2.5,0.01,0.0
2368,3600,0.0,1,2.5,0.01,0.0
2369,3600,0.0,1,2.5,0.01,0.0
2370,3600,0.0,1,2.5,0.01,0.0
2371,3600,0.0,1,2.5,0.01,0.0
2372,3600,0.0,1,2.5,0.01,0.0
2373,3600,0.0,1,2.5,0.01,0.0
2374,3600,0.0,1,2.5,0.01,0.0
2375,3600,0.0,1,2.5,0.01,0.0
2376,3600,0.0,1,2.5,0.01,0.0
2377,3600,0.0,1,2.5,0.01,0.0
2378,3600,0.0,1,2.5,0.01,0.0
2379,3600,0.0,1,2.5,0.01,0.0
2380,3600,0.0,1,2.5,0.01,0.0
2381,3600,0.0,1,2.5,0.01,0.0
2382,3600,0.0,1,2.5,0.01,0.0
2383,3600,0.0,1,2.5,0.01,0.0
2384,3600,0.0,1,2.5,0.01,0.0
2385,3600,0.0,1,2.5,0.01,0.0
2386,3600,0.0,1,2.5,0.01,0.0
2387,3600,0.0,1,2.5,0.01,0.0
2388,3600,0.0,1,2.5,0.01,0.0
2389,3600,0.0,1,2.5,0.01,0.0
2390,3600,0.0,1,2.5,0.01,0.0
2391,3600,0.0,1,2.5,0.01,0.0
2392,3600,0.0,1,2.5,0.01,0.0
2393,3600,0.0,1,2.5,0.01,0.0
2394,3600,0.0,1,2.5,0.01,0.0
2395,3600,0.0,1,2.5,0.01,0.0
2396,3600,0.0,1,2.5,0.01,0.0
2397,3600,0.0,1,2.5,0.01,0.0
2398,3600,0.0,1,2.5,0.01,0.0
2399,3600,0.0,1,2.5,0.01,0.0
2400,3600,0.0,1,2.5,0.01,0.0
2401,3600,0.0,1,2.5,0.01,0.0
2402,3600,0.0,1,2.5,0.01,0.0
2403,3600,0.0,1,2.5,0.01,0.0
2404,3600,0.0,1,2.5,0.01,0.0
2405,3600,0.0,1,2.5,0.01,0.0
2406,3600,0.0,1,2.5,0.01,0.0
2407,3600,0.0,1,2.5,0.01,0.0
2408,3600,0.0,1,2.5,0.01,0.0
2409,3600,0.0,1,2.5,0.01,0.0
2410,3600,0.0,1,2.5,0.01,0.0
2411,3600,0.0,1,2.5,0.01,0.0
2412,3600,0.0,1,2.5,0.01,0.0
2413,3600,0.0,1,2.5,0.01,0.0
2414,3600,0.0,1,2.5,0.01,0.0
2415,3600,0.0,1,2.5,0.01,0.0
2416,3600,0.0,1,2.5,0.01,0.0
2417,3600,0.0,1,2.5,0.01,0.0
2418,3600,0.0,1,2.5,0.01,0.0
2419,3600,0.0,1,2.5,0.01,0.0
2420,3600,0.0,1,2.5,0.01,0.0
2421,3600,0.0,1,2.5,0.01,0.0
2422,3600,0.0,1,2.5,0.01,0.0
2423,3600,0.0,1,2.5,0.01,0.0
2424,3600,0.0,1,2.5,0.01,0.0
2425,3600,0.0,1,2.5,0.01,0.0
2426,3600,0.0,1,2.5,0.01,0.0
2427,3600,0.0,1,2.5,0.01,0.0
2428,3600,0.0,1,2.5,0.01,0.0
2429,3600,0.0,1,2.5,0.01,0.0
2430,3600,0.0,1,2.5,0.01,0.0
2431,3600,0.0,1,2.5,0.01,0.0
2432,3600,0.0,1,2.5,0.01,0.0
2433,3600,0.0,1,2.5,0.01,0.0
2434,3600,0.0,1,2.5,0.01,0.0
2435,3600,0.0,1,2.5,0.01,0.0
2436,3600,0.0,1,2.5,0.01,0.0
2437,3600,0.0,1,2.5,0.01,0.0
2438,3600,0.0,1,2.5,0.01,0.0
2439,3600,0.0,1,2.5,0.01,0.0
2440,3600,0.0,1,2.5,0.01,0.0
2441,3600,0.0,1,2.5,0.01,0.0
2442,3600,0.0,1,2.5,0.01,0.0
2443,3600,0.0,1,2.5,0.01,0.0
2444,3600,0.0,1,2.5,0.01,0.0
2445,3600,0.0,1,2.5,0.01,0.0
2446,3600,0.0,1,2.5,0.01,0.0
2447,3600,0.0,1,2.5,0.01,0.0
2448,3600,0.0,1,2.5,0.01,0.0
2449,3600,0.0,1,2.5,0.01,0.0
2450,3600,0.0,1,2.5,0.01,0.0
2451,3600,0.0,1,2.5,0.01,0.0
2452,3600,0.0,1,2.5,0.01,0.0
2453,3600,0.0,1,2.5,0.01,0.0
2454,3600,0.0,1,2.5,0.01,0.0
2455,3600,0.0,1,2.5,0.01,0.0
2456,3600,0.0,1,2.5,0.01,0.0
2457,3600,0.0,1,2.5,0.01,0.0
2458,3600,0.0,1,2.5,0.01,0.0
2459,3600,0.0,1,2.5,0.01,0.0
2460,3600,0.0,1,2.5,0.01,0.0
2461,3600,0.0,1,2.5,0.01,0.0
2462,3600,0.0,1,2.5,0.01,0.0
2463,3600,0.0,1,2.5,0.01,0.0
2464,3600,0.0,1,2.5,0.01,0.0
2465,3600,0.0,1,2.5,0.01,0.0
2466,3600,0.0,1,2.5,0.01,0.0
2467,3600,0.0,1,2.5,0.01,0.0
2468,3600,0.0,1,2.5,0.01,0.0
2469,3600,0.0,1,2.5,0.01,0.0
2470,3600,0.0,1,2.5,0.01,0.0
2471,3600,0.0,1,2.5,0.01,0.0
2472,3600,0.0,1,2.5,0.01,0.0
2473,3600,0.0,1,2.5,0.01,0.0
2474,3600,0.0,1,2.5,0.01,0.0
2475,3600,0.0,1,2.5,0.01,0.0
2476,3600,0.0,1,2.5,0.01,0.0
2477,3600,0.0,1,2.5,0.01,0.0
2478,3600,0.0,1,2.5,0.01,0.0
2479,3600,0.0,1,2.5,0.01,0.0
2480,3600,0.0,1,2.5,0.01,0.0
2481,3600,0.0,1,2.5,0.01,0.0
2482,3600,0.0,1,2.5,0.01,0.0
2483,3600,0.0,1,2.5,0.01,0.0
2484,3600,0.0,1,2.5,0.01,0.0
2485,3600,0.0,1,2.5,0.01,0.0
2486,3600,0.0,1,2.5,0.01,0.0
2487,3600,0.0,1,2.5,0.01,0.0
2488,3600,0.0,1,2.5,0.01,0.0
2489,3600,0.0,1,2.5,0.01,0.0
2490,3600,0.0,1,2.5,0.01,0.0
2491,3600,0.0,1,2.5,0.01,0.0
2492,3600,0.0,1,2.5,0.01,0.0
2493,3600,0.0,1,2.5,0.01,0.0
2494,3600,0.0,1,2.5,0.01,0.0
2495,3600,0.0,1,2.5,0.01,0.0
2496,3600,0.0,1,2.5,0.01,0.0
2497,3600,0.0,1,2.5,0.01,0.0
2498,3600,0.0,1,2.5,0.01,0.0
2499,3600,0.0,1,2.5,0.01,0.0
2500,3600,0.0,1,2.5,0.01,0.0
2501,3600,0.0,1,2.5,0.01,0.0
2502,3600,0.0,1,2.5,0.01,0.0
2503,3600,0.0,1,2.5,0.01,0.0
2504,3600,0.0,1,2.5,0.01,0.0
2505,3600,0.0,1,2.5,0.01,0.0
2506,3600,0.0,1,2.5,0.01,0.0
2507,3600,0.0,1,2.5,0.01,0.0
2508,3600,0.0,1,2.5,0.01,0.0
2509,3600,0.0,1,2.5,0.01,0.0
2510,3600,0.0,1,2.5,0.01,0.0
2511,3600,0.0,1,2.5,0.01,0.0
2512,3600,0.0,1,2.5,0.01,0.0
2513,3600,0.0,1,2.5,0.01,0.0
2514,3600,0.0,1,2.5,0.01,0.0
2515,3600,0.0,1,2.5,0.01,0.0
2516,3600,0.0,1,2.5,0.01,0.0
2517,3600,0.0,1,2.5,0.01,0.0
2518,3600,0.0,1,2.5,0.01,0.0
2519,3600,0.0,1,2.5,0.01,0.0
2520,3600,0.0,1,2.5,0.01,0.0
2521,3600,0.0,1,2.5,0.01,0.0
2522,3600,0.0,1,2.5,0.01,0.0
2523,3600,0.0,1,2.5,0.01,0.0
2524,3600,0.0,1,2.5,0.01,0.0
2525,3600,0.0,1,2.5,0.01,0.0
2526,3600,0.0,1,2.5,0.01,0.0
2527,3600,0.0,1,2.5,0.01,0.0
2528,3600,0.0,1,2.5,0.01,0.0
2529,3600,0.0,1,2.5,0.01,0.0
2530,3600,0.0,1,2.5,0.01,0.0
2531,3600,0.0,1,2.5,0.01,0.0
2532,3600,0.0,1,2.5,0.01,0.0
2533,3600,0.0,1,2.5,0.01,0.0
2534,3600,0.0,1,2.5,0.01,0.0
2535,3600,0.0,1,2.5,0.01,0.0
2536,3600,0.0,1,2.5,0.01,0.0
2537,3600,0.0,1,2.5,0.01,0.0
2538,3600,0.0,1,2.5,0.01,0.0
2539,3600,0.0,1,2.5,0.01,0.0
2540,3600,0.0,1,2.5,0.01,0.0
2541,3600,0.0,1,2.5,0.01,0.0
2542,3600,0.0,1,2.5,0.01,0.0
2543,3600,0.0,1,2.5,0.01,0.0
2544,3600,0.0,1,2.5,0.01,0.0
2545,3600,0.0,1,2.5,0.01,0.0
2546,3600,0.0,1,2.5,0.01,0.0
2547,3600,0.0,1,2.5,0.01,0.0
2548,3600,0.0,1,2.5,0.01,0.0
2549,3600,0.0,1,2.5,0.01,0.0
2550,3600,0.0,1,2.5,0.01,0.0
2551,3600,0.0,1,2.5,0.01,0.0
2552,3600,0.0,1,2.5,0.01,0.0
2553,3600,0.0,1,2.5,0.01,0.0
2554,3600,0.0,1,2.5,0.01,0.0
2555,3600,0.0,1,2.5,0.01,0.0
2556,3600,0.0,1,2.5,0.01,0.0
2557,3600,0.0,1,2.5,0.01,0.0
2558,3600,0.0,1,2.5,0.01,0.0
2559,3600,0.0,1,2.5,0.01,0.0
2560,3600,0.0,1,2.5,0.01,0.0
2561,3600,0.0,1,2.5,0.01,0.0
2562,3600,0.0,1,2.5,0.01,0.0
2563,3600,0.0,1,2.5,0.01,0.0
2564,3600,0.0,1,2.5,0.01,0.0
2565,3600,0.0,1,2.5,0.01,0.0
2566,3600,0.0,1,2.5,0.01,0.0
2567,3600,0.0,1,2.5,0.01,0.0
2568,3600,0.0,1,2.5,0.01,0.0
2569,3600,0.0,1,2.5,0.01,0.0
2570,3600,0.0,1,2.5,0.01,0.0
2571,3600,0.0,1,2.5,0.01,0.0
2572,3600,0.0,1,2.5,0.01,0.0
2573,3600,0.0,1,2.5,0.01,0.0
2574,3600,0.0,1,2.5,0.01,0.0
2575,3600,0.0,1,2.5,0.01,0.0
2576,3600,0.0,1,2.5,0.01,0.0
2577,3600,0.0,1,2.5,0.01,0.0
2578,3600,0.0,1,2.5,0.01,0.0
2579,3600,0.0,1,2.5,0.01,0.0
2580,3600,0.0,1,2.5,0.01,0.0
2581,3600,0.0,1,2.5,0.01,0.0
2582,3600,0.0,1,2.5,0.01,0.0
2583,3600,0.0,1,2.5,0.01,0.0
2584,3600,0.0,1,2.5,0.01,0.0
2585,3600,0.0,1,2.5,0.01,0.0
2586,3600,0.0,1,2.5,0.01,0.0
2587,3600,0.0,1,2.5,0.01,0.0
2588,3600,0.0,1,2.5,0.01,0.0
2589,3600,0.0,1,2.5,0.01,0.0
2590,3600,0.0,1,2.5,0.01,0.0
2591,3600,0.0,1,2.5,0.01,0.0
2592,3600,0.0,1,2.5,0.01,0.0
2593,3600,0.0,1,2.5,0.01,0.0
2594,3600,0.0,1,2.5,0.01,0.0
2595,3600,0.0,1,2.5,0.01,0.0
2596,3600,0.0,1,2.5,0.01,0.0
2597,3600,0.0,1,2.5,0.01,0.0
2598,3600,0.0,1,2.5,0.01,0.0
2599,3600,0.0,1,2.5,0.01,0.0
2600,3600,0.0,1,2.5,0.01,0.0
2601,3600,0.0,1,2.5,0.01,0.0
2602,3600,0.0,1,2.5,0.01,0.0
2603,3600,0.0,1,2.5,0.01,0.0
2604,3600,0.0,1,2.5,0.01,0.0
2605,3600,0.0,1,2.5,0.01,0.0
2606,3600,0.0,1,2.5,0.01,0.0
2607,3600,0.0,1,2.5,0.01,0.0
2608,3600,0.0,1,2.5,0.01,0.0
2609,3600,0.0,1,2.5,0.01,0.0
2610,3600,0.0,1,2.5,0.01,0.0
2611,3600,0.0,1,2.5,0.01,0.0
2612,3600,0.0,1,2.5,0.01,0.0
2613,3600,0.0,1,2.5,0.01,0.0
2614,3600,0.0,1,2.5,0.01,0.0
2615,3600,0.0,1,2.5,0.01,0.0
2616,3600,0.0,1,2.5,0.01,0.0
2617,3600,0.0,1,2.5,0.01,0.0
2618,3600,0.0,1,2.5,0.01,0.0
2619,3600,0.0,1,2.5,0.01,0.0
2620,3600,0.0,1,2.5,0.01,0.0
2621,3600,0.0,1,2.5,0.01,0.0
2622,3600,0.0,1,2.5,0.01,0.0
2623,3600,0.0,1,2.5,0.01,0.0
2624,3600,0.0,1,2.5,0.01,0.0
2625,3600,0.0,1,2.5,0.01,0.0
2626,3600,0.0,1,2.5,0.01,0.0
2627,3600,0.0,1,2.5,0.01,0.0
2628,3600,0.0,1,2.5,0.01,0.0
2629,3600,0.0,1,2.5,0.01,0.0
2630,3600,0.0,1,2.5,0.01,0.0
2631,3600,0.0,1,2.5,0.01,0.0
2632,3600,0.0,1,2.5,0.01,0.0
2633,3600,0.0,1,2.5,0.01,0.0
2634,3600,0.0,1,2.5,0.01,0.0
2635,3600,0.0,1,2.5,0.01,0.0
2636,3600,0.0,1,2.5,0.01,0.0
2637,3600,0.0,1,2.5,0.01,0.0
2638,3600,0.0,1,2.5,0.01,0.0
2639,3600,0.0,1,2.5,0.01,0.0
2640,3600,0.0,1,2.5,0.01,0.0
2641,3600,0.0,1,2.5,0.01,0.0
2642,3600,0.0,1,2.5,0.01,0.0
2643,3600,0.0,1,2.5,0.01,0.0
2644,3600,0.0,1,2.5,0.01,0.0
2645,3600,0.0,1,2.5,0.01,0.0
2646,3600,0.0,1,2.5,0.01,0.0
2647,3600,0.0,1,2.5,0.01,0.0
2648,3600,0.0,1,2.5,0.01,0.0
2649,3600,0.0,1,2.5,0.01,0.0
2650,3600,0.0,1,2.5,0.01,0.0
2651,3600,0.0,1,2.5,0.01,0.0
2652,3600,0.0,1,2.5,0.01,0.0
2653,3600,0.0,1,2.5,0.01,0.0
2654,3600,0.0,1,2.5,0.01,0.0
2655,3600,0.0,1,2.5,0.01,0.0
2656,3600,0.0,1,2.5,0.01,0.0
2657,3600,0.0,1,2.5,0.01,0.0
2658,3600,0.0,1,2.5,0.01,0.0
2659,3600,0.0,1,2.5,0.01,0.0
2660,3600,0.0,1,2.5,0.01,0.0
2661,3600,0.0,1,2.5,0.01,0.0
2662,3600,0.0,1,2.5,0.01,0.0
2663,3600,0.0,1,2.5,0.01,0.0
2664,3600,0.0,1,2.5,0.01,0.0
2665,3600,0.0,1,2.5,0.01,0.0
2666,3600,0.0,1,2.5,0.01,0.0
2667,3600,0.0,1,2.5,0.01,0.0
2668,3600,0.0,1,2.5,0.01,0.0
2669,3600,0.0,1,2.5,0.01,0.0
2670,3600,0.0,1,2.5,0.01,0.0
2671,3600,0.0,1,2.5,0.01,0.0
2672,3600,0.0,1,2.5,0.01,0.0
2673,3600,0.0,1,2.5,0.01,0.0
2674,3600,0.0,1,2.5,0.01,0.0
2675,3600,0.0,1,2.5,0.01,0.0
2676,3600,0.0,1,2.5,0.01,0.0
2677,3600,0.0,1,2.5,0.01,0.0
2678,3600,0.0,1,2.5,0.01,0.0
2679,3600,0.0,1,2.5,0.01,0.0
2680,3600,0.0,1,2.5,0.01,0.0
2681,3600,0.0,1,2.5,0.01,0.0
2682,3600,0.0,1,2.5,0.01,0.0
2683,3600,0.0,1,2.5,0.01,0.0
2684,3600,0.0,1,2.5,0.01,0.0
2685,3600,0.0,1,2.5,0.01,0.0
2686,3600,0.0,1,2.5,0.01,0.0
2687,3600,0.0,1,2.5,0.01,0.0
2688,3600,0.0,1,2.5,0.01,0.0
2689,3600,0.0,1,2.5,0.01,0.0
2690,3600,0.0,1,2.5,0.01,0.0
2691,3600,0.0,1,2.5,0.01,0.0
2692,3600,0.0,1,2.5,0.01,0.0
2693,3600,0.0,1,2.5,0.01,0.0
2694,3600,0.0,1,2.5,0.01,0.0
2695,3600,0.0,1,2.5,0.01,0.0
2696,3600,0.0,1,2.5,0.01,0.0
2697,3600,0.0,1,2.5,0.01,0.0
2698,3600,0.0,1,2.5,0.01,0.0
2699,3600,0.0,1,2.5,0.01,0.0
2700,3600,0.0,1,2.5,0.01,0.0
2701,3600,0.0,1,2.5,0.01,0.0
2702,3600,0.0,1,2.5,0.01,0.0
2703,3600,0.0,1,2.5,0.01,0.0
2704,3600,0.0,1,2.5,0.01,0.0
2705,3600,0.0,1,2.5,0.01,0.0
2706,3600,0.0,1,2.5,0.01,0.0
2707,3600,0.0,1,2.5,0.01,0.0
2708,3600,0.0,1,2.5,0.01,0.0
2709,3600,0.0,1,2.5,0.01,0.0
2710,3600,0.0,1,2.5,0.01,0.0
2711,3600,0.0,1,2.5,0.01,0.0
2712,3600,0.0,1,2.5,0.01,0.0
2713,3600,0.0,1,2.5,0.01,0.0
2714,3600,0.0,1,2.5,0.01,0.0
2715,3600,0.0,1,2.5,0.01,0.0
2716,3600,0.0,1,2.5,0.01,0.0
2717,3600,0.0,1,2.5,0.01,0.0
2718,3600,0.0,1,2.5,0.01,0.0
2719,3600,0.0,1,2.5,0.01,0.0
2720,3600,0.0,1,2.5,0.01,0.0
2721,3600,0.0,1,2.5,0.01,0.0
2722,3600,0.0,1,2.5,0.01,0.0
2723,3600,0.0,1,2.5,0.01,0.0
2724,3600,0.0,1,2.5,0.01,0.0
2725,3600,0.0,1,2.5,0.01,0.0
2726,3600,0.0,1,2.5,0.01,0.0
2727,3600,0.0,1,2.5,0.01,0.0
2728,3600,0.0,1,2.5,0.01,0.0
2729,3600,0.0,1,2.5,0.01,0.0
2730,3600,0.0,1,2.5,0.01,0.0
2731,3600,0.0,1,2.5,0.01,0.0
2732,3600,0.0,1,2.5,0.01,0.0
2733,3600,0.0,1,2.5,0.01,0.0
2734,3600,0.0,1,2.5,0.01,0.0
2735,3600,0.0,1,2.5,0.01,0.0
2736,3600,0.0,1,2.5,0.01,0.0
2737,3600,0.0,1,2.5,0.01,0.0
2738,3600,0.0,1,2.5,0.01,0.0
2739,3600,0.0,1,2.5,0.01,0.0
2740,3600,0.0,1,2.5,0.01,0.0
2741,3600,0.0,1,2.5,0.01,0.0
2742,3600,0.0,1,2.5,0.01,0.0
2743,3600,0.0,1,2.5,0.01,0.0
2744,3600,0.0,1,2.5,0.01,0.0
2745,3600,0.0,1,2.5,0.01,0.0
2746,3600,0.0,1,2.5,0.01,0.0
2747,3600,0.0,1,2.5,0.01,0.0
2748,3600,0.0,1,2.5,0.01,0.0
2749,3600,0.0,1,2.5,0.01,0.0
2750,3600,0.0,1,2.5,0.01,0.0
2751,3600,0.0,1,2.5,0.01,0.0
2752,3600,0.0,1,2.5,0.01,0.0
2753,3600,0.0,1,2.5,0.01,0.0
2754,3600,0.0,1,2.5,0.01,0.0
2755,3600,0.0,1,2.5,0.01,0.0
2756,3600,0.0,1,2.5,0.01,0.0
2757,3600,0.0,1,2.5,0.01,0.0
2758,3600,0.0,1,2.5,0.01,0.0
2759,3600,0.0,1,2.5,0.01,0.0
2760,3600,0.0,1,2.5,0.01,0.0
2761,3600,0.0,1,2.5,0.01,0.0
2762,3600,0.0,1,2.5,0.01,0.0
2763,3600,0.0,1,2.5,0.01,0.0
2764,3600,0.0,1,2.5,0.01,0.0
2765,3600,0.0,1,2.5,0.01,0.0
2766,3600,0.0,1,2.5,0.01,0.0
2767,3600,0.0,1,2.5,0.01,0.0
2768,3600,0.0,1,2.5,0.01,0.0
2769,3600,0.0,1,2.5,0.01,0.0
2770,3600,0.0,1,2.5,0.01,0.0
2771,3600,0.0,1,2.5,0.01,0.0
2772,3600,0.0,1,2.5,0.01,0.0
2773,3600,0.0,1,2.5,0.01,0.0
2774,3600,0.0,1,2.5,0.01,0.0
2775,3600,0.0,1,2.5,0.01,0.0
2776,3600,0.0,1,2.5,0.01,0.0
2777,3600,0.0,1,2.5,0.01,0.0
2778,3600,0.0,1,2.5,0.01,0.0
2779,3600,0.0,1,2.5,0.01,0.0
2780,3600,0.0,1,2.5,0.01,0.0
2781,3600,0.0,1,2.5,0.01,0.0
2782,3600,0.0,1,2.5,0.01,0.0
2783,3600,0.0,1,2.5,0.01,0.0
2784,3600,0.0,1,2.5,0.01,0.0
2785,3600,0.0,1,2.5,0.01,0.0
2786,3600,0.0,1,2.5,0.01,0.0
2787,3600,0.0,1,2.5,0.01,0.0
2788,3600,0.0,1,2.5,0.01,0.0
2789,3600,0.0,1,2.5,0.01,0.0
2790,3600,0.0,1,2.5,0.01,0.0
2791,3600,0.0,1,2.5,0.01,0.0
2792,3600,0.0,1,2.5,0.01,0.0
2793,3600,0.0,1,2.5,0.01,0.0
2794,3600,0.0,1,2.5,0.01,0.0
2795,3600,0.0,1,2.5,0.01,0.0
2796,3600,0.0,1,2.5,0.01,0.0
2797,3600,0.0,1,2.5,0.01,0.0
2798,3600,0.0,1,2.5,0.01,0.0
2799,3600,0.0,1,2.5,0.01,0.0
2800,3600,0.0,1,2.5,0.01,0.0
2801,3600,0.0,1,2.5,0.01,0.0
2802,3600,0.0,1,2.5,0.01,0.0
2803,3600,0.0,1,2.5,0.01,0.0
2804,3600,0.0,1,2.5,0.01,0.0
2805,3600,0.0,1,2.5,0.01,0.0
2806,3600,0.0,1,2.5,0.01,0.0
2807,3600,0.0,1,2.5,0.01,0.0
2808,3600,0.0,1,2.5,0.01,0.0
2809,3600,0.0,1,2.5,0.01,0.0
2810,3600,0.0,1,2.5,0.01,0.0
2811,3600,0.0,1,2.5,0.01,0.0
2812,3600,0.0,1,2.5,0.01,0.0
2813,3600,0.0,1,2.5,0.01,0.0
2814,3600,0.0,1,2.5,0.01,0.0
2815,3600,0.0,1,2.5,0.01,0.0
2816,3600,0.0,1,2.5,0.01,0.0
2817,3600,0.0,1,2.5,0.01,0.0
2818,3600,0.0,1,2.5,0.01,0.0
2819,3600,0.0,1,2.5,0.01,0.0
2820,3600,0.0,1,2.5,0.01,0.0
2821,3600,0.0,1,2.5,0.01,0.0
2822,3600,0.0,1,2.5,0.01,0.0
2823,3600,0.0,1,2.5,0.01,0.0
2824,3600,0.0,1,2.5,0.01,0.0
2825,3600,0.0,1,2.5,0.01,0.0
2826,3600,0.0,1,2.5,0.01,0.0
2827,3600,0.0,1,2.5,0.01,0.0
2828,3600,0.0,1,2.5,0.01,0.0
2829,3600,0.0,1,2.5,0.01,0.0
2830,3600,0.0,1,2.5,0.01,0.0
2831,3600,0.0,1,2.5,0.01,0.0
2832,3600,0.0,1,2.5,0.01,0.0
2833,3600,0.0,1,2.5,0.01,0.0
2834,3600,0.0,1,2.5,0.01,0.0
2835,3600,0.0,1,2.5,0.01,0.0
2836,3600,0.0,1,2.5,0.01,0.0
2837,3600,0.0,1,2.5,0.01,0.0
2838,3600,0.0,1,2.5,0.01,0.0
2839,3600,0.0,1,2.5,0.01,0.0
2840,3600,0.0,1,2.5,0.01,0.0
2841,3600,0.0,1,2.5,0.01,0.0
2842,3600,0.0,1,2.5,0.01,0.0
2843,3600,0.0,1,2.5,0.01,0.0
2844,3600,0.0,1,2.5,0.01,0.0
2845,3600,0.0,1,2.5,0.01,0.0
2846,3600,0.0,1,2.5,0.01,0.0
2847,3600,0.0,1,2.5,0.01,0.0
2848,3600,0.0,1,2.5,0.01,0.0
2849,3600,0.0,1,2.5,0.01,0.0
2850,3600,0.0,1,2.5,0.01,0.0
2851,3600,0.0,1,2.5,0.01,0.0
2852,3600,0.0,1,2.5,0.01,0.0
2853,3600,0.0,1,2.5,0.01,0.0
2854,3600,0.0,1,2.5,0.01,0.0
2855,3600,0.0,1,2.5,0.01,0.0
2856,3600,0.0,1,2.5,0.01,0.0
2857,3600,0.0,1,2.5,0.01,0.0
2858,3600,0.0,1,2.5,0.01,0.0
2859,3600,0.0,1,2.5,0.01,0.0
2860,3600,0.0,1,2.5,0.01,0.0
2861,3600,0.0,1,2.5,0.01,0.0
2862,3600,0.0,1,2.5,0.01,0.0
2863,3600,0.0,1,2.5,0.01,0.0
2864,3600,0.0,1,2.5,0.01,0.0
2865,3600,0.0,1,2.5,0.01,0.0
2866,3600,0.0,1,2.5,0.01,0.0
2867,3600,0.0,1,2.5,0.01,0.0
2868,3600,0.0,1,2.5,0.01,0.0
2869,3600,0.0,1,2.5,0.01,0.0
2870,3600,0.0,1,2.5,0.01,0.0
2871,3600,0.0,1,2.5,0.01,0.0
2872,3600,0.0,1,2.5,0.01,0.0
2873,3600,0.0,1,2.5,0.01,0.0
2874,3600,0.0,1,2.5,0.01,0.0
2875,3600,0.0,1,2.5,0.01,0.0
2876,3600,0.0,1,2.5,0.01,0.0
2877,3600,0.0,1,2.5,0.01,0.0
2878,3600,0.0,1,2.5,0.01,0.0
2879,3600,0.0,1,2.5,0.01,0.0
2880,3600,0.0,1,2.5,0.01,0.0
2881,3600,0.0,1,2.5,0.01,0.0
2882,3600,0.0,1,2.5,0.01,0.0
2883,3600,0.0,1,2.5,0.01,0.0
2884,3600,0.0,1,2.5,0.01,0.0
2885,3600,0.0,1,2.5,0.01,0.0
2886,3600,0.0,1,2.5,0.01,0.0
2887,3600,0.0,1,2.5,0.01,0.0
2888,3600,0.0,1,2.5,0.01,0.0
2889,3600,0.0,1,2.5,0.01,0.0
2890,3600,0.0,1,2.5,0.01,0.0
2891,3600,0.0,1,2.5,0.01,0.0
2892,3600,0.0,1,2.5,0.01,0.0
2893,3600,0.0,1,2.5,0.01,0.0
2894,3600,0.0,1,2.5,0.01,0.0
2895,3600,0.0,1,2.5,0.01,0.0
2896,3600,0.0,1,2.5,0.01,0.0
2897,3600,0.0,1,2.5,0.01,0.0
2898,3600,0.0,1,2.5,0.01,0.0
2899,3600,0.0,1,2.5,0.01,0.0
2900,3600,0.0,1,2.5,0.01,0.0
2901,3600,0.0,1,2.5,0.01,0.0
2902,3600,0.0,1,2.5,0.01,0.0
2903,3600,0.0,1,2.5,0.01,0.0
2904,3600,0.0,1,2.5,0.01,0.0
2905,3600,0.0,1,2.5,0.01,0.0
2906,3600,0.0,1,2.5,0.01,0.0
2907,3600,0.0,1,2.5,0.01,0.0
2908,3600,0.0,1,2.5,0.01,0.0
2909,3600,0.0,1,2.5,0.01,0.0
2910,3600,0.0,1,2.5,0.01,0.0
2911,3600,0.0,1,2.5,0.01,0.0
2912,3600,0.0,1,2.5,0.01,0.0
2913,3600,0.0,1,2.5,0.01,0.0
2914,3600,0.0,1,2.5,0.01,0.0
2915,3600,0.0,1,2.5,0.01,0.0
2916,3600,0.0,1,2.5,0.01,0.0
2917,3600,0.0,1,2.5,0.01,0.0
2918,3600,0.0,1,2.5,0.01,0.0
2919,3600,0.0,1,2.5,0.01,0.0
2920,3600,0.0,1,2.5,0.01,0.0
2921,3600,0.0,1,2.5,0.01,0.0
2922,3600,0.0,1,2.5,0.01,0.0
2923,3600,0.0,1,2.5,0.01,0.0
2924,3600,0.0,1,2.5,0.01,0.0
2925,3600,0.0,1,2.5,0.01,0.0
2926,3600,0.0,1,2.5,0.01,0.0
2927,3600,0.0,1,2.5,0.01,0.0
2928,3600,0.0,1,2.5,0.01,0.0
2929,3600,0.0,1,2.5,0.01,0.0
2930,3600,0.0,1,2.5,0.01,0.0
2931,3600,0.0,1,2.5,0.01,0.0
2932,3600,0.0,1,2.5,0.01,0.0
2933,3600,0.0,1,2.5,0.01,0.0
2934,3600,0.0,1,2.5,0.01,0.0
2935,3600,0.0,1,2.5,0.01,0.0
2936,3600,0.0,1,2.5,0.01,0.0
2937,3600,0.0,1,2.5,0.01,0.0
2938,3600,0.0,1,2.5,0.01,0.0
2939,3600,0.0,1,2.5,0.01,0.0
2940,3600,0.0,1,2.5,0.01,0.0
2941,3600,0.0,1,2.5,0.01,0.0
2942,3600,0.0,1,2.5,0.01,0.0
2943,3600,0.0,1,2.5,0.01,0.0
2944,3600,0.0,1,2.5,0.01,0.0
2945,3600,0.0,1,2.5,0.01,0.0
2946,3600,0.0,1,2.5,0.01,0.0
2947,3600,0.0,1,2.5,0.01,0.0
2948,3600,0.0,1,2.5,0.01,0.0
2949,3600,0.0,1,2.5,0.01,0.0
2950,3600,0.0,1,2.5,0.01,0.0
2951,3600,0.0,1,2.5,0.01,0.0
2952,3600,0.0,1,2.5,0.01,0.0
2953,3600,0.0,1,2.5,0.01,0.0
2954,3600,0.0,1,2.5,0.01,0.0
2955,3600,0.0,1,2.5,0.01,0.0
2956,3600,0.0,1,2.5,0.01,0.0
2957,3600,0.0,1,2.5,0.01,0.0
2958,3600,0.0,1,2.5,0.01,0.0
2959,3600,0.0,1,2.5,0.01,0.0
2960,3600,0.0,1,2.5,0.01,0.0
2961,3600,0.0,1,2.5,0.01,0.0
2962,3600,0.0,1,2.5,0.01,0.0
2963,3600,0.0,1,2.5,0.01,0.0
2964,3600,0.0,1,2.5,0.01,0.0
2965,3600,0.0,1,2.5,0.01,0.0
2966,3600,0.0,1,2.5,0.01,0.0
2967,3600,0.0,1,2.5,0.01,0.0
2968,3600,0.0,1,2.5,0.01,0.0
2969,3600,0.0,1,2.5,0.01,0.0
2970,3600,0.0,1,2.5,0.01,0.0
2971,3600,0.0,1,2.5,0.01,0.0
2972,3600,0.0,1,2.5,0.01,0.0
2973,3600,0.0,1,2.5,0.01,0.0
2974,3600,0.0,1,2.5,0.01,0.0
2975,3600,0.0,1,2.5,0.01,0.0
2976,3600,0.0,1,2.5,0.01,0.0
2977,3600,0.0,1,2.5,0.01,0.0
2978,3600,0.0,1,2.5,0.01,0.0
2979,3600,0.0,1,2.5,0.01,0.0
2980,3600,0.0,1,2.5,0.01,0.0
2981,3600,0.0,1,2.5,0.01,0.0
2982,3600,0.0,1,2.5,0.01,0.0
2983,3600,0.0,1,2.5,0.01,0.0
2984,3600,0.0,1,2.5,0.01,0.0
2985,3600,0.0,1,2.5,0.01,0.0
2986,3600,0.0,1,2.5,0.01,0.0
2987,3600,0.0,1,2.5,0.01,0.0
2988,3600,0.0,1,2.5,0.01,0.0
2989,3600,0.0,1,2.5,0.01,0.0
2990,3600,0.0,1,2.5,0.01,0.0
2991,3600,0.0,1,2.5,0.01,0.0
2992,3600,0.0,1,2.5,0.01,0.0
2993,3600,0.0,1,2.5,0.01,0.0
2994,3600,0.0,1,2.5,0.01,0.0
2995,3600,0.0,1,2.5,0.01,0.0
2996,3600,0.0,1,2.5,0.01,0.0
2997,3600,0.0,1,2.5,0.01,0.0
2998,3600,0.0,1,2.5,0.01,0.0
2999,3600,0.0,1,2.5,0.01,0.0
3000,3600,0.0,1,2.5,0.01,0.0
3001,3600,0.0,1,2.5,0.01,0.0
3002,3600,0.0,1,2.5,0.01,0.0
3003,3600,0.0,1,2.5,0.01,0.0
3004,3600,0.0,1,2.5,0.01,0.0
3005,3600,0.0,1,2.5,0.01,0.0
3006,3600,0.0,1,2.5,0.01,0.0
3007,3600,0.0,1,2.5,0.01,0.0
3008,3600,0.0,1,2.5,0.01,0.0
3009,3600,0.0,1,2.5,0.01,0.0
