TIME,PULSES,CONTROLLERVOLTAGE,CONTROLLER,KP,TAUD,TAUI 
0,0,-0.1963,1,0.375,0.01,0.0
1,0,-0.1963,1,0.375,0.01,0.0
2,0,-0.1963,1,0.375,0.01,0.0
3,0,-0.1963,1,0.375,0.01,0.0
4,0,-0.1963,1,0.375,0.01,0.0
5,0,-0.1963,1,0.375,0.01,0.0
6,0,-0.1963,1,0.375,0.01,0.0
7,0,-0.1963,1,0.375,0.01,0.0
8,0,-0.1963,1,0.375,0.01,0.0
9,0,-0.1963,1,0.375,0.01,0.0
10,0,353.5273,1,0.375,0.01,0.0
11,0,353.5273,1,0.375,0.01,0.0
12,0,353.5273,1,0.375,0.01,0.0
13,0,353.5273,1,0.375,0.01,0.0
14,1,353.5273,1,0.375,0.01,0.0
15,1,353.5273,1,0.375,0.01,0.0
16,2,353.5273,1,0.375,0.01,0.0
17,3,353.5273,1,0.375,0.01,0.0
18,4,353.5273,1,0.375,0.01,0.0
19,5,353.5273,1,0.375,0.01,0.0
20,6,176.2237,1,0.375,0.01,0.0
21,8,176.2237,1,0.375,0.01,0.0
22,9,176.2237,1,0.375,0.01,0.0
23,11,176.2237,1,0.375,0.01,0.0
24,12,176.2237,1,0.375,0.01,0.0
25,14,176.2237,1,0.375,0.01,0.0
26,16,176.2237,1,0.375,0.01,0.0
27,18,176.2237,1,0.375,0.01,0.0
28,20,176.2237,1,0.375,0.01,0.0
29,22,176.2237,1,0.375,0.01,0.0
30,24,174.8002,1,0.375,0.01,0.0
31,26,174.8002,1,0.375,0.01,0.0
32,28,174.8002,1,0.375,0.01,0.0
33,30,174.8002,1,0.375,0.01,0.0
34,33,174.8002,1,0.375,0.01,0.0
35,35,174.8002,1,0.375,0.01,0.0
36,38,174.8002,1,0.375,0.01,0.0
37,40,174.8002,1,0.375,0.01,0.0
38,43,174.8002,1,0.375,0.01,0.0
39,46,174.8002,1,0.375,0.01,0.0
40,48,173.2785,1,0.375,0.01,0.0
41,51,173.2785,1,0.375,0.01,0.0
42,54,173.2785,1,0.375,0.01,0.0
43,57,173.2785,1,0.375,0.01,0.0
44,60,173.2785,1,0.375,0.01,0.0
45,63,173.2785,1,0.375,0.01,0.0
46,66,173.2785,1,0.375,0.01,0.0
47,69,173.2785,1,0.375,0.01,0.0
48,72,173.2785,1,0.375,0.01,0.0
49,75,173.2785,1,0.375,0.01,0.0
50,78,171.6095,1,0.375,0.01,0.0
51,81,171.6095,1,0.375,0.01,0.0
52,86,171.6095,1,0.375,0.01,0.0
53,89,171.6095,1,0.375,0.01,0.0
54,92,171.6095,1,0.375,0.01,0.0
55,95,171.6095,1,0.375,0.01,0.0
56,99,171.6095,1,0.375,0.01,0.0
57,103,171.6095,1,0.375,0.01,0.0
58,106,171.6095,1,0.375,0.01,0.0
59,110,171.6095,1,0.375,0.01,0.0
60,113,169.5969,1,0.375,0.01,0.0
61,117,169.5969,1,0.375,0.01,0.0
62,120,169.5969,1,0.375,0.01,0.0
63,124,169.5969,1,0.375,0.01,0.0
64,127,169.5969,1,0.375,0.01,0.0
65,131,169.5969,1,0.375,0.01,0.0
66,135,169.5969,1,0.375,0.01,0.0
67,139,169.5969,1,0.375,0.01,0.0
68,142,169.5969,1,0.375,0.01,0.0
69,146,169.5969,1,0.375,0.01,0.0
70,150,167.7807,1,0.375,0.01,0.0
71,153,167.7807,1,0.375,0.01,0.0
72,157,167.7807,1,0.375,0.01,0.0
73,161,167.7807,1,0.375,0.01,0.0
74,164,167.7807,1,0.375,0.01,0.0
75,168,167.7807,1,0.375,0.01,0.0
76,172,167.7807,1,0.375,0.01,0.0
77,175,167.7807,1,0.375,0.01,0.0
78,179,167.7807,1,0.375,0.01,0.0
79,183,167.7807,1,0.375,0.01,0.0
80,187,165.9154,1,0.375,0.01,0.0
81,190,165.9154,1,0.375,0.01,0.0
82,194,165.9154,1,0.375,0.01,0.0
83,198,165.9154,1,0.375,0.01,0.0
84,203,165.9154,1,0.375,0.01,0.0
85,207,165.9154,1,0.375,0.01,0.0
86,210,165.9154,1,0.375,0.01,0.0
87,214,165.9154,1,0.375,0.01,0.0
88,219,165.9154,1,0.375,0.01,0.0
89,223,165.9154,1,0.375,0.01,0.0
90,227,163.8046,1,0.375,0.01,0.0
91,230,163.8046,1,0.375,0.01,0.0
92,234,163.8046,1,0.375,0.01,0.0
93,238,163.8046,1,0.375,0.01,0.0
94,242,163.8046,1,0.375,0.01,0.0
95,246,163.8046,1,0.375,0.01,0.0
96,250,163.8046,1,0.375,0.01,0.0
97,254,163.8046,1,0.375,0.01,0.0
98,258,163.8046,1,0.375,0.01,0.0
99,262,163.8046,1,0.375,0.01,0.0
100,267,161.9393,1,0.375,0.01,0.0
101,271,161.9393,1,0.375,0.01,0.0
102,274,161.9393,1,0.375,0.01,0.0
103,278,161.9393,1,0.375,0.01,0.0
104,282,161.9393,1,0.375,0.01,0.0
105,286,161.9393,1,0.375,0.01,0.0
106,290,161.9393,1,0.375,0.01,0.0
107,294,161.9393,1,0.375,0.01,0.0
108,300,161.9393,1,0.375,0.01,0.0
109,304,161.9393,1,0.375,0.01,0.0
110,308,159.7303,1,0.375,0.01,0.0
111,312,159.7303,1,0.375,0.01,0.0
112,316,159.7303,1,0.375,0.01,0.0
113,320,159.7303,1,0.375,0.01,0.0
114,324,159.7303,1,0.375,0.01,0.0
115,328,159.7303,1,0.375,0.01,0.0
116,332,159.7303,1,0.375,0.01,0.0
117,336,159.7303,1,0.375,0.01,0.0
118,340,159.7303,1,0.375,0.01,0.0
119,344,159.7303,1,0.375,0.01,0.0
120,349,157.865,1,0.375,0.01,0.0
121,353,157.865,1,0.375,0.01,0.0
122,357,157.865,1,0.375,0.01,0.0
123,361,157.865,1,0.375,0.01,0.0
124,365,157.865,1,0.375,0.01,0.0
125,369,157.865,1,0.375,0.01,0.0
126,374,157.865,1,0.375,0.01,0.0
127,378,157.865,1,0.375,0.01,0.0
128,383,157.865,1,0.375,0.01,0.0
129,387,157.865,1,0.375,0.01,0.0
130,391,155.607,1,0.375,0.01,0.0
131,395,155.607,1,0.375,0.01,0.0
132,399,155.607,1,0.375,0.01,0.0
133,403,155.607,1,0.375,0.01,0.0
134,407,155.607,1,0.375,0.01,0.0
135,411,155.607,1,0.375,0.01,0.0
136,416,155.607,1,0.375,0.01,0.0
137,420,155.607,1,0.375,0.01,0.0
138,423,155.607,1,0.375,0.01,0.0
139,427,155.607,1,0.375,0.01,0.0
140,431,153.7908,1,0.375,0.01,0.0
141,435,153.7908,1,0.375,0.01,0.0
142,439,153.7908,1,0.375,0.01,0.0
143,443,153.7908,1,0.375,0.01,0.0
144,448,153.7908,1,0.375,0.01,0.0
145,452,153.7908,1,0.375,0.01,0.0
146,456,153.7908,1,0.375,0.01,0.0
147,460,153.7908,1,0.375,0.01,0.0
148,466,153.7908,1,0.375,0.01,0.0
149,470,153.7908,1,0.375,0.01,0.0
150,475,151.5328,1,0.375,0.01,0.0
151,479,151.5328,1,0.375,0.01,0.0
152,484,151.5328,1,0.375,0.01,0.0
153,488,151.5328,1,0.375,0.01,0.0
154,492,151.5328,1,0.375,0.01,0.0
155,496,151.5328,1,0.375,0.01,0.0
156,500,151.5328,1,0.375,0.01,0.0
157,504,151.5328,1,0.375,0.01,0.0
158,508,151.5328,1,0.375,0.01,0.0
159,512,151.5328,1,0.375,0.01,0.0
160,516,149.5202,1,0.375,0.01,0.0
161,520,149.5202,1,0.375,0.01,0.0
162,524,149.5202,1,0.375,0.01,0.0
163,528,149.5202,1,0.375,0.01,0.0
164,533,149.5202,1,0.375,0.01,0.0
165,537,149.5202,1,0.375,0.01,0.0
166,541,149.5202,1,0.375,0.01,0.0
167,545,149.5202,1,0.375,0.01,0.0
168,550,149.5202,1,0.375,0.01,0.0
169,554,149.5202,1,0.375,0.01,0.0
170,558,147.4585,1,0.375,0.01,0.0
171,562,147.4585,1,0.375,0.01,0.0
172,566,147.4585,1,0.375,0.01,0.0
173,570,147.4585,1,0.375,0.01,0.0
174,574,147.4585,1,0.375,0.01,0.0
175,578,147.4585,1,0.375,0.01,0.0
176,582,147.4585,1,0.375,0.01,0.0
177,586,147.4585,1,0.375,0.01,0.0
178,590,147.4585,1,0.375,0.01,0.0
179,594,147.4585,1,0.375,0.01,0.0
180,599,145.5932,1,0.375,0.01,0.0
181,603,145.5932,1,0.375,0.01,0.0
182,608,145.5932,1,0.375,0.01,0.0
183,612,145.5932,1,0.375,0.01,0.0
184,617,145.5932,1,0.375,0.01,0.0
185,621,145.5932,1,0.375,0.01,0.0
186,625,145.5932,1,0.375,0.01,0.0
187,630,145.5932,1,0.375,0.01,0.0
188,634,145.5932,1,0.375,0.01,0.0
189,638,145.5932,1,0.375,0.01,0.0
190,642,143.237,1,0.375,0.01,0.0
191,646,143.237,1,0.375,0.01,0.0
192,650,143.237,1,0.375,0.01,0.0
193,654,143.237,1,0.375,0.01,0.0
194,658,143.237,1,0.375,0.01,0.0
195,662,143.237,1,0.375,0.01,0.0
196,666,143.237,1,0.375,0.01,0.0
197,671,143.237,1,0.375,0.01,0.0
198,675,143.237,1,0.375,0.01,0.0
199,679,143.237,1,0.375,0.01,0.0
200,683,141.2735,1,0.375,0.01,0.0
201,688,141.2735,1,0.375,0.01,0.0
202,691,141.2735,1,0.375,0.01,0.0
203,697,141.2735,1,0.375,0.01,0.0
204,701,141.2735,1,0.375,0.01,0.0
205,705,141.2735,1,0.375,0.01,0.0
206,709,141.2735,1,0.375,0.01,0.0
207,714,141.2735,1,0.375,0.01,0.0
208,718,141.2735,1,0.375,0.01,0.0
209,723,141.2735,1,0.375,0.01,0.0
210,727,139.1137,1,0.375,0.01,0.0
211,731,139.1137,1,0.375,0.01,0.0
212,735,139.1137,1,0.375,0.01,0.0
213,739,139.1137,1,0.375,0.01,0.0
214,743,139.1137,1,0.375,0.01,0.0
215,748,139.1137,1,0.375,0.01,0.0
216,752,139.1137,1,0.375,0.01,0.0
217,756,139.1137,1,0.375,0.01,0.0
218,760,139.1137,1,0.375,0.01,0.0
219,765,139.1137,1,0.375,0.01,0.0
220,769,137.1011,1,0.375,0.01,0.0
221,774,137.1011,1,0.375,0.01,0.0
222,778,137.1011,1,0.375,0.01,0.0
223,782,137.1011,1,0.375,0.01,0.0
224,786,137.1011,1,0.375,0.01,0.0
225,790,137.1011,1,0.375,0.01,0.0
226,794,137.1011,1,0.375,0.01,0.0
227,798,137.1011,1,0.375,0.01,0.0
228,802,137.1011,1,0.375,0.01,0.0
229,807,137.1011,1,0.375,0.01,0.0
230,811,135.0394,1,0.375,0.01,0.0
231,816,135.0394,1,0.375,0.01,0.0
232,820,135.0394,1,0.375,0.01,0.0
233,824,135.0394,1,0.375,0.01,0.0
234,828,135.0394,1,0.375,0.01,0.0
235,832,135.0394,1,0.375,0.01,0.0
236,836,135.0394,1,0.375,0.01,0.0
237,840,135.0394,1,0.375,0.01,0.0
238,844,135.0394,1,0.375,0.01,0.0
239,848,135.0394,1,0.375,0.01,0.0
240,852,132.9777,1,0.375,0.01,0.0
241,857,132.9777,1,0.375,0.01,0.0
242,861,132.9777,1,0.375,0.01,0.0
243,865,132.9777,1,0.375,0.01,0.0
244,869,132.9777,1,0.375,0.01,0.0
245,873,132.9777,1,0.375,0.01,0.0
246,877,132.9777,1,0.375,0.01,0.0
247,881,132.9777,1,0.375,0.01,0.0
248,885,132.9777,1,0.375,0.01,0.0
249,889,132.9777,1,0.375,0.01,0.0
250,893,131.1124,1,0.375,0.01,0.0
251,897,131.1124,1,0.375,0.01,0.0
252,901,131.1124,1,0.375,0.01,0.0
253,905,131.1124,1,0.375,0.01,0.0
254,909,131.1124,1,0.375,0.01,0.0
255,914,131.1124,1,0.375,0.01,0.0
256,919,131.1124,1,0.375,0.01,0.0
257,923,131.1124,1,0.375,0.01,0.0
258,927,131.1124,1,0.375,0.01,0.0
259,931,131.1124,1,0.375,0.01,0.0
260,935,128.9526,1,0.375,0.01,0.0
261,939,128.9526,1,0.375,0.01,0.0
262,943,128.9526,1,0.375,0.01,0.0
263,947,128.9526,1,0.375,0.01,0.0
264,951,128.9526,1,0.375,0.01,0.0
265,955,128.9526,1,0.375,0.01,0.0
266,959,128.9526,1,0.375,0.01,0.0
267,964,128.9526,1,0.375,0.01,0.0
268,969,128.9526,1,0.375,0.01,0.0
269,973,128.9526,1,0.375,0.01,0.0
270,977,126.8909,1,0.375,0.01,0.0
271,981,126.8909,1,0.375,0.01,0.0
272,985,126.8909,1,0.375,0.01,0.0
273,989,126.8909,1,0.375,0.01,0.0
274,993,126.8909,1,0.375,0.01,0.0
275,997,126.8909,1,0.375,0.01,0.0
276,1001,126.8909,1,0.375,0.01,0.0
277,1005,126.8909,1,0.375,0.01,0.0
278,1009,126.8909,1,0.375,0.01,0.0
279,1014,126.8909,1,0.375,0.01,0.0
280,1019,124.9274,1,0.375,0.01,0.0
281,1023,124.9274,1,0.375,0.01,0.0
282,1027,124.9274,1,0.375,0.01,0.0
283,1031,124.9274,1,0.375,0.01,0.0
284,1035,124.9274,1,0.375,0.01,0.0
285,1039,124.9274,1,0.375,0.01,0.0
286,1043,124.9274,1,0.375,0.01,0.0
287,1047,124.9274,1,0.375,0.01,0.0
288,1051,124.9274,1,0.375,0.01,0.0
289,1055,124.9274,1,0.375,0.01,0.0
290,1059,122.8167,1,0.375,0.01,0.0
291,1063,122.8167,1,0.375,0.01,0.0
292,1067,122.8167,1,0.375,0.01,0.0
293,1072,122.8167,1,0.375,0.01,0.0
294,1076,122.8167,1,0.375,0.01,0.0
295,1080,122.8167,1,0.375,0.01,0.0
296,1084,122.8167,1,0.375,0.01,0.0
297,1088,122.8167,1,0.375,0.01,0.0
298,1092,122.8167,1,0.375,0.01,0.0
299,1096,122.8167,1,0.375,0.01,0.0
300,1100,120.8531,1,0.375,0.01,0.0
301,1104,120.8531,1,0.375,0.01,0.0
302,1108,120.8531,1,0.375,0.01,0.0
303,1112,120.8531,1,0.375,0.01,0.0
304,1117,120.8531,1,0.375,0.01,0.0
305,1122,120.8531,1,0.375,0.01,0.0
306,1126,120.8531,1,0.375,0.01,0.0
307,1130,120.8531,1,0.375,0.01,0.0
308,1134,120.8531,1,0.375,0.01,0.0
309,1138,120.8531,1,0.375,0.01,0.0
310,1142,118.8406,1,0.375,0.01,0.0
311,1146,118.8406,1,0.375,0.01,0.0
312,1150,118.8406,1,0.375,0.01,0.0
313,1155,118.8406,1,0.375,0.01,0.0
314,1160,118.8406,1,0.375,0.01,0.0
315,1164,118.8406,1,0.375,0.01,0.0
316,1168,118.8406,1,0.375,0.01,0.0
317,1172,118.8406,1,0.375,0.01,0.0
318,1176,118.8406,1,0.375,0.01,0.0
319,1180,118.8406,1,0.375,0.01,0.0
320,1184,116.7298,1,0.375,0.01,0.0
321,1188,116.7298,1,0.375,0.01,0.0
322,1192,116.7298,1,0.375,0.01,0.0
323,1196,116.7298,1,0.375,0.01,0.0
324,1200,116.7298,1,0.375,0.01,0.0
325,1205,116.7298,1,0.375,0.01,0.0
326,1209,116.7298,1,0.375,0.01,0.0
327,1213,116.7298,1,0.375,0.01,0.0
328,1217,116.7298,1,0.375,0.01,0.0
329,1222,116.7298,1,0.375,0.01,0.0
330,1226,114.6681,1,0.375,0.01,0.0
331,1230,114.6681,1,0.375,0.01,0.0
332,1234,114.6681,1,0.375,0.01,0.0
333,1238,114.6681,1,0.375,0.01,0.0
334,1242,114.6681,1,0.375,0.01,0.0
335,1246,114.6681,1,0.375,0.01,0.0
336,1250,114.6681,1,0.375,0.01,0.0
337,1255,114.6681,1,0.375,0.01,0.0
338,1259,114.6681,1,0.375,0.01,0.0
339,1263,114.6681,1,0.375,0.01,0.0
340,1267,112.7046,1,0.375,0.01,0.0
341,1272,112.7046,1,0.375,0.01,0.0
342,1276,112.7046,1,0.375,0.01,0.0
343,1280,112.7046,1,0.375,0.01,0.0
344,1284,112.7046,1,0.375,0.01,0.0
345,1288,112.7046,1,0.375,0.01,0.0
346,1292,112.7046,1,0.375,0.01,0.0
347,1296,112.7046,1,0.375,0.01,0.0
348,1300,112.7046,1,0.375,0.01,0.0
349,1305,112.7046,1,0.375,0.01,0.0
350,1309,110.5939,1,0.375,0.01,0.0
351,1313,110.5939,1,0.375,0.01,0.0
352,1318,110.5939,1,0.375,0.01,0.0
353,1322,110.5939,1,0.375,0.01,0.0
354,1326,110.5939,1,0.375,0.01,0.0
355,1330,110.5939,1,0.375,0.01,0.0
356,1334,110.5939,1,0.375,0.01,0.0
357,1338,110.5939,1,0.375,0.01,0.0
358,1342,110.5939,1,0.375,0.01,0.0
359,1346,110.5939,1,0.375,0.01,0.0
360,1351,108.5322,1,0.375,0.01,0.0
361,1355,108.5322,1,0.375,0.01,0.0
362,1359,108.5322,1,0.375,0.01,0.0
363,1363,108.5322,1,0.375,0.01,0.0
364,1367,108.5322,1,0.375,0.01,0.0
365,1371,108.5322,1,0.375,0.01,0.0
366,1375,108.5322,1,0.375,0.01,0.0
367,1379,108.5322,1,0.375,0.01,0.0
368,1383,108.5322,1,0.375,0.01,0.0
369,1387,108.5322,1,0.375,0.01,0.0
370,1391,106.5687,1,0.375,0.01,0.0
371,1395,106.5687,1,0.375,0.01,0.0
372,1401,106.5687,1,0.375,0.01,0.0
373,1405,106.5687,1,0.375,0.01,0.0
374,1408,106.5687,1,0.375,0.01,0.0
375,1412,106.5687,1,0.375,0.01,0.0
376,1416,106.5687,1,0.375,0.01,0.0
377,1420,106.5687,1,0.375,0.01,0.0
378,1424,106.5687,1,0.375,0.01,0.0
379,1428,106.5687,1,0.375,0.01,0.0
380,1432,104.5561,1,0.375,0.01,0.0
381,1436,104.5561,1,0.375,0.01,0.0
382,1441,104.5561,1,0.375,0.01,0.0
383,1445,104.5561,1,0.375,0.01,0.0
384,1450,104.5561,1,0.375,0.01,0.0
385,1454,104.5561,1,0.375,0.01,0.0
386,1459,104.5561,1,0.375,0.01,0.0
387,1463,104.5561,1,0.375,0.01,0.0
388,1467,104.5561,1,0.375,0.01,0.0
389,1471,104.5561,1,0.375,0.01,0.0
390,1475,102.4454,1,0.375,0.01,0.0
391,1479,102.4454,1,0.375,0.01,0.0
392,1483,102.4454,1,0.375,0.01,0.0
393,1488,102.4454,1,0.375,0.01,0.0
394,1492,102.4454,1,0.375,0.01,0.0
395,1496,102.4454,1,0.375,0.01,0.0
396,1500,102.4454,1,0.375,0.01,0.0
397,1503,102.4454,1,0.375,0.01,0.0
398,1507,102.4454,1,0.375,0.01,0.0
399,1512,102.4454,1,0.375,0.01,0.0
400,1516,100.4819,1,0.375,0.01,0.0
401,1520,100.4819,1,0.375,0.01,0.0
402,1524,100.4819,1,0.375,0.01,0.0
403,1528,100.4819,1,0.375,0.01,0.0
404,1532,100.4819,1,0.375,0.01,0.0
405,1537,100.4819,1,0.375,0.01,0.0
406,1541,100.4819,1,0.375,0.01,0.0
407,1545,100.4819,1,0.375,0.01,0.0
408,1549,100.4819,1,0.375,0.01,0.0
409,1554,100.4819,1,0.375,0.01,0.0
410,1558,98.3711,1,0.375,0.01,0.0
411,1563,98.3711,1,0.375,0.01,0.0
412,1567,98.3711,1,0.375,0.01,0.0
413,1571,98.3711,1,0.375,0.01,0.0
414,1575,98.3711,1,0.375,0.01,0.0
415,1579,98.3711,1,0.375,0.01,0.0
416,1584,98.3711,1,0.375,0.01,0.0
417,1588,98.3711,1,0.375,0.01,0.0
418,1592,98.3711,1,0.375,0.01,0.0
419,1596,98.3711,1,0.375,0.01,0.0
420,1600,96.3095,1,0.375,0.01,0.0
421,1605,96.3095,1,0.375,0.01,0.0
422,1609,96.3095,1,0.375,0.01,0.0
423,1613,96.3095,1,0.375,0.01,0.0
424,1617,96.3095,1,0.375,0.01,0.0
425,1621,96.3095,1,0.375,0.01,0.0
426,1626,96.3095,1,0.375,0.01,0.0
427,1630,96.3095,1,0.375,0.01,0.0
428,1634,96.3095,1,0.375,0.01,0.0
429,1638,96.3095,1,0.375,0.01,0.0
430,1642,94.2478,1,0.375,0.01,0.0
431,1646,94.2478,1,0.375,0.01,0.0
432,1650,94.2478,1,0.375,0.01,0.0
433,1655,94.2478,1,0.375,0.01,0.0
434,1659,94.2478,1,0.375,0.01,0.0
435,1663,94.2478,1,0.375,0.01,0.0
436,1667,94.2478,1,0.375,0.01,0.0
437,1671,94.2478,1,0.375,0.01,0.0
438,1676,94.2478,1,0.375,0.01,0.0
439,1680,94.2478,1,0.375,0.01,0.0
440,1684,92.1861,1,0.375,0.01,0.0
441,1688,92.1861,1,0.375,0.01,0.0
442,1692,92.1861,1,0.375,0.01,0.0
443,1696,92.1861,1,0.375,0.01,0.0
444,1701,92.1861,1,0.375,0.01,0.0
445,1705,92.1861,1,0.375,0.01,0.0
446,1709,92.1861,1,0.375,0.01,0.0
447,1713,92.1861,1,0.375,0.01,0.0
448,1717,92.1861,1,0.375,0.01,0.0
449,1722,92.1861,1,0.375,0.01,0.0
450,1726,90.1245,1,0.375,0.01,0.0
451,1730,90.1245,1,0.375,0.01,0.0
452,1734,90.1245,1,0.375,0.01,0.0
453,1738,90.1245,1,0.375,0.01,0.0
454,1742,90.1245,1,0.375,0.01,0.0
455,1746,90.1245,1,0.375,0.01,0.0
456,1751,90.1245,1,0.375,0.01,0.0
457,1755,90.1245,1,0.375,0.01,0.0
458,1759,90.1245,1,0.375,0.01,0.0
459,1764,90.1245,1,0.375,0.01,0.0
460,1768,88.0628,1,0.375,0.01,0.0
461,1772,88.0628,1,0.375,0.01,0.0
462,1776,88.0628,1,0.375,0.01,0.0
463,1780,88.0628,1,0.375,0.01,0.0
464,1784,88.0628,1,0.375,0.01,0.0
465,1788,88.0628,1,0.375,0.01,0.0
466,1793,88.0628,1,0.375,0.01,0.0
467,1797,88.0628,1,0.375,0.01,0.0
468,1802,88.0628,1,0.375,0.01,0.0
469,1807,88.0628,1,0.375,0.01,0.0
470,1812,85.9029,1,0.375,0.01,0.0
471,1816,85.9029,1,0.375,0.01,0.0
472,1820,85.9029,1,0.375,0.01,0.0
473,1825,85.9029,1,0.375,0.01,0.0
474,1829,85.9029,1,0.375,0.01,0.0
475,1833,85.9029,1,0.375,0.01,0.0
476,1837,85.9029,1,0.375,0.01,0.0
477,1841,85.9029,1,0.375,0.01,0.0
478,1846,85.9029,1,0.375,0.01,0.0
479,1852,85.9029,1,0.375,0.01,0.0
480,1856,83.5958,1,0.375,0.01,0.0
481,1860,83.5958,1,0.375,0.01,0.0
482,1864,83.5958,1,0.375,0.01,0.0
483,1868,83.5958,1,0.375,0.01,0.0
484,1872,83.5958,1,0.375,0.01,0.0
485,1877,83.5958,1,0.375,0.01,0.0
486,1881,83.5958,1,0.375,0.01,0.0
487,1885,83.5958,1,0.375,0.01,0.0
488,1889,83.5958,1,0.375,0.01,0.0
489,1894,83.5958,1,0.375,0.01,0.0
490,1898,81.6814,1,0.375,0.01,0.0
491,1903,81.6814,1,0.375,0.01,0.0
492,1907,81.6814,1,0.375,0.01,0.0
493,1911,81.6814,1,0.375,0.01,0.0
494,1915,81.6814,1,0.375,0.01,0.0
495,1919,81.6814,1,0.375,0.01,0.0
496,1923,81.6814,1,0.375,0.01,0.0
497,1927,81.6814,1,0.375,0.01,0.0
498,1931,81.6814,1,0.375,0.01,0.0
499,1936,81.6814,1,0.375,0.01,0.0
500,1940,79.6197,1,0.375,0.01,0.0
501,1945,79.6197,1,0.375,0.01,0.0
502,1949,79.6197,1,0.375,0.01,0.0
503,1953,79.6197,1,0.375,0.01,0.0
504,1957,79.6197,1,0.375,0.01,0.0
505,1961,79.6197,1,0.375,0.01,0.0
506,1965,79.6197,1,0.375,0.01,0.0
507,1969,79.6197,1,0.375,0.01,0.0
508,1973,79.6197,1,0.375,0.01,0.0
509,1978,79.6197,1,0.375,0.01,0.0
510,1982,77.5581,1,0.375,0.01,0.0
511,1986,77.5581,1,0.375,0.01,0.0
512,1990,77.5581,1,0.375,0.01,0.0
513,1995,77.5581,1,0.375,0.01,0.0
514,1999,77.5581,1,0.375,0.01,0.0
515,2003,77.5581,1,0.375,0.01,0.0
516,2007,77.5581,1,0.375,0.01,0.0
517,2011,77.5581,1,0.375,0.01,0.0
518,2015,77.5581,1,0.375,0.01,0.0
519,2019,77.5581,1,0.375,0.01,0.0
520,2024,75.4964,1,0.375,0.01,0.0
521,2028,75.4964,1,0.375,0.01,0.0
522,2032,75.4964,1,0.375,0.01,0.0
523,2036,75.4964,1,0.375,0.01,0.0
524,2040,75.4964,1,0.375,0.01,0.0
525,2044,75.4964,1,0.375,0.01,0.0
526,2049,75.4964,1,0.375,0.01,0.0
527,2053,75.4964,1,0.375,0.01,0.0
528,2058,75.4964,1,0.375,0.01,0.0
529,2062,75.4964,1,0.375,0.01,0.0
530,2066,73.3365,1,0.375,0.01,0.0
531,2071,73.3365,1,0.375,0.01,0.0
532,2076,73.3365,1,0.375,0.01,0.0
533,2080,73.3365,1,0.375,0.01,0.0
534,2084,73.3365,1,0.375,0.01,0.0
535,2088,73.3365,1,0.375,0.01,0.0
536,2092,73.3365,1,0.375,0.01,0.0
537,2096,73.3365,1,0.375,0.01,0.0
538,2099,73.3365,1,0.375,0.01,0.0
539,2103,73.3365,1,0.375,0.01,0.0
540,2107,71.4222,1,0.375,0.01,0.0
541,2111,71.4222,1,0.375,0.01,0.0
542,2116,71.4222,1,0.375,0.01,0.0
543,2120,71.4222,1,0.375,0.01,0.0
544,2124,71.4222,1,0.375,0.01,0.0
545,2128,71.4222,1,0.375,0.01,0.0
546,2132,71.4222,1,0.375,0.01,0.0
547,2136,71.4222,1,0.375,0.01,0.0
548,2140,71.4222,1,0.375,0.01,0.0
549,2144,71.4222,1,0.375,0.01,0.0
550,2149,69.4096,1,0.375,0.01,0.0
551,2153,69.4096,1,0.375,0.01,0.0
552,2158,69.4096,1,0.375,0.01,0.0
553,2162,69.4096,1,0.375,0.01,0.0
554,2166,69.4096,1,0.375,0.01,0.0
555,2170,69.4096,1,0.375,0.01,0.0
556,2175,69.4096,1,0.375,0.01,0.0
557,2179,69.4096,1,0.375,0.01,0.0
558,2183,69.4096,1,0.375,0.01,0.0
559,2187,69.4096,1,0.375,0.01,0.0
560,2191,67.2006,1,0.375,0.01,0.0
561,2196,67.2006,1,0.375,0.01,0.0
562,2200,67.2006,1,0.375,0.01,0.0
563,2205,67.2006,1,0.375,0.01,0.0
564,2209,67.2006,1,0.375,0.01,0.0
565,2213,67.2006,1,0.375,0.01,0.0
566,2217,67.2006,1,0.375,0.01,0.0
567,2222,67.2006,1,0.375,0.01,0.0
568,2226,67.2006,1,0.375,0.01,0.0
569,2230,67.2006,1,0.375,0.01,0.0
570,2234,65.0899,1,0.375,0.01,0.0
571,2238,65.0899,1,0.375,0.01,0.0
572,2243,65.0899,1,0.375,0.01,0.0
573,2246,65.0899,1,0.375,0.01,0.0
574,2250,65.0899,1,0.375,0.01,0.0
575,2254,65.0899,1,0.375,0.01,0.0
576,2258,65.0899,1,0.375,0.01,0.0
577,2262,65.0899,1,0.375,0.01,0.0
578,2266,65.0899,1,0.375,0.01,0.0
579,2270,65.0899,1,0.375,0.01,0.0
580,2274,63.2737,1,0.375,0.01,0.0
581,2278,63.2737,1,0.375,0.01,0.0
582,2283,63.2737,1,0.375,0.01,0.0
583,2287,63.2737,1,0.375,0.01,0.0
584,2291,63.2737,1,0.375,0.01,0.0
585,2296,63.2737,1,0.375,0.01,0.0
586,2300,63.2737,1,0.375,0.01,0.0
587,2304,63.2737,1,0.375,0.01,0.0
588,2308,63.2737,1,0.375,0.01,0.0
589,2312,63.2737,1,0.375,0.01,0.0
590,2316,61.212,1,0.375,0.01,0.0
591,2320,61.212,1,0.375,0.01,0.0
592,2325,61.212,1,0.375,0.01,0.0
593,2329,61.212,1,0.375,0.01,0.0
594,2333,61.212,1,0.375,0.01,0.0
595,2337,61.212,1,0.375,0.01,0.0
596,2341,61.212,1,0.375,0.01,0.0
597,2344,61.212,1,0.375,0.01,0.0
598,2348,61.212,1,0.375,0.01,0.0
599,2353,61.212,1,0.375,0.01,0.0
600,2357,59.1994,1,0.375,0.01,0.0
601,2361,59.1994,1,0.375,0.01,0.0
602,2365,59.1994,1,0.375,0.01,0.0
603,2370,59.1994,1,0.375,0.01,0.0
604,2374,59.1994,1,0.375,0.01,0.0
605,2378,59.1994,1,0.375,0.01,0.0
606,2382,59.1994,1,0.375,0.01,0.0
607,2386,59.1994,1,0.375,0.01,0.0
608,2390,59.1994,1,0.375,0.01,0.0
609,2394,59.1994,1,0.375,0.01,0.0
610,2398,57.1868,1,0.375,0.01,0.0
611,2402,57.1868,1,0.375,0.01,0.0
612,2406,57.1868,1,0.375,0.01,0.0
613,2411,57.1868,1,0.375,0.01,0.0
614,2415,57.1868,1,0.375,0.01,0.0
615,2419,57.1868,1,0.375,0.01,0.0
616,2423,57.1868,1,0.375,0.01,0.0
617,2427,57.1868,1,0.375,0.01,0.0
618,2432,57.1868,1,0.375,0.01,0.0
619,2436,57.1868,1,0.375,0.01,0.0
620,2440,55.0761,1,0.375,0.01,0.0
621,2444,55.0761,1,0.375,0.01,0.0
622,2448,55.0761,1,0.375,0.01,0.0
623,2452,55.0761,1,0.375,0.01,0.0
624,2457,55.0761,1,0.375,0.01,0.0
625,2461,55.0761,1,0.375,0.01,0.0
626,2466,55.0761,1,0.375,0.01,0.0
627,2470,55.0761,1,0.375,0.01,0.0
628,2474,55.0761,1,0.375,0.01,0.0
629,2478,55.0761,1,0.375,0.01,0.0
630,2483,53.0144,1,0.375,0.01,0.0
631,2487,53.0144,1,0.375,0.01,0.0
632,2492,53.0144,1,0.375,0.01,0.0
633,2496,53.0144,1,0.375,0.01,0.0
634,2501,53.0144,1,0.375,0.01,0.0
635,2505,53.0144,1,0.375,0.01,0.0
636,2509,53.0144,1,0.375,0.01,0.0
637,2514,53.0144,1,0.375,0.01,0.0
638,2518,53.0144,1,0.375,0.01,0.0
639,2522,53.0144,1,0.375,0.01,0.0
640,2526,50.6582,1,0.375,0.01,0.0
641,2530,50.6582,1,0.375,0.01,0.0
642,2534,50.6582,1,0.375,0.01,0.0
643,2540,50.6582,1,0.375,0.01,0.0
644,2544,50.6582,1,0.375,0.01,0.0
645,2548,50.6582,1,0.375,0.01,0.0
646,2552,50.6582,1,0.375,0.01,0.0
647,2556,50.6582,1,0.375,0.01,0.0
648,2560,50.6582,1,0.375,0.01,0.0
649,2565,50.6582,1,0.375,0.01,0.0
650,2569,48.6456,1,0.375,0.01,0.0
651,2573,48.6456,1,0.375,0.01,0.0
652,2578,48.6456,1,0.375,0.01,0.0
653,2582,48.6456,1,0.375,0.01,0.0
654,2586,48.6456,1,0.375,0.01,0.0
655,2591,48.6456,1,0.375,0.01,0.0
656,2595,48.6456,1,0.375,0.01,0.0
657,2600,48.6456,1,0.375,0.01,0.0
658,2604,48.6456,1,0.375,0.01,0.0
659,2608,48.6456,1,0.375,0.01,0.0
660,2612,46.633,1,0.375,0.01,0.0
661,2616,46.633,1,0.375,0.01,0.0
662,2621,46.633,1,0.375,0.01,0.0
663,2625,46.633,1,0.375,0.01,0.0
664,2629,46.633,1,0.375,0.01,0.0
665,2633,46.633,1,0.375,0.01,0.0
666,2637,46.633,1,0.375,0.01,0.0
667,2641,46.633,1,0.375,0.01,0.0
668,2645,46.633,1,0.375,0.01,0.0
669,2649,46.633,1,0.375,0.01,0.0
670,2653,44.6695,1,0.375,0.01,0.0
671,2657,44.6695,1,0.375,0.01,0.0
672,2662,44.6695,1,0.375,0.01,0.0
673,2667,44.6695,1,0.375,0.01,0.0
674,2671,44.6695,1,0.375,0.01,0.0
675,2675,44.6695,1,0.375,0.01,0.0
676,2679,44.6695,1,0.375,0.01,0.0
677,2684,44.6695,1,0.375,0.01,0.0
678,2688,44.6695,1,0.375,0.01,0.0
679,2693,44.6695,1,0.375,0.01,0.0
680,2697,42.3624,1,0.375,0.01,0.0
681,2701,42.3624,1,0.375,0.01,0.0
682,2705,42.3624,1,0.375,0.01,0.0
683,2709,42.3624,1,0.375,0.01,0.0
684,2715,42.3624,1,0.375,0.01,0.0
685,2719,42.3624,1,0.375,0.01,0.0
686,2723,42.3624,1,0.375,0.01,0.0
687,2727,42.3624,1,0.375,0.01,0.0
688,2732,42.3624,1,0.375,0.01,0.0
689,2736,42.3624,1,0.375,0.01,0.0
690,2739,40.2026,1,0.375,0.01,0.0
691,2743,40.2026,1,0.375,0.01,0.0
692,2748,40.2026,1,0.375,0.01,0.0
693,2752,40.2026,1,0.375,0.01,0.0
694,2757,40.2026,1,0.375,0.01,0.0
695,2761,40.2026,1,0.375,0.01,0.0
696,2765,40.2026,1,0.375,0.01,0.0
697,2769,40.2026,1,0.375,0.01,0.0
698,2773,40.2026,1,0.375,0.01,0.0
699,2777,40.2026,1,0.375,0.01,0.0
700,2781,38.4354,1,0.375,0.01,0.0
701,2785,38.4354,1,0.375,0.01,0.0
702,2789,38.4354,1,0.375,0.01,0.0
703,2793,38.4354,1,0.375,0.01,0.0
704,2799,38.4354,1,0.375,0.01,0.0
705,2803,38.4354,1,0.375,0.01,0.0
706,2807,38.4354,1,0.375,0.01,0.0
707,2811,38.4354,1,0.375,0.01,0.0
708,2815,38.4354,1,0.375,0.01,0.0
709,2819,38.4354,1,0.375,0.01,0.0
710,2823,36.1774,1,0.375,0.01,0.0
711,2827,36.1774,1,0.375,0.01,0.0
712,2832,36.1774,1,0.375,0.01,0.0
713,2836,36.1774,1,0.375,0.01,0.0
714,2841,36.1774,1,0.375,0.01,0.0
715,2845,36.1774,1,0.375,0.01,0.0
716,2850,36.1774,1,0.375,0.01,0.0
717,2854,36.1774,1,0.375,0.01,0.0
718,2858,36.1774,1,0.375,0.01,0.0
719,2863,36.1774,1,0.375,0.01,0.0
720,2867,34.0666,1,0.375,0.01,0.0
721,2871,34.0666,1,0.375,0.01,0.0
722,2875,34.0666,1,0.375,0.01,0.0
723,2879,34.0666,1,0.375,0.01,0.0
724,2884,34.0666,1,0.375,0.01,0.0
725,2889,34.0666,1,0.375,0.01,0.0
726,2893,34.0666,1,0.375,0.01,0.0
727,2898,34.0666,1,0.375,0.01,0.0
728,2902,34.0666,1,0.375,0.01,0.0
729,2906,34.0666,1,0.375,0.01,0.0
730,2910,31.9559,1,0.375,0.01,0.0
731,2915,31.9559,1,0.375,0.01,0.0
732,2919,31.9559,1,0.375,0.01,0.0
733,2924,31.9559,1,0.375,0.01,0.0
734,2928,31.9559,1,0.375,0.01,0.0
735,2932,31.9559,1,0.375,0.01,0.0
736,2936,31.9559,1,0.375,0.01,0.0
737,2940,31.9559,1,0.375,0.01,0.0
738,2944,31.9559,1,0.375,0.01,0.0
739,2948,31.9559,1,0.375,0.01,0.0
740,2952,29.9433,1,0.375,0.01,0.0
741,2956,29.9433,1,0.375,0.01,0.0
742,2960,29.9433,1,0.375,0.01,0.0
743,2966,29.9433,1,0.375,0.01,0.0
744,2970,29.9433,1,0.375,0.01,0.0
745,2974,29.9433,1,0.375,0.01,0.0
746,2978,29.9433,1,0.375,0.01,0.0
747,2982,29.9433,1,0.375,0.01,0.0
748,2986,29.9433,1,0.375,0.01,0.0
749,2990,29.9433,1,0.375,0.01,0.0
750,2994,27.8817,1,0.375,0.01,0.0
751,2999,27.8817,1,0.375,0.01,0.0
752,3004,27.8817,1,0.375,0.01,0.0
753,3008,27.8817,1,0.375,0.01,0.0
754,3012,27.8817,1,0.375,0.01,0.0
755,3016,27.8817,1,0.375,0.01,0.0
756,3020,27.8817,1,0.375,0.01,0.0
757,3024,27.8817,1,0.375,0.01,0.0
758,3028,27.8817,1,0.375,0.01,0.0
759,3032,27.8817,1,0.375,0.01,0.0
760,3036,25.7218,1,0.375,0.01,0.0
761,3040,25.7218,1,0.375,0.01,0.0
762,3044,25.7218,1,0.375,0.01,0.0
763,3049,25.7218,1,0.375,0.01,0.0
764,3053,25.7218,1,0.375,0.01,0.0
765,3057,25.7218,1,0.375,0.01,0.0
766,3062,25.7218,1,0.375,0.01,0.0
767,3066,25.7218,1,0.375,0.01,0.0
768,3070,25.7218,1,0.375,0.01,0.0
769,3074,25.7218,1,0.375,0.01,0.0
770,3079,23.7092,1,0.375,0.01,0.0
771,3084,23.7092,1,0.375,0.01,0.0
772,3089,23.7092,1,0.375,0.01,0.0
773,3093,23.7092,1,0.375,0.01,0.0
774,3098,23.7092,1,0.375,0.01,0.0
775,3102,23.7092,1,0.375,0.01,0.0
776,3106,23.7092,1,0.375,0.01,0.0
777,3110,23.7092,1,0.375,0.01,0.0
778,3114,23.7092,1,0.375,0.01,0.0
779,3118,23.7092,1,0.375,0.01,0.0
780,3123,21.4512,1,0.375,0.01,0.0
781,3127,21.4512,1,0.375,0.01,0.0
782,3132,21.4512,1,0.375,0.01,0.0
783,3136,21.4512,1,0.375,0.01,0.0
784,3141,21.4512,1,0.375,0.01,0.0
785,3145,21.4512,1,0.375,0.01,0.0
786,3149,21.4512,1,0.375,0.01,0.0
787,3153,21.4512,1,0.375,0.01,0.0
788,3157,21.4512,1,0.375,0.01,0.0
789,3161,21.4512,1,0.375,0.01,0.0
790,3166,19.3895,1,0.375,0.01,0.0
791,3170,19.3895,1,0.375,0.01,0.0
792,3174,19.3895,1,0.375,0.01,0.0
793,3178,19.3895,1,0.375,0.01,0.0
794,3183,19.3895,1,0.375,0.01,0.0
795,3187,19.3895,1,0.375,0.01,0.0
796,3191,19.3895,1,0.375,0.01,0.0
797,3196,19.3895,1,0.375,0.01,0.0
798,3200,19.3895,1,0.375,0.01,0.0
799,3205,19.3895,1,0.375,0.01,0.0
800,3209,17.2788,1,0.375,0.01,0.0
801,3213,17.2788,1,0.375,0.01,0.0
802,3217,17.2788,1,0.375,0.01,0.0
803,3221,17.2788,1,0.375,0.01,0.0
804,3225,17.2788,1,0.375,0.01,0.0
805,3229,17.2788,1,0.375,0.01,0.0
806,3233,17.2788,1,0.375,0.01,0.0
807,3238,17.2788,1,0.375,0.01,0.0
808,3242,17.2788,1,0.375,0.01,0.0
809,3247,17.2788,1,0.375,0.01,0.0
810,3252,15.168,1,0.375,0.01,0.0
811,3256,15.168,1,0.375,0.01,0.0
812,3260,15.168,1,0.375,0.01,0.0
813,3265,15.168,1,0.375,0.01,0.0
814,3269,15.168,1,0.375,0.01,0.0
815,3273,15.168,1,0.375,0.01,0.0
816,3277,15.168,1,0.375,0.01,0.0
817,3283,15.168,1,0.375,0.01,0.0
818,3287,15.168,1,0.375,0.01,0.0
819,3292,15.168,1,0.375,0.01,0.0
820,3296,12.9591,1,0.375,0.01,0.0
821,3300,12.9591,1,0.375,0.01,0.0
822,3304,12.9591,1,0.375,0.01,0.0
823,3308,12.9591,1,0.375,0.01,0.0
824,3312,12.9591,1,0.375,0.01,0.0
825,3316,12.9591,1,0.375,0.01,0.0
826,3321,12.9591,1,0.375,0.01,0.0
827,3325,12.9591,1,0.375,0.01,0.0
828,3329,12.9591,1,0.375,0.01,0.0
829,3333,12.9591,1,0.375,0.01,0.0
830,3337,11.0938,1,0.375,0.01,0.0
831,3341,11.0938,1,0.375,0.01,0.0
832,3345,11.0938,1,0.375,0.01,0.0
833,3349,11.0938,1,0.375,0.01,0.0
834,3353,11.0938,1,0.375,0.01,0.0
835,3357,11.0938,1,0.375,0.01,0.0
836,3361,11.0938,1,0.375,0.01,0.0
837,3366,11.0938,1,0.375,0.01,0.0
838,3370,11.0938,1,0.375,0.01,0.0
839,3374,11.0938,1,0.375,0.01,0.0
840,3378,9.0812,1,0.375,0.01,0.0
841,3382,9.0812,1,0.375,0.01,0.0
842,3386,9.0812,1,0.375,0.01,0.0
843,3389,9.0812,1,0.375,0.01,0.0
844,3393,9.0812,1,0.375,0.01,0.0
845,3397,9.0812,1,0.375,0.01,0.0
846,3401,9.0812,1,0.375,0.01,0.0
847,3405,9.0812,1,0.375,0.01,0.0
848,3409,9.0812,1,0.375,0.01,0.0
849,3413,9.0812,1,0.375,0.01,0.0
850,3417,7.2649,1,0.375,0.01,0.0
851,3421,7.2649,1,0.375,0.01,0.0
852,3424,7.2649,1,0.375,0.01,0.0
853,3428,7.2649,1,0.375,0.01,0.0
854,3432,7.2649,1,0.375,0.01,0.0
855,3435,7.2649,1,0.375,0.01,0.0
856,3439,7.2649,1,0.375,0.01,0.0
857,3442,7.2649,1,0.375,0.01,0.0
858,3446,7.2649,1,0.375,0.01,0.0
859,3450,7.2649,1,0.375,0.01,0.0
860,3453,5.5469,1,0.375,0.01,0.0
861,3457,5.5469,1,0.375,0.01,0.0
862,3460,5.5469,1,0.375,0.01,0.0
863,3463,5.5469,1,0.375,0.01,0.0
864,3467,5.5469,1,0.375,0.01,0.0
865,3470,5.5469,1,0.375,0.01,0.0
866,3473,5.5469,1,0.375,0.01,0.0
867,3476,5.5469,1,0.375,0.01,0.0
868,3480,5.5469,1,0.375,0.01,0.0
869,3483,5.5469,1,0.375,0.01,0.0
870,3486,4.1233,1,0.375,0.01,0.0
871,3489,4.1233,1,0.375,0.01,0.0
872,3492,4.1233,1,0.375,0.01,0.0
873,3494,4.1233,1,0.375,0.01,0.0
874,3497,4.1233,1,0.375,0.01,0.0
875,3500,4.1233,1,0.375,0.01,0.0
876,3503,4.1233,1,0.375,0.01,0.0
877,3506,4.1233,1,0.375,0.01,0.0
878,3509,4.1233,1,0.375,0.01,0.0
879,3511,4.1233,1,0.375,0.01,0.0
880,3514,2.9943,1,0.375,0.01,0.0
881,3516,2.9943,1,0.375,0.01,0.0
882,3519,2.9943,1,0.375,0.01,0.0
883,3521,2.9943,1,0.375,0.01,0.0
884,3524,2.9943,1,0.375,0.01,0.0
885,3526,2.9943,1,0.375,0.01,0.0
886,3529,2.9943,1,0.375,0.01,0.0
887,3531,2.9943,1,0.375,0.01,0.0
888,3533,2.9943,1,0.375,0.01,0.0
889,3535,2.9943,1,0.375,0.01,0.0
890,3537,2.0126,1,0.375,0.01,0.0
891,3540,2.0126,1,0.375,0.01,0.0
892,3542,2.0126,1,0.375,0.01,0.0
893,3544,2.0126,1,0.375,0.01,0.0
894,3546,2.0126,1,0.375,0.01,0.0
895,3547,2.0126,1,0.375,0.01,0.0
896,3549,2.0126,1,0.375,0.01,0.0
897,3551,2.0126,1,0.375,0.01,0.0
898,3553,2.0126,1,0.375,0.01,0.0
899,3555,2.0126,1,0.375,0.01,0.0
900,3557,1.2272,1,0.375,0.01,0.0
901,3558,1.2272,1,0.375,0.01,0.0
902,3560,1.2272,1,0.375,0.01,0.0
903,3561,1.2272,1,0.375,0.01,0.0
904,3563,1.2272,1,0.375,0.01,0.0
905,3564,1.2272,1,0.375,0.01,0.0
906,3566,1.2272,1,0.375,0.01,0.0
907,3567,1.2272,1,0.375,0.01,0.0
908,3569,1.2272,1,0.375,0.01,0.0
909,3570,1.2272,1,0.375,0.01,0.0
910,3571,0.7363,1,0.375,0.01,0.0
911,3572,0.7363,1,0.375,0.01,0.0
912,3574,0.7363,1,0.375,0.01,0.0
913,3575,0.7363,1,0.375,0.01,0.0
914,3576,0.7363,1,0.375,0.01,0.0
915,3577,0.7363,1,0.375,0.01,0.0
916,3578,0.7363,1,0.375,0.01,0.0
917,3579,0.7363,1,0.375,0.01,0.0
918,3580,0.7363,1,0.375,0.01,0.0
919,3581,0.7363,1,0.375,0.01,0.0
920,3582,0.3927,1,0.375,0.01,0.0
921,3583,0.3927,1,0.375,0.01,0.0
922,3584,0.3927,1,0.375,0.01,0.0
923,3585,0.3927,1,0.375,0.01,0.0
924,3585,0.3927,1,0.375,0.01,0.0
925,3586,0.3927,1,0.375,0.01,0.0
926,3587,0.3927,1,0.375,0.01,0.0
927,3588,0.3927,1,0.375,0.01,0.0
928,3588,0.3927,1,0.375,0.01,0.0
929,3589,0.3927,1,0.375,0.01,0.0
930,3590,0.1473,1,0.375,0.01,0.0
931,3590,0.1473,1,0.375,0.01,0.0
932,3591,0.1473,1,0.375,0.01,0.0
933,3591,0.1473,1,0.375,0.01,0.0
934,3592,0.1473,1,0.375,0.01,0.0
935,3592,0.1473,1,0.375,0.01,0.0
936,3593,0.1473,1,0.375,0.01,0.0
937,3593,0.1473,1,0.375,0.01,0.0
938,3594,0.1473,1,0.375,0.01,0.0
939,3594,0.1473,1,0.375,0.01,0.0
940,3595,0.0491,1,0.375,0.01,0.0
941,3595,0.0491,1,0.375,0.01,0.0
942,3595,0.0491,1,0.375,0.01,0.0
943,3596,0.0491,1,0.375,0.01,0.0
944,3596,0.0491,1,0.375,0.01,0.0
945,3596,0.0491,1,0.375,0.01,0.0
946,3597,0.0491,1,0.375,0.01,0.0
947,3597,0.0491,1,0.375,0.01,0.0
948,3597,0.0491,1,0.375,0.01,0.0
949,3597,0.0491,1,0.375,0.01,0.0
950,3598,0.0,1,0.375,0.01,0.0
951,3598,0.0,1,0.375,0.01,0.0
952,3598,0.0,1,0.375,0.01,0.0
953,3598,0.0,1,0.375,0.01,0.0
954,3599,0.0,1,0.375,0.01,0.0
955,3599,0.0,1,0.375,0.01,0.0
956,3599,0.0,1,0.375,0.01,0.0
957,3599,0.0,1,0.375,0.01,0.0
958,3599,0.0,1,0.375,0.01,0.0
959,3599,0.0,1,0.375,0.01,0.0
960,3599,-0.0491,1,0.375,0.01,0.0
961,3600,-0.0491,1,0.375,0.01,0.0
962,3600,-0.0491,1,0.375,0.01,0.0
963,3600,-0.0491,1,0.375,0.01,0.0
964,3600,-0.0491,1,0.375,0.01,0.0
965,3600,-0.0491,1,0.375,0.01,0.0
966,3600,-0.0491,1,0.375,0.01,0.0
967,3600,-0.0491,1,0.375,0.01,0.0
968,3600,-0.0491,1,0.375,0.01,0.0
969,3601,-0.0491,1,0.375,0.01,0.0
970,3601,-0.1473,1,0.375,0.01,0.0
971,3601,-0.1473,1,0.375,0.01,0.0
972,3601,-0.1473,1,0.375,0.01,0.0
973,3601,-0.1473,1,0.375,0.01,0.0
974,3601,-0.1473,1,0.375,0.01,0.0
975,3601,-0.1473,1,0.375,0.01,0.0
976,3601,-0.1473,1,0.375,0.01,0.0
977,3601,-0.1473,1,0.375,0.01,0.0
978,3601,-0.1473,1,0.375,0.01,0.0
979,3601,-0.1473,1,0.375,0.01,0.0
980,3602,-0.0491,1,0.375,0.01,0.0
981,3602,-0.0491,1,0.375,0.01,0.0
982,3602,-0.0491,1,0.375,0.01,0.0
983,3602,-0.0491,1,0.375,0.01,0.0
984,3602,-0.0491,1,0.375,0.01,0.0
985,3602,-0.0491,1,0.375,0.01,0.0
986,3602,-0.0491,1,0.375,0.01,0.0
987,3602,-0.0491,1,0.375,0.01,0.0
988,3602,-0.0491,1,0.375,0.01,0.0
989,3602,-0.0491,1,0.375,0.01,0.0
990,3602,-0.1473,1,0.375,0.01,0.0
991,3602,-0.1473,1,0.375,0.01,0.0
992,3602,-0.1473,1,0.375,0.01,0.0
993,3602,-0.1473,1,0.375,0.01,0.0
994,3602,-0.1473,1,0.375,0.01,0.0
995,3602,-0.1473,1,0.375,0.01,0.0
996,3602,-0.1473,1,0.375,0.01,0.0
997,3602,-0.1473,1,0.375,0.01,0.0
998,3602,-0.1473,1,0.375,0.01,0.0
999,3602,-0.1473,1,0.375,0.01,0.0
1000,3601,-0.0982,1,0.375,0.01,0.0
1001,3601,-0.0982,1,0.375,0.01,0.0
1002,3601,-0.0982,1,0.375,0.01,0.0
1003,3601,-0.0982,1,0.375,0.01,0.0
1004,3601,-0.0982,1,0.375,0.01,0.0
1005,3601,-0.0982,1,0.375,0.01,0.0
1006,3601,-0.0982,1,0.375,0.01,0.0
1007,3601,-0.0982,1,0.375,0.01,0.0
1008,3601,-0.0982,1,0.375,0.01,0.0
1009,3601,-0.0982,1,0.375,0.01,0.0
