TIME,PULSES,CONTROLLERVOLTAGE,CONTROLLER,KP,TAUD,TAUI 
0,0,0.0,1,1.5,0.005,0.0
1,0,0.0,1,1.5,0.005,0.0
2,0,0.0,1,1.5,0.005,0.0
3,0,0.0,1,1.5,0.005,0.0
4,0,0.0,1,1.5,0.005,0.0
5,0,0.0,1,1.5,0.005,0.0
6,0,0.0,1,1.5,0.005,0.0
7,0,0.0,1,1.5,0.005,0.0
8,0,0.0,1,1.5,0.005,0.0
9,0,0.0,1,1.5,0.005,0.0
10,0,1060.3857,1,1.5,0.005,0.0
11,0,1060.3857,1,1.5,0.005,0.0
12,0,1060.3857,1,1.5,0.005,0.0
13,0,1060.3857,1,1.5,0.005,0.0
14,1,1060.3857,1,1.5,0.005,0.0
15,1,1060.3857,1,1.5,0.005,0.0
16,2,1060.3857,1,1.5,0.005,0.0
17,3,1060.3857,1,1.5,0.005,0.0
18,4,1060.3857,1,1.5,0.005,0.0
19,5,1060.3857,1,1.5,0.005,0.0
20,6,705.3857,1,1.5,0.005,0.0
21,8,705.3857,1,1.5,0.005,0.0
22,9,705.3857,1,1.5,0.005,0.0
23,11,705.3857,1,1.5,0.005,0.0
24,12,705.3857,1,1.5,0.005,0.0
25,14,705.3857,1,1.5,0.005,0.0
26,16,705.3857,1,1.5,0.005,0.0
27,18,705.3857,1,1.5,0.005,0.0
28,20,705.3857,1,1.5,0.005,0.0
29,22,705.3857,1,1.5,0.005,0.0
30,24,700.8698,1,1.5,0.005,0.0
31,26,700.8698,1,1.5,0.005,0.0
32,28,700.8698,1,1.5,0.005,0.0
33,31,700.8698,1,1.5,0.005,0.0
34,33,700.8698,1,1.5,0.005,0.0
35,36,700.8698,1,1.5,0.005,0.0
36,38,700.8698,1,1.5,0.005,0.0
37,41,700.8698,1,1.5,0.005,0.0
38,43,700.8698,1,1.5,0.005,0.0
39,46,700.8698,1,1.5,0.005,0.0
40,49,695.4701,1,1.5,0.005,0.0
41,52,695.4701,1,1.5,0.005,0.0
42,54,695.4701,1,1.5,0.005,0.0
43,57,695.4701,1,1.5,0.005,0.0
44,60,695.4701,1,1.5,0.005,0.0
45,63,695.4701,1,1.5,0.005,0.0
46,66,695.4701,1,1.5,0.005,0.0
47,69,695.4701,1,1.5,0.005,0.0
48,72,695.4701,1,1.5,0.005,0.0
49,75,695.4701,1,1.5,0.005,0.0
50,79,688.9906,1,1.5,0.005,0.0
51,82,688.9906,1,1.5,0.005,0.0
52,85,688.9906,1,1.5,0.005,0.0
53,88,688.9906,1,1.5,0.005,0.0
54,92,688.9906,1,1.5,0.005,0.0
55,95,688.9906,1,1.5,0.005,0.0
56,98,688.9906,1,1.5,0.005,0.0
57,102,688.9906,1,1.5,0.005,0.0
58,105,688.9906,1,1.5,0.005,0.0
59,108,688.9906,1,1.5,0.005,0.0
60,112,682.2166,1,1.5,0.005,0.0
61,115,682.2166,1,1.5,0.005,0.0
62,119,682.2166,1,1.5,0.005,0.0
63,122,682.2166,1,1.5,0.005,0.0
64,126,682.2166,1,1.5,0.005,0.0
65,130,682.2166,1,1.5,0.005,0.0
66,134,682.2166,1,1.5,0.005,0.0
67,138,682.2166,1,1.5,0.005,0.0
68,141,682.2166,1,1.5,0.005,0.0
69,145,682.2166,1,1.5,0.005,0.0
70,149,674.8534,1,1.5,0.005,0.0
71,153,674.8534,1,1.5,0.005,0.0
72,157,674.8534,1,1.5,0.005,0.0
73,160,674.8534,1,1.5,0.005,0.0
74,165,674.8534,1,1.5,0.005,0.0
75,169,674.8534,1,1.5,0.005,0.0
76,172,674.8534,1,1.5,0.005,0.0
77,176,674.8534,1,1.5,0.005,0.0
78,180,674.8534,1,1.5,0.005,0.0
79,184,674.8534,1,1.5,0.005,0.0
80,187,666.9013,1,1.5,0.005,0.0
81,191,666.9013,1,1.5,0.005,0.0
82,195,666.9013,1,1.5,0.005,0.0
83,199,666.9013,1,1.5,0.005,0.0
84,203,666.9013,1,1.5,0.005,0.0
85,207,666.9013,1,1.5,0.005,0.0
86,210,666.9013,1,1.5,0.005,0.0
87,215,666.9013,1,1.5,0.005,0.0
88,219,666.9013,1,1.5,0.005,0.0
89,223,666.9013,1,1.5,0.005,0.0
90,227,659.2436,1,1.5,0.005,0.0
91,231,659.2436,1,1.5,0.005,0.0
92,234,659.2436,1,1.5,0.005,0.0
93,238,659.2436,1,1.5,0.005,0.0
94,242,659.2436,1,1.5,0.005,0.0
95,246,659.2436,1,1.5,0.005,0.0
96,250,659.2436,1,1.5,0.005,0.0
97,254,659.2436,1,1.5,0.005,0.0
98,258,659.2436,1,1.5,0.005,0.0
99,263,659.2436,1,1.5,0.005,0.0
100,267,651.2915,1,1.5,0.005,0.0
101,272,651.2915,1,1.5,0.005,0.0
102,275,651.2915,1,1.5,0.005,0.0
103,280,651.2915,1,1.5,0.005,0.0
104,284,651.2915,1,1.5,0.005,0.0
105,288,651.2915,1,1.5,0.005,0.0
106,292,651.2915,1,1.5,0.005,0.0
107,296,651.2915,1,1.5,0.005,0.0
108,300,651.2915,1,1.5,0.005,0.0
109,304,651.2915,1,1.5,0.005,0.0
110,308,642.8484,1,1.5,0.005,0.0
111,313,642.8484,1,1.5,0.005,0.0
112,317,642.8484,1,1.5,0.005,0.0
113,321,642.8484,1,1.5,0.005,0.0
114,325,642.8484,1,1.5,0.005,0.0
115,330,642.8484,1,1.5,0.005,0.0
116,334,642.8484,1,1.5,0.005,0.0
117,338,642.8484,1,1.5,0.005,0.0
118,342,642.8484,1,1.5,0.005,0.0
119,346,642.8484,1,1.5,0.005,0.0
120,350,634.8963,1,1.5,0.005,0.0
121,354,634.8963,1,1.5,0.005,0.0
122,358,634.8963,1,1.5,0.005,0.0
123,362,634.8963,1,1.5,0.005,0.0
124,366,634.8963,1,1.5,0.005,0.0
125,371,634.8963,1,1.5,0.005,0.0
126,375,634.8963,1,1.5,0.005,0.0
127,379,634.8963,1,1.5,0.005,0.0
128,383,634.8963,1,1.5,0.005,0.0
129,387,634.8963,1,1.5,0.005,0.0
130,391,626.8459,1,1.5,0.005,0.0
131,395,626.8459,1,1.5,0.005,0.0
132,399,626.8459,1,1.5,0.005,0.0
133,403,626.8459,1,1.5,0.005,0.0
134,407,626.8459,1,1.5,0.005,0.0
135,411,626.8459,1,1.5,0.005,0.0
136,415,626.8459,1,1.5,0.005,0.0
137,420,626.8459,1,1.5,0.005,0.0
138,424,626.8459,1,1.5,0.005,0.0
139,428,626.8459,1,1.5,0.005,0.0
140,432,618.501,1,1.5,0.005,0.0
141,436,618.501,1,1.5,0.005,0.0
142,440,618.501,1,1.5,0.005,0.0
143,445,618.501,1,1.5,0.005,0.0
144,449,618.501,1,1.5,0.005,0.0
145,453,618.501,1,1.5,0.005,0.0
146,457,618.501,1,1.5,0.005,0.0
147,461,618.501,1,1.5,0.005,0.0
148,465,618.501,1,1.5,0.005,0.0
149,469,618.501,1,1.5,0.005,0.0
150,473,610.8434,1,1.5,0.005,0.0
151,478,610.8434,1,1.5,0.005,0.0
152,482,610.8434,1,1.5,0.005,0.0
153,486,610.8434,1,1.5,0.005,0.0
154,490,610.8434,1,1.5,0.005,0.0
155,494,610.8434,1,1.5,0.005,0.0
156,498,610.8434,1,1.5,0.005,0.0
157,502,610.8434,1,1.5,0.005,0.0
158,506,610.8434,1,1.5,0.005,0.0
159,511,610.8434,1,1.5,0.005,0.0
160,515,602.1059,1,1.5,0.005,0.0
161,518,602.1059,1,1.5,0.005,0.0
162,522,602.1059,1,1.5,0.005,0.0
163,527,602.1059,1,1.5,0.005,0.0
164,531,602.1059,1,1.5,0.005,0.0
165,535,602.1059,1,1.5,0.005,0.0
166,540,602.1059,1,1.5,0.005,0.0
167,544,602.1059,1,1.5,0.005,0.0
168,548,602.1059,1,1.5,0.005,0.0
169,552,602.1059,1,1.5,0.005,0.0
170,556,594.5464,1,1.5,0.005,0.0
171,561,594.5464,1,1.5,0.005,0.0
172,565,594.5464,1,1.5,0.005,0.0
173,569,594.5464,1,1.5,0.005,0.0
174,573,594.5464,1,1.5,0.005,0.0
175,577,594.5464,1,1.5,0.005,0.0
176,581,594.5464,1,1.5,0.005,0.0
177,585,594.5464,1,1.5,0.005,0.0
178,589,594.5464,1,1.5,0.005,0.0
179,594,594.5464,1,1.5,0.005,0.0
180,598,586.1034,1,1.5,0.005,0.0
181,602,586.1034,1,1.5,0.005,0.0
182,606,586.1034,1,1.5,0.005,0.0
183,610,586.1034,1,1.5,0.005,0.0
184,614,586.1034,1,1.5,0.005,0.0
185,618,586.1034,1,1.5,0.005,0.0
186,622,586.1034,1,1.5,0.005,0.0
187,626,586.1034,1,1.5,0.005,0.0
188,630,586.1034,1,1.5,0.005,0.0
189,634,586.1034,1,1.5,0.005,0.0
190,638,578.4458,1,1.5,0.005,0.0
191,642,578.4458,1,1.5,0.005,0.0
192,646,578.4458,1,1.5,0.005,0.0
193,650,578.4458,1,1.5,0.005,0.0
194,654,578.4458,1,1.5,0.005,0.0
195,658,578.4458,1,1.5,0.005,0.0
196,663,578.4458,1,1.5,0.005,0.0
197,667,578.4458,1,1.5,0.005,0.0
198,671,578.4458,1,1.5,0.005,0.0
199,675,578.4458,1,1.5,0.005,0.0
200,679,570.2973,1,1.5,0.005,0.0
201,683,570.2973,1,1.5,0.005,0.0
202,687,570.2973,1,1.5,0.005,0.0
203,691,570.2973,1,1.5,0.005,0.0
204,695,570.2973,1,1.5,0.005,0.0
205,699,570.2973,1,1.5,0.005,0.0
206,704,570.2973,1,1.5,0.005,0.0
207,708,570.2973,1,1.5,0.005,0.0
208,712,570.2973,1,1.5,0.005,0.0
209,716,570.2973,1,1.5,0.005,0.0
210,721,561.9525,1,1.5,0.005,0.0
211,725,561.9525,1,1.5,0.005,0.0
212,730,561.9525,1,1.5,0.005,0.0
213,734,561.9525,1,1.5,0.005,0.0
214,738,561.9525,1,1.5,0.005,0.0
215,742,561.9525,1,1.5,0.005,0.0
216,746,561.9525,1,1.5,0.005,0.0
217,750,561.9525,1,1.5,0.005,0.0
218,754,561.9525,1,1.5,0.005,0.0
219,758,561.9525,1,1.5,0.005,0.0
220,762,553.7057,1,1.5,0.005,0.0
221,766,553.7057,1,1.5,0.005,0.0
222,770,553.7057,1,1.5,0.005,0.0
223,774,553.7057,1,1.5,0.005,0.0
224,778,553.7057,1,1.5,0.005,0.0
225,783,553.7057,1,1.5,0.005,0.0
226,787,553.7057,1,1.5,0.005,0.0
227,791,553.7057,1,1.5,0.005,0.0
228,795,553.7057,1,1.5,0.005,0.0
229,799,553.7057,1,1.5,0.005,0.0
230,803,546.0481,1,1.5,0.005,0.0
231,807,546.0481,1,1.5,0.005,0.0
232,813,546.0481,1,1.5,0.005,0.0
233,817,546.0481,1,1.5,0.005,0.0
234,821,546.0481,1,1.5,0.005,0.0
235,825,546.0481,1,1.5,0.005,0.0
236,829,546.0481,1,1.5,0.005,0.0
237,834,546.0481,1,1.5,0.005,0.0
238,838,546.0481,1,1.5,0.005,0.0
239,842,546.0481,1,1.5,0.005,0.0
240,846,537.3105,1,1.5,0.005,0.0
241,850,537.3105,1,1.5,0.005,0.0
242,854,537.3105,1,1.5,0.005,0.0
243,858,537.3105,1,1.5,0.005,0.0
244,861,537.3105,1,1.5,0.005,0.0
245,865,537.3105,1,1.5,0.005,0.0
246,870,537.3105,1,1.5,0.005,0.0
247,874,537.3105,1,1.5,0.005,0.0
248,878,537.3105,1,1.5,0.005,0.0
249,883,537.3105,1,1.5,0.005,0.0
250,888,529.162,1,1.5,0.005,0.0
251,892,529.162,1,1.5,0.005,0.0
252,896,529.162,1,1.5,0.005,0.0
253,901,529.162,1,1.5,0.005,0.0
254,905,529.162,1,1.5,0.005,0.0
255,909,529.162,1,1.5,0.005,0.0
256,913,529.162,1,1.5,0.005,0.0
257,918,529.162,1,1.5,0.005,0.0
258,922,529.162,1,1.5,0.005,0.0
259,926,529.162,1,1.5,0.005,0.0
260,930,520.9153,1,1.5,0.005,0.0
261,934,520.9153,1,1.5,0.005,0.0
262,938,520.9153,1,1.5,0.005,0.0
263,943,520.9153,1,1.5,0.005,0.0
264,947,520.9153,1,1.5,0.005,0.0
265,952,520.9153,1,1.5,0.005,0.0
266,956,520.9153,1,1.5,0.005,0.0
267,959,520.9153,1,1.5,0.005,0.0
268,963,520.9153,1,1.5,0.005,0.0
269,968,520.9153,1,1.5,0.005,0.0
270,972,512.6686,1,1.5,0.005,0.0
271,976,512.6686,1,1.5,0.005,0.0
272,980,512.6686,1,1.5,0.005,0.0
273,985,512.6686,1,1.5,0.005,0.0
274,989,512.6686,1,1.5,0.005,0.0
275,994,512.6686,1,1.5,0.005,0.0
276,998,512.6686,1,1.5,0.005,0.0
277,1003,512.6686,1,1.5,0.005,0.0
278,1007,512.6686,1,1.5,0.005,0.0
279,1011,512.6686,1,1.5,0.005,0.0
280,1015,504.1275,1,1.5,0.005,0.0
281,1020,504.1275,1,1.5,0.005,0.0
282,1024,504.1275,1,1.5,0.005,0.0
283,1028,504.1275,1,1.5,0.005,0.0
284,1032,504.1275,1,1.5,0.005,0.0
285,1036,504.1275,1,1.5,0.005,0.0
286,1041,504.1275,1,1.5,0.005,0.0
287,1045,504.1275,1,1.5,0.005,0.0
288,1049,504.1275,1,1.5,0.005,0.0
289,1053,504.1275,1,1.5,0.005,0.0
290,1057,495.979,1,1.5,0.005,0.0
291,1061,495.979,1,1.5,0.005,0.0
292,1065,495.979,1,1.5,0.005,0.0
293,1070,495.979,1,1.5,0.005,0.0
294,1074,495.979,1,1.5,0.005,0.0
295,1078,495.979,1,1.5,0.005,0.0
296,1082,495.979,1,1.5,0.005,0.0
297,1086,495.979,1,1.5,0.005,0.0
298,1091,495.979,1,1.5,0.005,0.0
299,1095,495.979,1,1.5,0.005,0.0
300,1099,487.7323,1,1.5,0.005,0.0
301,1103,487.7323,1,1.5,0.005,0.0
302,1108,487.7323,1,1.5,0.005,0.0
303,1112,487.7323,1,1.5,0.005,0.0
304,1116,487.7323,1,1.5,0.005,0.0
305,1120,487.7323,1,1.5,0.005,0.0
306,1124,487.7323,1,1.5,0.005,0.0
307,1128,487.7323,1,1.5,0.005,0.0
308,1132,487.7323,1,1.5,0.005,0.0
309,1136,487.7323,1,1.5,0.005,0.0
310,1141,479.4856,1,1.5,0.005,0.0
311,1145,479.4856,1,1.5,0.005,0.0
312,1150,479.4856,1,1.5,0.005,0.0
313,1154,479.4856,1,1.5,0.005,0.0
314,1158,479.4856,1,1.5,0.005,0.0
315,1162,479.4856,1,1.5,0.005,0.0
316,1166,479.4856,1,1.5,0.005,0.0
317,1170,479.4856,1,1.5,0.005,0.0
318,1174,479.4856,1,1.5,0.005,0.0
319,1178,479.4856,1,1.5,0.005,0.0
320,1182,471.239,1,1.5,0.005,0.0
321,1187,471.239,1,1.5,0.005,0.0
322,1191,471.239,1,1.5,0.005,0.0
323,1195,471.239,1,1.5,0.005,0.0
324,1200,471.239,1,1.5,0.005,0.0
325,1204,471.239,1,1.5,0.005,0.0
326,1209,471.239,1,1.5,0.005,0.0
327,1213,471.239,1,1.5,0.005,0.0
328,1218,471.239,1,1.5,0.005,0.0
329,1222,471.239,1,1.5,0.005,0.0
330,1226,462.4032,1,1.5,0.005,0.0
331,1230,462.4032,1,1.5,0.005,0.0
332,1236,462.4032,1,1.5,0.005,0.0
333,1240,462.4032,1,1.5,0.005,0.0
334,1244,462.4032,1,1.5,0.005,0.0
335,1248,462.4032,1,1.5,0.005,0.0
336,1252,462.4032,1,1.5,0.005,0.0
337,1256,462.4032,1,1.5,0.005,0.0
338,1260,462.4032,1,1.5,0.005,0.0
339,1264,462.4032,1,1.5,0.005,0.0
340,1268,454.6474,1,1.5,0.005,0.0
341,1272,454.6474,1,1.5,0.005,0.0
342,1276,454.6474,1,1.5,0.005,0.0
343,1281,454.6474,1,1.5,0.005,0.0
344,1285,454.6474,1,1.5,0.005,0.0
345,1289,454.6474,1,1.5,0.005,0.0
346,1293,454.6474,1,1.5,0.005,0.0
347,1298,454.6474,1,1.5,0.005,0.0
348,1302,454.6474,1,1.5,0.005,0.0
349,1306,454.6474,1,1.5,0.005,0.0
350,1310,446.3026,1,1.5,0.005,0.0
351,1315,446.3026,1,1.5,0.005,0.0
352,1319,446.3026,1,1.5,0.005,0.0
353,1323,446.3026,1,1.5,0.005,0.0
354,1328,446.3026,1,1.5,0.005,0.0
355,1333,446.3026,1,1.5,0.005,0.0
356,1337,446.3026,1,1.5,0.005,0.0
357,1341,446.3026,1,1.5,0.005,0.0
358,1345,446.3026,1,1.5,0.005,0.0
359,1350,446.3026,1,1.5,0.005,0.0
360,1354,437.4669,1,1.5,0.005,0.0
361,1358,437.4669,1,1.5,0.005,0.0
362,1362,437.4669,1,1.5,0.005,0.0
363,1367,437.4669,1,1.5,0.005,0.0
364,1371,437.4669,1,1.5,0.005,0.0
365,1376,437.4669,1,1.5,0.005,0.0
366,1380,437.4669,1,1.5,0.005,0.0
367,1384,437.4669,1,1.5,0.005,0.0
368,1388,437.4669,1,1.5,0.005,0.0
369,1392,437.4669,1,1.5,0.005,0.0
370,1396,429.4165,1,1.5,0.005,0.0
371,1401,429.4165,1,1.5,0.005,0.0
372,1405,429.4165,1,1.5,0.005,0.0
373,1409,429.4165,1,1.5,0.005,0.0
374,1413,429.4165,1,1.5,0.005,0.0
375,1417,429.4165,1,1.5,0.005,0.0
376,1422,429.4165,1,1.5,0.005,0.0
377,1426,429.4165,1,1.5,0.005,0.0
378,1430,429.4165,1,1.5,0.005,0.0
379,1434,429.4165,1,1.5,0.005,0.0
380,1438,421.1698,1,1.5,0.005,0.0
381,1442,421.1698,1,1.5,0.005,0.0
382,1446,421.1698,1,1.5,0.005,0.0
383,1451,421.1698,1,1.5,0.005,0.0
384,1455,421.1698,1,1.5,0.005,0.0
385,1459,421.1698,1,1.5,0.005,0.0
386,1465,421.1698,1,1.5,0.005,0.0
387,1469,421.1698,1,1.5,0.005,0.0
388,1473,421.1698,1,1.5,0.005,0.0
389,1477,421.1698,1,1.5,0.005,0.0
390,1481,412.6286,1,1.5,0.005,0.0
391,1485,412.6286,1,1.5,0.005,0.0
392,1489,412.6286,1,1.5,0.005,0.0
393,1493,412.6286,1,1.5,0.005,0.0
394,1497,412.6286,1,1.5,0.005,0.0
395,1502,412.6286,1,1.5,0.005,0.0
396,1506,412.6286,1,1.5,0.005,0.0
397,1510,412.6286,1,1.5,0.005,0.0
398,1514,412.6286,1,1.5,0.005,0.0
399,1518,412.6286,1,1.5,0.005,0.0
400,1522,404.7747,1,1.5,0.005,0.0
401,1526,404.7747,1,1.5,0.005,0.0
402,1530,404.7747,1,1.5,0.005,0.0
403,1534,404.7747,1,1.5,0.005,0.0
404,1539,404.7747,1,1.5,0.005,0.0
405,1543,404.7747,1,1.5,0.005,0.0
406,1547,404.7747,1,1.5,0.005,0.0
407,1551,404.7747,1,1.5,0.005,0.0
408,1554,404.7747,1,1.5,0.005,0.0
409,1558,404.7747,1,1.5,0.005,0.0
410,1562,397.0188,1,1.5,0.005,0.0
411,1566,397.0188,1,1.5,0.005,0.0
412,1570,397.0188,1,1.5,0.005,0.0
413,1574,397.0188,1,1.5,0.005,0.0
414,1578,397.0188,1,1.5,0.005,0.0
415,1583,397.0188,1,1.5,0.005,0.0
416,1587,397.0188,1,1.5,0.005,0.0
417,1591,397.0188,1,1.5,0.005,0.0
418,1596,397.0188,1,1.5,0.005,0.0
419,1600,397.0188,1,1.5,0.005,0.0
420,1604,388.5757,1,1.5,0.005,0.0
421,1608,388.5757,1,1.5,0.005,0.0
422,1612,388.5757,1,1.5,0.005,0.0
423,1616,388.5757,1,1.5,0.005,0.0
424,1620,388.5757,1,1.5,0.005,0.0
425,1626,388.5757,1,1.5,0.005,0.0
426,1630,388.5757,1,1.5,0.005,0.0
427,1634,388.5757,1,1.5,0.005,0.0
428,1638,388.5757,1,1.5,0.005,0.0
429,1642,388.5757,1,1.5,0.005,0.0
430,1646,380.3291,1,1.5,0.005,0.0
431,1650,380.3291,1,1.5,0.005,0.0
432,1654,380.3291,1,1.5,0.005,0.0
433,1658,380.3291,1,1.5,0.005,0.0
434,1662,380.3291,1,1.5,0.005,0.0
435,1666,380.3291,1,1.5,0.005,0.0
436,1671,380.3291,1,1.5,0.005,0.0
437,1675,380.3291,1,1.5,0.005,0.0
438,1679,380.3291,1,1.5,0.005,0.0
439,1683,380.3291,1,1.5,0.005,0.0
440,1687,372.377,1,1.5,0.005,0.0
441,1692,372.377,1,1.5,0.005,0.0
442,1696,372.377,1,1.5,0.005,0.0
443,1701,372.377,1,1.5,0.005,0.0
444,1705,372.377,1,1.5,0.005,0.0
445,1709,372.377,1,1.5,0.005,0.0
446,1713,372.377,1,1.5,0.005,0.0
447,1718,372.377,1,1.5,0.005,0.0
448,1722,372.377,1,1.5,0.005,0.0
449,1726,372.377,1,1.5,0.005,0.0
450,1730,363.7375,1,1.5,0.005,0.0
451,1734,363.7375,1,1.5,0.005,0.0
452,1738,363.7375,1,1.5,0.005,0.0
453,1743,363.7375,1,1.5,0.005,0.0
454,1747,363.7375,1,1.5,0.005,0.0
455,1752,363.7375,1,1.5,0.005,0.0
456,1756,363.7375,1,1.5,0.005,0.0
457,1761,363.7375,1,1.5,0.005,0.0
458,1765,363.7375,1,1.5,0.005,0.0
459,1769,363.7375,1,1.5,0.005,0.0
460,1774,355.2946,1,1.5,0.005,0.0
461,1778,355.2946,1,1.5,0.005,0.0
462,1782,355.2946,1,1.5,0.005,0.0
463,1786,355.2946,1,1.5,0.005,0.0
464,1790,355.2946,1,1.5,0.005,0.0
465,1795,355.2946,1,1.5,0.005,0.0
466,1800,355.2946,1,1.5,0.005,0.0
467,1804,355.2946,1,1.5,0.005,0.0
468,1809,355.2946,1,1.5,0.005,0.0
469,1813,355.2946,1,1.5,0.005,0.0
470,1817,346.5569,1,1.5,0.005,0.0
471,1821,346.5569,1,1.5,0.005,0.0
472,1825,346.5569,1,1.5,0.005,0.0
473,1829,346.5569,1,1.5,0.005,0.0
474,1833,346.5569,1,1.5,0.005,0.0
475,1838,346.5569,1,1.5,0.005,0.0
476,1843,346.5569,1,1.5,0.005,0.0
477,1847,346.5569,1,1.5,0.005,0.0
478,1851,346.5569,1,1.5,0.005,0.0
479,1855,346.5569,1,1.5,0.005,0.0
480,1859,338.5066,1,1.5,0.005,0.0
481,1863,338.5066,1,1.5,0.005,0.0
482,1867,338.5066,1,1.5,0.005,0.0
483,1871,338.5066,1,1.5,0.005,0.0
484,1875,338.5066,1,1.5,0.005,0.0
485,1880,338.5066,1,1.5,0.005,0.0
486,1884,338.5066,1,1.5,0.005,0.0
487,1888,338.5066,1,1.5,0.005,0.0
488,1893,338.5066,1,1.5,0.005,0.0
489,1897,338.5066,1,1.5,0.005,0.0
490,1901,330.2599,1,1.5,0.005,0.0
491,1905,330.2599,1,1.5,0.005,0.0
492,1909,330.2599,1,1.5,0.005,0.0
493,1913,330.2599,1,1.5,0.005,0.0
494,1917,330.2599,1,1.5,0.005,0.0
495,1922,330.2599,1,1.5,0.005,0.0
496,1926,330.2599,1,1.5,0.005,0.0
497,1930,330.2599,1,1.5,0.005,0.0
498,1934,330.2599,1,1.5,0.005,0.0
499,1938,330.2599,1,1.5,0.005,0.0
500,1943,322.3078,1,1.5,0.005,0.0
501,1947,322.3078,1,1.5,0.005,0.0
502,1951,322.3078,1,1.5,0.005,0.0
503,1955,322.3078,1,1.5,0.005,0.0
504,1959,322.3078,1,1.5,0.005,0.0
505,1964,322.3078,1,1.5,0.005,0.0
506,1968,322.3078,1,1.5,0.005,0.0
507,1972,322.3078,1,1.5,0.005,0.0
508,1976,322.3078,1,1.5,0.005,0.0
509,1980,322.3078,1,1.5,0.005,0.0
510,1984,313.963,1,1.5,0.005,0.0
511,1989,313.963,1,1.5,0.005,0.0
512,1993,313.963,1,1.5,0.005,0.0
513,1997,313.963,1,1.5,0.005,0.0
514,2001,313.963,1,1.5,0.005,0.0
515,2007,313.963,1,1.5,0.005,0.0
516,2011,313.963,1,1.5,0.005,0.0
517,2015,313.963,1,1.5,0.005,0.0
518,2019,313.963,1,1.5,0.005,0.0
519,2023,313.963,1,1.5,0.005,0.0
520,2027,305.4217,1,1.5,0.005,0.0
521,2032,305.4217,1,1.5,0.005,0.0
522,2036,305.4217,1,1.5,0.005,0.0
523,2042,305.4217,1,1.5,0.005,0.0
524,2046,305.4217,1,1.5,0.005,0.0
525,2050,305.4217,1,1.5,0.005,0.0
526,2054,305.4217,1,1.5,0.005,0.0
527,2058,305.4217,1,1.5,0.005,0.0
528,2062,305.4217,1,1.5,0.005,0.0
529,2066,305.4217,1,1.5,0.005,0.0
530,2070,296.9787,1,1.5,0.005,0.0
531,2074,296.9787,1,1.5,0.005,0.0
532,2079,296.9787,1,1.5,0.005,0.0
533,2083,296.9787,1,1.5,0.005,0.0
534,2087,296.9787,1,1.5,0.005,0.0
535,2092,296.9787,1,1.5,0.005,0.0
536,2096,296.9787,1,1.5,0.005,0.0
537,2100,296.9787,1,1.5,0.005,0.0
538,2104,296.9787,1,1.5,0.005,0.0
539,2108,296.9787,1,1.5,0.005,0.0
540,2112,288.8302,1,1.5,0.005,0.0
541,2116,288.8302,1,1.5,0.005,0.0
542,2121,288.8302,1,1.5,0.005,0.0
543,2125,288.8302,1,1.5,0.005,0.0
544,2129,288.8302,1,1.5,0.005,0.0
545,2133,288.8302,1,1.5,0.005,0.0
546,2137,288.8302,1,1.5,0.005,0.0
547,2141,288.8302,1,1.5,0.005,0.0
548,2144,288.8302,1,1.5,0.005,0.0
549,2148,288.8302,1,1.5,0.005,0.0
550,2153,281.1725,1,1.5,0.005,0.0
551,2157,281.1725,1,1.5,0.005,0.0
552,2161,281.1725,1,1.5,0.005,0.0
553,2166,281.1725,1,1.5,0.005,0.0
554,2170,281.1725,1,1.5,0.005,0.0
555,2174,281.1725,1,1.5,0.005,0.0
556,2178,281.1725,1,1.5,0.005,0.0
557,2182,281.1725,1,1.5,0.005,0.0
558,2187,281.1725,1,1.5,0.005,0.0
559,2191,281.1725,1,1.5,0.005,0.0
560,2196,272.1405,1,1.5,0.005,0.0
561,2200,272.1405,1,1.5,0.005,0.0
562,2205,272.1405,1,1.5,0.005,0.0
563,2209,272.1405,1,1.5,0.005,0.0
564,2213,272.1405,1,1.5,0.005,0.0
565,2217,272.1405,1,1.5,0.005,0.0
566,2221,272.1405,1,1.5,0.005,0.0
567,2225,272.1405,1,1.5,0.005,0.0
568,2229,272.1405,1,1.5,0.005,0.0
569,2233,272.1405,1,1.5,0.005,0.0
570,2238,264.0902,1,1.5,0.005,0.0
571,2242,264.0902,1,1.5,0.005,0.0
572,2246,264.0902,1,1.5,0.005,0.0
573,2250,264.0902,1,1.5,0.005,0.0
574,2255,264.0902,1,1.5,0.005,0.0
575,2259,264.0902,1,1.5,0.005,0.0
576,2263,264.0902,1,1.5,0.005,0.0
577,2267,264.0902,1,1.5,0.005,0.0
578,2271,264.0902,1,1.5,0.005,0.0
579,2276,264.0902,1,1.5,0.005,0.0
580,2280,255.8435,1,1.5,0.005,0.0
581,2285,255.8435,1,1.5,0.005,0.0
582,2289,255.8435,1,1.5,0.005,0.0
583,2294,255.8435,1,1.5,0.005,0.0
584,2298,255.8435,1,1.5,0.005,0.0
585,2303,255.8435,1,1.5,0.005,0.0
586,2307,255.8435,1,1.5,0.005,0.0
587,2311,255.8435,1,1.5,0.005,0.0
588,2315,255.8435,1,1.5,0.005,0.0
589,2320,255.8435,1,1.5,0.005,0.0
590,2324,247.0078,1,1.5,0.005,0.0
591,2328,247.0078,1,1.5,0.005,0.0
592,2332,247.0078,1,1.5,0.005,0.0
593,2336,247.0078,1,1.5,0.005,0.0
594,2340,247.0078,1,1.5,0.005,0.0
595,2345,247.0078,1,1.5,0.005,0.0
596,2349,247.0078,1,1.5,0.005,0.0
597,2353,247.0078,1,1.5,0.005,0.0
598,2357,247.0078,1,1.5,0.005,0.0
599,2362,247.0078,1,1.5,0.005,0.0
600,2366,238.9574,1,1.5,0.005,0.0
601,2370,238.9574,1,1.5,0.005,0.0
602,2374,238.9574,1,1.5,0.005,0.0
603,2378,238.9574,1,1.5,0.005,0.0
604,2382,238.9574,1,1.5,0.005,0.0
605,2387,238.9574,1,1.5,0.005,0.0
606,2391,238.9574,1,1.5,0.005,0.0
607,2396,238.9574,1,1.5,0.005,0.0
608,2400,238.9574,1,1.5,0.005,0.0
609,2404,238.9574,1,1.5,0.005,0.0
610,2408,230.7108,1,1.5,0.005,0.0
611,2412,230.7108,1,1.5,0.005,0.0
612,2416,230.7108,1,1.5,0.005,0.0
613,2420,230.7108,1,1.5,0.005,0.0
614,2424,230.7108,1,1.5,0.005,0.0
615,2429,230.7108,1,1.5,0.005,0.0
616,2433,230.7108,1,1.5,0.005,0.0
617,2437,230.7108,1,1.5,0.005,0.0
618,2441,230.7108,1,1.5,0.005,0.0
619,2445,230.7108,1,1.5,0.005,0.0
620,2449,222.7586,1,1.5,0.005,0.0
621,2453,222.7586,1,1.5,0.005,0.0
622,2457,222.7586,1,1.5,0.005,0.0
623,2461,222.7586,1,1.5,0.005,0.0
624,2466,222.7586,1,1.5,0.005,0.0
625,2470,222.7586,1,1.5,0.005,0.0
626,2474,222.7586,1,1.5,0.005,0.0
627,2478,222.7586,1,1.5,0.005,0.0
628,2483,222.7586,1,1.5,0.005,0.0
629,2487,222.7586,1,1.5,0.005,0.0
630,2492,214.4137,1,1.5,0.005,0.0
631,2496,214.4137,1,1.5,0.005,0.0
632,2500,214.4137,1,1.5,0.005,0.0
633,2504,214.4137,1,1.5,0.005,0.0
634,2509,214.4137,1,1.5,0.005,0.0
635,2513,214.4137,1,1.5,0.005,0.0
636,2517,214.4137,1,1.5,0.005,0.0
637,2521,214.4137,1,1.5,0.005,0.0
638,2525,214.4137,1,1.5,0.005,0.0
639,2529,214.4137,1,1.5,0.005,0.0
640,2534,206.1671,1,1.5,0.005,0.0
641,2538,206.1671,1,1.5,0.005,0.0
642,2543,206.1671,1,1.5,0.005,0.0
643,2548,206.1671,1,1.5,0.005,0.0
644,2552,206.1671,1,1.5,0.005,0.0
645,2556,206.1671,1,1.5,0.005,0.0
646,2560,206.1671,1,1.5,0.005,0.0
647,2564,206.1671,1,1.5,0.005,0.0
648,2568,206.1671,1,1.5,0.005,0.0
649,2572,206.1671,1,1.5,0.005,0.0
650,2576,197.3313,1,1.5,0.005,0.0
651,2581,197.3313,1,1.5,0.005,0.0
652,2585,197.3313,1,1.5,0.005,0.0
653,2589,197.3313,1,1.5,0.005,0.0
654,2593,197.3313,1,1.5,0.005,0.0
655,2597,197.3313,1,1.5,0.005,0.0
656,2601,197.3313,1,1.5,0.005,0.0
657,2605,197.3313,1,1.5,0.005,0.0
658,2609,197.3313,1,1.5,0.005,0.0
659,2613,197.3313,1,1.5,0.005,0.0
660,2618,189.5755,1,1.5,0.005,0.0
661,2622,189.5755,1,1.5,0.005,0.0
662,2626,189.5755,1,1.5,0.005,0.0
663,2630,189.5755,1,1.5,0.005,0.0
664,2634,189.5755,1,1.5,0.005,0.0
665,2639,189.5755,1,1.5,0.005,0.0
666,2643,189.5755,1,1.5,0.005,0.0
667,2648,189.5755,1,1.5,0.005,0.0
668,2652,189.5755,1,1.5,0.005,0.0
669,2657,189.5755,1,1.5,0.005,0.0
670,2661,180.9362,1,1.5,0.005,0.0
671,2665,180.9362,1,1.5,0.005,0.0
672,2669,180.9362,1,1.5,0.005,0.0
673,2673,180.9362,1,1.5,0.005,0.0
674,2677,180.9362,1,1.5,0.005,0.0
675,2682,180.9362,1,1.5,0.005,0.0
676,2686,180.9362,1,1.5,0.005,0.0
677,2691,180.9362,1,1.5,0.005,0.0
678,2696,180.9362,1,1.5,0.005,0.0
679,2700,180.9362,1,1.5,0.005,0.0
680,2704,172.4931,1,1.5,0.005,0.0
681,2708,172.4931,1,1.5,0.005,0.0
682,2712,172.4931,1,1.5,0.005,0.0
683,2716,172.4931,1,1.5,0.005,0.0
684,2720,172.4931,1,1.5,0.005,0.0
685,2725,172.4931,1,1.5,0.005,0.0
686,2729,172.4931,1,1.5,0.005,0.0
687,2733,172.4931,1,1.5,0.005,0.0
688,2738,172.4931,1,1.5,0.005,0.0
689,2742,172.4931,1,1.5,0.005,0.0
690,2746,164.3446,1,1.5,0.005,0.0
691,2750,164.3446,1,1.5,0.005,0.0
692,2754,164.3446,1,1.5,0.005,0.0
693,2758,164.3446,1,1.5,0.005,0.0
694,2763,164.3446,1,1.5,0.005,0.0
695,2767,164.3446,1,1.5,0.005,0.0
696,2771,164.3446,1,1.5,0.005,0.0
697,2775,164.3446,1,1.5,0.005,0.0
698,2779,164.3446,1,1.5,0.005,0.0
699,2783,164.3446,1,1.5,0.005,0.0
700,2787,156.0979,1,1.5,0.005,0.0
701,2791,156.0979,1,1.5,0.005,0.0
702,2795,156.0979,1,1.5,0.005,0.0
703,2800,156.0979,1,1.5,0.005,0.0
704,2804,156.0979,1,1.5,0.005,0.0
705,2808,156.0979,1,1.5,0.005,0.0
706,2812,156.0979,1,1.5,0.005,0.0
707,2816,156.0979,1,1.5,0.005,0.0
708,2820,156.0979,1,1.5,0.005,0.0
709,2824,156.0979,1,1.5,0.005,0.0
710,2830,148.1458,1,1.5,0.005,0.0
711,2834,148.1458,1,1.5,0.005,0.0
712,2839,148.1458,1,1.5,0.005,0.0
713,2843,148.1458,1,1.5,0.005,0.0
714,2847,148.1458,1,1.5,0.005,0.0
715,2851,148.1458,1,1.5,0.005,0.0
716,2855,148.1458,1,1.5,0.005,0.0
717,2859,148.1458,1,1.5,0.005,0.0
718,2864,148.1458,1,1.5,0.005,0.0
719,2868,148.1458,1,1.5,0.005,0.0
720,2872,139.5064,1,1.5,0.005,0.0
721,2877,139.5064,1,1.5,0.005,0.0
722,2881,139.5064,1,1.5,0.005,0.0
723,2886,139.5064,1,1.5,0.005,0.0
724,2890,139.5064,1,1.5,0.005,0.0
725,2894,139.5064,1,1.5,0.005,0.0
726,2898,139.5064,1,1.5,0.005,0.0
727,2902,139.5064,1,1.5,0.005,0.0
728,2907,139.5064,1,1.5,0.005,0.0
729,2911,139.5064,1,1.5,0.005,0.0
730,2915,131.0634,1,1.5,0.005,0.0
731,2919,131.0634,1,1.5,0.005,0.0
732,2923,131.0634,1,1.5,0.005,0.0
733,2928,131.0634,1,1.5,0.005,0.0
734,2932,131.0634,1,1.5,0.005,0.0
735,2937,131.0634,1,1.5,0.005,0.0
736,2941,131.0634,1,1.5,0.005,0.0
737,2946,131.0634,1,1.5,0.005,0.0
738,2950,131.0634,1,1.5,0.005,0.0
739,2954,131.0634,1,1.5,0.005,0.0
740,2958,122.6203,1,1.5,0.005,0.0
741,2962,122.6203,1,1.5,0.005,0.0
742,2966,122.6203,1,1.5,0.005,0.0
743,2971,122.6203,1,1.5,0.005,0.0
744,2975,122.6203,1,1.5,0.005,0.0
745,2980,122.6203,1,1.5,0.005,0.0
746,2984,122.6203,1,1.5,0.005,0.0
747,2989,122.6203,1,1.5,0.005,0.0
748,2993,122.6203,1,1.5,0.005,0.0
749,2997,122.6203,1,1.5,0.005,0.0
750,3001,114.1773,1,1.5,0.005,0.0
751,3005,114.1773,1,1.5,0.005,0.0
752,3010,114.1773,1,1.5,0.005,0.0
753,3014,114.1773,1,1.5,0.005,0.0
754,3018,114.1773,1,1.5,0.005,0.0
755,3022,114.1773,1,1.5,0.005,0.0
756,3027,114.1773,1,1.5,0.005,0.0
757,3031,114.1773,1,1.5,0.005,0.0
758,3036,114.1773,1,1.5,0.005,0.0
759,3040,114.1773,1,1.5,0.005,0.0
760,3044,105.4397,1,1.5,0.005,0.0
761,3049,105.4397,1,1.5,0.005,0.0
762,3053,105.4397,1,1.5,0.005,0.0
763,3057,105.4397,1,1.5,0.005,0.0
764,3061,105.4397,1,1.5,0.005,0.0
765,3065,105.4397,1,1.5,0.005,0.0
766,3069,105.4397,1,1.5,0.005,0.0
767,3073,105.4397,1,1.5,0.005,0.0
768,3079,105.4397,1,1.5,0.005,0.0
769,3083,105.4397,1,1.5,0.005,0.0
770,3088,97.3894,1,1.5,0.005,0.0
771,3092,97.3894,1,1.5,0.005,0.0
772,3096,97.3894,1,1.5,0.005,0.0
773,3100,97.3894,1,1.5,0.005,0.0
774,3104,97.3894,1,1.5,0.005,0.0
775,3108,97.3894,1,1.5,0.005,0.0
776,3113,97.3894,1,1.5,0.005,0.0
777,3117,97.3894,1,1.5,0.005,0.0
778,3121,97.3894,1,1.5,0.005,0.0
779,3125,97.3894,1,1.5,0.005,0.0
780,3130,89.1427,1,1.5,0.005,0.0
781,3134,89.1427,1,1.5,0.005,0.0
782,3139,89.1427,1,1.5,0.005,0.0
783,3143,89.1427,1,1.5,0.005,0.0
784,3147,89.1427,1,1.5,0.005,0.0
785,3152,89.1427,1,1.5,0.005,0.0
786,3156,89.1427,1,1.5,0.005,0.0
787,3160,89.1427,1,1.5,0.005,0.0
788,3164,89.1427,1,1.5,0.005,0.0
789,3168,89.1427,1,1.5,0.005,0.0
790,3172,80.6016,1,1.5,0.005,0.0
791,3176,80.6016,1,1.5,0.005,0.0
792,3180,80.6016,1,1.5,0.005,0.0
793,3187,80.6016,1,1.5,0.005,0.0
794,3191,80.6016,1,1.5,0.005,0.0
795,3195,80.6016,1,1.5,0.005,0.0
796,3199,80.6016,1,1.5,0.005,0.0
797,3203,80.6016,1,1.5,0.005,0.0
798,3207,80.6016,1,1.5,0.005,0.0
799,3211,80.6016,1,1.5,0.005,0.0
800,3215,71.8639,1,1.5,0.005,0.0
801,3220,71.8639,1,1.5,0.005,0.0
802,3224,71.8639,1,1.5,0.005,0.0
803,3228,71.8639,1,1.5,0.005,0.0
804,3232,71.8639,1,1.5,0.005,0.0
805,3238,71.8639,1,1.5,0.005,0.0
806,3242,71.8639,1,1.5,0.005,0.0
807,3247,71.8639,1,1.5,0.005,0.0
808,3251,71.8639,1,1.5,0.005,0.0
809,3255,71.8639,1,1.5,0.005,0.0
810,3260,63.2246,1,1.5,0.005,0.0
811,3264,63.2246,1,1.5,0.005,0.0
812,3268,63.2246,1,1.5,0.005,0.0
813,3272,63.2246,1,1.5,0.005,0.0
814,3276,63.2246,1,1.5,0.005,0.0
815,3280,63.2246,1,1.5,0.005,0.0
816,3283,63.2246,1,1.5,0.005,0.0
817,3287,63.2246,1,1.5,0.005,0.0
818,3292,63.2246,1,1.5,0.005,0.0
819,3296,63.2246,1,1.5,0.005,0.0
820,3300,55.7633,1,1.5,0.005,0.0
821,3304,55.7633,1,1.5,0.005,0.0
822,3308,55.7633,1,1.5,0.005,0.0
823,3312,55.7633,1,1.5,0.005,0.0
824,3316,55.7633,1,1.5,0.005,0.0
825,3320,55.7633,1,1.5,0.005,0.0
826,3325,55.7633,1,1.5,0.005,0.0
827,3329,55.7633,1,1.5,0.005,0.0
828,3335,55.7633,1,1.5,0.005,0.0
829,3339,55.7633,1,1.5,0.005,0.0
830,3343,47.0258,1,1.5,0.005,0.0
831,3347,47.0258,1,1.5,0.005,0.0
832,3351,47.0258,1,1.5,0.005,0.0
833,3355,47.0258,1,1.5,0.005,0.0
834,3360,47.0258,1,1.5,0.005,0.0
835,3364,47.0258,1,1.5,0.005,0.0
836,3368,47.0258,1,1.5,0.005,0.0
837,3372,47.0258,1,1.5,0.005,0.0
838,3376,47.0258,1,1.5,0.005,0.0
839,3380,47.0258,1,1.5,0.005,0.0
840,3385,39.1717,1,1.5,0.005,0.0
841,3389,39.1717,1,1.5,0.005,0.0
842,3393,39.1717,1,1.5,0.005,0.0
843,3398,39.1717,1,1.5,0.005,0.0
844,3402,39.1717,1,1.5,0.005,0.0
845,3406,39.1717,1,1.5,0.005,0.0
846,3410,39.1717,1,1.5,0.005,0.0
847,3414,39.1717,1,1.5,0.005,0.0
848,3418,39.1717,1,1.5,0.005,0.0
849,3422,39.1717,1,1.5,0.005,0.0
850,3427,30.2379,1,1.5,0.005,0.0
851,3432,30.2379,1,1.5,0.005,0.0
852,3437,30.2379,1,1.5,0.005,0.0
853,3442,30.2379,1,1.5,0.005,0.0
854,3446,30.2379,1,1.5,0.005,0.0
855,3450,30.2379,1,1.5,0.005,0.0
856,3454,30.2379,1,1.5,0.005,0.0
857,3459,30.2379,1,1.5,0.005,0.0
858,3463,30.2379,1,1.5,0.005,0.0
859,3468,30.2379,1,1.5,0.005,0.0
860,3472,21.5985,1,1.5,0.005,0.0
861,3476,21.5985,1,1.5,0.005,0.0
862,3480,21.5985,1,1.5,0.005,0.0
863,3483,21.5985,1,1.5,0.005,0.0
864,3487,21.5985,1,1.5,0.005,0.0
865,3492,21.5985,1,1.5,0.005,0.0
866,3496,21.5985,1,1.5,0.005,0.0
867,3500,21.5985,1,1.5,0.005,0.0
868,3505,21.5985,1,1.5,0.005,0.0
869,3509,21.5985,1,1.5,0.005,0.0
870,3513,13.8427,1,1.5,0.005,0.0
871,3517,13.8427,1,1.5,0.005,0.0
872,3521,13.8427,1,1.5,0.005,0.0
873,3525,13.8427,1,1.5,0.005,0.0
874,3529,13.8427,1,1.5,0.005,0.0
875,3533,13.8427,1,1.5,0.005,0.0
876,3537,13.8427,1,1.5,0.005,0.0
877,3543,13.8427,1,1.5,0.005,0.0
878,3547,13.8427,1,1.5,0.005,0.0
879,3551,13.8427,1,1.5,0.005,0.0
880,3555,5.4979,1,1.5,0.005,0.0
881,3559,5.4979,1,1.5,0.005,0.0
882,3563,5.4979,1,1.5,0.005,0.0
883,3567,5.4979,1,1.5,0.005,0.0
884,3571,5.4979,1,1.5,0.005,0.0
885,3575,5.4979,1,1.5,0.005,0.0
886,3579,5.4979,1,1.5,0.005,0.0
887,3582,5.4979,1,1.5,0.005,0.0
888,3586,5.4979,1,1.5,0.005,0.0
889,3590,5.4979,1,1.5,0.005,0.0
890,3593,-1.8653,1,1.5,0.005,0.0
891,3597,-1.8653,1,1.5,0.005,0.0
892,3600,-1.8653,1,1.5,0.005,0.0
893,3604,-1.8653,1,1.5,0.005,0.0
894,3607,-1.8653,1,1.5,0.005,0.0
895,3610,-1.8653,1,1.5,0.005,0.0
896,3613,-1.8653,1,1.5,0.005,0.0
897,3616,-1.8653,1,1.5,0.005,0.0
898,3618,-1.8653,1,1.5,0.005,0.0
899,3621,-1.8653,1,1.5,0.005,0.0
900,3623,-7.1667,1,1.5,0.005,0.0
901,3626,-7.1667,1,1.5,0.005,0.0
902,3628,-7.1667,1,1.5,0.005,0.0
903,3630,-7.1667,1,1.5,0.005,0.0
904,3632,-7.1667,1,1.5,0.005,0.0
905,3633,-7.1667,1,1.5,0.005,0.0
906,3635,-7.1667,1,1.5,0.005,0.0
907,3636,-7.1667,1,1.5,0.005,0.0
908,3638,-7.1667,1,1.5,0.005,0.0
909,3639,-7.1667,1,1.5,0.005,0.0
910,3640,-9.4248,1,1.5,0.005,0.0
911,3641,-9.4248,1,1.5,0.005,0.0
912,3642,-9.4248,1,1.5,0.005,0.0
913,3642,-9.4248,1,1.5,0.005,0.0
914,3643,-9.4248,1,1.5,0.005,0.0
915,3643,-9.4248,1,1.5,0.005,0.0
916,3643,-9.4248,1,1.5,0.005,0.0
917,3643,-9.4248,1,1.5,0.005,0.0
918,3643,-9.4248,1,1.5,0.005,0.0
919,3643,-9.4248,1,1.5,0.005,0.0
920,3642,-8.8357,1,1.5,0.005,0.0
921,3642,-8.8357,1,1.5,0.005,0.0
922,3641,-8.8357,1,1.5,0.005,0.0
923,3641,-8.8357,1,1.5,0.005,0.0
924,3640,-8.8357,1,1.5,0.005,0.0
925,3639,-8.8357,1,1.5,0.005,0.0
926,3638,-8.8357,1,1.5,0.005,0.0
927,3637,-8.8357,1,1.5,0.005,0.0
928,3636,-8.8357,1,1.5,0.005,0.0
929,3635,-8.8357,1,1.5,0.005,0.0
930,3633,-6.0868,1,1.5,0.005,0.0
931,3632,-6.0868,1,1.5,0.005,0.0
932,3631,-6.0868,1,1.5,0.005,0.0
933,3629,-6.0868,1,1.5,0.005,0.0
934,3628,-6.0868,1,1.5,0.005,0.0
935,3626,-6.0868,1,1.5,0.005,0.0
936,3625,-6.0868,1,1.5,0.005,0.0
937,3624,-6.0868,1,1.5,0.005,0.0
938,3622,-6.0868,1,1.5,0.005,0.0
939,3621,-6.0868,1,1.5,0.005,0.0
940,3619,-2.4544,1,1.5,0.005,0.0
941,3617,-2.4544,1,1.5,0.005,0.0
942,3616,-2.4544,1,1.5,0.005,0.0
943,3614,-2.4544,1,1.5,0.005,0.0
944,3613,-2.4544,1,1.5,0.005,0.0
945,3611,-2.4544,1,1.5,0.005,0.0
946,3610,-2.4544,1,1.5,0.005,0.0
947,3609,-2.4544,1,1.5,0.005,0.0
948,3607,-2.4544,1,1.5,0.005,0.0
949,3606,-2.4544,1,1.5,0.005,0.0
950,3604,0.1964,1,1.5,0.005,0.0
951,3603,0.1964,1,1.5,0.005,0.0
952,3602,0.1964,1,1.5,0.005,0.0
953,3601,0.1964,1,1.5,0.005,0.0
954,3599,0.1964,1,1.5,0.005,0.0
955,3598,0.1964,1,1.5,0.005,0.0
956,3597,0.1964,1,1.5,0.005,0.0
957,3596,0.1964,1,1.5,0.005,0.0
958,3595,0.1964,1,1.5,0.005,0.0
959,3594,0.1964,1,1.5,0.005,0.0
960,3593,2.3562,1,1.5,0.005,0.0
961,3592,2.3562,1,1.5,0.005,0.0
962,3591,2.3562,1,1.5,0.005,0.0
963,3591,2.3562,1,1.5,0.005,0.0
964,3590,2.3562,1,1.5,0.005,0.0
965,3589,2.3562,1,1.5,0.005,0.0
966,3589,2.3562,1,1.5,0.005,0.0
967,3588,2.3562,1,1.5,0.005,0.0
968,3588,2.3562,1,1.5,0.005,0.0
969,3587,2.3562,1,1.5,0.005,0.0
970,3587,3.2398,1,1.5,0.005,0.0
971,3587,3.2398,1,1.5,0.005,0.0
972,3587,3.2398,1,1.5,0.005,0.0
973,3586,3.2398,1,1.5,0.005,0.0
974,3586,3.2398,1,1.5,0.005,0.0
975,3586,3.2398,1,1.5,0.005,0.0
976,3586,3.2398,1,1.5,0.005,0.0
977,3586,3.2398,1,1.5,0.005,0.0
978,3586,3.2398,1,1.5,0.005,0.0
979,3586,3.2398,1,1.5,0.005,0.0
980,3586,2.8471,1,1.5,0.005,0.0
981,3586,2.8471,1,1.5,0.005,0.0
982,3587,2.8471,1,1.5,0.005,0.0
983,3587,2.8471,1,1.5,0.005,0.0
984,3587,2.8471,1,1.5,0.005,0.0
985,3587,2.8471,1,1.5,0.005,0.0
986,3588,2.8471,1,1.5,0.005,0.0
987,3588,2.8471,1,1.5,0.005,0.0
988,3588,2.8471,1,1.5,0.005,0.0
989,3589,2.8471,1,1.5,0.005,0.0
990,3589,1.8653,1,1.5,0.005,0.0
991,3589,1.8653,1,1.5,0.005,0.0
992,3590,1.8653,1,1.5,0.005,0.0
993,3590,1.8653,1,1.5,0.005,0.0
994,3591,1.8653,1,1.5,0.005,0.0
995,3591,1.8653,1,1.5,0.005,0.0
996,3592,1.8653,1,1.5,0.005,0.0
997,3592,1.8653,1,1.5,0.005,0.0
998,3592,1.8653,1,1.5,0.005,0.0
999,3593,1.8653,1,1.5,0.005,0.0
1000,3593,0.9818,1,1.5,0.005,0.0
1001,3594,0.9818,1,1.5,0.005,0.0
1002,3594,0.9818,1,1.5,0.005,0.0
1003,3595,0.9818,1,1.5,0.005,0.0
1004,3595,0.9818,1,1.5,0.005,0.0
1005,3596,0.9818,1,1.5,0.005,0.0
1006,3596,0.9818,1,1.5,0.005,0.0
1007,3597,0.9818,1,1.5,0.005,0.0
1008,3597,0.9818,1,1.5,0.005,0.0
1009,3598,0.9818,1,1.5,0.005,0.0
1010,3598,-0.0982,1,1.5,0.005,0.0
1011,3598,-0.0982,1,1.5,0.005,0.0
1012,3599,-0.0982,1,1.5,0.005,0.0
1013,3599,-0.0982,1,1.5,0.005,0.0
1014,3599,-0.0982,1,1.5,0.005,0.0
1015,3600,-0.0982,1,1.5,0.005,0.0
1016,3600,-0.0982,1,1.5,0.005,0.0
1017,3600,-0.0982,1,1.5,0.005,0.0
1018,3601,-0.0982,1,1.5,0.005,0.0
1019,3601,-0.0982,1,1.5,0.005,0.0
