TIME,PULSES,CONTROLLERVOLTAGE,CONTROLLER,KP,TAUD,TAUI 
0,0,-0.3927,1,1.5,0.01,0.0
1,0,-0.3927,1,1.5,0.01,0.0
2,0,-0.3927,1,1.5,0.01,0.0
3,0,-0.3927,1,1.5,0.01,0.0
4,0,-0.3927,1,1.5,0.01,0.0
5,0,-0.3927,1,1.5,0.01,0.0
6,0,-0.3927,1,1.5,0.01,0.0
7,0,-0.3927,1,1.5,0.01,0.0
8,0,-0.3927,1,1.5,0.01,0.0
9,0,-0.3927,1,1.5,0.01,0.0
10,0,706.8584,1,1.5,0.01,0.0
11,0,706.8584,1,1.5,0.01,0.0
12,0,706.8584,1,1.5,0.01,0.0
13,0,706.8584,1,1.5,0.01,0.0
14,0,706.8584,1,1.5,0.01,0.0
15,1,706.8584,1,1.5,0.01,0.0
16,2,706.8584,1,1.5,0.01,0.0
17,2,706.8584,1,1.5,0.01,0.0
18,3,706.8584,1,1.5,0.01,0.0
19,4,706.8584,1,1.5,0.01,0.0
20,5,705.2876,1,1.5,0.01,0.0
21,7,705.2876,1,1.5,0.01,0.0
22,8,705.2876,1,1.5,0.01,0.0
23,9,705.2876,1,1.5,0.01,0.0
24,11,705.2876,1,1.5,0.01,0.0
25,13,705.2876,1,1.5,0.01,0.0
26,14,705.2876,1,1.5,0.01,0.0
27,16,705.2876,1,1.5,0.01,0.0
28,18,705.2876,1,1.5,0.01,0.0
29,20,705.2876,1,1.5,0.01,0.0
30,22,699.7898,1,1.5,0.01,0.0
31,24,699.7898,1,1.5,0.01,0.0
32,27,699.7898,1,1.5,0.01,0.0
33,29,699.7898,1,1.5,0.01,0.0
34,31,699.7898,1,1.5,0.01,0.0
35,34,699.7898,1,1.5,0.01,0.0
36,36,699.7898,1,1.5,0.01,0.0
37,39,699.7898,1,1.5,0.01,0.0
38,41,699.7898,1,1.5,0.01,0.0
39,44,699.7898,1,1.5,0.01,0.0
40,47,693.5066,1,1.5,0.01,0.0
41,49,693.5066,1,1.5,0.01,0.0
42,52,693.5066,1,1.5,0.01,0.0
43,55,693.5066,1,1.5,0.01,0.0
44,58,693.5066,1,1.5,0.01,0.0
45,61,693.5066,1,1.5,0.01,0.0
46,64,693.5066,1,1.5,0.01,0.0
47,67,693.5066,1,1.5,0.01,0.0
48,70,693.5066,1,1.5,0.01,0.0
49,73,693.5066,1,1.5,0.01,0.0
50,76,686.8307,1,1.5,0.01,0.0
51,79,686.8307,1,1.5,0.01,0.0
52,82,686.8307,1,1.5,0.01,0.0
53,86,686.8307,1,1.5,0.01,0.0
54,89,686.8307,1,1.5,0.01,0.0
55,92,686.8307,1,1.5,0.01,0.0
56,96,686.8307,1,1.5,0.01,0.0
57,99,686.8307,1,1.5,0.01,0.0
58,102,686.8307,1,1.5,0.01,0.0
59,106,686.8307,1,1.5,0.01,0.0
60,109,679.5658,1,1.5,0.01,0.0
61,112,679.5658,1,1.5,0.01,0.0
62,116,679.5658,1,1.5,0.01,0.0
63,119,679.5658,1,1.5,0.01,0.0
64,123,679.5658,1,1.5,0.01,0.0
65,126,679.5658,1,1.5,0.01,0.0
66,130,679.5658,1,1.5,0.01,0.0
67,133,679.5658,1,1.5,0.01,0.0
68,137,679.5658,1,1.5,0.01,0.0
69,141,679.5658,1,1.5,0.01,0.0
70,145,672.3008,1,1.5,0.01,0.0
71,149,672.3008,1,1.5,0.01,0.0
72,153,672.3008,1,1.5,0.01,0.0
73,156,672.3008,1,1.5,0.01,0.0
74,160,672.3008,1,1.5,0.01,0.0
75,165,672.3008,1,1.5,0.01,0.0
76,168,672.3008,1,1.5,0.01,0.0
77,172,672.3008,1,1.5,0.01,0.0
78,176,672.3008,1,1.5,0.01,0.0
79,179,672.3008,1,1.5,0.01,0.0
80,183,663.8578,1,1.5,0.01,0.0
81,187,663.8578,1,1.5,0.01,0.0
82,191,663.8578,1,1.5,0.01,0.0
83,195,663.8578,1,1.5,0.01,0.0
84,199,663.8578,1,1.5,0.01,0.0
85,202,663.8578,1,1.5,0.01,0.0
86,206,663.8578,1,1.5,0.01,0.0
87,210,663.8578,1,1.5,0.01,0.0
88,215,663.8578,1,1.5,0.01,0.0
89,219,663.8578,1,1.5,0.01,0.0
90,223,656.2002,1,1.5,0.01,0.0
91,227,656.2002,1,1.5,0.01,0.0
92,231,656.2002,1,1.5,0.01,0.0
93,235,656.2002,1,1.5,0.01,0.0
94,239,656.2002,1,1.5,0.01,0.0
95,243,656.2002,1,1.5,0.01,0.0
96,248,656.2002,1,1.5,0.01,0.0
97,252,656.2002,1,1.5,0.01,0.0
98,256,656.2002,1,1.5,0.01,0.0
99,259,656.2002,1,1.5,0.01,0.0
100,264,647.7571,1,1.5,0.01,0.0
101,268,647.7571,1,1.5,0.01,0.0
102,272,647.7571,1,1.5,0.01,0.0
103,276,647.7571,1,1.5,0.01,0.0
104,280,647.7571,1,1.5,0.01,0.0
105,284,647.7571,1,1.5,0.01,0.0
106,288,647.7571,1,1.5,0.01,0.0
107,292,647.7571,1,1.5,0.01,0.0
108,297,647.7571,1,1.5,0.01,0.0
109,301,647.7571,1,1.5,0.01,0.0
110,305,639.7068,1,1.5,0.01,0.0
111,309,639.7068,1,1.5,0.01,0.0
112,314,639.7068,1,1.5,0.01,0.0
113,318,639.7068,1,1.5,0.01,0.0
114,321,639.7068,1,1.5,0.01,0.0
115,325,639.7068,1,1.5,0.01,0.0
116,329,639.7068,1,1.5,0.01,0.0
117,333,639.7068,1,1.5,0.01,0.0
118,337,639.7068,1,1.5,0.01,0.0
119,341,639.7068,1,1.5,0.01,0.0
120,345,631.6565,1,1.5,0.01,0.0
121,349,631.6565,1,1.5,0.01,0.0
122,353,631.6565,1,1.5,0.01,0.0
123,357,631.6565,1,1.5,0.01,0.0
124,362,631.6565,1,1.5,0.01,0.0
125,366,631.6565,1,1.5,0.01,0.0
126,370,631.6565,1,1.5,0.01,0.0
127,374,631.6565,1,1.5,0.01,0.0
128,379,631.6565,1,1.5,0.01,0.0
129,383,631.6565,1,1.5,0.01,0.0
130,387,623.6061,1,1.5,0.01,0.0
131,391,623.6061,1,1.5,0.01,0.0
132,396,623.6061,1,1.5,0.01,0.0
133,400,623.6061,1,1.5,0.01,0.0
134,404,623.6061,1,1.5,0.01,0.0
135,408,623.6061,1,1.5,0.01,0.0
136,412,623.6061,1,1.5,0.01,0.0
137,417,623.6061,1,1.5,0.01,0.0
138,421,623.6061,1,1.5,0.01,0.0
139,425,623.6061,1,1.5,0.01,0.0
140,430,614.7704,1,1.5,0.01,0.0
141,434,614.7704,1,1.5,0.01,0.0
142,439,614.7704,1,1.5,0.01,0.0
143,443,614.7704,1,1.5,0.01,0.0
144,447,614.7704,1,1.5,0.01,0.0
145,451,614.7704,1,1.5,0.01,0.0
146,455,614.7704,1,1.5,0.01,0.0
147,459,614.7704,1,1.5,0.01,0.0
148,463,614.7704,1,1.5,0.01,0.0
149,467,614.7704,1,1.5,0.01,0.0
150,471,607.1128,1,1.5,0.01,0.0
151,475,607.1128,1,1.5,0.01,0.0
152,480,607.1128,1,1.5,0.01,0.0
153,484,607.1128,1,1.5,0.01,0.0
154,488,607.1128,1,1.5,0.01,0.0
155,492,607.1128,1,1.5,0.01,0.0
156,496,607.1128,1,1.5,0.01,0.0
157,500,607.1128,1,1.5,0.01,0.0
158,504,607.1128,1,1.5,0.01,0.0
159,508,607.1128,1,1.5,0.01,0.0
160,512,598.6697,1,1.5,0.01,0.0
161,516,598.6697,1,1.5,0.01,0.0
162,521,598.6697,1,1.5,0.01,0.0
163,525,598.6697,1,1.5,0.01,0.0
164,529,598.6697,1,1.5,0.01,0.0
165,533,598.6697,1,1.5,0.01,0.0
166,538,598.6697,1,1.5,0.01,0.0
167,542,598.6697,1,1.5,0.01,0.0
168,546,598.6697,1,1.5,0.01,0.0
169,550,598.6697,1,1.5,0.01,0.0
170,554,590.8157,1,1.5,0.01,0.0
171,558,590.8157,1,1.5,0.01,0.0
172,562,590.8157,1,1.5,0.01,0.0
173,566,590.8157,1,1.5,0.01,0.0
174,570,590.8157,1,1.5,0.01,0.0
175,574,590.8157,1,1.5,0.01,0.0
176,579,590.8157,1,1.5,0.01,0.0
177,583,590.8157,1,1.5,0.01,0.0
178,587,590.8157,1,1.5,0.01,0.0
179,591,590.8157,1,1.5,0.01,0.0
180,597,582.3727,1,1.5,0.01,0.0
181,601,582.3727,1,1.5,0.01,0.0
182,605,582.3727,1,1.5,0.01,0.0
183,609,582.3727,1,1.5,0.01,0.0
184,614,582.3727,1,1.5,0.01,0.0
185,618,582.3727,1,1.5,0.01,0.0
186,623,582.3727,1,1.5,0.01,0.0
187,627,582.3727,1,1.5,0.01,0.0
188,632,582.3727,1,1.5,0.01,0.0
189,636,582.3727,1,1.5,0.01,0.0
190,640,573.3407,1,1.5,0.01,0.0
191,644,573.3407,1,1.5,0.01,0.0
192,648,573.3407,1,1.5,0.01,0.0
193,652,573.3407,1,1.5,0.01,0.0
194,656,573.3407,1,1.5,0.01,0.0
195,660,573.3407,1,1.5,0.01,0.0
196,665,573.3407,1,1.5,0.01,0.0
197,669,573.3407,1,1.5,0.01,0.0
198,673,573.3407,1,1.5,0.01,0.0
199,678,573.3407,1,1.5,0.01,0.0
200,682,565.094,1,1.5,0.01,0.0
201,686,565.094,1,1.5,0.01,0.0
202,690,565.094,1,1.5,0.01,0.0
203,695,565.094,1,1.5,0.01,0.0
204,699,565.094,1,1.5,0.01,0.0
205,703,565.094,1,1.5,0.01,0.0
206,707,565.094,1,1.5,0.01,0.0
207,711,565.094,1,1.5,0.01,0.0
208,715,565.094,1,1.5,0.01,0.0
209,719,565.094,1,1.5,0.01,0.0
210,723,557.829,1,1.5,0.01,0.0
211,727,557.829,1,1.5,0.01,0.0
212,731,557.829,1,1.5,0.01,0.0
213,735,557.829,1,1.5,0.01,0.0
214,739,557.829,1,1.5,0.01,0.0
215,743,557.829,1,1.5,0.01,0.0
216,747,557.829,1,1.5,0.01,0.0
217,752,557.829,1,1.5,0.01,0.0
218,756,557.829,1,1.5,0.01,0.0
219,760,557.829,1,1.5,0.01,0.0
220,764,549.5824,1,1.5,0.01,0.0
221,767,549.5824,1,1.5,0.01,0.0
222,771,549.5824,1,1.5,0.01,0.0
223,775,549.5824,1,1.5,0.01,0.0
224,779,549.5824,1,1.5,0.01,0.0
225,783,549.5824,1,1.5,0.01,0.0
226,787,549.5824,1,1.5,0.01,0.0
227,791,549.5824,1,1.5,0.01,0.0
228,795,549.5824,1,1.5,0.01,0.0
229,799,549.5824,1,1.5,0.01,0.0
230,803,541.9247,1,1.5,0.01,0.0
231,808,541.9247,1,1.5,0.01,0.0
232,812,541.9247,1,1.5,0.01,0.0
233,815,541.9247,1,1.5,0.01,0.0
234,819,541.9247,1,1.5,0.01,0.0
235,824,541.9247,1,1.5,0.01,0.0
236,828,541.9247,1,1.5,0.01,0.0
237,832,541.9247,1,1.5,0.01,0.0
238,836,541.9247,1,1.5,0.01,0.0
239,840,541.9247,1,1.5,0.01,0.0
240,844,534.0707,1,1.5,0.01,0.0
241,848,534.0707,1,1.5,0.01,0.0
242,852,534.0707,1,1.5,0.01,0.0
243,857,534.0707,1,1.5,0.01,0.0
244,861,534.0707,1,1.5,0.01,0.0
245,865,534.0707,1,1.5,0.01,0.0
246,869,534.0707,1,1.5,0.01,0.0
247,873,534.0707,1,1.5,0.01,0.0
248,877,534.0707,1,1.5,0.01,0.0
249,881,534.0707,1,1.5,0.01,0.0
250,886,525.4314,1,1.5,0.01,0.0
251,890,525.4314,1,1.5,0.01,0.0
252,894,525.4314,1,1.5,0.01,0.0
253,898,525.4314,1,1.5,0.01,0.0
254,902,525.4314,1,1.5,0.01,0.0
255,907,525.4314,1,1.5,0.01,0.0
256,911,525.4314,1,1.5,0.01,0.0
257,916,525.4314,1,1.5,0.01,0.0
258,920,525.4314,1,1.5,0.01,0.0
259,924,525.4314,1,1.5,0.01,0.0
260,928,516.792,1,1.5,0.01,0.0
261,932,516.792,1,1.5,0.01,0.0
262,937,516.792,1,1.5,0.01,0.0
263,941,516.792,1,1.5,0.01,0.0
264,945,516.792,1,1.5,0.01,0.0
265,949,516.792,1,1.5,0.01,0.0
266,953,516.792,1,1.5,0.01,0.0
267,957,516.792,1,1.5,0.01,0.0
268,960,516.792,1,1.5,0.01,0.0
269,964,516.792,1,1.5,0.01,0.0
270,968,509.9198,1,1.5,0.01,0.0
271,972,509.9198,1,1.5,0.01,0.0
272,976,509.9198,1,1.5,0.01,0.0
273,980,509.9198,1,1.5,0.01,0.0
274,984,509.9198,1,1.5,0.01,0.0
275,989,509.9198,1,1.5,0.01,0.0
276,993,509.9198,1,1.5,0.01,0.0
277,997,509.9198,1,1.5,0.01,0.0
278,1002,509.9198,1,1.5,0.01,0.0
279,1006,509.9198,1,1.5,0.01,0.0
280,1010,501.0841,1,1.5,0.01,0.0
281,1014,501.0841,1,1.5,0.01,0.0
282,1018,501.0841,1,1.5,0.01,0.0
283,1022,501.0841,1,1.5,0.01,0.0
284,1026,501.0841,1,1.5,0.01,0.0
285,1030,501.0841,1,1.5,0.01,0.0
286,1034,501.0841,1,1.5,0.01,0.0
287,1038,501.0841,1,1.5,0.01,0.0
288,1043,501.0841,1,1.5,0.01,0.0
289,1047,501.0841,1,1.5,0.01,0.0
290,1051,493.2301,1,1.5,0.01,0.0
291,1055,493.2301,1,1.5,0.01,0.0
292,1060,493.2301,1,1.5,0.01,0.0
293,1064,493.2301,1,1.5,0.01,0.0
294,1068,493.2301,1,1.5,0.01,0.0
295,1072,493.2301,1,1.5,0.01,0.0
296,1076,493.2301,1,1.5,0.01,0.0
297,1080,493.2301,1,1.5,0.01,0.0
298,1084,493.2301,1,1.5,0.01,0.0
299,1089,493.2301,1,1.5,0.01,0.0
300,1093,484.787,1,1.5,0.01,0.0
301,1097,484.787,1,1.5,0.01,0.0
302,1101,484.787,1,1.5,0.01,0.0
303,1105,484.787,1,1.5,0.01,0.0
304,1110,484.787,1,1.5,0.01,0.0
305,1114,484.787,1,1.5,0.01,0.0
306,1118,484.787,1,1.5,0.01,0.0
307,1122,484.787,1,1.5,0.01,0.0
308,1126,484.787,1,1.5,0.01,0.0
309,1131,484.787,1,1.5,0.01,0.0
310,1135,476.1477,1,1.5,0.01,0.0
311,1139,476.1477,1,1.5,0.01,0.0
312,1143,476.1477,1,1.5,0.01,0.0
313,1147,476.1477,1,1.5,0.01,0.0
314,1152,476.1477,1,1.5,0.01,0.0
315,1157,476.1477,1,1.5,0.01,0.0
316,1161,476.1477,1,1.5,0.01,0.0
317,1165,476.1477,1,1.5,0.01,0.0
318,1169,476.1477,1,1.5,0.01,0.0
319,1173,476.1477,1,1.5,0.01,0.0
320,1177,468.4901,1,1.5,0.01,0.0
321,1181,468.4901,1,1.5,0.01,0.0
322,1185,468.4901,1,1.5,0.01,0.0
323,1189,468.4901,1,1.5,0.01,0.0
324,1193,468.4901,1,1.5,0.01,0.0
325,1199,468.4901,1,1.5,0.01,0.0
326,1203,468.4901,1,1.5,0.01,0.0
327,1207,468.4901,1,1.5,0.01,0.0
328,1211,468.4901,1,1.5,0.01,0.0
329,1215,468.4901,1,1.5,0.01,0.0
330,1219,460.047,1,1.5,0.01,0.0
331,1223,460.047,1,1.5,0.01,0.0
332,1227,460.047,1,1.5,0.01,0.0
333,1232,460.047,1,1.5,0.01,0.0
334,1236,460.047,1,1.5,0.01,0.0
335,1240,460.047,1,1.5,0.01,0.0
336,1244,460.047,1,1.5,0.01,0.0
337,1249,460.047,1,1.5,0.01,0.0
338,1253,460.047,1,1.5,0.01,0.0
339,1257,460.047,1,1.5,0.01,0.0
340,1261,451.8003,1,1.5,0.01,0.0
341,1265,451.8003,1,1.5,0.01,0.0
342,1269,451.8003,1,1.5,0.01,0.0
343,1273,451.8003,1,1.5,0.01,0.0
344,1277,451.8003,1,1.5,0.01,0.0
345,1281,451.8003,1,1.5,0.01,0.0
346,1285,451.8003,1,1.5,0.01,0.0
347,1289,451.8003,1,1.5,0.01,0.0
348,1293,451.8003,1,1.5,0.01,0.0
349,1298,451.8003,1,1.5,0.01,0.0
350,1302,443.5537,1,1.5,0.01,0.0
351,1307,443.5537,1,1.5,0.01,0.0
352,1311,443.5537,1,1.5,0.01,0.0
353,1315,443.5537,1,1.5,0.01,0.0
354,1319,443.5537,1,1.5,0.01,0.0
355,1323,443.5537,1,1.5,0.01,0.0
356,1327,443.5537,1,1.5,0.01,0.0
357,1331,443.5537,1,1.5,0.01,0.0
358,1336,443.5537,1,1.5,0.01,0.0
359,1340,443.5537,1,1.5,0.01,0.0
360,1344,435.307,1,1.5,0.01,0.0
361,1349,435.307,1,1.5,0.01,0.0
362,1353,435.307,1,1.5,0.01,0.0
363,1357,435.307,1,1.5,0.01,0.0
364,1362,435.307,1,1.5,0.01,0.0
365,1366,435.307,1,1.5,0.01,0.0
366,1370,435.307,1,1.5,0.01,0.0
367,1374,435.307,1,1.5,0.01,0.0
368,1378,435.307,1,1.5,0.01,0.0
369,1382,435.307,1,1.5,0.01,0.0
370,1387,427.4529,1,1.5,0.01,0.0
371,1391,427.4529,1,1.5,0.01,0.0
372,1396,427.4529,1,1.5,0.01,0.0
373,1400,427.4529,1,1.5,0.01,0.0
374,1404,427.4529,1,1.5,0.01,0.0
375,1408,427.4529,1,1.5,0.01,0.0
376,1413,427.4529,1,1.5,0.01,0.0
377,1417,427.4529,1,1.5,0.01,0.0
378,1421,427.4529,1,1.5,0.01,0.0
379,1425,427.4529,1,1.5,0.01,0.0
380,1429,418.6172,1,1.5,0.01,0.0
381,1433,418.6172,1,1.5,0.01,0.0
382,1437,418.6172,1,1.5,0.01,0.0
383,1441,418.6172,1,1.5,0.01,0.0
384,1445,418.6172,1,1.5,0.01,0.0
385,1449,418.6172,1,1.5,0.01,0.0
386,1454,418.6172,1,1.5,0.01,0.0
387,1458,418.6172,1,1.5,0.01,0.0
388,1463,418.6172,1,1.5,0.01,0.0
389,1467,418.6172,1,1.5,0.01,0.0
390,1471,410.5669,1,1.5,0.01,0.0
391,1475,410.5669,1,1.5,0.01,0.0
392,1479,410.5669,1,1.5,0.01,0.0
393,1483,410.5669,1,1.5,0.01,0.0
394,1487,410.5669,1,1.5,0.01,0.0
395,1491,410.5669,1,1.5,0.01,0.0
396,1496,410.5669,1,1.5,0.01,0.0
397,1500,410.5669,1,1.5,0.01,0.0
398,1505,410.5669,1,1.5,0.01,0.0
399,1510,410.5669,1,1.5,0.01,0.0
400,1514,401.9276,1,1.5,0.01,0.0
401,1518,401.9276,1,1.5,0.01,0.0
402,1522,401.9276,1,1.5,0.01,0.0
403,1526,401.9276,1,1.5,0.01,0.0
404,1530,401.9276,1,1.5,0.01,0.0
405,1534,401.9276,1,1.5,0.01,0.0
406,1538,401.9276,1,1.5,0.01,0.0
407,1542,401.9276,1,1.5,0.01,0.0
408,1546,401.9276,1,1.5,0.01,0.0
409,1550,401.9276,1,1.5,0.01,0.0
410,1554,394.2699,1,1.5,0.01,0.0
411,1559,394.2699,1,1.5,0.01,0.0
412,1563,394.2699,1,1.5,0.01,0.0
413,1567,394.2699,1,1.5,0.01,0.0
414,1571,394.2699,1,1.5,0.01,0.0
415,1575,394.2699,1,1.5,0.01,0.0
416,1579,394.2699,1,1.5,0.01,0.0
417,1583,394.2699,1,1.5,0.01,0.0
418,1587,394.2699,1,1.5,0.01,0.0
419,1591,394.2699,1,1.5,0.01,0.0
420,1595,386.2196,1,1.5,0.01,0.0
421,1599,386.2196,1,1.5,0.01,0.0
422,1604,386.2196,1,1.5,0.01,0.0
423,1608,386.2196,1,1.5,0.01,0.0
424,1612,386.2196,1,1.5,0.01,0.0
425,1616,386.2196,1,1.5,0.01,0.0
426,1620,386.2196,1,1.5,0.01,0.0
427,1624,386.2196,1,1.5,0.01,0.0
428,1628,386.2196,1,1.5,0.01,0.0
429,1632,386.2196,1,1.5,0.01,0.0
430,1636,378.1693,1,1.5,0.01,0.0
431,1640,378.1693,1,1.5,0.01,0.0
432,1645,378.1693,1,1.5,0.01,0.0
433,1650,378.1693,1,1.5,0.01,0.0
434,1654,378.1693,1,1.5,0.01,0.0
435,1658,378.1693,1,1.5,0.01,0.0
436,1662,378.1693,1,1.5,0.01,0.0
437,1666,378.1693,1,1.5,0.01,0.0
438,1670,378.1693,1,1.5,0.01,0.0
439,1675,378.1693,1,1.5,0.01,0.0
440,1679,369.7262,1,1.5,0.01,0.0
441,1683,369.7262,1,1.5,0.01,0.0
442,1687,369.7262,1,1.5,0.01,0.0
443,1691,369.7262,1,1.5,0.01,0.0
444,1696,369.7262,1,1.5,0.01,0.0
445,1699,369.7262,1,1.5,0.01,0.0
446,1703,369.7262,1,1.5,0.01,0.0
447,1707,369.7262,1,1.5,0.01,0.0
448,1711,369.7262,1,1.5,0.01,0.0
449,1715,369.7262,1,1.5,0.01,0.0
450,1719,362.2649,1,1.5,0.01,0.0
451,1723,362.2649,1,1.5,0.01,0.0
452,1727,362.2649,1,1.5,0.01,0.0
453,1731,362.2649,1,1.5,0.01,0.0
454,1736,362.2649,1,1.5,0.01,0.0
455,1741,362.2649,1,1.5,0.01,0.0
456,1744,362.2649,1,1.5,0.01,0.0
457,1748,362.2649,1,1.5,0.01,0.0
458,1753,362.2649,1,1.5,0.01,0.0
459,1757,362.2649,1,1.5,0.01,0.0
460,1761,353.6255,1,1.5,0.01,0.0
461,1765,353.6255,1,1.5,0.01,0.0
462,1770,353.6255,1,1.5,0.01,0.0
463,1774,353.6255,1,1.5,0.01,0.0
464,1778,353.6255,1,1.5,0.01,0.0
465,1782,353.6255,1,1.5,0.01,0.0
466,1787,353.6255,1,1.5,0.01,0.0
467,1791,353.6255,1,1.5,0.01,0.0
468,1796,353.6255,1,1.5,0.01,0.0
469,1800,353.6255,1,1.5,0.01,0.0
470,1804,344.9862,1,1.5,0.01,0.0
471,1808,344.9862,1,1.5,0.01,0.0
472,1812,344.9862,1,1.5,0.01,0.0
473,1816,344.9862,1,1.5,0.01,0.0
474,1821,344.9862,1,1.5,0.01,0.0
475,1825,344.9862,1,1.5,0.01,0.0
476,1830,344.9862,1,1.5,0.01,0.0
477,1834,344.9862,1,1.5,0.01,0.0
478,1838,344.9862,1,1.5,0.01,0.0
479,1842,344.9862,1,1.5,0.01,0.0
480,1845,336.9359,1,1.5,0.01,0.0
481,1849,336.9359,1,1.5,0.01,0.0
482,1853,336.9359,1,1.5,0.01,0.0
483,1857,336.9359,1,1.5,0.01,0.0
484,1861,336.9359,1,1.5,0.01,0.0
485,1865,336.9359,1,1.5,0.01,0.0
486,1869,336.9359,1,1.5,0.01,0.0
487,1874,336.9359,1,1.5,0.01,0.0
488,1878,336.9359,1,1.5,0.01,0.0
489,1882,336.9359,1,1.5,0.01,0.0
490,1886,329.4745,1,1.5,0.01,0.0
491,1890,329.4745,1,1.5,0.01,0.0
492,1894,329.4745,1,1.5,0.01,0.0
493,1898,329.4745,1,1.5,0.01,0.0
494,1902,329.4745,1,1.5,0.01,0.0
495,1906,329.4745,1,1.5,0.01,0.0
496,1910,329.4745,1,1.5,0.01,0.0
497,1914,329.4745,1,1.5,0.01,0.0
498,1918,329.4745,1,1.5,0.01,0.0
499,1923,329.4745,1,1.5,0.01,0.0
500,1927,321.2279,1,1.5,0.01,0.0
501,1932,321.2279,1,1.5,0.01,0.0
502,1936,321.2279,1,1.5,0.01,0.0
503,1941,321.2279,1,1.5,0.01,0.0
504,1945,321.2279,1,1.5,0.01,0.0
505,1949,321.2279,1,1.5,0.01,0.0
506,1953,321.2279,1,1.5,0.01,0.0
507,1957,321.2279,1,1.5,0.01,0.0
508,1961,321.2279,1,1.5,0.01,0.0
509,1966,321.2279,1,1.5,0.01,0.0
510,1971,311.9994,1,1.5,0.01,0.0
511,1975,311.9994,1,1.5,0.01,0.0
512,1979,311.9994,1,1.5,0.01,0.0
513,1984,311.9994,1,1.5,0.01,0.0
514,1988,311.9994,1,1.5,0.01,0.0
515,1993,311.9994,1,1.5,0.01,0.0
516,1997,311.9994,1,1.5,0.01,0.0
517,2001,311.9994,1,1.5,0.01,0.0
518,2005,311.9994,1,1.5,0.01,0.0
519,2009,311.9994,1,1.5,0.01,0.0
520,2013,303.7527,1,1.5,0.01,0.0
521,2018,303.7527,1,1.5,0.01,0.0
522,2022,303.7527,1,1.5,0.01,0.0
523,2026,303.7527,1,1.5,0.01,0.0
524,2030,303.7527,1,1.5,0.01,0.0
525,2035,303.7527,1,1.5,0.01,0.0
526,2039,303.7527,1,1.5,0.01,0.0
527,2043,303.7527,1,1.5,0.01,0.0
528,2047,303.7527,1,1.5,0.01,0.0
529,2051,303.7527,1,1.5,0.01,0.0
530,2055,296.0951,1,1.5,0.01,0.0
531,2059,296.0951,1,1.5,0.01,0.0
532,2064,296.0951,1,1.5,0.01,0.0
533,2068,296.0951,1,1.5,0.01,0.0
534,2072,296.0951,1,1.5,0.01,0.0
535,2076,296.0951,1,1.5,0.01,0.0
536,2080,296.0951,1,1.5,0.01,0.0
537,2084,296.0951,1,1.5,0.01,0.0
538,2088,296.0951,1,1.5,0.01,0.0
539,2092,296.0951,1,1.5,0.01,0.0
540,2096,288.0448,1,1.5,0.01,0.0
541,2100,288.0448,1,1.5,0.01,0.0
542,2104,288.0448,1,1.5,0.01,0.0
543,2108,288.0448,1,1.5,0.01,0.0
544,2113,288.0448,1,1.5,0.01,0.0
545,2117,288.0448,1,1.5,0.01,0.0
546,2121,288.0448,1,1.5,0.01,0.0
547,2125,288.0448,1,1.5,0.01,0.0
548,2129,288.0448,1,1.5,0.01,0.0
549,2133,288.0448,1,1.5,0.01,0.0
550,2137,279.9945,1,1.5,0.01,0.0
551,2141,279.9945,1,1.5,0.01,0.0
552,2145,279.9945,1,1.5,0.01,0.0
553,2149,279.9945,1,1.5,0.01,0.0
554,2153,279.9945,1,1.5,0.01,0.0
555,2158,279.9945,1,1.5,0.01,0.0
556,2163,279.9945,1,1.5,0.01,0.0
557,2167,279.9945,1,1.5,0.01,0.0
558,2171,279.9945,1,1.5,0.01,0.0
559,2175,279.9945,1,1.5,0.01,0.0
560,2179,271.5514,1,1.5,0.01,0.0
561,2183,271.5514,1,1.5,0.01,0.0
562,2187,271.5514,1,1.5,0.01,0.0
563,2191,271.5514,1,1.5,0.01,0.0
564,2195,271.5514,1,1.5,0.01,0.0
565,2199,271.5514,1,1.5,0.01,0.0
566,2203,271.5514,1,1.5,0.01,0.0
567,2208,271.5514,1,1.5,0.01,0.0
568,2212,271.5514,1,1.5,0.01,0.0
569,2216,271.5514,1,1.5,0.01,0.0
570,2221,263.6975,1,1.5,0.01,0.0
571,2225,263.6975,1,1.5,0.01,0.0
572,2230,263.6975,1,1.5,0.01,0.0
573,2234,263.6975,1,1.5,0.01,0.0
574,2239,263.6975,1,1.5,0.01,0.0
575,2243,263.6975,1,1.5,0.01,0.0
576,2247,263.6975,1,1.5,0.01,0.0
577,2252,263.6975,1,1.5,0.01,0.0
578,2256,263.6975,1,1.5,0.01,0.0
579,2260,263.6975,1,1.5,0.01,0.0
580,2264,254.469,1,1.5,0.01,0.0
581,2268,254.469,1,1.5,0.01,0.0
582,2272,254.469,1,1.5,0.01,0.0
583,2276,254.469,1,1.5,0.01,0.0
584,2281,254.469,1,1.5,0.01,0.0
585,2284,254.469,1,1.5,0.01,0.0
586,2288,254.469,1,1.5,0.01,0.0
587,2292,254.469,1,1.5,0.01,0.0
588,2297,254.469,1,1.5,0.01,0.0
589,2301,254.469,1,1.5,0.01,0.0
590,2305,247.0078,1,1.5,0.01,0.0
591,2309,247.0078,1,1.5,0.01,0.0
592,2313,247.0078,1,1.5,0.01,0.0
593,2317,247.0078,1,1.5,0.01,0.0
594,2321,247.0078,1,1.5,0.01,0.0
595,2326,247.0078,1,1.5,0.01,0.0
596,2330,247.0078,1,1.5,0.01,0.0
597,2335,247.0078,1,1.5,0.01,0.0
598,2339,247.0078,1,1.5,0.01,0.0
599,2344,247.0078,1,1.5,0.01,0.0
600,2348,238.172,1,1.5,0.01,0.0
601,2352,238.172,1,1.5,0.01,0.0
602,2356,238.172,1,1.5,0.01,0.0
603,2361,238.172,1,1.5,0.01,0.0
604,2365,238.172,1,1.5,0.01,0.0
605,2369,238.172,1,1.5,0.01,0.0
606,2373,238.172,1,1.5,0.01,0.0
607,2377,238.172,1,1.5,0.01,0.0
608,2382,238.172,1,1.5,0.01,0.0
609,2386,238.172,1,1.5,0.01,0.0
610,2390,230.1217,1,1.5,0.01,0.0
611,2394,230.1217,1,1.5,0.01,0.0
612,2398,230.1217,1,1.5,0.01,0.0
613,2402,230.1217,1,1.5,0.01,0.0
614,2406,230.1217,1,1.5,0.01,0.0
615,2410,230.1217,1,1.5,0.01,0.0
616,2414,230.1217,1,1.5,0.01,0.0
617,2418,230.1217,1,1.5,0.01,0.0
618,2422,230.1217,1,1.5,0.01,0.0
619,2428,230.1217,1,1.5,0.01,0.0
620,2432,221.875,1,1.5,0.01,0.0
621,2435,221.875,1,1.5,0.01,0.0
622,2439,221.875,1,1.5,0.01,0.0
623,2443,221.875,1,1.5,0.01,0.0
624,2447,221.875,1,1.5,0.01,0.0
625,2451,221.875,1,1.5,0.01,0.0
626,2455,221.875,1,1.5,0.01,0.0
627,2459,221.875,1,1.5,0.01,0.0
628,2464,221.875,1,1.5,0.01,0.0
629,2468,221.875,1,1.5,0.01,0.0
630,2473,214.4137,1,1.5,0.01,0.0
631,2477,214.4137,1,1.5,0.01,0.0
632,2483,214.4137,1,1.5,0.01,0.0
633,2487,214.4137,1,1.5,0.01,0.0
634,2491,214.4137,1,1.5,0.01,0.0
635,2495,214.4137,1,1.5,0.01,0.0
636,2499,214.4137,1,1.5,0.01,0.0
637,2503,214.4137,1,1.5,0.01,0.0
638,2507,214.4137,1,1.5,0.01,0.0
639,2512,214.4137,1,1.5,0.01,0.0
640,2516,204.989,1,1.5,0.01,0.0
641,2520,204.989,1,1.5,0.01,0.0
642,2524,204.989,1,1.5,0.01,0.0
643,2528,204.989,1,1.5,0.01,0.0
644,2531,204.989,1,1.5,0.01,0.0
645,2535,204.989,1,1.5,0.01,0.0
646,2539,204.989,1,1.5,0.01,0.0
647,2543,204.989,1,1.5,0.01,0.0
648,2547,204.989,1,1.5,0.01,0.0
649,2552,204.989,1,1.5,0.01,0.0
650,2556,197.9203,1,1.5,0.01,0.0
651,2560,197.9203,1,1.5,0.01,0.0
652,2564,197.9203,1,1.5,0.01,0.0
653,2568,197.9203,1,1.5,0.01,0.0
654,2572,197.9203,1,1.5,0.01,0.0
655,2576,197.9203,1,1.5,0.01,0.0
656,2581,197.9203,1,1.5,0.01,0.0
657,2585,197.9203,1,1.5,0.01,0.0
658,2589,197.9203,1,1.5,0.01,0.0
659,2593,197.9203,1,1.5,0.01,0.0
660,2597,189.281,1,1.5,0.01,0.0
661,2602,189.281,1,1.5,0.01,0.0
662,2607,189.281,1,1.5,0.01,0.0
663,2611,189.281,1,1.5,0.01,0.0
664,2615,189.281,1,1.5,0.01,0.0
665,2619,189.281,1,1.5,0.01,0.0
666,2623,189.281,1,1.5,0.01,0.0
667,2627,189.281,1,1.5,0.01,0.0
668,2631,189.281,1,1.5,0.01,0.0
669,2635,189.281,1,1.5,0.01,0.0
670,2639,181.0343,1,1.5,0.01,0.0
671,2644,181.0343,1,1.5,0.01,0.0
672,2648,181.0343,1,1.5,0.01,0.0
673,2652,181.0343,1,1.5,0.01,0.0
674,2656,181.0343,1,1.5,0.01,0.0
675,2660,181.0343,1,1.5,0.01,0.0
676,2664,181.0343,1,1.5,0.01,0.0
677,2669,181.0343,1,1.5,0.01,0.0
678,2673,181.0343,1,1.5,0.01,0.0
679,2677,181.0343,1,1.5,0.01,0.0
680,2681,172.7877,1,1.5,0.01,0.0
681,2686,172.7877,1,1.5,0.01,0.0
682,2690,172.7877,1,1.5,0.01,0.0
683,2694,172.7877,1,1.5,0.01,0.0
684,2698,172.7877,1,1.5,0.01,0.0
685,2702,172.7877,1,1.5,0.01,0.0
686,2706,172.7877,1,1.5,0.01,0.0
687,2710,172.7877,1,1.5,0.01,0.0
688,2714,172.7877,1,1.5,0.01,0.0
689,2718,172.7877,1,1.5,0.01,0.0
690,2723,164.9337,1,1.5,0.01,0.0
691,2728,164.9337,1,1.5,0.01,0.0
692,2732,164.9337,1,1.5,0.01,0.0
693,2736,164.9337,1,1.5,0.01,0.0
694,2740,164.9337,1,1.5,0.01,0.0
695,2744,164.9337,1,1.5,0.01,0.0
696,2748,164.9337,1,1.5,0.01,0.0
697,2752,164.9337,1,1.5,0.01,0.0
698,2756,164.9337,1,1.5,0.01,0.0
699,2760,164.9337,1,1.5,0.01,0.0
700,2764,156.4906,1,1.5,0.01,0.0
701,2769,156.4906,1,1.5,0.01,0.0
702,2773,156.4906,1,1.5,0.01,0.0
703,2776,156.4906,1,1.5,0.01,0.0
704,2780,156.4906,1,1.5,0.01,0.0
705,2784,156.4906,1,1.5,0.01,0.0
706,2788,156.4906,1,1.5,0.01,0.0
707,2792,156.4906,1,1.5,0.01,0.0
708,2796,156.4906,1,1.5,0.01,0.0
709,2800,156.4906,1,1.5,0.01,0.0
710,2804,149.0293,1,1.5,0.01,0.0
711,2809,149.0293,1,1.5,0.01,0.0
712,2814,149.0293,1,1.5,0.01,0.0
713,2818,149.0293,1,1.5,0.01,0.0
714,2823,149.0293,1,1.5,0.01,0.0
715,2827,149.0293,1,1.5,0.01,0.0
716,2831,149.0293,1,1.5,0.01,0.0
717,2835,149.0293,1,1.5,0.01,0.0
718,2839,149.0293,1,1.5,0.01,0.0
719,2843,149.0293,1,1.5,0.01,0.0
720,2847,139.9973,1,1.5,0.01,0.0
721,2851,139.9973,1,1.5,0.01,0.0
722,2856,139.9973,1,1.5,0.01,0.0
723,2860,139.9973,1,1.5,0.01,0.0
724,2864,139.9973,1,1.5,0.01,0.0
725,2868,139.9973,1,1.5,0.01,0.0
726,2872,139.9973,1,1.5,0.01,0.0
727,2876,139.9973,1,1.5,0.01,0.0
728,2880,139.9973,1,1.5,0.01,0.0
729,2884,139.9973,1,1.5,0.01,0.0
730,2888,132.7323,1,1.5,0.01,0.0
731,2892,132.7323,1,1.5,0.01,0.0
732,2898,132.7323,1,1.5,0.01,0.0
733,2902,132.7323,1,1.5,0.01,0.0
734,2906,132.7323,1,1.5,0.01,0.0
735,2910,132.7323,1,1.5,0.01,0.0
736,2915,132.7323,1,1.5,0.01,0.0
737,2919,132.7323,1,1.5,0.01,0.0
738,2922,132.7323,1,1.5,0.01,0.0
739,2926,132.7323,1,1.5,0.01,0.0
740,2930,124.0929,1,1.5,0.01,0.0
741,2934,124.0929,1,1.5,0.01,0.0
742,2938,124.0929,1,1.5,0.01,0.0
743,2942,124.0929,1,1.5,0.01,0.0
744,2947,124.0929,1,1.5,0.01,0.0
745,2951,124.0929,1,1.5,0.01,0.0
746,2955,124.0929,1,1.5,0.01,0.0
747,2959,124.0929,1,1.5,0.01,0.0
748,2964,124.0929,1,1.5,0.01,0.0
749,2968,124.0929,1,1.5,0.01,0.0
750,2973,115.4535,1,1.5,0.01,0.0
751,2977,115.4535,1,1.5,0.01,0.0
752,2981,115.4535,1,1.5,0.01,0.0
753,2985,115.4535,1,1.5,0.01,0.0
754,2989,115.4535,1,1.5,0.01,0.0
755,2994,115.4535,1,1.5,0.01,0.0
756,2998,115.4535,1,1.5,0.01,0.0
757,3002,115.4535,1,1.5,0.01,0.0
758,3006,115.4535,1,1.5,0.01,0.0
759,3010,115.4535,1,1.5,0.01,0.0
760,3014,107.7959,1,1.5,0.01,0.0
761,3018,107.7959,1,1.5,0.01,0.0
762,3022,107.7959,1,1.5,0.01,0.0
763,3027,107.7959,1,1.5,0.01,0.0
764,3031,107.7959,1,1.5,0.01,0.0
765,3035,107.7959,1,1.5,0.01,0.0
766,3040,107.7959,1,1.5,0.01,0.0
767,3044,107.7959,1,1.5,0.01,0.0
768,3048,107.7959,1,1.5,0.01,0.0
769,3052,107.7959,1,1.5,0.01,0.0
770,3056,99.3529,1,1.5,0.01,0.0
771,3060,99.3529,1,1.5,0.01,0.0
772,3064,99.3529,1,1.5,0.01,0.0
773,3068,99.3529,1,1.5,0.01,0.0
774,3072,99.3529,1,1.5,0.01,0.0
775,3076,99.3529,1,1.5,0.01,0.0
776,3081,99.3529,1,1.5,0.01,0.0
777,3085,99.3529,1,1.5,0.01,0.0
778,3089,99.3529,1,1.5,0.01,0.0
779,3094,99.3529,1,1.5,0.01,0.0
780,3098,91.1062,1,1.5,0.01,0.0
781,3102,91.1062,1,1.5,0.01,0.0
782,3106,91.1062,1,1.5,0.01,0.0
783,3110,91.1062,1,1.5,0.01,0.0
784,3114,91.1062,1,1.5,0.01,0.0
785,3119,91.1062,1,1.5,0.01,0.0
786,3124,91.1062,1,1.5,0.01,0.0
787,3128,91.1062,1,1.5,0.01,0.0
788,3132,91.1062,1,1.5,0.01,0.0
789,3136,91.1062,1,1.5,0.01,0.0
790,3141,82.8596,1,1.5,0.01,0.0
791,3145,82.8596,1,1.5,0.01,0.0
792,3149,82.8596,1,1.5,0.01,0.0
793,3153,82.8596,1,1.5,0.01,0.0
794,3157,82.8596,1,1.5,0.01,0.0
795,3162,82.8596,1,1.5,0.01,0.0
796,3167,82.8596,1,1.5,0.01,0.0
797,3171,82.8596,1,1.5,0.01,0.0
798,3175,82.8596,1,1.5,0.01,0.0
799,3179,82.8596,1,1.5,0.01,0.0
800,3183,74.2202,1,1.5,0.01,0.0
801,3187,74.2202,1,1.5,0.01,0.0
802,3191,74.2202,1,1.5,0.01,0.0
803,3195,74.2202,1,1.5,0.01,0.0
804,3200,74.2202,1,1.5,0.01,0.0
805,3204,74.2202,1,1.5,0.01,0.0
806,3208,74.2202,1,1.5,0.01,0.0
807,3212,74.2202,1,1.5,0.01,0.0
808,3215,74.2202,1,1.5,0.01,0.0
809,3219,74.2202,1,1.5,0.01,0.0
810,3223,66.9552,1,1.5,0.01,0.0
811,3227,66.9552,1,1.5,0.01,0.0
812,3231,66.9552,1,1.5,0.01,0.0
813,3235,66.9552,1,1.5,0.01,0.0
814,3240,66.9552,1,1.5,0.01,0.0
815,3244,66.9552,1,1.5,0.01,0.0
816,3248,66.9552,1,1.5,0.01,0.0
817,3252,66.9552,1,1.5,0.01,0.0
818,3256,66.9552,1,1.5,0.01,0.0
819,3260,66.9552,1,1.5,0.01,0.0
820,3265,58.7086,1,1.5,0.01,0.0
821,3269,58.7086,1,1.5,0.01,0.0
822,3273,58.7086,1,1.5,0.01,0.0
823,3277,58.7086,1,1.5,0.01,0.0
824,3281,58.7086,1,1.5,0.01,0.0
825,3286,58.7086,1,1.5,0.01,0.0
826,3291,58.7086,1,1.5,0.01,0.0
827,3295,58.7086,1,1.5,0.01,0.0
828,3299,58.7086,1,1.5,0.01,0.0
829,3303,58.7086,1,1.5,0.01,0.0
830,3308,49.8728,1,1.5,0.01,0.0
831,3312,49.8728,1,1.5,0.01,0.0
832,3316,49.8728,1,1.5,0.01,0.0
833,3320,49.8728,1,1.5,0.01,0.0
834,3324,49.8728,1,1.5,0.01,0.0
835,3329,49.8728,1,1.5,0.01,0.0
836,3333,49.8728,1,1.5,0.01,0.0
837,3337,49.8728,1,1.5,0.01,0.0
838,3341,49.8728,1,1.5,0.01,0.0
839,3345,49.8728,1,1.5,0.01,0.0
840,3349,41.8225,1,1.5,0.01,0.0
841,3354,41.8225,1,1.5,0.01,0.0
842,3358,41.8225,1,1.5,0.01,0.0
843,3361,41.8225,1,1.5,0.01,0.0
844,3365,41.8225,1,1.5,0.01,0.0
845,3370,41.8225,1,1.5,0.01,0.0
846,3374,41.8225,1,1.5,0.01,0.0
847,3378,41.8225,1,1.5,0.01,0.0
848,3382,41.8225,1,1.5,0.01,0.0
849,3386,41.8225,1,1.5,0.01,0.0
850,3390,33.9685,1,1.5,0.01,0.0
851,3394,33.9685,1,1.5,0.01,0.0
852,3398,33.9685,1,1.5,0.01,0.0
853,3402,33.9685,1,1.5,0.01,0.0
854,3407,33.9685,1,1.5,0.01,0.0
855,3412,33.9685,1,1.5,0.01,0.0
856,3416,33.9685,1,1.5,0.01,0.0
857,3420,33.9685,1,1.5,0.01,0.0
858,3424,33.9685,1,1.5,0.01,0.0
859,3428,33.9685,1,1.5,0.01,0.0
860,3432,25.5255,1,1.5,0.01,0.0
861,3436,25.5255,1,1.5,0.01,0.0
862,3440,25.5255,1,1.5,0.01,0.0
863,3445,25.5255,1,1.5,0.01,0.0
864,3449,25.5255,1,1.5,0.01,0.0
865,3453,25.5255,1,1.5,0.01,0.0
866,3457,25.5255,1,1.5,0.01,0.0
867,3461,25.5255,1,1.5,0.01,0.0
868,3465,25.5255,1,1.5,0.01,0.0
869,3469,25.5255,1,1.5,0.01,0.0
870,3473,17.6715,1,1.5,0.01,0.0
871,3477,17.6715,1,1.5,0.01,0.0
872,3481,17.6715,1,1.5,0.01,0.0
873,3486,17.6715,1,1.5,0.01,0.0
874,3490,17.6715,1,1.5,0.01,0.0
875,3494,17.6715,1,1.5,0.01,0.0
876,3498,17.6715,1,1.5,0.01,0.0
877,3502,17.6715,1,1.5,0.01,0.0
878,3506,17.6715,1,1.5,0.01,0.0
879,3510,17.6715,1,1.5,0.01,0.0
880,3514,9.6212,1,1.5,0.01,0.0
881,3518,9.6212,1,1.5,0.01,0.0
882,3522,9.6212,1,1.5,0.01,0.0
883,3526,9.6212,1,1.5,0.01,0.0
884,3530,9.6212,1,1.5,0.01,0.0
885,3534,9.6212,1,1.5,0.01,0.0
886,3538,9.6212,1,1.5,0.01,0.0
887,3542,9.6212,1,1.5,0.01,0.0
888,3546,9.6212,1,1.5,0.01,0.0
889,3550,9.6212,1,1.5,0.01,0.0
890,3555,1.5709,1,1.5,0.01,0.0
891,3559,1.5709,1,1.5,0.01,0.0
892,3563,1.5709,1,1.5,0.01,0.0
893,3566,1.5709,1,1.5,0.01,0.0
894,3570,1.5709,1,1.5,0.01,0.0
895,3573,1.5709,1,1.5,0.01,0.0
896,3577,1.5709,1,1.5,0.01,0.0
897,3580,1.5709,1,1.5,0.01,0.0
898,3584,1.5709,1,1.5,0.01,0.0
899,3587,1.5709,1,1.5,0.01,0.0
900,3590,-4.516,1,1.5,0.01,0.0
901,3593,-4.516,1,1.5,0.01,0.0
902,3595,-4.516,1,1.5,0.01,0.0
903,3598,-4.516,1,1.5,0.01,0.0
904,3601,-4.516,1,1.5,0.01,0.0
905,3603,-4.516,1,1.5,0.01,0.0
906,3605,-4.516,1,1.5,0.01,0.0
907,3607,-4.516,1,1.5,0.01,0.0
908,3609,-4.516,1,1.5,0.01,0.0
909,3611,-4.516,1,1.5,0.01,0.0
910,3613,-6.8722,1,1.5,0.01,0.0
911,3615,-6.8722,1,1.5,0.01,0.0
912,3616,-6.8722,1,1.5,0.01,0.0
913,3618,-6.8722,1,1.5,0.01,0.0
914,3619,-6.8722,1,1.5,0.01,0.0
915,3620,-6.8722,1,1.5,0.01,0.0
916,3621,-6.8722,1,1.5,0.01,0.0
917,3622,-6.8722,1,1.5,0.01,0.0
918,3622,-6.8722,1,1.5,0.01,0.0
919,3623,-6.8722,1,1.5,0.01,0.0
920,3623,-6.8722,1,1.5,0.01,0.0
921,3624,-6.8722,1,1.5,0.01,0.0
922,3624,-6.8722,1,1.5,0.01,0.0
923,3624,-6.8722,1,1.5,0.01,0.0
924,3624,-6.8722,1,1.5,0.01,0.0
925,3624,-6.8722,1,1.5,0.01,0.0
926,3624,-6.8722,1,1.5,0.01,0.0
927,3623,-6.8722,1,1.5,0.01,0.0
928,3623,-6.8722,1,1.5,0.01,0.0
929,3622,-6.8722,1,1.5,0.01,0.0
930,3622,-4.1233,1,1.5,0.01,0.0
931,3621,-4.1233,1,1.5,0.01,0.0
932,3620,-4.1233,1,1.5,0.01,0.0
933,3620,-4.1233,1,1.5,0.01,0.0
934,3619,-4.1233,1,1.5,0.01,0.0
935,3618,-4.1233,1,1.5,0.01,0.0
936,3617,-4.1233,1,1.5,0.01,0.0
937,3616,-4.1233,1,1.5,0.01,0.0
938,3615,-4.1233,1,1.5,0.01,0.0
939,3615,-4.1233,1,1.5,0.01,0.0
940,3614,-1.1781,1,1.5,0.01,0.0
941,3613,-1.1781,1,1.5,0.01,0.0
942,3612,-1.1781,1,1.5,0.01,0.0
943,3611,-1.1781,1,1.5,0.01,0.0
944,3610,-1.1781,1,1.5,0.01,0.0
945,3609,-1.1781,1,1.5,0.01,0.0
946,3608,-1.1781,1,1.5,0.01,0.0
947,3607,-1.1781,1,1.5,0.01,0.0
948,3607,-1.1781,1,1.5,0.01,0.0
949,3606,-1.1781,1,1.5,0.01,0.0
950,3605,0.3928,1,1.5,0.01,0.0
951,3604,0.3928,1,1.5,0.01,0.0
952,3604,0.3928,1,1.5,0.01,0.0
953,3603,0.3928,1,1.5,0.01,0.0
954,3602,0.3928,1,1.5,0.01,0.0
955,3602,0.3928,1,1.5,0.01,0.0
956,3601,0.3928,1,1.5,0.01,0.0
957,3601,0.3928,1,1.5,0.01,0.0
958,3600,0.3928,1,1.5,0.01,0.0
959,3600,0.3928,1,1.5,0.01,0.0
960,3599,1.1781,1,1.5,0.01,0.0
961,3599,1.1781,1,1.5,0.01,0.0
962,3598,1.1781,1,1.5,0.01,0.0
963,3598,1.1781,1,1.5,0.01,0.0
964,3598,1.1781,1,1.5,0.01,0.0
965,3597,1.1781,1,1.5,0.01,0.0
966,3597,1.1781,1,1.5,0.01,0.0
967,3597,1.1781,1,1.5,0.01,0.0
968,3597,1.1781,1,1.5,0.01,0.0
969,3597,1.1781,1,1.5,0.01,0.0
970,3596,1.1781,1,1.5,0.01,0.0
971,3596,1.1781,1,1.5,0.01,0.0
972,3596,1.1781,1,1.5,0.01,0.0
973,3596,1.1781,1,1.5,0.01,0.0
974,3596,1.1781,1,1.5,0.01,0.0
975,3596,1.1781,1,1.5,0.01,0.0
976,3596,1.1781,1,1.5,0.01,0.0
977,3596,1.1781,1,1.5,0.01,0.0
978,3596,1.1781,1,1.5,0.01,0.0
979,3596,1.1781,1,1.5,0.01,0.0
980,3596,0.9818,1,1.5,0.01,0.0
981,3596,0.9818,1,1.5,0.01,0.0
982,3596,0.9818,1,1.5,0.01,0.0
983,3596,0.9818,1,1.5,0.01,0.0
984,3597,0.9818,1,1.5,0.01,0.0
985,3597,0.9818,1,1.5,0.01,0.0
986,3597,0.9818,1,1.5,0.01,0.0
987,3597,0.9818,1,1.5,0.01,0.0
988,3597,0.9818,1,1.5,0.01,0.0
989,3597,0.9818,1,1.5,0.01,0.0
990,3597,0.3928,1,1.5,0.01,0.0
991,3597,0.3928,1,1.5,0.01,0.0
992,3597,0.3928,1,1.5,0.01,0.0
993,3598,0.3928,1,1.5,0.01,0.0
994,3598,0.3928,1,1.5,0.01,0.0
995,3598,0.3928,1,1.5,0.01,0.0
996,3598,0.3928,1,1.5,0.01,0.0
997,3598,0.3928,1,1.5,0.01,0.0
998,3598,0.3928,1,1.5,0.01,0.0
999,3598,0.3928,1,1.5,0.01,0.0
1000,3598,0.1963,1,1.5,0.01,0.0
1001,3599,0.1963,1,1.5,0.01,0.0
1002,3599,0.1963,1,1.5,0.01,0.0
1003,3599,0.1963,1,1.5,0.01,0.0
1004,3599,0.1963,1,1.5,0.01,0.0
1005,3599,0.1963,1,1.5,0.01,0.0
1006,3599,0.1963,1,1.5,0.01,0.0
1007,3599,0.1963,1,1.5,0.01,0.0
1008,3599,0.1963,1,1.5,0.01,0.0
1009,3599,0.1963,1,1.5,0.01,0.0
1010,3599,0.0,1,1.5,0.01,0.0
1011,3599,0.0,1,1.5,0.01,0.0
1012,3599,0.0,1,1.5,0.01,0.0
1013,3600,0.0,1,1.5,0.01,0.0
1014,3600,0.0,1,1.5,0.01,0.0
1015,3600,0.0,1,1.5,0.01,0.0
1016,3600,0.0,1,1.5,0.01,0.0
1017,3600,0.0,1,1.5,0.01,0.0
1018,3600,0.0,1,1.5,0.01,0.0
1019,3600,0.0,1,1.5,0.01,0.0
